0.0000,0.0000,0.0000,0.0000,0.0000,0.0000,0.0000,0.0000,0.0000,0.0000,0.0000,0.0000,0.0000,0.0000,0.0000,0.0000,0.0000,0.0000,0.0000,0.0000,0.0000,0.0000,0.0000,0.0000,0.0000,0.0000,0.0000,0.0000,0.0000,0.0000,0.0000,0.0000,0.0000,0.0000,0.0000,0.0000,0.0000,0.0000,0.0000,0.0000,0.0000,0.0000,0.0000,0.0000,0.0000,0.0000,0.0000,0.0000,0.0000,0.0000,0.0000,0.0000,0.0000,0.0000,0.0000,0.0000,0.0000,0.0000,0.0000,0.0000,0.0000,0.0000,0.0000,0.0000,0.0000,0.0000,0.0000,0.0000,0.0000,0.0000,0.0000,0.0000,0.0000,0.0000,0.0000,0.0000,0.0000,0.0000,0.0000,0.0000,0.0000,0.0000,0.0000,0.0000,0.0000,0.0000,0.0000,0.0000,0.0000,0.0000,0.0000,0.0000,0.0000,0.0000,0.0000,0.0000,0.0000,0.0000,0.0000,0.0000,0.0000,0.0000,0.0000,0.0000,0.0000,0.0000,0.0000,0.0000,0.0000,0.0000,0.0000,0.0000,0.0000,0.0000,0.0000,0.0000,0.0000,0.0000,0.0000,0.0000,0.0000,0.0000,0.0000,0.0000,0.0000,0.0000,0.0000,0.0000,0.0000,0.0000,0.0000,0.0000,0.0000,0.0000,0.0000,0.0000,0.0000,0.0000,0.0000,0.0000,0.0000,0.0000,0.0000,0.0000,0.0000,0.0000,0.0000,0.0000,0.0000,0.0000,0.0000,0.0000,0.0000,0.0000,0.0000,0.0000,0.0000,0.0000,0.0000,0.0000,0.0000,0.0000,0.0000,0.0000,0.0000,0.0000,0.0000,0.0000,0.0000,0.0000,0.0000,0.0000,0.0000,0.0000,0.0000,0.0000,0.0000,0.0000,0.0000,0.0000,0.0000,0.0000,0.0000,0.0000,0.0000,0.0000,0.0000,0.0000,0.0000,0.0000,0.0000,0.0000,0.0000,0.0000,0.0000,0.0000,0.0000,0.0000,0.0000,0.0000,0.0000,0.0000,0.0000,0.0000,0.0000,0.0000,0.0000,0.0000,0.0000,0.0000,0.0000,0.0000,0.0000,0.0000,0.0000,0.0000,0.0000,0.0000,0.0000,0.0000,0.0000,0.0000,0.0000,0.0000,0.0000,0.0000,0.0000,0.0000,0.0000,0.0000,0.0000,0.0000,0.0000,0.0000,0.0000,0.0000,0.0000,0.0000,0.0000,0.0000,0.0000,0.0000,0.0000,0.0000,0.0000,0.0000,0.0000,0.0000,0.0000,0.0000,0.0000,0.0000,0.0000,0.0000,0.0000,0.0000,0.0000,0.0000,0.0000,0.0000,0.0000,0.0000,0.0000,0.0000,0.0000,0.0000,0.0000,0.0000,0.0000,0.0000,0.0000,0.0000,0.0000,0.0000,0.0000,0.0000,0.0000,0.0000,0.0000,0.0000,0.0000,0.0000,0.0000,0.0000,0.0000,0.0000,0.0000,0.0000,0.0000,0.0000,0.0000,0.0000,0.0000,0.0000,0.0000,0.0000,0.0000,0.0000,0.0000,0.0000,0.0000,0.0000,0.0000,0.0000,0.0000,0.0000,0.0000,0.0000,0.0000,0.0000,0.0000,0.0000,0.0000,0.0000,0.0000,0.0000,0.0000,0.0000,0.0000,0.0000,0.0000,0.0000,0.0000,0.0000,0.0000,0.0000,0.0000,0.0000,0.0000,0.0000,0.0000,0.0000,0.0000,0.0000,0.0000,0.0000,0.0000,0.0000,0.0000,0.0000,0.0000,0.0000,0.0000,0.0000,0.0000,0.0000,0.0000,0.0000,0.0000,0.0000,0.0000,0.0000,0.0000,0.0000,0.0000,0.0000,0.0000,0.0000,0.0000,0.0000,0.0000,0.0000,0.0000,0.0000,0.0000,0.0000,0.0000,0.0000,0.0000,0.0000,0.0000,0.0000,0.0000,0.0000,0.0000,0.0000,0.0000,0.0000,0.0000,0.0000,0.0000,0.0000,0.0000,0.0000,0.0000,0.0000,0.0000,0.0000,0.0000,0.0000,0.0000,0.0000,0.0000,0.0000,0.0000,0.0000,0.0000,0.0000,0.0000,0.0000
0.0000,0.0000,0.0000,0.0000,0.0000,0.0000,0.0000,0.0000,0.0000,0.0000,0.0000,0.0000,0.0000,0.0000,0.0000,0.0000,0.0000,0.0000,0.0000,0.0000,0.0000,0.0000,0.0000,0.0000,0.0000,0.0000,0.0000,0.0000,0.0000,0.0000,0.0000,0.0000,0.0000,0.0000,0.0000,0.0000,0.0000,0.0000,0.0000,0.0000,0.0000,0.0000,0.0000,0.0000,0.0000,0.0000,0.0000,0.0000,0.0000,0.0000,0.0000,0.0000,0.0000,0.0000,0.0000,0.0000,0.0000,0.0000,0.0000,0.0000,0.0000,0.0000,0.0000,0.0000,0.0000,0.0000,0.0000,0.0000,0.0000,0.0000,0.0000,0.0000,0.0000,0.0000,0.0000,0.0000,0.0000,0.0000,0.0000,0.0000,0.0000,0.0000,0.0000,0.0000,0.0000,0.0000,0.0000,0.0000,0.0000,0.0000,0.0000,0.0000,0.0000,0.0000,0.0000,0.0000,0.0000,0.0000,0.0000,0.0000,0.0000,0.0000,0.0000,0.0000,0.0000,0.0000,0.0000,0.0000,0.0000,0.0000,0.0000,0.0000,0.0000,0.0000,0.0000,0.0000,0.0000,0.0000,0.0000,0.0000,0.0000,0.0000,0.0000,0.0000,0.0000,0.0000,0.0000,0.0000,0.0000,0.0000,0.0000,0.0000,0.0000,0.0000,0.0000,0.0000,0.0000,0.0000,0.0000,0.0000,0.0000,0.0000,0.0000,0.0000,0.0000,0.0000,0.0000,0.0000,0.0000,0.0000,0.0000,0.0000,0.0000,0.0000,0.0000,0.0000,0.0000,0.0000,0.0000,0.0000,0.0000,0.0000,0.0000,0.0000,0.0000,0.0000,0.0000,0.0000,0.0000,0.0000,0.0000,0.0000,0.0000,0.0000,0.0000,0.0000,0.0000,0.0000,0.0000,0.0000,0.0000,0.0000,0.0000,0.0000,0.0000,0.0000,0.0000,0.0000,0.0000,0.0000,0.0000,0.0000,0.0000,0.0000,0.0000,0.0000,0.0000,0.0000,0.0000,0.0000,0.0000,0.0000,0.0000,0.0000,0.0000,0.0000,0.0000,0.0000,0.0000,0.0000,0.0000,0.0000,0.0000,0.0000,0.0000,0.0000,0.0000,0.0000,0.0000,0.0000,0.0000,0.0000,0.0000,0.0000,0.0000,0.0000,0.0000,0.0000,0.0000,0.0000,0.0000,0.0000,0.0000,0.0000,0.0000,0.0000,0.0000,0.0000,0.0000,0.0000,0.0000,0.0000,0.0000,0.0000,0.0000,0.0000,0.0000,0.0000,0.0000,0.0000,0.0000,0.0000,0.0000,0.0000,0.0000,0.0000,0.0000,0.0000,0.0000,0.0000,0.0000,0.0000,0.0000,0.0000,0.0000,0.0000,0.0000,0.0000,0.0000,0.0000,0.0000,0.0000,0.0000,0.0000,0.0000,0.0000,0.0000,0.0000,0.0000,0.0000,0.0000,0.0000,0.0000,0.0000,0.0000,0.0000,0.0000,0.0000,0.0000,0.0000,0.0000,0.0000,0.0000,0.0000,0.0000,0.0000,0.0000,0.0000,0.0000,0.0000,0.0000,0.0000,0.0000,0.0000,0.0000,0.0000,0.0000,0.0000,0.0000,0.0000,0.0000,0.0000,0.0000,0.0000,0.0000,0.0000,0.0000,0.0000,0.0000,0.0000,0.0000,0.0000,0.0000,0.0000,0.0000,0.0000,0.0000,0.0000,0.0000,0.0000,0.0000,0.0000,0.0000,0.0000,0.0000,0.0000,0.0000,0.0000,0.0000,0.0000,0.0000,0.0000,0.0000,0.0000,0.0000,0.0000,0.0000,0.0000,0.0000,0.0000,0.0000,0.0000,0.0000,0.0000,0.0000,0.0000,0.0000,0.0000,0.0000,0.0000,0.0000,0.0000,0.0000,0.0000,0.0000,0.0000,0.0000,0.0000,0.0000,0.0000,0.0000,0.0000,0.0000,0.0000,0.0000,0.0000,0.0000,0.0000,0.0000,0.0000,0.0000,0.0000,0.0000,0.0000,0.0000,0.0000,0.0000,0.0000,0.0000,0.0000,0.0000,0.0000,0.0000,0.0000,0.0000,0.0000,0.0000,0.0000,0.0000,0.0000
0.0000,0.0000,0.0000,0.0000,0.0000,0.0000,0.0000,0.0000,0.0000,0.0000,0.0000,0.0000,0.0000,0.0000,0.0000,0.0000,0.0000,0.0000,0.0000,0.0000,0.0000,0.0000,0.0000,0.0000,0.0000,0.0000,0.0000,0.0000,0.0000,0.0000,0.0000,0.0000,0.0000,0.0000,0.0000,0.0000,0.0000,0.0000,0.0000,0.0000,0.0000,0.0000,0.0000,0.0000,0.0000,0.0000,0.0000,0.0000,0.0000,0.0000,0.0000,0.0000,0.0000,0.0000,0.0000,0.0000,0.0000,0.0000,0.0000,0.0000,0.0000,0.0000,0.0000,0.0000,0.0000,0.0000,0.0000,0.0000,0.0000,0.0000,0.0000,0.0000,0.0000,0.0000,0.0000,0.0000,0.0000,0.0000,0.0000,0.0000,0.0000,0.0000,0.0000,0.0000,0.0000,0.0000,0.0000,0.0000,0.0000,0.0000,0.0000,0.0000,0.0000,0.0000,0.0000,0.0000,0.0000,0.0000,0.0000,0.0000,0.0000,0.0000,0.0000,0.0000,0.0000,0.0000,0.0000,0.0000,0.0000,0.0000,0.0000,0.0000,0.0000,0.0000,0.0000,0.0000,0.0000,0.0000,0.0000,0.0000,0.0000,0.0000,0.0000,0.0000,0.0000,0.0000,0.0000,0.0000,0.0000,0.0000,0.0000,0.0000,0.0000,0.0000,0.0000,0.0000,0.0000,0.0000,0.0000,0.0000,0.0000,0.0000,0.0000,0.0000,0.0000,0.0000,0.0000,0.0000,0.0000,0.0000,0.0000,0.0000,0.0000,0.0000,0.0000,0.0000,0.0000,0.0000,0.0000,0.0000,0.0000,0.0000,0.0000,0.0000,0.0000,0.0000,0.0000,0.0000,0.0000,0.0000,0.0000,0.0000,0.0000,0.0000,0.0000,0.0000,0.0000,0.0000,0.0000,0.0000,0.0000,0.0000,0.0000,0.0000,0.0000,0.0000,0.0000,0.0000,0.0000,0.0000,0.0000,0.0000,0.0000,0.0000,0.0000,0.0000,0.0000,0.0000,0.0000,0.0000,0.0000,0.0000,0.0000,0.0000,0.0000,0.0000,0.0000,0.0000,0.0000,0.0000,0.0000,0.0000,0.0000,0.0000,0.0000,0.0000,0.0000,0.0000,0.0000,0.0000,0.0000,0.0000,0.0000,0.0000,0.0000,0.0000,0.0000,0.0000,0.0000,0.0000,0.0000,0.0000,0.0000,0.0000,0.0000,0.0000,0.0000,0.0000,0.0000,0.0000,0.0000,0.0000,0.0000,0.0000,0.0000,0.0000,0.0000,0.0000,0.0000,0.0000,0.0000,0.0000,0.0000,0.0000,0.0000,0.0000,0.0000,0.0000,0.0000,0.0000,0.0000,0.0000,0.0000,0.0000,0.0000,0.0000,0.0000,0.0000,0.0000,0.0000,0.0000,0.0000,0.0000,0.0000,0.0000,0.0000,0.0000,0.0000,0.0000,0.0000,0.0000,0.0000,0.0000,0.0000,0.0000,0.0000,0.0000,0.0000,0.0000,0.0000,0.0000,0.0000,0.0000,0.0000,0.0000,0.0000,0.0000,0.0000,0.0000,0.0000,0.0000,0.0000,0.0000,0.0000,0.0000,0.0000,0.0000,0.0000,0.0000,0.0000,0.0000,0.0000,0.0000,0.0000,0.0000,0.0000,0.0000,0.0000,0.0000,0.0000,0.0000,0.0000,0.0000,0.0000,0.0000,0.0000,0.0000,0.0000,0.0000,0.0000,0.0000,0.0000,0.0000,0.0000,0.0000,0.0000,0.0000,0.0000,0.0000,0.0000,0.0000,0.0000,0.0000,0.0000,0.0000,0.0000,0.0000,0.0000,0.0000,0.0000,0.0000,0.0000,0.0000,0.0000,0.0000,0.0000,0.0000,0.0000,0.0000,0.0000,0.0000,0.0000,0.0000,0.0000,0.0000,0.0000,0.0000,0.0000,0.0000,0.0000,0.0000,0.0000,0.0000,0.0000,0.0000,0.0000,0.0000,0.0000,0.0000,0.0000,0.0000,0.0000,0.0000,0.0000,0.0000,0.0000,0.0000,0.0000,0.0000,0.0000,0.0000,0.0000,0.0000,0.0000,0.0000,0.0000,0.0000,0.0000,0.0000,0.0000
0.0000,0.0000,0.0000,0.0000,0.0000,0.0000,0.0000,0.0000,0.0000,0.0000,0.0000,0.0000,0.0000,0.0000,0.0000,0.0000,0.0000,0.0000,0.0000,0.0000,0.0000,0.0000,0.0000,0.0000,0.0000,0.0000,0.0000,0.0000,0.0000,0.0000,0.0000,0.0000,0.0000,0.0000,0.0000,0.0000,0.0000,0.0000,0.0000,0.0000,0.0000,0.0000,0.0000,0.0000,0.0000,0.0000,0.0000,0.0000,0.0000,0.0000,0.0000,0.0000,0.0000,0.0000,0.0000,0.0000,0.0000,0.0000,0.0000,0.0000,0.0000,0.0000,0.0000,0.0000,0.0000,0.0000,0.0000,0.0000,0.0000,0.0000,0.0000,0.0000,0.0000,0.0000,0.0000,0.0000,0.0000,0.0000,0.0000,0.0000,0.0000,0.0000,0.0000,0.0000,0.0000,0.0000,0.0000,0.0000,0.0000,0.0000,0.0000,0.0000,0.0000,0.0000,0.0000,0.0000,0.0000,0.0000,0.0000,0.0000,0.0000,0.0000,0.0000,0.0000,0.0000,0.0000,0.0000,0.0000,0.0000,0.0000,0.0000,0.0000,0.0000,0.0000,0.0000,0.0000,0.0000,0.0000,0.0000,0.0000,0.0000,0.0000,0.0000,0.0000,0.0000,0.0000,0.0000,0.0000,0.0000,0.0000,0.0000,0.0000,0.0000,0.0000,0.0000,0.0000,0.0000,0.0000,0.0000,0.0000,0.0000,0.0000,0.0000,0.0000,0.0000,0.0000,0.0000,0.0000,0.0000,0.0000,0.0000,0.0000,0.0000,0.0000,0.0000,0.0000,0.0000,0.0000,0.0000,0.0000,0.0000,0.0000,0.0000,0.0000,0.0000,0.0000,0.0000,0.0000,0.0000,0.0000,0.0000,0.0000,0.0000,0.0000,0.0000,0.0000,0.0000,0.0000,0.0000,0.0000,0.0000,0.0000,0.0000,0.0000,0.0000,0.0000,0.0000,0.0000,0.0000,0.0000,0.0000,0.0000,0.0000,0.0000,0.0000,0.0000,0.0000,0.0000,0.0000,0.0000,0.0000,0.0000,0.0000,0.0000,0.0000,0.0000,0.0000,0.0000,0.0000,0.0000,0.0000,0.0000,0.0000,0.0000,0.0000,0.0000,0.0000,0.0000,0.0000,0.0000,0.0000,0.0000,0.0000,0.0000,0.0000,0.0000,0.0000,0.0000,0.0000,0.0000,0.0000,0.0000,0.0000,0.0000,0.0000,0.0000,0.0000,0.0000,0.0000,0.0000,0.0000,0.0000,0.0000,0.0000,0.0000,0.0000,0.0000,0.0000,0.0000,0.0000,0.0000,0.0000,0.0000,0.0000,0.0000,0.0000,0.0000,0.0000,0.0000,0.0000,0.0000,0.0000,0.0000,0.0000,0.0000,0.0000,0.0000,0.0000,0.0000,0.0000,0.0000,0.0000,0.0000,0.0000,0.0000,0.0000,0.0000,0.0000,0.0000,0.0000,0.0000,0.0000,0.0000,0.0000,0.0000,0.0000,0.0000,0.0000,0.0000,0.0000,0.0000,0.0000,0.0000,0.0000,0.0000,0.0000,0.0000,0.0000,0.0000,0.0000,0.0000,0.0000,0.0000,0.0000,0.0000,0.0000,0.0000,0.0000,0.0000,0.0000,0.0000,0.0000,0.0000,0.0000,0.0000,0.0000,0.0000,0.0000,0.0000,0.0000,0.0000,0.0000,0.0000,0.0000,0.0000,0.0000,0.0000,0.0000,0.0000,0.0000,0.0000,0.0000,0.0000,0.0000,0.0000,0.0000,0.0000,0.0000,0.0000,0.0000,0.0000,0.0000,0.0000,0.0000,0.0000,0.0000,0.0000,0.0000,0.0000,0.0000,0.0000,0.0000,0.0000,0.0000,0.0000,0.0000,0.0000,0.0000,0.0000,0.0000,0.0000,0.0000,0.0000,0.0000,0.0000,0.0000,0.0000,0.0000,0.0000,0.0000,0.0000,0.0000,0.0000,0.0000,0.0000,0.0000,0.0000,0.0000,0.0000,0.0000,0.0000,0.0000,0.0000,0.0000,0.0000,0.0000,0.0000,0.0000,0.0000,0.0000,0.0000,0.0000,0.0000,0.0000,0.0000,0.0000,0.0000,0.0000,0.0000,0.0000
0.0000,0.0000,0.0000,0.0000,0.0000,0.0000,0.0000,0.0000,0.0000,0.0000,0.0000,0.0000,0.0000,0.0000,0.0000,0.0000,0.0000,0.0000,0.0000,0.0000,0.0000,0.0000,0.0000,0.0000,0.0000,0.0000,0.0000,0.0000,0.0000,0.0000,0.0000,0.0000,0.0000,0.0000,0.0000,0.0000,0.0000,0.0000,0.0000,0.0000,0.0000,0.0000,0.0000,0.0000,0.0000,0.0000,0.0000,0.0000,0.0000,0.0000,0.0000,0.0000,0.0000,0.0000,0.0000,0.0000,0.0000,0.0000,0.0000,0.0000,0.0000,0.0000,0.0000,0.0000,0.0000,0.0000,0.0000,0.0000,0.0000,0.0000,0.0000,0.0000,0.0000,0.0000,0.0000,0.0000,0.0000,0.0000,0.0000,0.0000,0.0000,0.0000,0.0000,0.0000,0.0000,0.0000,0.0000,0.0000,0.0000,0.0000,0.0000,0.0000,0.0000,0.0000,0.0000,0.0000,0.0000,0.0000,0.0000,0.0000,0.0000,0.0000,0.0000,0.0000,0.0000,0.0000,0.0000,0.0000,0.0000,0.0000,0.0000,0.0000,0.0000,0.0000,0.0000,0.0000,0.0000,0.0000,0.0000,0.0000,0.0000,0.0000,0.0000,0.0000,0.0000,0.0000,0.0000,0.0000,0.0000,0.0000,0.0000,0.0000,0.0000,0.0000,0.0000,0.0000,0.0000,0.0000,0.0000,0.0000,0.0000,0.0000,0.0000,0.0000,0.0000,0.0000,0.0000,0.0000,0.0000,0.0000,0.0000,0.0000,0.0000,0.0000,0.0000,0.0000,0.0000,0.0000,0.0000,0.0000,0.0000,0.0000,0.0000,0.0000,0.0000,0.0000,0.0000,0.0000,0.0000,0.0000,0.0000,0.0000,0.0000,0.0000,0.0000,0.0000,0.0000,0.0000,0.0000,0.0000,0.0000,0.0000,0.0000,0.0000,0.0000,0.0000,0.0000,0.0000,0.0000,0.0000,0.0000,0.0000,0.0000,0.0000,0.0000,0.0000,0.0000,0.0000,0.0000,0.0000,0.0000,0.0000,0.0000,0.0000,0.0000,0.0000,0.0000,0.0000,0.0000,0.0000,0.0000,0.0000,0.0000,0.0000,0.0000,0.0000,0.0000,0.0000,0.0000,0.0000,0.0000,0.0000,0.0000,0.0000,0.0000,0.0000,0.0000,0.0000,0.0000,0.0000,0.0000,0.0000,0.0000,0.0000,0.0000,0.0000,0.0000,0.0000,0.0000,0.0000,0.0000,0.0000,0.0000,0.0000,0.0000,0.0000,0.0000,0.0000,0.0000,0.0000,0.0000,0.0000,0.0000,0.0000,0.0000,0.0000,0.0000,0.0000,0.0000,0.0000,0.0000,0.0000,0.0000,0.0000,0.0000,0.0000,0.0000,0.0000,0.0000,0.0000,0.0000,0.0000,0.0000,0.0000,0.0000,0.0000,0.0000,0.0000,0.0000,0.0000,0.0000,0.0000,0.0000,0.0000,0.0000,0.0000,0.0000,0.0000,0.0000,0.0000,0.0000,0.0000,0.0000,0.0000,0.0000,0.0000,0.0000,0.0000,0.0000,0.0000,0.0000,0.0000,0.0000,0.0000,0.0000,0.0000,0.0000,0.0000,0.0000,0.0000,0.0000,0.0000,0.0000,0.0000,0.0000,0.0000,0.0000,0.0000,0.0000,0.0000,0.0000,0.0000,0.0000,0.0000,0.0000,0.0000,0.0000,0.0000,0.0000,0.0000,0.0000,0.0000,0.0000,0.0000,0.0000,0.0000,0.0000,0.0000,0.0000,0.0000,0.0000,0.0000,0.0000,0.0000,0.0000,0.0000,0.0000,0.0000,0.0000,0.0000,0.0000,0.0000,0.0000,0.0000,0.0000,0.0000,0.0000,0.0000,0.0000,0.0000,0.0000,0.0000,0.0000,0.0000,0.0000,0.0000,0.0000,0.0000,0.0000,0.0000,0.0000,0.0000,0.0000,0.0000,0.0000,0.0000,0.0000,0.0000,0.0000,0.0000,0.0000,0.0000,0.0000,0.0000,0.0000,0.0000,0.0000,0.0000,0.0000,0.0000,0.0000,0.0000,0.0000,0.0000,0.0000,0.0000,0.0000,0.0000,0.0000,0.0000
0.0000,0.0000,0.0000,0.0000,0.0000,0.0000,0.0000,0.0000,0.0000,0.0000,0.0000,0.0000,0.0000,0.0000,0.0000,0.0000,0.0000,0.0000,0.0000,0.0000,0.0000,0.0000,0.0000,0.0000,0.0000,0.0000,0.0000,0.0000,0.0000,0.0000,0.0000,0.0000,0.0000,0.0000,0.0000,0.0000,0.0000,0.0000,0.0000,0.0000,0.0000,0.0000,0.0000,0.0000,0.0000,0.0000,0.0000,0.0000,0.0000,0.0000,0.0000,0.0000,0.0000,0.0000,0.0000,0.0000,0.0000,0.0000,0.0000,0.0000,0.0000,0.0000,0.0000,0.0000,0.0000,0.0000,0.0000,0.0000,0.0000,0.0000,0.0000,0.0000,0.0000,0.0000,0.0000,0.0000,0.0000,0.0000,0.0000,0.0000,0.0000,0.0000,0.0000,0.0000,0.0000,0.0000,0.0000,0.0000,0.0000,0.0000,0.0000,0.0000,0.0000,0.0000,0.0000,0.0000,0.0000,0.0000,0.0000,0.0000,0.0000,0.0000,0.0000,0.0000,0.0000,0.0000,0.0000,0.0000,0.0000,0.0000,0.0000,0.0000,0.0000,0.0000,0.0000,0.0000,0.0000,0.0000,0.0000,0.0000,0.0000,0.0000,0.0000,0.0000,0.0000,0.0000,0.0000,0.0000,0.0000,0.0000,0.0000,0.0000,0.0000,0.0000,0.0000,0.0000,0.0000,0.0000,0.0000,0.0000,0.0000,0.0000,0.0000,0.0000,0.0000,0.0000,0.0000,0.0000,0.0000,0.0000,0.0000,0.0000,0.0000,0.0000,0.0000,0.0000,0.0000,0.0000,0.0000,0.0000,0.0000,0.0000,0.0000,0.0000,0.0000,0.0000,0.0000,0.0000,0.0000,0.0000,0.0000,0.0000,0.0000,0.0000,0.0000,0.0000,0.0000,0.0000,0.0000,0.0000,0.0000,0.0000,0.0000,0.0000,0.0000,0.0000,0.0000,0.0000,0.0000,0.0000,0.0000,0.0000,0.0000,0.0000,0.0000,0.0000,0.0000,0.0000,0.0000,0.0000,0.0000,0.0000,0.0000,0.0000,0.0000,0.0000,0.0000,0.0000,0.0000,0.0000,0.0000,0.0000,0.0000,0.0000,0.0000,0.0000,0.0000,0.0000,0.0000,0.0000,0.0000,0.0000,0.0000,0.0000,0.0000,0.0000,0.0000,0.0000,0.0000,0.0000,0.0000,0.0000,0.0000,0.0000,0.0000,0.0000,0.0000,0.0000,0.0000,0.0000,0.0000,0.0000,0.0000,0.0000,0.0000,0.0000,0.0000,0.0000,0.0000,0.0000,0.0000,0.0000,0.0000,0.0000,0.0000,0.0000,0.0000,0.0000,0.0000,0.0000,0.0000,0.0000,0.0000,0.0000,0.0000,0.0000,0.0000,0.0000,0.0000,0.0000,0.0000,0.0000,0.0000,0.0000,0.0000,0.0000,0.0000,0.0000,0.0000,0.0000,0.0000,0.0000,0.0000,0.0000,0.0000,0.0000,0.0000,0.0000,0.0000,0.0000,0.0000,0.0000,0.0000,0.0000,0.0000,0.0000,0.0000,0.0000,0.0000,0.0000,0.0000,0.0000,0.0000,0.0000,0.0000,0.0000,0.0000,0.0000,0.0000,0.0000,0.0000,0.0000,0.0000,0.0000,0.0000,0.0000,0.0000,0.0000,0.0000,0.0000,0.0000,0.0000,0.0000,0.0000,0.0000,0.0000,0.0000,0.0000,0.0000,0.0000,0.0000,0.0000,0.0000,0.0000,0.0000,0.0000,0.0000,0.0000,0.0000,0.0000,0.0000,0.0000,0.0000,0.0000,0.0000,0.0000,0.0000,0.0000,0.0000,0.0000,0.0000,0.0000,0.0000,0.0000,0.0000,0.0000,0.0000,0.0000,0.0000,0.0000,0.0000,0.0000,0.0000,0.0000,0.0000,0.0000,0.0000,0.0000,0.0000,0.0000,0.0000,0.0000,0.0000,0.0000,0.0000,0.0000,0.0000,0.0000,0.0000,0.0000,0.0000,0.0000,0.0000,0.0000,0.0000,0.0000,0.0000,0.0000,0.0000,0.0000,0.0000,0.0000,0.0000,0.0000,0.0000,0.0000,0.0000,0.0000,0.0000,0.0000
0.0000,0.0000,0.0000,0.0000,0.0000,0.0000,0.0000,0.0000,0.0000,0.0000,0.0000,0.0000,0.0000,0.0000,0.0000,0.0000,0.0000,0.0000,0.0000,0.0000,0.0000,0.0000,0.0000,0.0000,0.0000,0.0000,0.0000,0.0000,0.0000,0.0000,0.0000,0.0000,0.0000,0.0000,0.0000,0.0000,0.0000,0.0000,0.0000,0.0000,0.0000,0.0000,0.0000,0.0000,0.0000,0.0000,0.0000,0.0000,0.0000,0.0000,0.0000,0.0000,0.0000,0.0000,0.0000,0.0000,0.0000,0.0000,0.0000,0.0000,0.0000,0.0000,0.0000,0.0000,0.0000,0.0000,0.0000,0.0000,0.0000,0.0000,0.0000,0.0000,0.0000,0.0000,0.0000,0.0000,0.0000,0.0000,0.0000,0.0000,0.0000,0.0000,0.0000,0.0000,0.0000,0.0000,0.0000,0.0000,0.0000,0.0000,0.0000,0.0000,0.0000,0.0000,0.0000,0.0000,0.0000,0.0000,0.0000,0.0000,0.0000,0.0000,0.0000,0.0000,0.0000,0.0000,0.0000,0.0000,0.0000,0.0000,0.0000,0.0000,0.0000,0.0000,0.0000,0.0000,0.0000,0.0000,0.0000,0.0000,0.0000,0.0000,0.0000,0.0000,0.0000,0.0000,0.0000,0.0000,0.0000,0.0000,0.0000,0.0000,0.0000,0.0000,0.0000,0.0000,0.0000,0.0000,0.0000,0.0000,0.0000,0.0000,0.0000,0.0000,0.0000,0.0000,0.0000,0.0000,0.0000,0.0000,0.0000,0.0000,0.0000,0.0000,0.0000,0.0000,0.0000,0.0000,0.0000,0.0000,0.0000,0.0000,0.0000,0.0000,0.0000,0.0000,0.0000,0.0000,0.0000,0.0000,0.0000,0.0000,0.0000,0.0000,0.0000,0.0000,0.0000,0.0000,0.0000,0.0000,0.0000,0.0000,0.0000,0.0000,0.0000,0.0000,0.0000,0.0000,0.0000,0.0000,0.0000,0.0000,0.0000,0.0000,0.0000,0.0000,0.0000,0.0000,0.0000,0.0000,0.0000,0.0000,0.0000,0.0000,0.0000,0.0000,0.0000,0.0000,0.0000,0.0000,0.0000,0.0000,0.0000,0.0000,0.0000,0.0000,0.0000,0.0000,0.0000,0.0000,0.0000,0.0000,0.0000,0.0000,0.0000,0.0000,0.0000,0.0000,0.0000,0.0000,0.0000,0.0000,0.0000,0.0000,0.0000,0.0000,0.0000,0.0000,0.0000,0.0000,0.0000,0.0000,0.0000,0.0000,0.0000,0.0000,0.0000,0.0000,0.0000,0.0000,0.0000,0.0000,0.0000,0.0000,0.0000,0.0000,0.0000,0.0000,0.0000,0.0000,0.0000,0.0000,0.0000,0.0000,0.0000,0.0000,0.0000,0.0000,0.0000,0.0000,0.0000,0.0000,0.0000,0.0000,0.0000,0.0000,0.0000,0.0000,0.0000,0.0000,0.0000,0.0000,0.0000,0.0000,0.0000,0.0000,0.0000,0.0000,0.0000,0.0000,0.0000,0.0000,0.0000,0.0000,0.0000,0.0000,0.0000,0.0000,0.0000,0.0000,0.0000,0.0000,0.0000,0.0000,0.0000,0.0000,0.0000,0.0000,0.0000,0.0000,0.0000,0.0000,0.0000,0.0000,0.0000,0.0000,0.0000,0.0000,0.0000,0.0000,0.0000,0.0000,0.0000,0.0000,0.0000,0.0000,0.0000,0.0000,0.0000,0.0000,0.0000,0.0000,0.0000,0.0000,0.0000,0.0000,0.0000,0.0000,0.0000,0.0000,0.0000,0.0000,0.0000,0.0000,0.0000,0.0000,0.0000,0.0000,0.0000,0.0000,0.0000,0.0000,0.0000,0.0000,0.0000,0.0000,0.0000,0.0000,0.0000,0.0000,0.0000,0.0000,0.0000,0.0000,0.0000,0.0000,0.0000,0.0000,0.0000,0.0000,0.0000,0.0000,0.0000,0.0000,0.0000,0.0000,0.0000,0.0000,0.0000,0.0000,0.0000,0.0000,0.0000,0.0000,0.0000,0.0000,0.0000,0.0000,0.0000,0.0000,0.0000,0.0000,0.0000,0.0000,0.0000,0.0000,0.0000,0.0000,0.0000,0.0000
0.0000,0.0000,0.0000,0.0000,0.0000,0.0000,0.0000,0.0000,0.0000,0.0000,0.0000,0.0000,0.0000,0.0000,0.0000,0.0000,0.0000,0.0000,0.0000,0.0000,0.0000,0.0000,0.0000,0.0000,0.0000,0.0000,0.0000,0.0000,0.0000,0.0000,0.0000,0.0000,0.0000,0.0000,0.0000,0.0000,0.0000,0.0000,0.0000,0.0000,0.0000,0.0000,0.0000,0.0000,0.0000,0.0000,0.0000,0.0000,0.0000,0.0000,0.0000,0.0000,0.0000,0.0000,0.0000,0.0000,0.0000,0.0000,0.0000,0.0000,0.0000,0.0000,0.0000,0.0000,0.0000,0.0000,0.0000,0.0000,0.0000,0.0000,0.0000,0.0000,0.0000,0.0000,0.0000,0.0000,0.0000,0.0000,0.0000,0.0000,0.0000,0.0000,0.0000,0.0000,0.0000,0.0000,0.0000,0.0000,0.0000,0.0000,0.0000,0.0000,0.0000,0.0000,0.0000,0.0000,0.0000,0.0000,0.0000,0.0000,0.0000,0.0000,0.0000,0.0000,0.0000,0.0000,0.0000,0.0000,0.0000,0.0000,0.0000,0.0000,0.0000,0.0000,0.0000,0.0000,0.0000,0.0000,0.0000,0.0000,0.0000,0.0000,0.0000,0.0000,0.0000,0.0000,0.0000,0.0000,0.0000,0.0000,0.0000,0.0000,0.0000,0.0000,0.0000,0.0000,0.0000,0.0000,0.0000,0.0000,0.0000,0.0000,0.0000,0.0000,0.0000,0.0000,0.0000,0.0000,0.0000,0.0000,0.0000,0.0000,0.0000,0.0000,0.0000,0.0000,0.0000,0.0000,0.0000,0.0000,0.0000,0.0000,0.0000,0.0000,0.0000,0.0000,0.0000,0.0000,0.0000,0.0000,0.0000,0.0000,0.0000,0.0000,0.0000,0.0000,0.0000,0.0000,0.0000,0.0000,0.0000,0.0000,0.0000,0.0000,0.0000,0.0000,0.0000,0.0000,0.0000,0.0000,0.0000,0.0000,0.0000,0.0000,0.0000,0.0000,0.0000,0.0000,0.0000,0.0000,0.0000,0.0000,0.0000,0.0000,0.0000,0.0000,0.0000,0.0000,0.0000,0.0000,0.0000,0.0000,0.0000,0.0000,0.0000,0.0000,0.0000,0.0000,0.0000,0.0000,0.0000,0.0000,0.0000,0.0000,0.0000,0.0000,0.0000,0.0000,0.0000,0.0000,0.0000,0.0000,0.0000,0.0000,0.0000,0.0000,0.0000,0.0000,0.0000,0.0000,0.0000,0.0000,0.0000,0.0000,0.0000,0.0000,0.0000,0.0000,0.0000,0.0000,0.0000,0.0000,0.0000,0.0000,0.0000,0.0000,0.0000,0.0000,0.0000,0.0000,0.0000,0.0000,0.0000,0.0000,0.0000,0.0000,0.0000,0.0000,0.0000,0.0000,0.0000,0.0000,0.0000,0.0000,0.0000,0.0000,0.0000,0.0000,0.0000,0.0000,0.0000,0.0000,0.0000,0.0000,0.0000,0.0000,0.0000,0.0000,0.0000,0.0000,0.0000,0.0000,0.0000,0.0000,0.0000,0.0000,0.0000,0.0000,0.0000,0.0000,0.0000,0.0000,0.0000,0.0000,0.0000,0.0000,0.0000,0.0000,0.0000,0.0000,0.0000,0.0000,0.0000,0.0000,0.0000,0.0000,0.0000,0.0000,0.0000,0.0000,0.0000,0.0000,0.0000,0.0000,0.0000,0.0000,0.0000,0.0000,0.0000,0.0000,0.0000,0.0000,0.0000,0.0000,0.0000,0.0000,0.0000,0.0000,0.0000,0.0000,0.0000,0.0000,0.0000,0.0000,0.0000,0.0000,0.0000,0.0000,0.0000,0.0000,0.0000,0.0000,0.0000,0.0000,0.0000,0.0000,0.0000,0.0000,0.0000,0.0000,0.0000,0.0000,0.0000,0.0000,0.0000,0.0000,0.0000,0.0000,0.0000,0.0000,0.0000,0.0000,0.0000,0.0000,0.0000,0.0000,0.0000,0.0000,0.0000,0.0000,0.0000,0.0000,0.0000,0.0000,0.0000,0.0000,0.0000,0.0000,0.0000,0.0000,0.0000,0.0000,0.0000,0.0000,0.0000,0.0000,0.0000,0.0000,0.0000,0.0000
0.0000,0.0000,0.0000,0.0000,0.0000,0.0000,0.0000,0.0000,0.0000,0.0000,0.0000,0.0000,0.0000,0.0000,0.0000,0.0000,0.0000,0.0000,0.0000,0.0000,0.0000,0.0000,0.0000,0.0000,0.0000,0.0000,0.0000,0.0000,0.0000,0.0000,0.0000,0.0000,0.0000,0.0000,0.0000,0.0000,0.0000,0.0000,0.0000,0.0000,0.0000,0.0000,0.0000,0.0000,0.0000,0.0000,0.0000,0.0000,0.0000,0.0000,0.0000,0.0000,0.0000,0.0000,0.0000,0.0000,0.0000,0.0000,0.0000,0.0000,0.0000,0.0000,0.0000,0.0000,0.0000,0.0000,0.0000,0.0000,0.0000,0.0000,0.0000,0.0000,0.0000,0.0000,0.0000,0.0000,0.0000,0.0000,0.0000,0.0000,0.0000,0.0000,0.0000,0.0000,0.0000,0.0000,0.0000,0.0000,0.0000,0.0000,0.0000,0.0000,0.0000,0.0000,0.0000,0.0000,0.0000,0.0000,0.0000,0.0000,0.0000,0.0000,0.0000,0.0000,0.0000,0.0000,0.0000,0.0000,0.0000,0.0000,0.0000,0.0000,0.0000,0.0000,0.0000,0.0000,0.0000,0.0000,0.0000,0.0000,0.0000,0.0000,0.0000,0.0000,0.0000,0.0000,0.0000,0.0000,0.0000,0.0000,0.0000,0.0000,0.0000,0.0000,0.0000,0.0000,0.0000,0.0000,0.0000,0.0000,0.0000,0.0000,0.0000,0.0000,0.0000,0.0000,0.0000,0.0000,0.0000,0.0000,0.0000,0.0000,0.0000,0.0000,0.0000,0.0000,0.0000,0.0000,0.0000,0.0000,0.0000,0.0000,0.0000,0.0000,0.0000,0.0000,0.0000,0.0000,0.0000,0.0000,0.0000,0.0000,0.0000,0.0000,0.0000,0.0000,0.0000,0.0000,0.0000,0.0000,0.0000,0.0000,0.0000,0.0000,0.0000,0.0000,0.0000,0.0000,0.0000,0.0000,0.0000,0.0000,0.0000,0.0000,0.0000,0.0000,0.0000,0.0000,0.0000,0.0000,0.0000,0.0000,0.0000,0.0000,0.0000,0.0000,0.0000,0.0000,0.0000,0.0000,0.0000,0.0000,0.0000,0.0000,0.0000,0.0000,0.0000,0.0000,0.0000,0.0000,0.0000,0.0000,0.0000,0.0000,0.0000,0.0000,0.0000,0.0000,0.0000,0.0000,0.0000,0.0000,0.0000,0.0000,0.0000,0.0000,0.0000,0.0000,0.0000,0.0000,0.0000,0.0000,0.0000,0.0000,0.0000,0.0000,0.0000,0.0000,0.0000,0.0000,0.0000,0.0000,0.0000,0.0000,0.0000,0.0000,0.0000,0.0000,0.0000,0.0000,0.0000,0.0000,0.0000,0.0000,0.0000,0.0000,0.0000,0.0000,0.0000,0.0000,0.0000,0.0000,0.0000,0.0000,0.0000,0.0000,0.0000,0.0000,0.0000,0.0000,0.0000,0.0000,0.0000,0.0000,0.0000,0.0000,0.0000,0.0000,0.0000,0.0000,0.0000,0.0000,0.0000,0.0000,0.0000,0.0000,0.0000,0.0000,0.0000,0.0000,0.0000,0.0000,0.0000,0.0000,0.0000,0.0000,0.0000,0.0000,0.0000,0.0000,0.0000,0.0000,0.0000,0.0000,0.0000,0.0000,0.0000,0.0000,0.0000,0.0000,0.0000,0.0000,0.0000,0.0000,0.0000,0.0000,0.0000,0.0000,0.0000,0.0000,0.0000,0.0000,0.0000,0.0000,0.0000,0.0000,0.0000,0.0000,0.0000,0.0000,0.0000,0.0000,0.0000,0.0000,0.0000,0.0000,0.0000,0.0000,0.0000,0.0000,0.0000,0.0000,0.0000,0.0000,0.0000,0.0000,0.0000,0.0000,0.0000,0.0000,0.0000,0.0000,0.0000,0.0000,0.0000,0.0000,0.0000,0.0000,0.0000,0.0000,0.0000,0.0000,0.0000,0.0000,0.0000,0.0000,0.0000,0.0000,0.0000,0.0000,0.0000,0.0000,0.0000,0.0000,0.0000,0.0000,0.0000,0.0000,0.0000,0.0000,0.0000,0.0000,0.0000,0.0000,0.0000,0.0000,0.0000,0.0000,0.0000,0.0000
0.0000,0.0000,0.0000,0.0000,0.0000,0.0000,0.0000,0.0000,0.0000,0.0000,0.0000,0.0000,0.0000,0.0000,0.0000,0.0000,0.0000,0.0000,0.0000,0.0000,0.0000,0.0000,0.0000,0.0000,0.0000,0.0000,0.0000,0.0000,0.0000,0.0000,0.0000,0.0000,0.0000,0.0000,0.0000,0.0000,0.0000,0.0000,0.0000,0.0000,0.0000,0.0000,0.0000,0.0000,0.0000,0.0000,0.0000,0.0000,0.0000,0.0000,0.0000,0.0000,0.0000,0.0000,0.0000,0.0000,0.0000,0.0000,0.0000,0.0000,0.0000,0.0000,0.0000,0.0000,0.0000,0.0000,0.0000,0.0000,0.0000,0.0000,0.0000,0.0000,0.0000,0.0000,0.0000,0.0000,0.0000,0.0000,0.0000,0.0000,0.0000,0.0000,0.0000,0.0000,0.0000,0.0000,0.0000,0.0000,0.0000,0.0000,0.0000,0.0000,0.0000,0.0000,0.0000,0.0000,0.0000,0.0000,0.0000,0.0000,0.0000,0.0000,0.0000,0.0000,0.0000,0.0000,0.0000,0.0000,0.0000,0.0000,0.0000,0.0000,0.0000,0.0000,0.0000,0.0000,0.0000,0.0000,0.0000,0.0000,0.0000,0.0000,0.0000,0.0000,0.0000,0.0000,0.0000,0.0000,0.0000,0.0000,0.0000,0.0000,0.0000,0.0000,0.0000,0.0000,0.0000,0.0000,0.0000,0.0000,0.0000,0.0000,0.0000,0.0000,0.0000,0.0000,0.0000,0.0000,0.0000,0.0000,0.0000,0.0000,0.0000,0.0000,0.0000,0.0000,0.0000,0.0000,0.0000,0.0000,0.0000,0.0000,0.0000,0.0000,0.0000,0.0000,0.0000,0.0000,0.0000,0.0000,0.0000,0.0000,0.0000,0.0000,0.0000,0.0000,0.0000,0.0000,0.0000,0.0000,0.0000,0.0000,0.0000,0.0000,0.0000,0.0000,0.0000,0.0000,0.0000,0.0000,0.0000,0.0000,0.0000,0.0000,0.0000,0.0000,0.0000,0.0000,0.0000,0.0000,0.0000,0.0000,0.0000,0.0000,0.0000,0.0000,0.0000,0.0000,0.0000,0.0000,0.0000,0.0000,0.0000,0.0000,0.0000,0.0000,0.0000,0.0000,0.0000,0.0000,0.0000,0.0000,0.0000,0.0000,0.0000,0.0000,0.0000,0.0000,0.0000,0.0000,0.0000,0.0000,0.0000,0.0000,0.0000,0.0000,0.0000,0.0000,0.0000,0.0000,0.0000,0.0000,0.0000,0.0000,0.0000,0.0000,0.0000,0.0000,0.0000,0.0000,0.0000,0.0000,0.0000,0.0000,0.0000,0.0000,0.0000,0.0000,0.0000,0.0000,0.0000,0.0000,0.0000,0.0000,0.0000,0.0000,0.0000,0.0000,0.0000,0.0000,0.0000,0.0000,0.0000,0.0000,0.0000,0.0000,0.0000,0.0000,0.0000,0.0000,0.0000,0.0000,0.0000,0.0000,0.0000,0.0000,0.0000,0.0000,0.0000,0.0000,0.0000,0.0000,0.0000,0.0000,0.0000,0.0000,0.0000,0.0000,0.0000,0.0000,0.0000,0.0000,0.0000,0.0000,0.0000,0.0000,0.0000,0.0000,0.0000,0.0000,0.0000,0.0000,0.0000,0.0000,0.0000,0.0000,0.0000,0.0000,0.0000,0.0000,0.0000,0.0000,0.0000,0.0000,0.0000,0.0000,0.0000,0.0000,0.0000,0.0000,0.0000,0.0000,0.0000,0.0000,0.0000,0.0000,0.0000,0.0000,0.0000,0.0000,0.0000,0.0000,0.0000,0.0000,0.0000,0.0000,0.0000,0.0000,0.0000,0.0000,0.0000,0.0000,0.0000,0.0000,0.0000,0.0000,0.0000,0.0000,0.0000,0.0000,0.0000,0.0000,0.0000,0.0000,0.0000,0.0000,0.0000,0.0000,0.0000,0.0000,0.0000,0.0000,0.0000,0.0000,0.0000,0.0000,0.0000,0.0000,0.0000,0.0000,0.0000,0.0000,0.0000,0.0000,0.0000,0.0000,0.0000,0.0000,0.0000,0.0000,0.0000,0.0000,0.0000,0.0000,0.0000,0.0000,0.0000,0.0000,0.0000,0.0000
0.0000,0.0000,0.0000,0.0000,0.0000,0.0000,0.0000,0.0000,0.0000,0.0000,0.0000,0.0000,0.0000,0.0000,0.0000,0.0000,0.0000,0.0000,0.0000,0.0000,0.0000,0.0000,0.0000,0.0000,0.0000,0.0000,0.0000,0.0000,0.0000,0.0000,0.0000,0.0000,0.0000,0.0000,0.0000,0.0000,0.0000,0.0000,0.0000,0.0000,0.0000,0.0000,0.0000,0.0000,0.0000,0.0000,0.0000,0.0000,0.0000,0.0000,0.0000,0.0000,0.0000,0.0000,0.0000,0.0000,0.0000,0.0000,0.0000,0.0000,0.0000,0.0000,0.0000,0.0000,0.0000,0.0000,0.0000,0.0000,0.0000,0.0000,0.0000,0.0000,0.0000,0.0000,0.0000,0.0000,0.0000,0.0000,0.0000,0.0000,0.0000,0.0000,0.0000,0.0000,0.0000,0.0000,0.0000,0.0000,0.0000,0.0000,0.0000,0.0000,0.0000,0.0000,0.0000,0.0000,0.0000,0.0000,0.0000,0.0000,0.0000,0.0000,0.0000,0.0000,0.0000,0.0000,0.0000,0.0000,0.0000,0.0000,0.0000,0.0000,0.0000,0.0000,0.0000,0.0000,0.0000,0.0000,0.0000,0.0000,0.0000,0.0000,0.0000,0.0000,0.0000,0.0000,0.0000,0.0000,0.0000,0.0000,0.0000,0.0000,0.0000,0.0000,0.0000,0.0000,0.0000,0.0000,0.0000,0.0000,0.0000,0.0000,0.0000,0.0000,0.0000,0.0000,0.0000,0.0000,0.0000,0.0000,0.0000,0.0000,0.0000,0.0000,0.0000,0.0000,0.0000,0.0000,0.0000,0.0000,0.0000,0.0000,0.0000,0.0000,0.0000,0.0000,0.0000,0.0000,0.0000,0.0000,0.0000,0.0000,0.0000,0.0000,0.0000,0.0000,0.0000,0.0000,0.0000,0.0000,0.0000,0.0000,0.0000,0.0000,0.0000,0.0000,0.0000,0.0000,0.0000,0.0000,0.0000,0.0000,0.0000,0.0000,0.0000,0.0000,0.0000,0.0000,0.0000,0.0000,0.0000,0.0000,0.0000,0.0000,0.0000,0.0000,0.0000,0.0000,0.0000,0.0000,0.0000,0.0000,0.0000,0.0000,0.0000,0.0000,0.0000,0.0000,0.0000,0.0000,0.0000,0.0000,0.0000,0.0000,0.0000,0.0000,0.0000,0.0000,0.0000,0.0000,0.0000,0.0000,0.0000,0.0000,0.0000,0.0000,0.0000,0.0000,0.0000,0.0000,0.0000,0.0000,0.0000,0.0000,0.0000,0.0000,0.0000,0.0000,0.0000,0.0000,0.0000,0.0000,0.0000,0.0000,0.0000,0.0000,0.0000,0.0000,0.0000,0.0000,0.0000,0.0000,0.0000,0.0000,0.0000,0.0000,0.0000,0.0000,0.0000,0.0000,0.0000,0.0000,0.0000,0.0000,0.0000,0.0000,0.0000,0.0000,0.0000,0.0000,0.0000,0.0000,0.0000,0.0000,0.0000,0.0000,0.0000,0.0000,0.0000,0.0000,0.0000,0.0000,0.0000,0.0000,0.0000,0.0000,0.0000,0.0000,0.0000,0.0000,0.0000,0.0000,0.0000,0.0000,0.0000,0.0000,0.0000,0.0000,0.0000,0.0000,0.0000,0.0000,0.0000,0.0000,0.0000,0.0000,0.0000,0.0000,0.0000,0.0000,0.0000,0.0000,0.0000,0.0000,0.0000,0.0000,0.0000,0.0000,0.0000,0.0000,0.0000,0.0000,0.0000,0.0000,0.0000,0.0000,0.0000,0.0000,0.0000,0.0000,0.0000,0.0000,0.0000,0.0000,0.0000,0.0000,0.0000,0.0000,0.0000,0.0000,0.0000,0.0000,0.0000,0.0000,0.0000,0.0000,0.0000,0.0000,0.0000,0.0000,0.0000,0.0000,0.0000,0.0000,0.0000,0.0000,0.0000,0.0000,0.0000,0.0000,0.0000,0.0000,0.0000,0.0000,0.0000,0.0000,0.0000,0.0000,0.0000,0.0000,0.0000,0.0000,0.0000,0.0000,0.0000,0.0000,0.0000,0.0000,0.0000,0.0000,0.0000,0.0000,0.0000,0.0000,0.0000,0.0000,0.0000,0.0000,0.0000,0.0000
0.0000,0.0000,0.0000,0.0000,0.0000,0.0000,0.0000,0.0000,0.0000,0.0000,0.0000,0.0000,0.0000,0.0000,0.0000,0.0000,0.0000,0.0000,0.0000,0.0000,0.0000,0.0000,0.0000,0.0000,0.0000,0.0000,0.0000,0.0000,0.0000,0.0000,0.0000,0.0000,0.0000,0.0000,0.0000,0.0000,0.0000,0.0000,0.0000,0.0000,0.0000,0.0000,0.0000,0.0000,0.0000,0.0000,0.0000,0.0000,0.0000,0.0000,0.0000,0.0000,0.0000,0.0000,0.0000,0.0000,0.0000,0.0000,0.0000,0.0000,0.0000,0.0000,0.0000,0.0000,0.0000,0.0000,0.0000,0.0000,0.0000,0.0000,0.0000,0.0000,0.0000,0.0000,0.0000,0.0000,0.0000,0.0000,0.0000,0.0000,0.0000,0.0000,0.0000,0.0000,0.0000,0.0000,0.0000,0.0000,0.0000,0.0000,0.0000,0.0000,0.0000,0.0000,0.0000,0.0000,0.0000,0.0000,0.0000,0.0000,0.0000,0.0000,0.0000,0.0000,0.0000,0.0000,0.0000,0.0000,0.0000,0.0000,0.0000,0.0000,0.0000,0.0000,0.0000,0.0000,0.0000,0.0000,0.0000,0.0000,0.0000,0.0000,0.0000,0.0000,0.0000,0.0000,0.0000,0.0000,0.0000,0.0000,0.0000,0.0000,0.0000,0.0000,0.0000,0.0000,0.0000,0.0000,0.0000,0.0000,0.0000,0.0000,0.0000,0.0000,0.0000,0.0000,0.0000,0.0000,0.0000,0.0000,0.0000,0.0000,0.0000,0.0000,0.0000,0.0000,0.0000,0.0000,0.0000,0.0000,0.0000,0.0000,0.0000,0.0000,0.0000,0.0000,0.0000,0.0000,0.0000,0.0000,0.0000,0.0000,0.0000,0.0000,0.0000,0.0000,0.0000,0.0000,0.0000,0.0000,0.0000,0.0000,0.0000,0.0000,0.0000,0.0000,0.0000,0.0000,0.0000,0.0000,0.0000,0.0000,0.0000,0.0000,0.0000,0.0000,0.0000,0.0000,0.0000,0.0000,0.0000,0.0000,0.0000,0.0000,0.0000,0.0000,0.0000,0.0000,0.0000,0.0000,0.0000,0.0000,0.0000,0.0000,0.0000,0.0000,0.0000,0.0000,0.0000,0.0000,0.0000,0.0000,0.0000,0.0000,0.0000,0.0000,0.0000,0.0000,0.0000,0.0000,0.0000,0.0000,0.0000,0.0000,0.0000,0.0000,0.0000,0.0000,0.0000,0.0000,0.0000,0.0000,0.0000,0.0000,0.0000,0.0000,0.0000,0.0000,0.0000,0.0000,0.0000,0.0000,0.0000,0.0000,0.0000,0.0000,0.0000,0.0000,0.0000,0.0000,0.0000,0.0000,0.0000,0.0000,0.0000,0.0000,0.0000,0.0000,0.0000,0.0000,0.0000,0.0000,0.0000,0.0000,0.0000,0.0000,0.0000,0.0000,0.0000,0.0000,0.0000,0.0000,0.0000,0.0000,0.0000,0.0000,0.0000,0.0000,0.0000,0.0000,0.0000,0.0000,0.0000,0.0000,0.0000,0.0000,0.0000,0.0000,0.0000,0.0000,0.0000,0.0000,0.0000,0.0000,0.0000,0.0000,0.0000,0.0000,0.0000,0.0000,0.0000,0.0000,0.0000,0.0000,0.0000,0.0000,0.0000,0.0000,0.0000,0.0000,0.0000,0.0000,0.0000,0.0000,0.0000,0.0000,0.0000,0.0000,0.0000,0.0000,0.0000,0.0000,0.0000,0.0000,0.0000,0.0000,0.0000,0.0000,0.0000,0.0000,0.0000,0.0000,0.0000,0.0000,0.0000,0.0000,0.0000,0.0000,0.0000,0.0000,0.0000,0.0000,0.0000,0.0000,0.0000,0.0000,0.0000,0.0000,0.0000,0.0000,0.0000,0.0000,0.0000,0.0000,0.0000,0.0000,0.0000,0.0000,0.0000,0.0000,0.0000,0.0000,0.0000,0.0000,0.0000,0.0000,0.0000,0.0000,0.0000,0.0000,0.0000,0.0000,0.0000,0.0000,0.0000,0.0000,0.0000,0.0000,0.0000,0.0000,0.0000,0.0000,0.0000,0.0000,0.0000,0.0000,0.0000,0.0000,0.0000,0.0000
0.0000,0.0000,0.0000,0.0000,0.0000,0.0000,0.0000,0.0000,0.0000,0.0000,0.0000,0.0000,0.0000,0.0000,0.0000,0.0000,0.0000,0.0000,0.0000,0.0000,0.0000,0.0000,0.0000,0.0000,0.0000,0.0000,0.0000,0.0000,0.0000,0.0000,0.0000,0.0000,0.0000,0.0000,0.0000,0.0000,0.0000,0.0000,0.0000,0.0000,0.0000,0.0000,0.0000,0.0000,0.0000,0.0000,0.0000,0.0000,0.0000,0.0000,0.0000,0.0000,0.0000,0.0000,0.0000,0.0000,0.0000,0.0000,0.0000,0.0000,0.0000,0.0000,0.0000,0.0000,0.0000,0.0000,0.0000,0.0000,0.0000,0.0000,0.0000,0.0000,0.0000,0.0000,0.0000,0.0000,0.0000,0.0000,0.0000,0.0000,0.0000,0.0000,0.0000,0.0000,0.0000,0.0000,0.0000,0.0000,0.0000,0.0000,0.0000,0.0000,0.0000,0.0000,0.0000,0.0000,0.0000,0.0000,0.0000,0.0000,0.0000,0.0000,0.0000,0.0000,0.0000,0.0000,0.0000,0.0000,0.0000,0.0000,0.0000,0.0000,0.0000,0.0000,0.0000,0.0000,0.0000,0.0000,0.0000,0.0000,0.0000,0.0000,0.0000,0.0000,0.0000,0.0000,0.0000,0.0000,0.0000,0.0000,0.0000,0.0000,0.0000,0.0000,0.0000,0.0000,0.0000,0.0000,0.0000,0.0000,0.0000,0.0000,0.0000,0.0000,0.0000,0.0000,0.0000,0.0000,0.0000,0.0000,0.0000,0.0000,0.0000,0.0000,0.0000,0.0000,0.0000,0.0000,0.0000,0.0000,0.0000,0.0000,0.0000,0.0000,0.0000,0.0000,0.0000,0.0000,0.0000,0.0000,0.0000,0.0000,0.0000,0.0000,0.0000,0.0000,0.0000,0.0000,0.0000,0.0000,0.0000,0.0000,0.0000,0.0000,0.0000,0.0000,0.0000,0.0000,0.0000,0.0000,0.0000,0.0000,0.0000,0.0000,0.0000,0.0000,0.0000,0.0000,0.0000,0.0000,0.0000,0.0000,0.0000,0.0000,0.0000,0.0000,0.0000,0.0000,0.0000,0.0000,0.0000,0.0000,0.0000,0.0000,0.0000,0.0000,0.0000,0.0000,0.0000,0.0000,0.0000,0.0000,0.0000,0.0000,0.0000,0.0000,0.0000,0.0000,0.0000,0.0000,0.0000,0.0000,0.0000,0.0000,0.0000,0.0000,0.0000,0.0000,0.0000,0.0000,0.0000,0.0000,0.0000,0.0000,0.0000,0.0000,0.0000,0.0000,0.0000,0.0000,0.0000,0.0000,0.0000,0.0000,0.0000,0.0000,0.0000,0.0000,0.0000,0.0000,0.0000,0.0000,0.0000,0.0000,0.0000,0.0000,0.0000,0.0000,0.0000,0.0000,0.0000,0.0000,0.0000,0.0000,0.0000,0.0000,0.0000,0.0000,0.0000,0.0000,0.0000,0.0000,0.0000,0.0000,0.0000,0.0000,0.0000,0.0000,0.0000,0.0000,0.0000,0.0000,0.0000,0.0000,0.0000,0.0000,0.0000,0.0000,0.0000,0.0000,0.0000,0.0000,0.0000,0.0000,0.0000,0.0000,0.0000,0.0000,0.0000,0.0000,0.0000,0.0000,0.0000,0.0000,0.0000,0.0000,0.0000,0.0000,0.0000,0.0000,0.0000,0.0000,0.0000,0.0000,0.0000,0.0000,0.0000,0.0000,0.0000,0.0000,0.0000,0.0000,0.0000,0.0000,0.0000,0.0000,0.0000,0.0000,0.0000,0.0000,0.0000,0.0000,0.0000,0.0000,0.0000,0.0000,0.0000,0.0000,0.0000,0.0000,0.0000,0.0000,0.0000,0.0000,0.0000,0.0000,0.0000,0.0000,0.0000,0.0000,0.0000,0.0000,0.0000,0.0000,0.0000,0.0000,0.0000,0.0000,0.0000,0.0000,0.0000,0.0000,0.0000,0.0000,0.0000,0.0000,0.0000,0.0000,0.0000,0.0000,0.0000,0.0000,0.0000,0.0000,0.0000,0.0000,0.0000,0.0000,0.0000,0.0000,0.0000,0.0000,0.0000,0.0000,0.0000,0.0000,0.0000,0.0000,0.0000,0.0000
0.0000,0.0000,0.0000,0.0000,0.0000,0.0000,0.0000,0.0000,0.0000,0.0000,0.0000,0.0000,0.0000,0.0000,0.0000,0.0000,0.0000,0.0000,0.0000,0.0000,0.0000,0.0000,0.0000,0.0000,0.0000,0.0000,0.0000,0.0000,0.0000,0.0000,0.0000,0.0000,0.0000,0.0000,0.0000,0.0000,0.0000,0.0000,0.0000,0.0000,0.0000,0.0000,0.0000,0.0000,0.0000,0.0000,0.0000,0.0000,0.0000,0.0000,0.0000,0.0000,0.0000,0.0000,0.0000,0.0000,0.0000,0.0000,0.0000,0.0000,0.0000,0.0000,0.0000,0.0000,0.0000,0.0000,0.0000,0.0000,0.0000,0.0000,0.0000,0.0000,0.0000,0.0000,0.0000,0.0000,0.0000,0.0000,0.0000,0.0000,0.0000,0.0000,0.0000,0.0000,0.0000,0.0000,0.0000,0.0000,0.0000,0.0000,0.0000,0.0000,0.0000,0.0000,0.0000,0.0000,0.0000,0.0000,0.0000,0.0000,0.0000,0.0000,0.0000,0.0000,0.0000,0.0000,0.0000,0.0000,0.0000,0.0000,0.0000,0.0000,0.0000,0.0000,0.0000,0.0000,0.0000,0.0000,0.0000,0.0000,0.0000,0.0000,0.0000,0.0000,0.0000,0.0000,0.0000,0.0000,0.0000,0.0000,0.0000,0.0000,0.0000,0.0000,0.0000,0.0000,0.0000,0.0000,0.0000,0.0000,0.0000,0.0000,0.0000,0.0000,0.0000,0.0000,0.0000,0.0000,0.0000,0.0000,0.0000,0.0000,0.0000,0.0000,0.0000,0.0000,0.0000,0.0000,0.0000,0.0000,0.0000,0.0000,0.0000,0.0000,0.0000,0.0000,0.0000,0.0000,0.0000,0.0000,0.0000,0.0000,0.0000,0.0000,0.0000,0.0000,0.0000,0.0000,0.0000,0.0000,0.0000,0.0000,0.0000,0.0000,0.0000,0.0000,0.0000,0.0000,0.0000,0.0000,0.0000,0.0000,0.0000,0.0000,0.0000,0.0000,0.0000,0.0000,0.0000,0.0000,0.0000,0.0000,0.0000,0.0000,0.0000,0.0000,0.0000,0.0000,0.0000,0.0000,0.0000,0.0000,0.0000,0.0000,0.0000,0.0000,0.0000,0.0000,0.0000,0.0000,0.0000,0.0000,0.0000,0.0000,0.0000,0.0000,0.0000,0.0000,0.0000,0.0000,0.0000,0.0000,0.0000,0.0000,0.0000,0.0000,0.0000,0.0000,0.0000,0.0000,0.0000,0.0000,0.0000,0.0000,0.0000,0.0000,0.0000,0.0000,0.0000,0.0000,0.0000,0.0000,0.0000,0.0000,0.0000,0.0000,0.0000,0.0000,0.0000,0.0000,0.0000,0.0000,0.0000,0.0000,0.0000,0.0000,0.0000,0.0000,0.0000,0.0000,0.0000,0.0000,0.0000,0.0000,0.0000,0.0000,0.0000,0.0000,0.0000,0.0000,0.0000,0.0000,0.0000,0.0000,0.0000,0.0000,0.0000,0.0000,0.0000,0.0000,0.0000,0.0000,0.0000,0.0000,0.0000,0.0000,0.0000,0.0000,0.0000,0.0000,0.0000,0.0000,0.0000,0.0000,0.0000,0.0000,0.0000,0.0000,0.0000,0.0000,0.0000,0.0000,0.0000,0.0000,0.0000,0.0000,0.0000,0.0000,0.0000,0.0000,0.0000,0.0000,0.0000,0.0000,0.0000,0.0000,0.0000,0.0000,0.0000,0.0000,0.0000,0.0000,0.0000,0.0000,0.0000,0.0000,0.0000,0.0000,0.0000,0.0000,0.0000,0.0000,0.0000,0.0000,0.0000,0.0000,0.0000,0.0000,0.0000,0.0000,0.0000,0.0000,0.0000,0.0000,0.0000,0.0000,0.0000,0.0000,0.0000,0.0000,0.0000,0.0000,0.0000,0.0000,0.0000,0.0000,0.0000,0.0000,0.0000,0.0000,0.0000,0.0000,0.0000,0.0000,0.0000,0.0000,0.0000,0.0000,0.0000,0.0000,0.0000,0.0000,0.0000,0.0000,0.0000,0.0000,0.0000,0.0000,0.0000,0.0000,0.0000,0.0000,0.0000,0.0000,0.0000,0.0000,0.0000,0.0000,0.0000,0.0000
0.0000,0.0000,0.0000,0.0000,0.0000,0.0000,0.0000,0.0000,0.0000,0.0000,0.0000,0.0000,0.0000,0.0000,0.0000,0.0000,0.0000,0.0000,0.0000,0.0000,0.0000,0.0000,0.0000,0.0000,0.0000,0.0000,0.0000,0.0000,0.0000,0.0000,0.0000,0.0000,0.0000,0.0000,0.0000,0.0000,0.0000,0.0000,0.0000,0.0000,0.0000,0.0000,0.0000,0.0000,0.0000,0.0000,0.0000,0.0000,0.0000,0.0000,0.0000,0.0000,0.0000,0.0000,0.0000,0.0000,0.0000,0.0000,0.0000,0.0000,0.0000,0.0000,0.0000,0.0000,0.0000,0.0000,0.0000,0.0000,0.0000,0.0000,0.0000,0.0000,0.0000,0.0000,0.0000,0.0000,0.0000,0.0000,0.0000,0.0000,0.0000,0.0000,0.0000,0.0000,0.0000,0.0000,0.0000,0.0000,0.0000,0.0000,0.0000,0.0000,0.0000,0.0000,0.0000,0.0000,0.0000,0.0000,0.0000,0.0000,0.0000,0.0000,0.0000,0.0000,0.0000,0.0000,0.0000,0.0000,0.0000,0.0000,0.0000,0.0000,0.0000,0.0000,0.0000,0.0000,0.0000,0.0000,0.0000,0.0000,0.0000,0.0000,0.0000,0.0000,0.0000,0.0000,0.0000,0.0000,0.0000,0.0000,0.0000,0.0000,0.0000,0.0000,0.0000,0.0000,0.0000,0.0000,0.0000,0.0000,0.0000,0.0000,0.0000,0.0000,0.0000,0.0000,0.0000,0.0000,0.0000,0.0000,0.0000,0.0000,0.0000,0.0000,0.0000,0.0000,0.0000,0.0000,0.0000,0.0000,0.0000,0.0000,0.0000,0.0000,0.0000,0.0000,0.0000,0.0000,0.0000,0.0000,0.0000,0.0000,0.0000,0.0000,0.0000,0.0000,0.0000,0.0000,0.0000,0.0000,0.0000,0.0000,0.0000,0.0000,0.0000,0.0000,0.0000,0.0000,0.0000,0.0000,0.0000,0.0000,0.0000,0.0000,0.0000,0.0000,0.0000,0.0000,0.0000,0.0000,0.0000,0.0000,0.0000,0.0000,0.0000,0.0000,0.0000,0.0000,0.0000,0.0000,0.0000,0.0000,0.0000,0.0000,0.0000,0.0000,0.0000,0.0000,0.0000,0.0000,0.0000,0.0000,0.0000,0.0000,0.0000,0.0000,0.0000,0.0000,0.0000,0.0000,0.0000,0.0000,0.0000,0.0000,0.0000,0.0000,0.0000,0.0000,0.0000,0.0000,0.0000,0.0000,0.0000,0.0000,0.0000,0.0000,0.0000,0.0000,0.0000,0.0000,0.0000,0.0000,0.0000,0.0000,0.0000,0.0000,0.0000,0.0000,0.0000,0.0000,0.0000,0.0000,0.0000,0.0000,0.0000,0.0000,0.0000,0.0000,0.0000,0.0000,0.0000,0.0000,0.0000,0.0000,0.0000,0.0000,0.0000,0.0000,0.0000,0.0000,0.0000,0.0000,0.0000,0.0000,0.0000,0.0000,0.0000,0.0000,0.0000,0.0000,0.0000,0.0000,0.0000,0.0000,0.0000,0.0000,0.0000,0.0000,0.0000,0.0000,0.0000,0.0000,0.0000,0.0000,0.0000,0.0000,0.0000,0.0000,0.0000,0.0000,0.0000,0.0000,0.0000,0.0000,0.0000,0.0000,0.0000,0.0000,0.0000,0.0000,0.0000,0.0000,0.0000,0.0000,0.0000,0.0000,0.0000,0.0000,0.0000,0.0000,0.0000,0.0000,0.0000,0.0000,0.0000,0.0000,0.0000,0.0000,0.0000,0.0000,0.0000,0.0000,0.0000,0.0000,0.0000,0.0000,0.0000,0.0000,0.0000,0.0000,0.0000,0.0000,0.0000,0.0000,0.0000,0.0000,0.0000,0.0000,0.0000,0.0000,0.0000,0.0000,0.0000,0.0000,0.0000,0.0000,0.0000,0.0000,0.0000,0.0000,0.0000,0.0000,0.0000,0.0000,0.0000,0.0000,0.0000,0.0000,0.0000,0.0000,0.0000,0.0000,0.0000,0.0000,0.0000,0.0000,0.0000,0.0000,0.0000,0.0000,0.0000,0.0000,0.0000,0.0000,0.0000,0.0000,0.0000,0.0000,0.0000,0.0000
0.0000,0.0000,0.0000,0.0000,0.0000,0.0000,0.0000,0.0000,0.0000,0.0000,0.0000,0.0000,0.0000,0.0000,0.0000,0.0000,0.0000,0.0000,0.0000,0.0000,0.0000,0.0000,0.0000,0.0000,0.0000,0.0000,0.0000,0.0000,0.0000,0.0000,0.0000,0.0000,0.0000,0.0000,0.0000,0.0000,0.0000,0.0000,0.0000,0.0000,0.0000,0.0000,0.0000,0.0000,0.0000,0.0000,0.0000,0.0000,0.0000,0.0000,0.0000,0.0000,0.0000,0.0000,0.0000,0.0000,0.0000,0.0000,0.0000,0.0000,0.0000,0.0000,0.0000,0.0000,0.0000,0.0000,0.0000,0.0000,0.0000,0.0000,0.0000,0.0000,0.0000,0.0000,0.0000,0.0000,0.0000,0.0000,0.0000,0.0000,0.0000,0.0000,0.0000,0.0000,0.0000,0.0000,0.0000,0.0000,0.0000,0.0000,0.0000,0.0000,0.0000,0.0000,0.0000,0.0000,0.0000,0.0000,0.0000,0.0000,0.0000,0.0000,0.0000,0.0000,0.0000,0.0000,0.0000,0.0000,0.0000,0.0000,0.0000,0.0000,0.0000,0.0000,0.0000,0.0000,0.0000,0.0000,0.0000,0.0000,0.0000,0.0000,0.0000,0.0000,0.0000,0.0000,0.0000,0.0000,0.0000,0.0000,0.0000,0.0000,0.0000,0.0000,0.0000,0.0000,0.0000,0.0000,0.0000,0.0000,0.0000,0.0000,0.0000,0.0000,0.0000,0.0000,0.0000,0.0000,0.0000,0.0000,0.0000,0.0000,0.0000,0.0000,0.0000,0.0000,0.0000,0.0000,0.0000,0.0000,0.0000,0.0000,0.0000,0.0000,0.0000,0.0000,0.0000,0.0000,0.0000,0.0000,0.0000,0.0000,0.0000,0.0000,0.0000,0.0000,0.0000,0.0000,0.0000,0.0000,0.0000,0.0000,0.0000,0.0000,0.0000,0.0000,0.0000,0.0000,0.0000,0.0000,0.0000,0.0000,0.0000,0.0000,0.0000,0.0000,0.0000,0.0000,0.0000,0.0000,0.0000,0.0000,0.0000,0.0000,0.0000,0.0000,0.0000,0.0000,0.0000,0.0000,0.0000,0.0000,0.0000,0.0000,0.0000,0.0000,0.0000,0.0000,0.0000,0.0000,0.0000,0.0000,0.0000,0.0000,0.0000,0.0000,0.0000,0.0000,0.0000,0.0000,0.0000,0.0000,0.0000,0.0000,0.0000,0.0000,0.0000,0.0000,0.0000,0.0000,0.0000,0.0000,0.0000,0.0000,0.0000,0.0000,0.0000,0.0000,0.0000,0.0000,0.0000,0.0000,0.0000,0.0000,0.0000,0.0000,0.0000,0.0000,0.0000,0.0000,0.0000,0.0000,0.0000,0.0000,0.0000,0.0000,0.0000,0.0000,0.0000,0.0000,0.0000,0.0000,0.0000,0.0000,0.0000,0.0000,0.0000,0.0000,0.0000,0.0000,0.0000,0.0000,0.0000,0.0000,0.0000,0.0000,0.0000,0.0000,0.0000,0.0000,0.0000,0.0000,0.0000,0.0000,0.0000,0.0000,0.0000,0.0000,0.0000,0.0000,0.0000,0.0000,0.0000,0.0000,0.0000,0.0000,0.0000,0.0000,0.0000,0.0000,0.0000,0.0000,0.0000,0.0000,0.0000,0.0000,0.0000,0.0000,0.0000,0.0000,0.0000,0.0000,0.0000,0.0000,0.0000,0.0000,0.0000,0.0000,0.0000,0.0000,0.0000,0.0000,0.0000,0.0000,0.0000,0.0000,0.0000,0.0000,0.0000,0.0000,0.0000,0.0000,0.0000,0.0000,0.0000,0.0000,0.0000,0.0000,0.0000,0.0000,0.0000,0.0000,0.0000,0.0000,0.0000,0.0000,0.0000,0.0000,0.0000,0.0000,0.0000,0.0000,0.0000,0.0000,0.0000,0.0000,0.0000,0.0000,0.0000,0.0000,0.0000,0.0000,0.0000,0.0000,0.0000,0.0000,0.0000,0.0000,0.0000,0.0000,0.0000,0.0000,0.0000,0.0000,0.0000,0.0000,0.0000,0.0000,0.0000,0.0000,0.0000,0.0000,0.0000,0.0000,0.0000,0.0000,0.0000,0.0000,0.0000,0.0000
0.0000,0.0000,0.0000,0.0000,0.0000,0.0000,0.0000,0.0000,0.0000,0.0000,0.0000,0.0000,0.0000,0.0000,0.0000,0.0000,0.0000,0.0000,0.0000,0.0000,0.0000,0.0000,0.0000,0.0000,0.0000,0.0000,0.0000,0.0000,0.0000,0.0000,0.0000,0.0000,0.0000,0.0000,0.0000,0.0000,0.0000,0.0000,0.0000,0.0000,0.0000,0.0000,0.0000,0.0000,0.0000,0.0000,0.0000,0.0000,0.0000,0.0000,0.0000,0.0000,0.0000,0.0000,0.0000,0.0000,0.0000,0.0000,0.0000,0.0000,0.0000,0.0000,0.0000,0.0000,0.0000,0.0000,0.0000,0.0000,0.0000,0.0000,0.0000,0.0000,0.0000,0.0000,0.0000,0.0000,0.0000,0.0000,0.0000,0.0000,0.0000,0.0000,0.0000,0.0000,0.0000,0.0000,0.0000,0.0000,0.0000,0.0000,0.0000,0.0000,0.0000,0.0000,0.0000,0.0000,0.0000,0.0000,0.0000,0.0000,0.0000,0.0000,0.0000,0.0000,0.0000,0.0000,0.0000,0.0000,0.0000,0.0000,0.0000,0.0000,0.0000,0.0000,0.0000,0.0000,0.0000,0.0000,0.0000,0.0000,0.0000,0.0000,0.0000,0.0000,0.0000,0.0000,0.0000,0.0000,0.0000,0.0000,0.0000,0.0000,0.0000,0.0000,0.0000,0.0000,0.0000,0.0000,0.0000,0.0000,0.0000,0.0000,0.0000,0.0000,0.0000,0.0000,0.0000,0.0000,0.0000,0.0000,0.0000,0.0000,0.0000,0.0000,0.0000,0.0000,0.0000,0.0000,0.0000,0.0000,0.0000,0.0000,0.0000,0.0000,0.0000,0.0000,0.0000,0.0000,0.0000,0.0000,0.0000,0.0000,0.0000,0.0000,0.0000,0.0000,0.0000,0.0000,0.0000,0.0000,0.0000,0.0000,0.0000,0.0000,0.0000,0.0000,0.0000,0.0000,0.0000,0.0000,0.0000,0.0000,0.0000,0.0000,0.0000,0.0000,0.0000,0.0000,0.0000,0.0000,0.0000,0.0000,0.0000,0.0000,0.0000,0.0000,0.0000,0.0000,0.0000,0.0000,0.0000,0.0000,0.0000,0.0000,0.0000,0.0000,0.0000,0.0000,0.0000,0.0000,0.0000,0.0000,0.0000,0.0000,0.0000,0.0000,0.0000,0.0000,0.0000,0.0000,0.0000,0.0000,0.0000,0.0000,0.0000,0.0000,0.0000,0.0000,0.0000,0.0000,0.0000,0.0000,0.0000,0.0000,0.0000,0.0000,0.0000,0.0000,0.0000,0.0000,0.0000,0.0000,0.0000,0.0000,0.0000,0.0000,0.0000,0.0000,0.0000,0.0000,0.0000,0.0000,0.0000,0.0000,0.0000,0.0000,0.0000,0.0000,0.0000,0.0000,0.0000,0.0000,0.0000,0.0000,0.0000,0.0000,0.0000,0.0000,0.0000,0.0000,0.0000,0.0000,0.0000,0.0000,0.0000,0.0000,0.0000,0.0000,0.0000,0.0000,0.0000,0.0000,0.0000,0.0000,0.0000,0.0000,0.0000,0.0000,0.0000,0.0000,0.0000,0.0000,0.0000,0.0000,0.0000,0.0000,0.0000,0.0000,0.0000,0.0000,0.0000,0.0000,0.0000,0.0000,0.0000,0.0000,0.0000,0.0000,0.0000,0.0000,0.0000,0.0000,0.0000,0.0000,0.0000,0.0000,0.0000,0.0000,0.0000,0.0000,0.0000,0.0000,0.0000,0.0000,0.0000,0.0000,0.0000,0.0000,0.0000,0.0000,0.0000,0.0000,0.0000,0.0000,0.0000,0.0000,0.0000,0.0000,0.0000,0.0000,0.0000,0.0000,0.0000,0.0000,0.0000,0.0000,0.0000,0.0000,0.0000,0.0000,0.0000,0.0000,0.0000,0.0000,0.0000,0.0000,0.0000,0.0000,0.0000,0.0000,0.0000,0.0000,0.0000,0.0000,0.0000,0.0000,0.0000,0.0000,0.0000,0.0000,0.0000,0.0000,0.0000,0.0000,0.0000,0.0000,0.0000,0.0000,0.0000,0.0000,0.0000,0.0000,0.0000,0.0000,0.0000,0.0000,0.0000,0.0000,0.0000,0.0000
0.0000,0.0000,0.0000,0.0000,0.0000,0.0000,0.0000,0.0000,0.0000,0.0000,0.0000,0.0000,0.0000,0.0000,0.0000,0.0000,0.0000,0.0000,0.0000,0.0000,0.0000,0.0000,0.0000,0.0000,0.0000,0.0000,0.0000,0.0000,0.0000,0.0000,0.0000,0.0000,0.0000,0.0000,0.0000,0.0000,0.0000,0.0000,0.0000,0.0000,0.0000,0.0000,0.0000,0.0000,0.0000,0.0000,0.0000,0.0000,0.0000,0.0000,0.0000,0.0000,0.0000,0.0000,0.0000,0.0000,0.0000,0.0000,0.0000,0.0000,0.0000,0.0000,0.0000,0.0000,0.0000,0.0000,0.0000,0.0000,0.0000,0.0000,0.0000,0.0000,0.0000,0.0000,0.0000,0.0000,0.0000,0.0000,0.0000,0.0000,0.0000,0.0000,0.0000,0.0000,0.0000,0.0000,0.0000,0.0000,0.0000,0.0000,0.0000,0.0000,0.0000,0.0000,0.0000,0.0000,0.0000,0.0000,0.0000,0.0000,0.0000,0.0000,0.0000,0.0000,0.0000,0.0000,0.0000,0.0000,0.0000,0.0000,0.0000,0.0000,0.0000,0.0000,0.0000,0.0000,0.0000,0.0000,0.0000,0.0000,0.0000,0.0000,0.0000,0.0000,0.0000,0.0000,0.0000,0.0000,0.0000,0.0000,0.0000,0.0000,0.0000,0.0000,0.0000,0.0000,0.0000,0.0000,0.0000,0.0000,0.0000,0.0000,0.0000,0.0000,0.0000,0.0000,0.0000,0.0000,0.0000,0.0000,0.0000,0.0000,0.0000,0.0000,0.0000,0.0000,0.0000,0.0000,0.0000,0.0000,0.0000,0.0000,0.0000,0.0000,0.0000,0.0000,0.0000,0.0000,0.0000,0.0000,0.0000,0.0000,0.0000,0.0000,0.0000,0.0000,0.0000,0.0000,0.0000,0.0000,0.0000,0.0000,0.0000,0.0000,0.0000,0.0000,0.0000,0.0000,0.0000,0.0000,0.0000,0.0000,0.0000,0.0000,0.0000,0.0000,0.0000,0.0000,0.0000,0.0000,0.0000,0.0000,0.0000,0.0000,0.0000,0.0000,0.0000,0.0000,0.0000,0.0000,0.0000,0.0000,0.0000,0.0000,0.0000,0.0000,0.0000,0.0000,0.0000,0.0000,0.0000,0.0000,0.0000,0.0000,0.0000,0.0000,0.0000,0.0000,0.0000,0.0000,0.0000,0.0000,0.0000,0.0000,0.0000,0.0000,0.0000,0.0000,0.0000,0.0000,0.0000,0.0000,0.0000,0.0000,0.0000,0.0000,0.0000,0.0000,0.0000,0.0000,0.0000,0.0000,0.0000,0.0000,0.0000,0.0000,0.0000,0.0000,0.0000,0.0000,0.0000,0.0000,0.0000,0.0000,0.0000,0.0000,0.0000,0.0000,0.0000,0.0000,0.0000,0.0000,0.0000,0.0000,0.0000,0.0000,0.0000,0.0000,0.0000,0.0000,0.0000,0.0000,0.0000,0.0000,0.0000,0.0000,0.0000,0.0000,0.0000,0.0000,0.0000,0.0000,0.0000,0.0000,0.0000,0.0000,0.0000,0.0000,0.0000,0.0000,0.0000,0.0000,0.0000,0.0000,0.0000,0.0000,0.0000,0.0000,0.0000,0.0000,0.0000,0.0000,0.0000,0.0000,0.0000,0.0000,0.0000,0.0000,0.0000,0.0000,0.0000,0.0000,0.0000,0.0000,0.0000,0.0000,0.0000,0.0000,0.0000,0.0000,0.0000,0.0000,0.0000,0.0000,0.0000,0.0000,0.0000,0.0000,0.0000,0.0000,0.0000,0.0000,0.0000,0.0000,0.0000,0.0000,0.0000,0.0000,0.0000,0.0000,0.0000,0.0000,0.0000,0.0000,0.0000,0.0000,0.0000,0.0000,0.0000,0.0000,0.0000,0.0000,0.0000,0.0000,0.0000,0.0000,0.0000,0.0000,0.0000,0.0000,0.0000,0.0000,0.0000,0.0000,0.0000,0.0000,0.0000,0.0000,0.0000,0.0000,0.0000,0.0000,0.0000,0.0000,0.0000,0.0000,0.0000,0.0000,0.0000,0.0000,0.0000,0.0000,0.0000,0.0000,0.0000,0.0000,0.0000,0.0000,0.0000,0.0000
0.0000,0.0000,0.0000,0.0000,0.0000,0.0000,0.0000,0.0000,0.0000,0.0000,0.0000,0.0000,0.0000,0.0000,0.0000,0.0000,0.0000,0.0000,0.0000,0.0000,0.0000,0.0000,0.0000,0.0000,0.0000,0.0000,0.0000,0.0000,0.0000,0.0000,0.0000,0.0000,0.0000,0.0000,0.0000,0.0000,0.0000,0.0000,0.0000,0.0000,0.0000,0.0000,0.0000,0.0000,0.0000,0.0000,0.0000,0.0000,0.0000,0.0000,0.0000,0.0000,0.0000,0.0000,0.0000,0.0000,0.0000,0.0000,0.0000,0.0000,0.0000,0.0000,0.0000,0.0000,0.0000,0.0000,0.0000,0.0000,0.0000,0.0000,0.0000,0.0000,0.0000,0.0000,0.0000,0.0000,0.0000,0.0000,0.0000,0.0000,0.0000,0.0000,0.0000,0.0000,0.0000,0.0000,0.0000,0.0000,0.0000,0.0000,0.0000,0.0000,0.0000,0.0000,0.0000,0.0000,0.0000,0.0000,0.0000,0.0000,0.0000,0.0000,0.0000,0.0000,0.0000,0.0000,0.0000,0.0000,0.0000,0.0000,0.0000,0.0000,0.0000,0.0000,0.0000,0.0000,0.0000,0.0000,0.0000,0.0000,0.0000,0.0000,0.0000,0.0000,0.0000,0.0000,0.0000,0.0000,0.0000,0.0000,0.0000,0.0000,0.0000,0.0000,0.0000,0.0000,0.0000,0.0000,0.0000,0.0000,0.0000,0.0000,0.0000,0.0000,0.0000,0.0000,0.0000,0.0000,0.0000,0.0000,0.0000,0.0000,0.0000,0.0000,0.0000,0.0000,0.0000,0.0000,0.0000,0.0000,0.0000,0.0000,0.0000,0.0000,0.0000,0.0000,0.0000,0.0000,0.0000,0.0000,0.0000,0.0000,0.0000,0.0000,0.0000,0.0000,0.0000,0.0000,0.0000,0.0000,0.0000,0.0000,0.0000,0.0000,0.0000,0.0000,0.0000,0.0000,0.0000,0.0000,0.0000,0.0000,0.0000,0.0000,0.0000,0.0000,0.0000,0.0000,0.0000,0.0000,0.0000,0.0000,0.0000,0.0000,0.0000,0.0000,0.0000,0.0000,0.0000,0.0000,0.0000,0.0000,0.0000,0.0000,0.0000,0.0000,0.0000,0.0000,0.0000,0.0000,0.0000,0.0000,0.0000,0.0000,0.0000,0.0000,0.0000,0.0000,0.0000,0.0000,0.0000,0.0000,0.0000,0.0000,0.0000,0.0000,0.0000,0.0000,0.0000,0.0000,0.0000,0.0000,0.0000,0.0000,0.0000,0.0000,0.0000,0.0000,0.0000,0.0000,0.0000,0.0000,0.0000,0.0000,0.0000,0.0000,0.0000,0.0000,0.0000,0.0000,0.0000,0.0000,0.0000,0.0000,0.0000,0.0000,0.0000,0.0000,0.0000,0.0000,0.0000,0.0000,0.0000,0.0000,0.0000,0.0000,0.0000,0.0000,0.0000,0.0000,0.0000,0.0000,0.0000,0.0000,0.0000,0.0000,0.0000,0.0000,0.0000,0.0000,0.0000,0.0000,0.0000,0.0000,0.0000,0.0000,0.0000,0.0000,0.0000,0.0000,0.0000,0.0000,0.0000,0.0000,0.0000,0.0000,0.0000,0.0000,0.0000,0.0000,0.0000,0.0000,0.0000,0.0000,0.0000,0.0000,0.0000,0.0000,0.0000,0.0000,0.0000,0.0000,0.0000,0.0000,0.0000,0.0000,0.0000,0.0000,0.0000,0.0000,0.0000,0.0000,0.0000,0.0000,0.0000,0.0000,0.0000,0.0000,0.0000,0.0000,0.0000,0.0000,0.0000,0.0000,0.0000,0.0000,0.0000,0.0000,0.0000,0.0000,0.0000,0.0000,0.0000,0.0000,0.0000,0.0000,0.0000,0.0000,0.0000,0.0000,0.0000,0.0000,0.0000,0.0000,0.0000,0.0000,0.0000,0.0000,0.0000,0.0000,0.0000,0.0000,0.0000,0.0000,0.0000,0.0000,0.0000,0.0000,0.0000,0.0000,0.0000,0.0000,0.0000,0.0000,0.0000,0.0000,0.0000,0.0000,0.0000,0.0000,0.0000,0.0000,0.0000,0.0000,0.0000,0.0000,0.0000,0.0000,0.0000,0.0000
0.0000,0.0000,0.0000,0.0000,0.0000,0.0000,0.0000,0.0000,0.0000,0.0000,0.0000,0.0000,0.0000,0.0000,0.0000,0.0000,0.0000,0.0000,0.0000,0.0000,0.0000,0.0000,0.0000,0.0000,0.0000,0.0000,0.0000,0.0000,0.0000,0.0000,0.0000,0.0000,0.0000,0.0000,0.0000,0.0000,0.0000,0.0000,0.0000,0.0000,0.0000,0.0000,0.0000,0.0000,0.0000,0.0000,0.0000,0.0000,0.0000,0.0000,0.0000,0.0000,0.0000,0.0000,0.0000,0.0000,0.0000,0.0000,0.0000,0.0000,0.0000,0.0000,0.0000,0.0000,0.0000,0.0000,0.0000,0.0000,0.0000,0.0000,0.0000,0.0000,0.0000,0.0000,0.0000,0.0000,0.0000,0.0000,0.0000,0.0000,0.0000,0.0000,0.0000,0.0000,0.0000,0.0000,0.0000,0.0000,0.0000,0.0000,0.0000,0.0000,0.0000,0.0000,0.0000,0.0000,0.0000,0.0000,0.0000,0.0000,0.0000,0.0000,0.0000,0.0000,0.0000,0.0000,0.0000,0.0000,0.0000,0.0000,0.0000,0.0000,0.0000,0.0000,0.0000,0.0000,0.0000,0.0000,0.0000,0.0000,0.0000,0.0000,0.0000,0.0000,0.0000,0.0000,0.0000,0.0000,0.0000,0.0000,0.0000,0.0000,0.0000,0.0000,0.0000,0.0000,0.0000,0.0000,0.0000,0.0000,0.0000,0.0000,0.0000,0.0000,0.0000,0.0000,0.0000,0.0000,0.0000,0.0000,0.0000,0.0000,0.0000,0.0000,0.0000,0.0000,0.0000,0.0000,0.0000,0.0000,0.0000,0.0000,0.0000,0.0000,0.0000,0.0000,0.0000,0.0000,0.0000,0.0000,0.0000,0.0000,0.0000,0.0000,0.0000,0.0000,0.0000,0.0000,0.0000,0.0000,0.0000,0.0000,0.0000,0.0000,0.0000,0.0000,0.0000,0.0000,0.0000,0.0000,0.0000,0.0000,0.0000,0.0000,0.0000,0.0000,0.0000,0.0000,0.0000,0.0000,0.0000,0.0000,0.0000,0.0000,0.0000,0.0000,0.0000,0.0000,0.0000,0.0000,0.0000,0.0000,0.0000,0.0000,0.0000,0.0000,0.0000,0.0000,0.0000,0.0000,0.0000,0.0000,0.0000,0.0000,0.0000,0.0000,0.0000,0.0000,0.0000,0.0000,0.0000,0.0000,0.0000,0.0000,0.0000,0.0000,0.0000,0.0000,0.0000,0.0000,0.0000,0.0000,0.0000,0.0000,0.0000,0.0000,0.0000,0.0000,0.0000,0.0000,0.0000,0.0000,0.0000,0.0000,0.0000,0.0000,0.0000,0.0000,0.0000,0.0000,0.0000,0.0000,0.0000,0.0000,0.0000,0.0000,0.0000,0.0000,0.0000,0.0000,0.0000,0.0000,0.0000,0.0000,0.0000,0.0000,0.0000,0.0000,0.0000,0.0000,0.0000,0.0000,0.0000,0.0000,0.0000,0.0000,0.0000,0.0000,0.0000,0.0000,0.0000,0.0000,0.0000,0.0000,0.0000,0.0000,0.0000,0.0000,0.0000,0.0000,0.0000,0.0000,0.0000,0.0000,0.0000,0.0000,0.0000,0.0000,0.0000,0.0000,0.0000,0.0000,0.0000,0.0000,0.0000,0.0000,0.0000,0.0000,0.0000,0.0000,0.0000,0.0000,0.0000,0.0000,0.0000,0.0000,0.0000,0.0000,0.0000,0.0000,0.0000,0.0000,0.0000,0.0000,0.0000,0.0000,0.0000,0.0000,0.0000,0.0000,0.0000,0.0000,0.0000,0.0000,0.0000,0.0000,0.0000,0.0000,0.0000,0.0000,0.0000,0.0000,0.0000,0.0000,0.0000,0.0000,0.0000,0.0000,0.0000,0.0000,0.0000,0.0000,0.0000,0.0000,0.0000,0.0000,0.0000,0.0000,0.0000,0.0000,0.0000,0.0000,0.0000,0.0000,0.0000,0.0000,0.0000,0.0000,0.0000,0.0000,0.0000,0.0000,0.0000,0.0000,0.0000,0.0000,0.0000,0.0000,0.0000,0.0000,0.0000,0.0000,0.0000,0.0000,0.0000,0.0000,0.0000,0.0000,0.0000,0.0000
0.0000,0.0000,0.0000,0.0000,0.0000,0.0000,0.0000,0.0000,0.0000,0.0000,0.0000,0.0000,0.0000,0.0000,0.0000,0.0000,0.0000,0.0000,0.0000,0.0000,0.0000,0.0000,0.0000,0.0000,0.0000,0.0000,0.0000,0.0000,0.0000,0.0000,0.0000,0.0000,0.0000,0.0000,0.0000,0.0000,0.0000,0.0000,0.0000,0.0000,0.0000,0.0000,0.0000,0.0000,0.0000,0.0000,0.0000,0.0000,0.0000,0.0000,0.0000,0.0000,0.0000,0.0000,0.0000,0.0000,0.0000,0.0000,0.0000,0.0000,0.0000,0.0000,0.0000,0.0000,0.0000,0.0000,0.0000,0.0000,0.0000,0.0000,0.0000,0.0000,0.0000,0.0000,0.0000,0.0000,0.0000,0.0000,0.0000,0.0000,0.0000,0.0000,0.0000,0.0000,0.0000,0.0000,0.0000,0.0000,0.0000,0.0000,0.0000,0.0000,0.0000,0.0000,0.0000,0.0000,0.0000,0.0000,0.0000,0.0000,0.0000,0.0000,0.0000,0.0000,0.0000,0.0000,0.0000,0.0000,0.0000,0.0000,0.0000,0.0000,0.0000,0.0000,0.0000,0.0000,0.0000,0.0000,0.0000,0.0000,0.0000,0.0000,0.0000,0.0000,0.0000,0.0000,0.0000,0.0000,0.0000,0.0000,0.0000,0.0000,0.0000,0.0000,0.0000,0.0000,0.0000,0.0000,0.0000,0.0000,0.0000,0.0000,0.0000,0.0000,0.0000,0.0000,0.0000,0.0000,0.0000,0.0000,0.0000,0.0000,0.0000,0.0000,0.0000,0.0000,0.0000,0.0000,0.0000,0.0000,0.0000,0.0000,0.0000,0.0000,0.0000,0.0000,0.0000,0.0000,0.0000,0.0000,0.0000,0.0000,0.0000,0.0000,0.0000,0.0000,0.0000,0.0000,0.0000,0.0000,0.0000,0.0000,0.0000,0.0000,0.0000,0.0000,0.0000,290.1743,296.0366,287.6888,252.2476,286.9651,289.0409,296.6103,284.0142,293.8368,292.2178,281.8154,321.8407,295.5247,259.3265,289.6076,270.4746,262.1746,295.3948,256.8906,225.1895,240.5436,266.9168,237.0942,245.6122,247.3164,205.9929,0.0000,0.0000,0.0000,0.0000,0.0000,0.0000,0.0000,0.0000,0.0000,0.0000,0.0000,0.0000,0.0000,0.0000,0.0000,0.0000,0.0000,0.0000,0.0000,0.0000,0.0000,0.0000,0.0000,0.0000,0.0000,0.0000,0.0000,0.0000,0.0000,0.0000,0.0000,0.0000,0.0000,0.0000,0.0000,0.0000,0.0000,0.0000,0.0000,0.0000,0.0000,0.0000,0.0000,0.0000,0.0000,0.0000,0.0000,0.0000,0.0000,0.0000,0.0000,0.0000,0.0000,0.0000,0.0000,0.0000,0.0000,0.0000,0.0000,0.0000,0.0000,0.0000,0.0000,0.0000,0.0000,0.0000,0.0000,0.0000,0.0000,0.0000,0.0000,0.0000,0.0000,0.0000,0.0000,0.0000,0.0000,0.0000,0.0000,0.0000,0.0000,0.0000,0.0000,0.0000,0.0000,0.0000,0.0000,0.0000,0.0000,0.0000,0.0000,0.0000,0.0000,0.0000,0.0000,0.0000,0.0000,0.0000,0.0000,0.0000,0.0000,0.0000,0.0000,0.0000,0.0000,0.0000,0.0000,0.0000,0.0000,0.0000,0.0000,0.0000,0.0000,0.0000,0.0000,0.0000,0.0000,0.0000,0.0000,0.0000,0.0000,0.0000,0.0000,0.0000,0.0000,0.0000,0.0000,0.0000,0.0000,0.0000,0.0000,0.0000,0.0000,0.0000,0.0000,0.0000,0.0000,0.0000,0.0000,0.0000,0.0000,0.0000,0.0000,0.0000,0.0000,0.0000,0.0000,0.0000,0.0000,0.0000,0.0000,0.0000,0.0000,0.0000,0.0000,0.0000,0.0000,0.0000,0.0000,0.0000,0.0000,0.0000,0.0000,0.0000,0.0000,0.0000,0.0000,0.0000,0.0000,0.0000,0.0000,0.0000,0.0000,0.0000,0.0000,0.0000,0.0000,0.0000,0.0000,0.0000,0.0000,0.0000,0.0000,0.0000,0.0000,0.0000,0.0000
0.0000,0.0000,0.0000,0.0000,0.0000,0.0000,0.0000,0.0000,0.0000,0.0000,0.0000,0.0000,0.0000,0.0000,0.0000,0.0000,0.0000,0.0000,0.0000,0.0000,0.0000,0.0000,0.0000,0.0000,0.0000,0.0000,0.0000,0.0000,0.0000,0.0000,0.0000,0.0000,0.0000,0.0000,0.0000,0.0000,0.0000,0.0000,0.0000,0.0000,0.0000,0.0000,0.0000,0.0000,0.0000,0.0000,0.0000,0.0000,0.0000,0.0000,0.0000,0.0000,0.0000,0.0000,0.0000,0.0000,0.0000,0.0000,0.0000,0.0000,0.0000,0.0000,0.0000,0.0000,0.0000,0.0000,0.0000,0.0000,0.0000,0.0000,0.0000,0.0000,0.0000,0.0000,0.0000,0.0000,0.0000,0.0000,0.0000,0.0000,0.0000,0.0000,0.0000,0.0000,0.0000,0.0000,0.0000,0.0000,0.0000,0.0000,0.0000,0.0000,0.0000,0.0000,0.0000,0.0000,0.0000,0.0000,0.0000,0.0000,0.0000,0.0000,0.0000,0.0000,0.0000,0.0000,0.0000,0.0000,0.0000,0.0000,0.0000,0.0000,0.0000,0.0000,0.0000,0.0000,0.0000,0.0000,0.0000,0.0000,0.0000,0.0000,0.0000,0.0000,0.0000,0.0000,0.0000,0.0000,0.0000,0.0000,0.0000,0.0000,0.0000,0.0000,0.0000,0.0000,0.0000,0.0000,0.0000,0.0000,0.0000,0.0000,0.0000,0.0000,0.0000,0.0000,0.0000,0.0000,0.0000,0.0000,0.0000,0.0000,0.0000,0.0000,0.0000,0.0000,0.0000,0.0000,0.0000,0.0000,0.0000,0.0000,0.0000,0.0000,0.0000,0.0000,0.0000,0.0000,0.0000,0.0000,0.0000,0.0000,0.0000,0.0000,0.0000,0.0000,0.0000,449.0814,428.3486,469.6595,471.6837,459.0049,426.5876,446.0005,461.1151,438.8098,439.1678,430.9638,446.4614,478.2070,459.4027,436.6349,448.2036,433.7453,460.3050,446.9500,466.4561,464.7012,456.3352,457.6423,421.9070,461.5202,432.1952,411.2945,457.6021,408.2249,426.8016,443.5375,420.3316,394.6437,399.6032,422.2030,357.3726,430.9989,386.7855,360.5951,382.5020,392.9136,405.1494,384.7578,380.5936,340.1985,303.5989,0.0000,0.0000,0.0000,0.0000,0.0000,0.0000,0.0000,0.0000,0.0000,0.0000,0.0000,0.0000,0.0000,0.0000,0.0000,0.0000,0.0000,0.0000,0.0000,0.0000,0.0000,0.0000,0.0000,0.0000,0.0000,0.0000,0.0000,0.0000,0.0000,0.0000,0.0000,0.0000,0.0000,0.0000,0.0000,0.0000,0.0000,0.0000,0.0000,0.0000,0.0000,0.0000,0.0000,0.0000,0.0000,0.0000,0.0000,0.0000,0.0000,0.0000,0.0000,0.0000,0.0000,0.0000,0.0000,0.0000,0.0000,0.0000,0.0000,0.0000,0.0000,0.0000,0.0000,0.0000,0.0000,0.0000,0.0000,0.0000,0.0000,0.0000,0.0000,0.0000,0.0000,0.0000,0.0000,0.0000,0.0000,0.0000,0.0000,0.0000,0.0000,0.0000,0.0000,0.0000,0.0000,0.0000,0.0000,0.0000,0.0000,0.0000,0.0000,0.0000,0.0000,0.0000,0.0000,0.0000,0.0000,0.0000,0.0000,0.0000,0.0000,0.0000,0.0000,0.0000,0.0000,0.0000,0.0000,0.0000,0.0000,0.0000,0.0000,0.0000,0.0000,0.0000,0.0000,0.0000,0.0000,0.0000,0.0000,0.0000,0.0000,0.0000,0.0000,0.0000,0.0000,0.0000,0.0000,0.0000,0.0000,0.0000,0.0000,0.0000,0.0000,0.0000,0.0000,0.0000,0.0000,0.0000,0.0000,0.0000,0.0000,0.0000,0.0000,0.0000,0.0000,0.0000,0.0000,0.0000,0.0000,0.0000,0.0000,0.0000,0.0000,0.0000,0.0000,0.0000,0.0000,0.0000,0.0000,0.0000,0.0000,0.0000,0.0000,0.0000,0.0000,0.0000,0.0000,0.0000,0.0000,0.0000,0.0000,0.0000,0.0000,0.0000,0.0000,0.0000,0.0000
0.0000,0.0000,0.0000,0.0000,0.0000,0.0000,0.0000,0.0000,0.0000,0.0000,0.0000,0.0000,0.0000,0.0000,0.0000,0.0000,0.0000,0.0000,0.0000,0.0000,0.0000,0.0000,0.0000,0.0000,0.0000,0.0000,0.0000,0.0000,0.0000,0.0000,0.0000,0.0000,0.0000,0.0000,0.0000,0.0000,0.0000,0.0000,0.0000,0.0000,0.0000,0.0000,0.0000,0.0000,0.0000,0.0000,0.0000,0.0000,0.0000,0.0000,0.0000,0.0000,0.0000,0.0000,0.0000,0.0000,0.0000,0.0000,0.0000,0.0000,0.0000,0.0000,0.0000,0.0000,0.0000,0.0000,0.0000,0.0000,0.0000,0.0000,0.0000,0.0000,0.0000,0.0000,0.0000,0.0000,0.0000,0.0000,0.0000,0.0000,0.0000,0.0000,0.0000,0.0000,0.0000,0.0000,0.0000,0.0000,0.0000,0.0000,0.0000,0.0000,0.0000,0.0000,0.0000,0.0000,0.0000,0.0000,0.0000,0.0000,0.0000,0.0000,0.0000,0.0000,0.0000,0.0000,0.0000,0.0000,0.0000,0.0000,0.0000,0.0000,0.0000,0.0000,0.0000,0.0000,0.0000,0.0000,0.0000,0.0000,0.0000,0.0000,0.0000,0.0000,0.0000,0.0000,0.0000,0.0000,0.0000,0.0000,0.0000,0.0000,0.0000,0.0000,0.0000,0.0000,0.0000,0.0000,0.0000,0.0000,0.0000,0.0000,0.0000,0.0000,0.0000,0.0000,0.0000,0.0000,0.0000,0.0000,0.0000,0.0000,0.0000,0.0000,0.0000,0.0000,0.0000,0.0000,0.0000,0.0000,0.0000,0.0000,0.0000,0.0000,0.0000,0.0000,0.0000,0.0000,0.0000,0.0000,394.8269,429.5031,403.8869,399.6930,443.2345,449.2408,409.0290,416.8820,418.5667,406.1030,374.4076,424.0644,395.4760,449.0472,395.1336,393.4477,412.6672,397.5758,399.0397,406.6927,408.7820,421.2896,438.5729,399.2001,435.2741,402.7458,422.8589,374.6504,373.5381,397.8622,412.1649,409.8114,452.6542,405.3346,386.2452,399.5018,416.7385,393.8966,390.4920,382.4855,356.2804,379.6376,377.1388,402.2970,353.5508,343.0114,333.9048,333.3145,358.6630,310.1079,330.7650,339.0082,347.2079,238.9635,302.4326,296.1571,260.6118,282.1372,250.0349,282.7889,0.0000,0.0000,0.0000,0.0000,0.0000,0.0000,0.0000,0.0000,0.0000,0.0000,0.0000,0.0000,0.0000,0.0000,0.0000,0.0000,0.0000,0.0000,0.0000,0.0000,0.0000,0.0000,0.0000,0.0000,0.0000,0.0000,0.0000,0.0000,0.0000,0.0000,0.0000,0.0000,0.0000,0.0000,0.0000,0.0000,0.0000,0.0000,0.0000,0.0000,0.0000,0.0000,0.0000,0.0000,0.0000,0.0000,0.0000,0.0000,0.0000,0.0000,0.0000,0.0000,0.0000,0.0000,0.0000,0.0000,0.0000,0.0000,0.0000,0.0000,0.0000,0.0000,0.0000,0.0000,0.0000,0.0000,0.0000,0.0000,0.0000,0.0000,0.0000,0.0000,0.0000,0.0000,0.0000,0.0000,0.0000,0.0000,0.0000,0.0000,0.0000,0.0000,0.0000,0.0000,0.0000,0.0000,0.0000,0.0000,0.0000,0.0000,0.0000,0.0000,0.0000,0.0000,0.0000,0.0000,0.0000,0.0000,0.0000,0.0000,0.0000,0.0000,0.0000,0.0000,0.0000,0.0000,0.0000,0.0000,0.0000,0.0000,0.0000,0.0000,0.0000,0.0000,0.0000,0.0000,0.0000,0.0000,0.0000,0.0000,0.0000,0.0000,0.0000,0.0000,0.0000,0.0000,0.0000,0.0000,0.0000,0.0000,0.0000,0.0000,0.0000,0.0000,0.0000,0.0000,0.0000,0.0000,0.0000,0.0000,0.0000,0.0000,0.0000,0.0000,0.0000,0.0000,0.0000,0.0000,0.0000,0.0000,0.0000,0.0000,0.0000,0.0000,0.0000,0.0000,0.0000,0.0000,0.0000,0.0000,0.0000,0.0000,0.0000,0.0000,0.0000,0.0000,0.0000,0.0000,0.0000,0.0000
0.0000,0.0000,0.0000,0.0000,0.0000,0.0000,0.0000,0.0000,0.0000,0.0000,0.0000,0.0000,0.0000,0.0000,0.0000,0.0000,0.0000,0.0000,0.0000,0.0000,0.0000,0.0000,0.0000,0.0000,0.0000,0.0000,0.0000,0.0000,0.0000,0.0000,0.0000,0.0000,0.0000,0.0000,0.0000,0.0000,0.0000,0.0000,0.0000,0.0000,0.0000,0.0000,0.0000,0.0000,0.0000,0.0000,0.0000,0.0000,0.0000,0.0000,0.0000,0.0000,0.0000,0.0000,0.0000,0.0000,0.0000,0.0000,0.0000,0.0000,0.0000,0.0000,0.0000,0.0000,0.0000,0.0000,0.0000,0.0000,0.0000,0.0000,0.0000,0.0000,0.0000,0.0000,0.0000,0.0000,0.0000,0.0000,0.0000,0.0000,0.0000,0.0000,0.0000,0.0000,0.0000,0.0000,0.0000,0.0000,0.0000,0.0000,0.0000,0.0000,0.0000,0.0000,0.0000,0.0000,0.0000,0.0000,0.0000,0.0000,0.0000,0.0000,0.0000,0.0000,0.0000,0.0000,0.0000,0.0000,0.0000,0.0000,0.0000,0.0000,0.0000,0.0000,0.0000,0.0000,0.0000,0.0000,0.0000,0.0000,0.0000,0.0000,0.0000,0.0000,0.0000,0.0000,0.0000,0.0000,0.0000,0.0000,0.0000,0.0000,0.0000,0.0000,0.0000,0.0000,0.0000,0.0000,0.0000,0.0000,0.0000,0.0000,0.0000,0.0000,0.0000,0.0000,0.0000,0.0000,0.0000,0.0000,0.0000,0.0000,0.0000,0.0000,0.0000,0.0000,0.0000,0.0000,0.0000,0.0000,0.0000,0.0000,0.0000,0.0000,0.0000,408.6430,388.6605,414.7516,491.1031,428.8827,446.7306,510.8473,470.2133,447.9973,437.2176,426.0459,439.4584,478.0703,458.6680,430.1292,486.4515,444.0245,447.9445,501.5772,437.4208,441.8651,441.3734,465.6020,457.7975,439.9236,407.9376,432.6787,478.9054,409.8112,414.6402,414.1754,443.6466,436.0123,419.1757,444.3155,431.4697,436.9370,476.5602,406.7206,412.0511,423.4047,415.6305,414.8056,382.3049,431.2941,402.0262,429.9874,396.4754,413.5731,339.4682,385.6054,393.0111,371.0473,432.0913,387.0192,356.0659,346.8045,343.5706,325.6945,329.1953,302.3163,245.3724,325.6881,354.0934,289.8210,303.4985,263.9783,263.1195,284.1169,289.1508,0.0000,0.0000,0.0000,0.0000,0.0000,0.0000,0.0000,0.0000,0.0000,0.0000,0.0000,0.0000,0.0000,0.0000,0.0000,0.0000,0.0000,0.0000,0.0000,0.0000,0.0000,0.0000,0.0000,0.0000,0.0000,0.0000,0.0000,0.0000,0.0000,0.0000,0.0000,0.0000,0.0000,0.0000,0.0000,0.0000,0.0000,0.0000,0.0000,0.0000,0.0000,0.0000,0.0000,0.0000,0.0000,0.0000,0.0000,0.0000,0.0000,0.0000,0.0000,0.0000,0.0000,0.0000,0.0000,0.0000,0.0000,0.0000,0.0000,0.0000,0.0000,0.0000,0.0000,0.0000,0.0000,0.0000,0.0000,0.0000,0.0000,0.0000,0.0000,0.0000,0.0000,0.0000,0.0000,0.0000,0.0000,0.0000,0.0000,0.0000,0.0000,0.0000,0.0000,0.0000,0.0000,0.0000,0.0000,0.0000,0.0000,0.0000,0.0000,0.0000,0.0000,0.0000,0.0000,0.0000,0.0000,0.0000,0.0000,0.0000,0.0000,0.0000,0.0000,0.0000,0.0000,0.0000,0.0000,0.0000,0.0000,0.0000,0.0000,0.0000,0.0000,0.0000,0.0000,0.0000,0.0000,0.0000,0.0000,0.0000,0.0000,0.0000,0.0000,0.0000,0.0000,0.0000,0.0000,0.0000,0.0000,0.0000,0.0000,0.0000,0.0000,0.0000,0.0000,0.0000,0.0000,0.0000,0.0000,0.0000,0.0000,0.0000,0.0000,0.0000,0.0000,0.0000,0.0000,0.0000,0.0000,0.0000,0.0000,0.0000,0.0000,0.0000,0.0000,0.0000,0.0000,0.0000,0.0000,0.0000,0.0000,0.0000,0.0000,0.0000,0.0000
0.0000,0.0000,0.0000,0.0000,0.0000,0.0000,0.0000,0.0000,0.0000,0.0000,0.0000,0.0000,0.0000,0.0000,0.0000,0.0000,0.0000,0.0000,0.0000,0.0000,0.0000,0.0000,0.0000,0.0000,0.0000,0.0000,0.0000,0.0000,0.0000,0.0000,0.0000,0.0000,0.0000,0.0000,0.0000,0.0000,0.0000,0.0000,0.0000,0.0000,0.0000,0.0000,0.0000,0.0000,0.0000,0.0000,0.0000,0.0000,0.0000,0.0000,0.0000,0.0000,0.0000,0.0000,0.0000,0.0000,0.0000,0.0000,0.0000,0.0000,0.0000,0.0000,0.0000,0.0000,0.0000,0.0000,0.0000,0.0000,0.0000,0.0000,0.0000,0.0000,0.0000,0.0000,0.0000,0.0000,0.0000,0.0000,0.0000,0.0000,0.0000,0.0000,0.0000,0.0000,0.0000,0.0000,0.0000,0.0000,0.0000,0.0000,0.0000,0.0000,0.0000,0.0000,0.0000,0.0000,0.0000,0.0000,0.0000,0.0000,0.0000,0.0000,0.0000,0.0000,0.0000,0.0000,0.0000,0.0000,0.0000,0.0000,0.0000,0.0000,0.0000,0.0000,0.0000,0.0000,0.0000,0.0000,0.0000,0.0000,0.0000,0.0000,0.0000,0.0000,0.0000,0.0000,0.0000,0.0000,0.0000,0.0000,0.0000,0.0000,0.0000,0.0000,0.0000,0.0000,0.0000,0.0000,0.0000,0.0000,0.0000,0.0000,0.0000,0.0000,0.0000,0.0000,0.0000,0.0000,0.0000,0.0000,0.0000,0.0000,0.0000,0.0000,0.0000,0.0000,0.0000,0.0000,0.0000,0.0000,389.3814,381.8523,374.9768,415.2971,396.5424,385.3465,448.6417,422.0181,440.6978,483.4009,443.3127,489.9397,456.5696,454.0309,476.1491,432.4200,454.0017,449.8112,430.6648,452.0151,429.8455,430.2049,463.5636,454.6837,408.4580,483.2797,419.7176,384.4084,400.8563,397.3637,411.5793,447.8800,428.7010,469.8763,448.1641,463.5070,454.9416,433.8871,438.5871,441.8464,417.0713,434.6288,443.8873,365.4709,411.4359,395.4418,468.1716,432.1472,415.2815,421.4928,420.1772,376.8979,382.1242,363.2445,414.9654,415.7002,375.5659,383.5011,348.9604,361.6767,353.8003,357.8881,335.6864,336.4542,336.4254,314.7785,352.6220,298.1710,281.7492,287.9175,313.5720,297.3683,272.3493,247.8866,292.8080,282.9836,303.3889,285.0945,292.6782,308.2073,0.0000,0.0000,0.0000,0.0000,0.0000,0.0000,0.0000,0.0000,0.0000,0.0000,0.0000,0.0000,0.0000,0.0000,0.0000,0.0000,0.0000,0.0000,0.0000,0.0000,0.0000,0.0000,0.0000,0.0000,0.0000,0.0000,0.0000,0.0000,0.0000,0.0000,0.0000,0.0000,0.0000,0.0000,0.0000,0.0000,0.0000,0.0000,0.0000,0.0000,0.0000,0.0000,0.0000,0.0000,0.0000,0.0000,0.0000,0.0000,0.0000,0.0000,0.0000,0.0000,0.0000,0.0000,0.0000,0.0000,0.0000,0.0000,0.0000,0.0000,0.0000,0.0000,0.0000,0.0000,0.0000,0.0000,0.0000,0.0000,0.0000,0.0000,0.0000,0.0000,0.0000,0.0000,0.0000,0.0000,0.0000,0.0000,0.0000,0.0000,0.0000,0.0000,0.0000,0.0000,0.0000,0.0000,0.0000,0.0000,0.0000,0.0000,0.0000,0.0000,0.0000,0.0000,0.0000,0.0000,0.0000,0.0000,0.0000,0.0000,0.0000,0.0000,0.0000,0.0000,0.0000,0.0000,0.0000,0.0000,0.0000,0.0000,0.0000,0.0000,0.0000,0.0000,0.0000,0.0000,0.0000,0.0000,0.0000,0.0000,0.0000,0.0000,0.0000,0.0000,0.0000,0.0000,0.0000,0.0000,0.0000,0.0000,0.0000,0.0000,0.0000,0.0000,0.0000,0.0000,0.0000,0.0000,0.0000,0.0000,0.0000,0.0000,0.0000,0.0000,0.0000,0.0000,0.0000,0.0000,0.0000,0.0000,0.0000,0.0000,0.0000,0.0000,0.0000,0.0000,0.0000,0.0000,0.0000,0.0000
0.0000,0.0000,0.0000,0.0000,0.0000,0.0000,0.0000,0.0000,0.0000,0.0000,0.0000,0.0000,0.0000,0.0000,0.0000,0.0000,0.0000,0.0000,0.0000,0.0000,0.0000,0.0000,0.0000,0.0000,0.0000,0.0000,0.0000,0.0000,0.0000,0.0000,0.0000,0.0000,0.0000,0.0000,0.0000,0.0000,0.0000,0.0000,0.0000,0.0000,0.0000,0.0000,0.0000,0.0000,0.0000,0.0000,0.0000,0.0000,0.0000,0.0000,0.0000,0.0000,0.0000,0.0000,0.0000,0.0000,0.0000,0.0000,0.0000,0.0000,0.0000,0.0000,0.0000,0.0000,0.0000,0.0000,0.0000,0.0000,0.0000,0.0000,0.0000,0.0000,0.0000,0.0000,0.0000,0.0000,0.0000,0.0000,0.0000,0.0000,0.0000,0.0000,0.0000,0.0000,0.0000,0.0000,0.0000,0.0000,0.0000,0.0000,0.0000,0.0000,0.0000,0.0000,0.0000,0.0000,0.0000,0.0000,0.0000,0.0000,0.0000,0.0000,0.0000,0.0000,0.0000,0.0000,0.0000,0.0000,0.0000,0.0000,0.0000,0.0000,0.0000,0.0000,0.0000,0.0000,0.0000,0.0000,0.0000,0.0000,0.0000,0.0000,0.0000,0.0000,0.0000,0.0000,0.0000,0.0000,0.0000,0.0000,0.0000,0.0000,0.0000,0.0000,0.0000,0.0000,0.0000,0.0000,0.0000,0.0000,0.0000,0.0000,0.0000,0.0000,0.0000,0.0000,0.0000,0.0000,0.0000,0.0000,0.0000,0.0000,0.0000,0.0000,0.0000,0.0000,349.8174,382.3723,407.8796,390.6230,464.1544,447.9170,485.3244,420.4378,464.2365,424.9545,456.6300,477.8102,452.4481,452.7593,438.1459,520.1754,473.0835,483.6569,426.2840,456.4935,485.2721,504.4767,499.0707,474.0100,466.0825,470.2383,495.3258,508.4610,483.5829,485.9639,475.3062,510.9341,484.4892,452.7610,446.5459,440.0537,446.0132,435.7563,416.7990,492.0012,476.5943,443.8040,444.9492,414.3416,469.8990,475.0866,462.4685,475.1140,464.6009,435.9868,456.2057,465.7367,462.0952,432.2372,435.5356,427.5494,443.8753,389.5454,497.9590,467.8199,420.2517,414.7940,377.7289,356.9411,345.7458,378.4309,378.0456,400.4612,354.3169,407.1959,339.3345,350.4341,363.5648,334.1599,355.9637,323.5082,335.0275,333.9281,334.8406,311.6033,307.8004,285.5899,290.6496,268.0937,323.9464,324.9467,318.6985,320.3225,0.0000,0.0000,0.0000,0.0000,0.0000,0.0000,0.0000,0.0000,0.0000,0.0000,0.0000,0.0000,0.0000,0.0000,0.0000,0.0000,0.0000,0.0000,0.0000,0.0000,0.0000,0.0000,0.0000,0.0000,0.0000,0.0000,0.0000,0.0000,0.0000,0.0000,0.0000,0.0000,0.0000,0.0000,0.0000,0.0000,0.0000,0.0000,0.0000,0.0000,0.0000,0.0000,0.0000,0.0000,0.0000,0.0000,0.0000,0.0000,0.0000,0.0000,0.0000,0.0000,0.0000,0.0000,0.0000,0.0000,0.0000,0.0000,0.0000,0.0000,0.0000,0.0000,0.0000,0.0000,0.0000,0.0000,0.0000,0.0000,0.0000,0.0000,0.0000,0.0000,0.0000,0.0000,0.0000,0.0000,0.0000,0.0000,0.0000,0.0000,0.0000,0.0000,0.0000,0.0000,0.0000,0.0000,0.0000,0.0000,0.0000,0.0000,0.0000,0.0000,0.0000,0.0000,0.0000,0.0000,0.0000,0.0000,0.0000,0.0000,0.0000,0.0000,0.0000,0.0000,0.0000,0.0000,0.0000,0.0000,0.0000,0.0000,0.0000,0.0000,0.0000,0.0000,0.0000,0.0000,0.0000,0.0000,0.0000,0.0000,0.0000,0.0000,0.0000,0.0000,0.0000,0.0000,0.0000,0.0000,0.0000,0.0000,0.0000,0.0000,0.0000,0.0000,0.0000,0.0000,0.0000,0.0000,0.0000,0.0000,0.0000,0.0000,0.0000,0.0000,0.0000,0.0000,0.0000,0.0000,0.0000,0.0000,0.0000,0.0000,0.0000,0.0000,0.0000,0.0000
0.0000,0.0000,0.0000,0.0000,0.0000,0.0000,0.0000,0.0000,0.0000,0.0000,0.0000,0.0000,0.0000,0.0000,0.0000,0.0000,0.0000,0.0000,0.0000,0.0000,0.0000,0.0000,0.0000,0.0000,0.0000,0.0000,0.0000,0.0000,0.0000,0.0000,0.0000,0.0000,0.0000,0.0000,0.0000,0.0000,0.0000,0.0000,0.0000,0.0000,0.0000,0.0000,0.0000,0.0000,0.0000,0.0000,0.0000,0.0000,0.0000,0.0000,0.0000,0.0000,0.0000,0.0000,0.0000,0.0000,0.0000,0.0000,0.0000,0.0000,0.0000,0.0000,0.0000,0.0000,0.0000,0.0000,0.0000,0.0000,0.0000,0.0000,0.0000,0.0000,0.0000,0.0000,0.0000,0.0000,0.0000,0.0000,0.0000,0.0000,0.0000,0.0000,0.0000,0.0000,0.0000,0.0000,0.0000,0.0000,0.0000,0.0000,0.0000,0.0000,0.0000,0.0000,0.0000,0.0000,0.0000,0.0000,0.0000,0.0000,0.0000,0.0000,0.0000,0.0000,0.0000,0.0000,0.0000,0.0000,0.0000,0.0000,0.0000,0.0000,0.0000,0.0000,0.0000,0.0000,0.0000,0.0000,0.0000,0.0000,0.0000,0.0000,0.0000,0.0000,0.0000,0.0000,0.0000,0.0000,0.0000,0.0000,0.0000,0.0000,0.0000,0.0000,0.0000,0.0000,0.0000,0.0000,0.0000,0.0000,0.0000,0.0000,0.0000,0.0000,0.0000,0.0000,0.0000,0.0000,0.0000,0.0000,0.0000,0.0000,348.3395,422.2370,376.3795,389.5433,440.7770,462.8945,425.1790,414.0950,461.3086,474.5518,489.9669,449.8358,428.0464,460.1225,489.5968,508.4160,496.3118,469.5719,489.8473,502.9704,520.4254,532.2059,462.1773,475.4614,470.0650,489.4952,491.5130,477.9469,502.1176,501.0085,482.3483,497.3430,486.1387,483.4571,412.6634,447.3789,445.6213,426.4322,436.1893,441.5324,432.2372,469.0940,467.0303,424.0915,390.4135,422.5243,499.0499,400.9543,417.9906,475.6281,453.4932,445.9971,445.2387,437.3368,431.7235,469.8206,484.0250,464.8034,464.0407,441.7279,434.9641,486.9348,470.2748,425.4604,431.1682,434.1912,405.7642,376.6264,409.8800,386.4192,347.7302,379.9615,371.3313,433.4943,364.5201,400.0853,377.1831,371.2450,357.4224,363.4552,347.2390,329.1014,372.1066,304.6654,326.4037,345.2103,320.8335,336.6288,302.2522,328.3078,312.3854,302.1500,313.5105,268.3596,300.3389,241.2112,0.0000,0.0000,0.0000,0.0000,0.0000,0.0000,0.0000,0.0000,0.0000,0.0000,0.0000,0.0000,0.0000,0.0000,0.0000,0.0000,0.0000,0.0000,0.0000,0.0000,0.0000,0.0000,0.0000,0.0000,0.0000,0.0000,0.0000,0.0000,0.0000,0.0000,0.0000,0.0000,0.0000,0.0000,0.0000,0.0000,0.0000,0.0000,0.0000,0.0000,0.0000,0.0000,0.0000,0.0000,0.0000,0.0000,0.0000,0.0000,0.0000,0.0000,0.0000,0.0000,0.0000,0.0000,0.0000,0.0000,0.0000,0.0000,0.0000,0.0000,0.0000,0.0000,0.0000,0.0000,0.0000,0.0000,0.0000,0.0000,0.0000,0.0000,0.0000,0.0000,0.0000,0.0000,0.0000,0.0000,0.0000,0.0000,0.0000,0.0000,0.0000,0.0000,0.0000,0.0000,0.0000,0.0000,0.0000,0.0000,0.0000,0.0000,0.0000,0.0000,0.0000,0.0000,0.0000,0.0000,0.0000,0.0000,0.0000,0.0000,0.0000,0.0000,0.0000,0.0000,0.0000,0.0000,0.0000,0.0000,0.0000,0.0000,0.0000,0.0000,0.0000,0.0000,0.0000,0.0000,0.0000,0.0000,0.0000,0.0000,0.0000,0.0000,0.0000,0.0000,0.0000,0.0000,0.0000,0.0000,0.0000,0.0000,0.0000,0.0000,0.0000,0.0000,0.0000,0.0000,0.0000,0.0000,0.0000,0.0000,0.0000,0.0000,0.0000,0.0000,0.0000,0.0000,0.0000,0.0000,0.0000,0.0000,0.0000,0.0000
0.0000,0.0000,0.0000,0.0000,0.0000,0.0000,0.0000,0.0000,0.0000,0.0000,0.0000,0.0000,0.0000,0.0000,0.0000,0.0000,0.0000,0.0000,0.0000,0.0000,0.0000,0.0000,0.0000,0.0000,0.0000,0.0000,0.0000,0.0000,0.0000,0.0000,0.0000,0.0000,0.0000,0.0000,0.0000,0.0000,0.0000,0.0000,0.0000,0.0000,0.0000,0.0000,0.0000,0.0000,0.0000,0.0000,0.0000,0.0000,0.0000,0.0000,0.0000,0.0000,0.0000,0.0000,0.0000,0.0000,0.0000,0.0000,0.0000,0.0000,0.0000,0.0000,0.0000,0.0000,0.0000,0.0000,0.0000,0.0000,0.0000,0.0000,0.0000,0.0000,0.0000,0.0000,0.0000,0.0000,0.0000,0.0000,0.0000,0.0000,0.0000,0.0000,0.0000,0.0000,0.0000,0.0000,0.0000,0.0000,0.0000,0.0000,0.0000,0.0000,0.0000,0.0000,0.0000,0.0000,0.0000,0.0000,0.0000,0.0000,0.0000,0.0000,0.0000,0.0000,0.0000,0.0000,0.0000,0.0000,0.0000,0.0000,0.0000,0.0000,0.0000,0.0000,0.0000,0.0000,0.0000,0.0000,0.0000,0.0000,0.0000,0.0000,0.0000,0.0000,0.0000,0.0000,0.0000,0.0000,0.0000,0.0000,0.0000,0.0000,0.0000,0.0000,0.0000,0.0000,0.0000,0.0000,0.0000,0.0000,0.0000,0.0000,0.0000,0.0000,0.0000,0.0000,0.0000,0.0000,0.0000,366.7561,380.2732,393.0528,368.1028,420.6139,440.6723,455.8223,426.0369,431.6825,484.4276,497.8345,517.2590,494.4455,502.1031,498.3592,513.0327,483.5335,539.0576,553.1639,530.7818,527.0298,548.7969,559.8016,472.6149,520.7260,525.0239,503.7263,549.3392,480.7896,527.9958,511.4764,523.3675,530.8885,492.0107,509.4833,516.7393,488.0350,523.8249,475.0008,490.1726,442.5551,437.1784,479.1029,495.9184,480.2165,462.2556,479.9413,493.0654,455.8531,498.1889,486.3023,465.2325,471.2792,501.1859,447.8045,484.6718,493.8382,442.2742,464.5980,474.8752,464.5056,459.1671,496.7307,459.7450,455.8526,483.0027,488.1623,507.2681,425.5965,424.3901,411.2773,450.7179,449.3462,417.6089,467.2436,444.5011,436.3441,394.5280,453.1681,387.9850,441.3171,418.2773,358.6216,392.0840,385.9883,339.3579,347.6561,422.3467,365.7183,359.8074,338.8800,330.0364,350.8575,343.1462,333.2296,337.5059,306.0347,349.6732,321.0607,309.2484,264.2180,294.0570,0.0000,0.0000,0.0000,0.0000,0.0000,0.0000,0.0000,0.0000,0.0000,0.0000,0.0000,0.0000,0.0000,0.0000,0.0000,0.0000,0.0000,0.0000,0.0000,0.0000,0.0000,0.0000,0.0000,0.0000,0.0000,0.0000,0.0000,0.0000,0.0000,0.0000,0.0000,0.0000,0.0000,0.0000,0.0000,0.0000,0.0000,0.0000,0.0000,0.0000,0.0000,0.0000,0.0000,0.0000,0.0000,0.0000,0.0000,0.0000,0.0000,0.0000,0.0000,0.0000,0.0000,0.0000,0.0000,0.0000,0.0000,0.0000,0.0000,0.0000,0.0000,0.0000,0.0000,0.0000,0.0000,0.0000,0.0000,0.0000,0.0000,0.0000,0.0000,0.0000,0.0000,0.0000,0.0000,0.0000,0.0000,0.0000,0.0000,0.0000,0.0000,0.0000,0.0000,0.0000,0.0000,0.0000,0.0000,0.0000,0.0000,0.0000,0.0000,0.0000,0.0000,0.0000,0.0000,0.0000,0.0000,0.0000,0.0000,0.0000,0.0000,0.0000,0.0000,0.0000,0.0000,0.0000,0.0000,0.0000,0.0000,0.0000,0.0000,0.0000,0.0000,0.0000,0.0000,0.0000,0.0000,0.0000,0.0000,0.0000,0.0000,0.0000,0.0000,0.0000,0.0000,0.0000,0.0000,0.0000,0.0000,0.0000,0.0000,0.0000,0.0000,0.0000,0.0000,0.0000,0.0000,0.0000,0.0000,0.0000,0.0000,0.0000,0.0000,0.0000,0.0000,0.0000,0.0000,0.0000,0.0000
0.0000,0.0000,0.0000,0.0000,0.0000,0.0000,0.0000,0.0000,0.0000,0.0000,0.0000,0.0000,0.0000,0.0000,0.0000,0.0000,0.0000,0.0000,0.0000,0.0000,0.0000,0.0000,0.0000,0.0000,0.0000,0.0000,0.0000,0.0000,0.0000,0.0000,0.0000,0.0000,0.0000,0.0000,0.0000,0.0000,0.0000,0.0000,0.0000,0.0000,0.0000,0.0000,0.0000,0.0000,0.0000,0.0000,0.0000,0.0000,0.0000,0.0000,0.0000,0.0000,0.0000,0.0000,0.0000,0.0000,0.0000,0.0000,0.0000,0.0000,0.0000,0.0000,0.0000,0.0000,0.0000,0.0000,0.0000,0.0000,0.0000,0.0000,0.0000,0.0000,0.0000,0.0000,0.0000,0.0000,0.0000,0.0000,0.0000,0.0000,0.0000,0.0000,0.0000,0.0000,0.0000,0.0000,0.0000,0.0000,0.0000,0.0000,0.0000,0.0000,0.0000,0.0000,0.0000,0.0000,0.0000,0.0000,0.0000,0.0000,0.0000,0.0000,0.0000,0.0000,0.0000,0.0000,0.0000,0.0000,0.0000,0.0000,0.0000,0.0000,0.0000,0.0000,0.0000,0.0000,0.0000,0.0000,0.0000,0.0000,0.0000,0.0000,0.0000,0.0000,0.0000,0.0000,0.0000,0.0000,0.0000,0.0000,0.0000,0.0000,0.0000,0.0000,0.0000,0.0000,0.0000,0.0000,0.0000,0.0000,0.0000,0.0000,0.0000,0.0000,0.0000,0.0000,375.7979,361.3411,389.4101,390.3387,427.2339,428.6907,396.7237,392.9932,448.7513,411.9565,483.0348,473.2969,452.9850,474.2788,516.6553,518.8853,511.6618,528.0355,505.9907,535.5538,561.0068,559.2382,516.9973,527.9565,571.5513,476.6354,543.7791,522.7488,509.5293,496.2285,495.0381,540.1596,488.4444,495.4215,487.5069,511.5458,536.9118,526.3152,488.4208,450.8989,466.8497,505.6647,462.7790,473.5151,413.8923,437.1198,489.7774,467.2781,443.7959,459.6922,478.8150,488.1357,458.8622,474.4757,433.9863,465.3322,437.7775,512.2330,519.8720,484.9200,467.5142,501.0603,493.6474,498.1888,471.6136,465.6041,478.4857,505.6906,496.9699,476.9497,492.3866,469.4887,428.0574,464.4664,442.2134,454.6223,499.8715,515.7322,490.3273,418.9147,480.1048,438.7456,443.1567,418.7177,392.6059,367.6222,426.2808,440.2180,371.1749,363.1616,387.2954,389.9219,410.3434,386.7785,367.0176,427.2056,330.1992,374.1963,352.0168,349.9413,277.4607,306.7785,333.6438,257.7450,285.5112,271.1541,238.4185,244.9258,0.0000,0.0000,0.0000,0.0000,0.0000,0.0000,0.0000,0.0000,0.0000,0.0000,0.0000,0.0000,0.0000,0.0000,0.0000,0.0000,0.0000,0.0000,0.0000,0.0000,0.0000,0.0000,0.0000,0.0000,0.0000,0.0000,0.0000,0.0000,0.0000,0.0000,0.0000,0.0000,0.0000,0.0000,0.0000,0.0000,0.0000,0.0000,0.0000,0.0000,0.0000,0.0000,0.0000,0.0000,0.0000,0.0000,0.0000,0.0000,0.0000,0.0000,0.0000,0.0000,0.0000,0.0000,0.0000,0.0000,0.0000,0.0000,0.0000,0.0000,0.0000,0.0000,0.0000,0.0000,0.0000,0.0000,0.0000,0.0000,0.0000,0.0000,0.0000,0.0000,0.0000,0.0000,0.0000,0.0000,0.0000,0.0000,0.0000,0.0000,0.0000,0.0000,0.0000,0.0000,0.0000,0.0000,0.0000,0.0000,0.0000,0.0000,0.0000,0.0000,0.0000,0.0000,0.0000,0.0000,0.0000,0.0000,0.0000,0.0000,0.0000,0.0000,0.0000,0.0000,0.0000,0.0000,0.0000,0.0000,0.0000,0.0000,0.0000,0.0000,0.0000,0.0000,0.0000,0.0000,0.0000,0.0000,0.0000,0.0000,0.0000,0.0000,0.0000,0.0000,0.0000,0.0000,0.0000,0.0000,0.0000,0.0000,0.0000,0.0000,0.0000,0.0000,0.0000,0.0000,0.0000,0.0000,0.0000,0.0000,0.0000,0.0000,0.0000,0.0000,0.0000,0.0000
0.0000,0.0000,0.0000,0.0000,0.0000,0.0000,0.0000,0.0000,0.0000,0.0000,0.0000,0.0000,0.0000,0.0000,0.0000,0.0000,0.0000,0.0000,0.0000,0.0000,0.0000,0.0000,0.0000,0.0000,0.0000,0.0000,0.0000,0.0000,0.0000,0.0000,0.0000,0.0000,0.0000,0.0000,0.0000,0.0000,0.0000,0.0000,0.0000,0.0000,0.0000,0.0000,0.0000,0.0000,0.0000,0.0000,0.0000,0.0000,0.0000,0.0000,0.0000,0.0000,0.0000,0.0000,0.0000,0.0000,0.0000,0.0000,0.0000,0.0000,0.0000,0.0000,0.0000,0.0000,0.0000,0.0000,0.0000,0.0000,0.0000,0.0000,0.0000,0.0000,0.0000,0.0000,0.0000,0.0000,0.0000,0.0000,0.0000,0.0000,0.0000,0.0000,0.0000,0.0000,0.0000,0.0000,0.0000,0.0000,0.0000,0.0000,0.0000,0.0000,0.0000,0.0000,0.0000,0.0000,0.0000,0.0000,0.0000,0.0000,0.0000,0.0000,0.0000,0.0000,0.0000,0.0000,0.0000,0.0000,0.0000,0.0000,0.0000,0.0000,0.0000,0.0000,0.0000,0.0000,0.0000,0.0000,0.0000,0.0000,0.0000,0.0000,0.0000,0.0000,0.0000,0.0000,0.0000,0.0000,0.0000,0.0000,0.0000,0.0000,0.0000,0.0000,0.0000,0.0000,0.0000,0.0000,0.0000,0.0000,0.0000,0.0000,0.0000,336.3598,365.2009,375.5191,371.1234,439.9011,419.6308,450.0920,410.0054,387.9716,425.0231,452.2815,492.1017,506.0930,450.6075,484.2401,517.8452,551.3713,510.7644,503.9091,539.8745,527.3032,568.0546,514.1110,511.2270,543.0027,595.5569,537.5201,527.6881,576.8643,530.7750,544.2937,550.3440,459.4213,512.7029,503.4716,526.0950,485.0679,529.4727,510.7227,513.0219,512.1223,484.3967,520.6514,451.9066,422.2758,525.0946,496.6923,546.2934,506.2377,529.9769,555.2694,523.8790,463.3179,455.9488,480.2920,487.8481,506.1240,513.2137,468.4764,472.7970,504.8434,476.0625,469.7988,498.8866,507.6428,481.5063,502.1960,483.8992,501.0496,526.0486,537.9250,494.6775,512.1000,508.0870,520.5488,521.5054,489.0145,518.5746,512.7007,525.7770,512.8862,495.2796,524.8494,478.3616,454.9737,475.8080,466.8701,481.9967,449.5060,413.7422,461.5508,427.8254,414.4045,414.7792,384.7513,407.7058,397.7943,356.7025,392.9599,385.3624,374.7101,329.0108,377.9890,353.6172,332.6869,331.4041,303.8406,311.6612,274.8605,250.9074,295.6316,311.4775,214.8501,284.1613,0.0000,0.0000,0.0000,0.0000,0.0000,0.0000,0.0000,0.0000,0.0000,0.0000,0.0000,0.0000,0.0000,0.0000,0.0000,0.0000,0.0000,0.0000,0.0000,0.0000,0.0000,0.0000,0.0000,0.0000,0.0000,0.0000,0.0000,0.0000,0.0000,0.0000,0.0000,0.0000,0.0000,0.0000,0.0000,0.0000,0.0000,0.0000,0.0000,0.0000,0.0000,0.0000,0.0000,0.0000,0.0000,0.0000,0.0000,0.0000,0.0000,0.0000,0.0000,0.0000,0.0000,0.0000,0.0000,0.0000,0.0000,0.0000,0.0000,0.0000,0.0000,0.0000,0.0000,0.0000,0.0000,0.0000,0.0000,0.0000,0.0000,0.0000,0.0000,0.0000,0.0000,0.0000,0.0000,0.0000,0.0000,0.0000,0.0000,0.0000,0.0000,0.0000,0.0000,0.0000,0.0000,0.0000,0.0000,0.0000,0.0000,0.0000,0.0000,0.0000,0.0000,0.0000,0.0000,0.0000,0.0000,0.0000,0.0000,0.0000,0.0000,0.0000,0.0000,0.0000,0.0000,0.0000,0.0000,0.0000,0.0000,0.0000,0.0000,0.0000,0.0000,0.0000,0.0000,0.0000,0.0000,0.0000,0.0000,0.0000,0.0000,0.0000,0.0000,0.0000,0.0000,0.0000,0.0000,0.0000,0.0000,0.0000,0.0000,0.0000,0.0000,0.0000,0.0000,0.0000,0.0000,0.0000,0.0000,0.0000,0.0000,0.0000,0.0000
0.0000,0.0000,0.0000,0.0000,0.0000,0.0000,0.0000,0.0000,0.0000,0.0000,0.0000,0.0000,0.0000,0.0000,0.0000,0.0000,0.0000,0.0000,0.0000,0.0000,0.0000,0.0000,0.0000,0.0000,0.0000,0.0000,0.0000,0.0000,0.0000,0.0000,0.0000,0.0000,0.0000,0.0000,0.0000,0.0000,0.0000,0.0000,0.0000,0.0000,0.0000,0.0000,0.0000,0.0000,0.0000,0.0000,0.0000,0.0000,0.0000,0.0000,0.0000,0.0000,0.0000,0.0000,0.0000,0.0000,0.0000,0.0000,0.0000,0.0000,0.0000,0.0000,0.0000,0.0000,0.0000,0.0000,0.0000,0.0000,0.0000,0.0000,0.0000,0.0000,0.0000,0.0000,0.0000,0.0000,0.0000,0.0000,0.0000,0.0000,0.0000,0.0000,0.0000,0.0000,0.0000,0.0000,0.0000,0.0000,0.0000,0.0000,0.0000,0.0000,0.0000,0.0000,0.0000,0.0000,0.0000,0.0000,0.0000,0.0000,0.0000,0.0000,0.0000,0.0000,0.0000,0.0000,0.0000,0.0000,0.0000,0.0000,0.0000,0.0000,0.0000,0.0000,0.0000,0.0000,0.0000,0.0000,0.0000,0.0000,0.0000,0.0000,0.0000,0.0000,0.0000,0.0000,0.0000,0.0000,0.0000,0.0000,0.0000,0.0000,0.0000,0.0000,0.0000,0.0000,0.0000,0.0000,0.0000,0.0000,363.9125,359.4686,333.6497,321.7145,363.4379,349.8121,404.1677,382.6924,389.7978,444.6254,460.5458,464.5303,479.5265,477.2129,458.7960,538.8903,524.8075,484.0822,565.0956,540.0544,542.0892,585.0016,521.5919,527.2936,543.7357,593.1483,508.9003,552.5507,528.8892,561.3248,585.3568,547.0232,527.2730,495.4860,522.0949,520.7876,528.3881,470.5094,469.1579,546.7286,471.5161,508.4362,496.9346,481.2596,486.9843,498.3963,495.1571,495.7610,485.5439,475.3446,547.7908,492.4544,518.8812,441.6454,501.2396,525.1579,521.4164,485.4006,505.6580,470.1511,486.8036,495.2987,512.0560,461.1763,468.8615,441.9394,533.4106,470.9992,499.4992,537.1122,487.6457,498.8451,528.9135,507.8992,503.6200,533.9092,508.5017,549.2861,550.2643,497.5593,537.1298,542.9857,506.7899,511.1966,539.9230,534.8497,521.4120,492.0906,545.8469,483.8374,472.2431,474.1068,451.8252,470.7933,430.5481,441.1638,448.0135,425.6556,441.6624,429.7342,431.2714,394.8710,407.9447,357.5150,347.3849,384.1339,346.4491,335.9488,334.6656,253.0228,286.9218,279.7437,277.5167,251.2546,246.3564,291.1621,285.0890,240.6478,281.3090,252.7029,0.0000,0.0000,0.0000,0.0000,0.0000,0.0000,0.0000,0.0000,0.0000,0.0000,0.0000,0.0000,0.0000,0.0000,0.0000,0.0000,0.0000,0.0000,0.0000,0.0000,0.0000,0.0000,0.0000,0.0000,0.0000,0.0000,0.0000,0.0000,0.0000,0.0000,0.0000,0.0000,0.0000,0.0000,0.0000,0.0000,0.0000,0.0000,0.0000,0.0000,0.0000,0.0000,0.0000,0.0000,0.0000,0.0000,0.0000,0.0000,0.0000,0.0000,0.0000,0.0000,0.0000,0.0000,0.0000,0.0000,0.0000,0.0000,0.0000,0.0000,0.0000,0.0000,0.0000,0.0000,0.0000,0.0000,0.0000,0.0000,0.0000,0.0000,0.0000,0.0000,0.0000,0.0000,0.0000,0.0000,0.0000,0.0000,0.0000,0.0000,0.0000,0.0000,0.0000,0.0000,0.0000,0.0000,0.0000,0.0000,0.0000,0.0000,0.0000,0.0000,0.0000,0.0000,0.0000,0.0000,0.0000,0.0000,0.0000,0.0000,0.0000,0.0000,0.0000,0.0000,0.0000,0.0000,0.0000,0.0000,0.0000,0.0000,0.0000,0.0000,0.0000,0.0000,0.0000,0.0000,0.0000,0.0000,0.0000,0.0000,0.0000,0.0000,0.0000,0.0000,0.0000,0.0000,0.0000,0.0000,0.0000,0.0000,0.0000,0.0000,0.0000,0.0000,0.0000,0.0000,0.0000,0.0000,0.0000,0.0000
0.0000,0.0000,0.0000,0.0000,0.0000,0.0000,0.0000,0.0000,0.0000,0.0000,0.0000,0.0000,0.0000,0.0000,0.0000,0.0000,0.0000,0.0000,0.0000,0.0000,0.0000,0.0000,0.0000,0.0000,0.0000,0.0000,0.0000,0.0000,0.0000,0.0000,0.0000,0.0000,0.0000,0.0000,0.0000,0.0000,0.0000,0.0000,0.0000,0.0000,0.0000,0.0000,0.0000,0.0000,0.0000,0.0000,0.0000,0.0000,0.0000,0.0000,0.0000,0.0000,0.0000,0.0000,0.0000,0.0000,0.0000,0.0000,0.0000,0.0000,0.0000,0.0000,0.0000,0.0000,0.0000,0.0000,0.0000,0.0000,0.0000,0.0000,0.0000,0.0000,0.0000,0.0000,0.0000,0.0000,0.0000,0.0000,0.0000,0.0000,0.0000,0.0000,0.0000,0.0000,0.0000,0.0000,0.0000,0.0000,0.0000,0.0000,0.0000,0.0000,0.0000,0.0000,0.0000,0.0000,0.0000,0.0000,0.0000,0.0000,0.0000,0.0000,0.0000,0.0000,0.0000,0.0000,0.0000,0.0000,0.0000,0.0000,0.0000,0.0000,0.0000,0.0000,0.0000,0.0000,0.0000,0.0000,0.0000,0.0000,0.0000,0.0000,0.0000,0.0000,0.0000,0.0000,0.0000,0.0000,0.0000,0.0000,0.0000,0.0000,0.0000,0.0000,0.0000,0.0000,0.0000,368.1852,315.3137,361.6981,375.6954,418.4528,360.3976,371.0948,409.2897,430.4640,428.4384,474.7764,409.7543,420.4886,454.2095,459.3768,485.6731,502.3853,509.9951,526.4767,516.4908,554.1349,565.4689,528.3029,549.6127,579.9626,561.7894,558.1758,574.0907,602.7870,566.2735,562.1979,525.0981,588.7769,544.7986,556.0687,506.3870,541.7134,522.5118,524.9680,529.4447,556.0291,460.0588,501.0054,476.3750,466.1837,506.5201,514.9257,504.0598,505.3852,498.2015,517.3340,470.7494,477.5526,485.6115,530.4983,548.5999,550.4676,543.7899,517.7509,514.7047,515.1749,537.8639,484.1804,507.7126,497.9037,477.3319,541.7233,499.9871,515.7885,507.8589,478.1163,550.0097,540.5455,522.7866,519.8137,595.4961,607.9216,623.7134,558.0045,535.2155,545.4103,570.4979,577.0220,536.0923,544.3328,581.8760,580.8599,576.7402,503.7973,539.1865,527.6932,518.9736,479.3772,506.5465,445.9438,482.5665,517.9224,484.2864,478.6147,481.7073,437.4924,413.2388,427.2897,447.3915,415.4899,444.8683,448.2302,427.8919,392.9031,364.6876,388.5797,284.1243,324.6678,316.2117,276.6500,294.4483,289.9058,270.8593,261.8619,314.8858,241.1284,294.4174,197.6501,290.7650,257.5157,237.1064,0.0000,0.0000,0.0000,0.0000,0.0000,0.0000,0.0000,0.0000,0.0000,0.0000,0.0000,0.0000,0.0000,0.0000,0.0000,0.0000,0.0000,0.0000,0.0000,0.0000,0.0000,0.0000,0.0000,0.0000,0.0000,0.0000,0.0000,0.0000,0.0000,0.0000,0.0000,0.0000,0.0000,0.0000,0.0000,0.0000,0.0000,0.0000,0.0000,0.0000,0.0000,0.0000,0.0000,0.0000,0.0000,0.0000,0.0000,0.0000,0.0000,0.0000,0.0000,0.0000,0.0000,0.0000,0.0000,0.0000,0.0000,0.0000,0.0000,0.0000,0.0000,0.0000,0.0000,0.0000,0.0000,0.0000,0.0000,0.0000,0.0000,0.0000,0.0000,0.0000,0.0000,0.0000,0.0000,0.0000,0.0000,0.0000,0.0000,0.0000,0.0000,0.0000,0.0000,0.0000,0.0000,0.0000,0.0000,0.0000,0.0000,0.0000,0.0000,0.0000,0.0000,0.0000,0.0000,0.0000,0.0000,0.0000,0.0000,0.0000,0.0000,0.0000,0.0000,0.0000,0.0000,0.0000,0.0000,0.0000,0.0000,0.0000,0.0000,0.0000,0.0000,0.0000,0.0000,0.0000,0.0000,0.0000,0.0000,0.0000,0.0000,0.0000,0.0000,0.0000,0.0000,0.0000,0.0000,0.0000,0.0000,0.0000,0.0000,0.0000,0.0000,0.0000,0.0000,0.0000,0.0000
0.0000,0.0000,0.0000,0.0000,0.0000,0.0000,0.0000,0.0000,0.0000,0.0000,0.0000,0.0000,0.0000,0.0000,0.0000,0.0000,0.0000,0.0000,0.0000,0.0000,0.0000,0.0000,0.0000,0.0000,0.0000,0.0000,0.0000,0.0000,0.0000,0.0000,0.0000,0.0000,0.0000,0.0000,0.0000,0.0000,0.0000,0.0000,0.0000,0.0000,0.0000,0.0000,0.0000,0.0000,0.0000,0.0000,0.0000,0.0000,0.0000,0.0000,0.0000,0.0000,0.0000,0.0000,0.0000,0.0000,0.0000,0.0000,0.0000,0.0000,0.0000,0.0000,0.0000,0.0000,0.0000,0.0000,0.0000,0.0000,0.0000,0.0000,0.0000,0.0000,0.0000,0.0000,0.0000,0.0000,0.0000,0.0000,0.0000,0.0000,0.0000,0.0000,0.0000,0.0000,0.0000,0.0000,0.0000,0.0000,0.0000,0.0000,0.0000,0.0000,0.0000,0.0000,0.0000,0.0000,0.0000,0.0000,0.0000,0.0000,0.0000,0.0000,0.0000,0.0000,0.0000,0.0000,0.0000,0.0000,0.0000,0.0000,0.0000,0.0000,0.0000,0.0000,0.0000,0.0000,0.0000,0.0000,0.0000,0.0000,0.0000,0.0000,0.0000,0.0000,0.0000,0.0000,0.0000,0.0000,0.0000,0.0000,0.0000,0.0000,0.0000,0.0000,0.0000,364.0073,367.6784,390.1355,407.6365,385.9333,380.8281,412.0746,429.1750,413.3513,449.8582,521.6247,448.2801,458.6559,446.4905,471.6997,487.1820,518.5055,495.7417,587.7560,562.8354,567.6449,559.0752,532.1055,549.6996,605.4064,557.4289,551.7426,557.5687,603.7549,574.2931,607.7497,592.9244,559.9730,578.0379,587.0247,553.8267,545.5538,505.0591,583.2686,561.4709,555.3181,524.5358,491.9905,484.2805,536.7980,557.3768,526.9728,469.9681,522.2070,506.2316,493.6343,518.7291,540.8516,475.3123,535.1212,529.5259,610.4898,538.5339,519.9463,602.1788,558.8790,558.3945,531.3815,558.8602,553.0805,566.3789,560.4923,561.7344,543.3443,522.5883,558.8403,540.1800,541.5248,560.7971,548.9241,596.9483,589.8984,589.6372,635.7847,628.7081,565.4965,564.0433,545.2806,582.6718,609.5301,602.6502,581.9307,594.7809,594.2454,601.4148,590.0754,571.1600,582.1147,506.7055,572.4952,580.9656,496.1441,531.6603,540.5539,526.7888,528.9334,532.2816,521.2018,447.0218,518.3654,511.0652,475.1526,445.2785,433.8655,431.0946,403.7291,357.5703,356.9760,385.8566,352.0301,309.6786,338.7514,288.8285,308.3541,296.3043,284.1426,297.5815,278.7650,274.3187,256.2711,283.0960,260.3108,250.1750,278.8531,303.6848,0.0000,0.0000,0.0000,0.0000,0.0000,0.0000,0.0000,0.0000,0.0000,0.0000,0.0000,0.0000,0.0000,0.0000,0.0000,0.0000,0.0000,0.0000,0.0000,0.0000,0.0000,0.0000,0.0000,0.0000,0.0000,0.0000,0.0000,0.0000,0.0000,0.0000,0.0000,0.0000,0.0000,0.0000,0.0000,0.0000,0.0000,0.0000,0.0000,0.0000,0.0000,0.0000,0.0000,0.0000,0.0000,0.0000,0.0000,0.0000,0.0000,0.0000,0.0000,0.0000,0.0000,0.0000,0.0000,0.0000,0.0000,0.0000,0.0000,0.0000,0.0000,0.0000,0.0000,0.0000,0.0000,0.0000,0.0000,0.0000,0.0000,0.0000,0.0000,0.0000,0.0000,0.0000,0.0000,0.0000,0.0000,0.0000,0.0000,0.0000,0.0000,0.0000,0.0000,0.0000,0.0000,0.0000,0.0000,0.0000,0.0000,0.0000,0.0000,0.0000,0.0000,0.0000,0.0000,0.0000,0.0000,0.0000,0.0000,0.0000,0.0000,0.0000,0.0000,0.0000,0.0000,0.0000,0.0000,0.0000,0.0000,0.0000,0.0000,0.0000,0.0000,0.0000,0.0000,0.0000,0.0000,0.0000,0.0000,0.0000,0.0000,0.0000,0.0000,0.0000,0.0000,0.0000,0.0000,0.0000,0.0000,0.0000,0.0000,0.0000,0.0000,0.0000,0.0000
0.0000,0.0000,0.0000,0.0000,0.0000,0.0000,0.0000,0.0000,0.0000,0.0000,0.0000,0.0000,0.0000,0.0000,0.0000,0.0000,0.0000,0.0000,0.0000,0.0000,0.0000,0.0000,0.0000,0.0000,0.0000,0.0000,0.0000,0.0000,0.0000,0.0000,0.0000,0.0000,0.0000,0.0000,0.0000,0.0000,0.0000,0.0000,0.0000,0.0000,0.0000,0.0000,0.0000,0.0000,0.0000,0.0000,0.0000,0.0000,0.0000,0.0000,0.0000,0.0000,0.0000,0.0000,0.0000,0.0000,0.0000,0.0000,0.0000,0.0000,0.0000,0.0000,0.0000,0.0000,0.0000,0.0000,0.0000,0.0000,0.0000,0.0000,0.0000,0.0000,0.0000,0.0000,0.0000,0.0000,0.0000,0.0000,0.0000,0.0000,0.0000,0.0000,0.0000,0.0000,0.0000,0.0000,0.0000,0.0000,0.0000,0.0000,0.0000,0.0000,0.0000,0.0000,0.0000,0.0000,0.0000,0.0000,0.0000,0.0000,0.0000,0.0000,0.0000,0.0000,0.0000,0.0000,0.0000,0.0000,0.0000,0.0000,0.0000,0.0000,0.0000,0.0000,0.0000,0.0000,0.0000,0.0000,0.0000,0.0000,0.0000,0.0000,0.0000,0.0000,0.0000,0.0000,0.0000,0.0000,0.0000,0.0000,0.0000,0.0000,336.1965,291.6487,346.8716,412.9924,424.1620,410.7275,376.6244,417.3201,424.9041,481.9644,468.7975,494.0784,475.5533,474.8773,511.2081,486.9008,486.4180,521.8558,517.5706,558.6928,527.4030,558.4645,523.2900,525.8033,618.3298,562.2052,601.4030,608.5589,639.8129,647.5746,596.6072,550.0486,590.6115,617.6885,640.3954,592.3210,560.0574,561.5109,555.3215,559.8260,554.7417,529.6644,551.6556,580.9495,571.7579,532.2293,528.1121,545.4644,557.8102,539.9855,543.1571,557.4375,545.5016,559.0132,552.9503,554.4391,532.4609,529.5958,584.2956,608.1591,553.1133,576.4380,594.6074,571.9204,592.0302,601.9623,587.6065,585.7671,609.6908,581.2055,604.0599,539.7536,584.9750,571.9938,566.5816,619.6501,575.9427,582.9105,670.8250,616.3058,629.7775,635.7410,607.2436,613.7151,712.5729,632.2297,621.1584,574.3899,602.4344,638.0048,628.2111,593.4465,586.9272,569.3552,661.5091,614.2235,639.1879,606.6919,573.4424,563.7684,614.8808,526.1301,543.0895,571.4661,563.5093,535.8275,539.0302,557.5648,549.3938,510.8336,450.6620,451.1541,432.2948,401.2722,406.2299,434.7309,376.6047,369.7033,363.2064,306.5264,348.8152,302.4232,321.9065,257.5488,329.2192,285.8549,278.2421,287.4850,307.2628,307.4349,309.8440,287.0236,260.4272,293.2369,288.9139,298.4467,0.0000,0.0000,0.0000,0.0000,0.0000,0.0000,0.0000,0.0000,0.0000,0.0000,0.0000,0.0000,0.0000,0.0000,0.0000,0.0000,0.0000,0.0000,0.0000,0.0000,0.0000,0.0000,0.0000,0.0000,0.0000,0.0000,0.0000,0.0000,0.0000,0.0000,0.0000,0.0000,0.0000,0.0000,0.0000,0.0000,0.0000,0.0000,0.0000,0.0000,0.0000,0.0000,0.0000,0.0000,0.0000,0.0000,0.0000,0.0000,0.0000,0.0000,0.0000,0.0000,0.0000,0.0000,0.0000,0.0000,0.0000,0.0000,0.0000,0.0000,0.0000,0.0000,0.0000,0.0000,0.0000,0.0000,0.0000,0.0000,0.0000,0.0000,0.0000,0.0000,0.0000,0.0000,0.0000,0.0000,0.0000,0.0000,0.0000,0.0000,0.0000,0.0000,0.0000,0.0000,0.0000,0.0000,0.0000,0.0000,0.0000,0.0000,0.0000,0.0000,0.0000,0.0000,0.0000,0.0000,0.0000,0.0000,0.0000,0.0000,0.0000,0.0000,0.0000,0.0000,0.0000,0.0000,0.0000,0.0000,0.0000,0.0000,0.0000,0.0000,0.0000,0.0000,0.0000,0.0000,0.0000,0.0000,0.0000,0.0000,0.0000,0.0000,0.0000,0.0000,0.0000,0.0000,0.0000,0.0000,0.0000,0.0000,0.0000,0.0000
0.0000,0.0000,0.0000,0.0000,0.0000,0.0000,0.0000,0.0000,0.0000,0.0000,0.0000,0.0000,0.0000,0.0000,0.0000,0.0000,0.0000,0.0000,0.0000,0.0000,0.0000,0.0000,0.0000,0.0000,0.0000,0.0000,0.0000,0.0000,0.0000,0.0000,0.0000,0.0000,0.0000,0.0000,0.0000,0.0000,0.0000,0.0000,0.0000,0.0000,0.0000,0.0000,0.0000,0.0000,0.0000,0.0000,0.0000,0.0000,0.0000,0.0000,0.0000,0.0000,0.0000,0.0000,0.0000,0.0000,0.0000,0.0000,0.0000,0.0000,0.0000,0.0000,0.0000,0.0000,0.0000,0.0000,0.0000,0.0000,0.0000,0.0000,0.0000,0.0000,0.0000,0.0000,0.0000,0.0000,0.0000,0.0000,0.0000,0.0000,0.0000,0.0000,0.0000,0.0000,0.0000,0.0000,0.0000,0.0000,0.0000,0.0000,0.0000,0.0000,0.0000,0.0000,0.0000,0.0000,0.0000,0.0000,0.0000,0.0000,0.0000,0.0000,0.0000,0.0000,0.0000,0.0000,0.0000,0.0000,0.0000,0.0000,0.0000,0.0000,0.0000,0.0000,0.0000,0.0000,0.0000,0.0000,0.0000,0.0000,0.0000,0.0000,0.0000,0.0000,0.0000,0.0000,0.0000,0.0000,0.0000,0.0000,282.5675,330.7943,293.4201,333.0072,373.0933,420.5007,393.8771,423.4782,455.7950,430.4250,460.3242,517.9057,518.9695,516.9288,529.8154,472.5105,500.4548,560.7426,557.5217,541.7155,570.5554,587.5137,547.4972,595.6238,560.5035,576.9306,618.6870,632.5683,620.3907,621.8169,598.5770,605.2704,634.3930,566.6608,624.3688,580.1492,597.6559,586.5531,567.8399,572.4557,519.5826,566.6508,559.7974,581.8463,620.6953,562.1679,567.7789,572.2284,550.4310,517.2056,464.2655,507.4621,544.9616,621.2585,586.0537,573.5510,583.2703,553.1693,598.4597,547.4429,534.7502,582.9839,635.6470,607.9805,594.9897,592.9572,589.9241,627.0412,632.3177,590.4923,588.2471,615.5513,628.2417,574.3745,619.4202,580.2315,599.9456,606.5078,590.9697,568.1438,599.8303,629.4064,618.2090,649.2079,618.3693,639.1987,597.1780,604.9666,610.7087,629.1288,622.7504,616.4402,654.2799,650.6938,655.3503,635.3220,616.1307,587.8873,607.8475,603.1406,588.4032,569.3421,547.3501,591.8945,558.2336,553.9109,572.9800,543.9011,560.7177,546.4439,531.9847,477.8080,507.4304,493.2606,470.6979,440.7094,397.4795,403.8594,372.1139,363.9082,403.2981,367.2344,348.2969,344.6979,321.1238,348.9305,305.3315,309.5905,330.5881,293.0633,277.4503,327.3694,265.2705,314.7184,289.6105,308.3675,250.7118,274.7925,259.7285,232.0942,0.0000,0.0000,0.0000,0.0000,0.0000,0.0000,0.0000,0.0000,0.0000,0.0000,0.0000,0.0000,0.0000,0.0000,0.0000,0.0000,0.0000,0.0000,0.0000,0.0000,0.0000,0.0000,0.0000,0.0000,0.0000,0.0000,0.0000,0.0000,0.0000,0.0000,0.0000,0.0000,0.0000,0.0000,0.0000,0.0000,0.0000,0.0000,0.0000,0.0000,0.0000,0.0000,0.0000,0.0000,0.0000,0.0000,0.0000,0.0000,0.0000,0.0000,0.0000,0.0000,0.0000,0.0000,0.0000,0.0000,0.0000,0.0000,0.0000,0.0000,0.0000,0.0000,0.0000,0.0000,0.0000,0.0000,0.0000,0.0000,0.0000,0.0000,0.0000,0.0000,0.0000,0.0000,0.0000,0.0000,0.0000,0.0000,0.0000,0.0000,0.0000,0.0000,0.0000,0.0000,0.0000,0.0000,0.0000,0.0000,0.0000,0.0000,0.0000,0.0000,0.0000,0.0000,0.0000,0.0000,0.0000,0.0000,0.0000,0.0000,0.0000,0.0000,0.0000,0.0000,0.0000,0.0000,0.0000,0.0000,0.0000,0.0000,0.0000,0.0000,0.0000,0.0000,0.0000,0.0000,0.0000,0.0000,0.0000,0.0000,0.0000,0.0000,0.0000,0.0000,0.0000,0.0000,0.0000,0.0000,0.0000,0.0000
0.0000,0.0000,0.0000,0.0000,0.0000,0.0000,0.0000,0.0000,0.0000,0.0000,0.0000,0.0000,0.0000,0.0000,0.0000,0.0000,0.0000,0.0000,0.0000,0.0000,0.0000,0.0000,0.0000,0.0000,0.0000,0.0000,0.0000,0.0000,0.0000,0.0000,0.0000,0.0000,0.0000,0.0000,0.0000,0.0000,0.0000,0.0000,0.0000,0.0000,0.0000,0.0000,0.0000,0.0000,0.0000,0.0000,0.0000,0.0000,0.0000,0.0000,0.0000,0.0000,0.0000,0.0000,0.0000,0.0000,0.0000,0.0000,0.0000,0.0000,0.0000,0.0000,0.0000,0.0000,0.0000,0.0000,0.0000,0.0000,0.0000,0.0000,0.0000,0.0000,0.0000,0.0000,0.0000,0.0000,0.0000,0.0000,0.0000,0.0000,0.0000,0.0000,0.0000,0.0000,0.0000,0.0000,0.0000,0.0000,0.0000,0.0000,0.0000,0.0000,0.0000,0.0000,0.0000,0.0000,0.0000,0.0000,0.0000,0.0000,0.0000,0.0000,0.0000,0.0000,0.0000,0.0000,0.0000,0.0000,0.0000,0.0000,0.0000,0.0000,0.0000,0.0000,0.0000,0.0000,0.0000,0.0000,0.0000,0.0000,0.0000,0.0000,0.0000,0.0000,0.0000,0.0000,0.0000,270.6593,316.3013,374.2987,364.9247,365.3290,379.0654,430.3378,399.5420,433.4164,474.4173,442.0092,476.3264,496.3579,520.0725,503.2737,523.7449,559.1410,579.7175,603.3730,540.8248,553.7896,584.0657,595.0266,614.2169,635.6082,632.2399,649.8770,656.6830,598.6292,612.0510,619.5059,605.7665,633.0097,646.0853,610.7176,643.5513,635.0470,608.3561,585.5826,604.7770,578.1897,621.8108,580.9192,540.5479,581.8019,563.9615,580.1254,604.5823,631.7672,548.5556,563.3615,607.9186,551.5819,551.2462,585.9376,574.5397,628.0869,621.1714,605.6463,564.9564,585.9623,580.5775,611.9960,690.5781,634.0662,589.5760,593.7571,652.4449,689.2679,631.2210,634.4047,664.5999,654.4234,662.9901,617.0033,574.4709,656.5872,632.1391,646.2989,629.6439,636.3136,618.2457,668.0059,673.2496,638.7235,650.3975,597.1658,638.5608,656.1623,661.5185,643.2570,632.7278,676.1598,722.6285,676.4146,671.9935,673.3864,636.2599,657.5020,635.4176,599.0047,639.1396,621.5128,607.9995,625.2288,607.4947,636.2760,574.9609,617.8637,604.4094,549.0113,557.3593,573.4879,519.5805,494.1140,503.4973,478.0322,499.5443,478.4579,434.7898,415.1250,415.2823,404.3991,401.9940,390.0103,332.1648,319.8838,376.0351,313.1810,307.3558,326.9717,289.3134,295.1566,280.3887,332.3296,311.5984,247.8461,303.6692,291.0160,323.9926,255.7721,272.9472,272.5095,266.9842,291.7545,244.6098,0.0000,0.0000,0.0000,0.0000,0.0000,0.0000,0.0000,0.0000,0.0000,0.0000,0.0000,0.0000,0.0000,0.0000,0.0000,0.0000,0.0000,0.0000,0.0000,0.0000,0.0000,0.0000,0.0000,0.0000,0.0000,0.0000,0.0000,0.0000,0.0000,0.0000,0.0000,0.0000,0.0000,0.0000,0.0000,0.0000,0.0000,0.0000,0.0000,0.0000,0.0000,0.0000,0.0000,0.0000,0.0000,0.0000,0.0000,0.0000,0.0000,0.0000,0.0000,0.0000,0.0000,0.0000,0.0000,0.0000,0.0000,0.0000,0.0000,0.0000,0.0000,0.0000,0.0000,0.0000,0.0000,0.0000,0.0000,0.0000,0.0000,0.0000,0.0000,0.0000,0.0000,0.0000,0.0000,0.0000,0.0000,0.0000,0.0000,0.0000,0.0000,0.0000,0.0000,0.0000,0.0000,0.0000,0.0000,0.0000,0.0000,0.0000,0.0000,0.0000,0.0000,0.0000,0.0000,0.0000,0.0000,0.0000,0.0000,0.0000,0.0000,0.0000,0.0000,0.0000,0.0000,0.0000,0.0000,0.0000,0.0000,0.0000,0.0000,0.0000,0.0000,0.0000,0.0000,0.0000,0.0000,0.0000,0.0000,0.0000,0.0000,0.0000,0.0000,0.0000,0.0000,0.0000,0.0000
0.0000,0.0000,0.0000,0.0000,0.0000,0.0000,0.0000,0.0000,0.0000,0.0000,0.0000,0.0000,0.0000,0.0000,0.0000,0.0000,0.0000,0.0000,0.0000,0.0000,0.0000,0.0000,0.0000,0.0000,0.0000,0.0000,0.0000,0.0000,0.0000,0.0000,0.0000,0.0000,0.0000,0.0000,0.0000,0.0000,0.0000,0.0000,0.0000,0.0000,0.0000,0.0000,0.0000,0.0000,0.0000,0.0000,0.0000,0.0000,0.0000,0.0000,0.0000,0.0000,0.0000,0.0000,0.0000,0.0000,0.0000,0.0000,0.0000,0.0000,0.0000,0.0000,0.0000,0.0000,0.0000,0.0000,0.0000,0.0000,0.0000,0.0000,0.0000,0.0000,0.0000,0.0000,0.0000,0.0000,0.0000,0.0000,0.0000,0.0000,0.0000,0.0000,0.0000,0.0000,0.0000,0.0000,0.0000,0.0000,0.0000,0.0000,0.0000,0.0000,0.0000,0.0000,0.0000,0.0000,0.0000,0.0000,0.0000,0.0000,0.0000,0.0000,0.0000,0.0000,0.0000,0.0000,0.0000,0.0000,0.0000,0.0000,0.0000,0.0000,0.0000,0.0000,0.0000,0.0000,0.0000,0.0000,0.0000,0.0000,0.0000,0.0000,0.0000,0.0000,0.0000,260.7934,293.7667,296.6049,297.9545,362.6919,345.6718,374.8308,373.7701,381.0193,462.8300,448.8668,445.1890,441.6824,520.1287,510.9380,512.9067,541.5009,558.7829,527.6088,529.2080,561.8203,614.4447,616.0790,627.8652,605.8361,613.7748,673.3379,649.2887,606.6918,642.8624,613.8590,620.6701,610.4840,558.7844,639.0237,672.0594,608.2588,611.9387,556.2255,581.7910,582.8713,603.9119,590.0717,598.3927,566.9406,602.6476,621.8580,611.8246,575.4371,510.4861,556.1645,574.4157,515.3437,571.3770,622.7114,623.9048,587.8290,615.6480,599.5630,651.1497,619.3719,615.8777,593.6733,614.3516,664.0309,641.7620,643.6553,641.8096,649.8840,673.2425,672.9140,687.7499,717.6077,654.1175,686.0129,629.3192,644.5310,648.5882,644.4913,696.9666,652.2991,653.6212,676.5736,686.4594,681.2371,643.7921,677.2178,667.6508,626.2545,644.2299,612.8428,666.2694,686.6036,669.5900,645.8386,629.8735,695.1256,673.6251,660.9257,639.1044,626.0345,638.1144,694.8298,658.6254,658.9750,668.5633,603.0248,611.9144,645.2365,610.2282,627.7189,593.6028,588.8362,574.3007,546.1273,559.2903,541.7785,522.7174,548.8668,487.9963,457.1119,440.3553,505.3351,409.0915,368.3727,426.7383,377.8941,393.3143,411.1436,345.6086,346.5029,375.8581,348.3458,290.4853,336.8029,317.3352,303.5050,312.3931,298.5018,329.6316,338.9096,316.3829,256.1306,307.8846,265.1345,288.6285,280.3160,283.4818,273.3110,299.4769,0.0000,0.0000,0.0000,0.0000,0.0000,0.0000,0.0000,0.0000,0.0000,0.0000,0.0000,0.0000,0.0000,0.0000,0.0000,0.0000,0.0000,0.0000,0.0000,0.0000,0.0000,0.0000,0.0000,0.0000,0.0000,0.0000,0.0000,0.0000,0.0000,0.0000,0.0000,0.0000,0.0000,0.0000,0.0000,0.0000,0.0000,0.0000,0.0000,0.0000,0.0000,0.0000,0.0000,0.0000,0.0000,0.0000,0.0000,0.0000,0.0000,0.0000,0.0000,0.0000,0.0000,0.0000,0.0000,0.0000,0.0000,0.0000,0.0000,0.0000,0.0000,0.0000,0.0000,0.0000,0.0000,0.0000,0.0000,0.0000,0.0000,0.0000,0.0000,0.0000,0.0000,0.0000,0.0000,0.0000,0.0000,0.0000,0.0000,0.0000,0.0000,0.0000,0.0000,0.0000,0.0000,0.0000,0.0000,0.0000,0.0000,0.0000,0.0000,0.0000,0.0000,0.0000,0.0000,0.0000,0.0000,0.0000,0.0000,0.0000,0.0000,0.0000,0.0000,0.0000,0.0000,0.0000,0.0000,0.0000,0.0000,0.0000,0.0000,0.0000,0.0000,0.0000,0.0000,0.0000,0.0000,0.0000,0.0000,0.0000,0.0000,0.0000,0.0000,0.0000,0.0000
0.0000,0.0000,0.0000,0.0000,0.0000,0.0000,0.0000,0.0000,0.0000,0.0000,0.0000,0.0000,0.0000,0.0000,0.0000,0.0000,0.0000,0.0000,0.0000,0.0000,0.0000,0.0000,0.0000,0.0000,0.0000,0.0000,0.0000,0.0000,0.0000,0.0000,0.0000,0.0000,0.0000,0.0000,0.0000,0.0000,0.0000,0.0000,0.0000,0.0000,0.0000,0.0000,0.0000,0.0000,0.0000,0.0000,0.0000,0.0000,0.0000,0.0000,0.0000,0.0000,0.0000,0.0000,0.0000,0.0000,0.0000,0.0000,0.0000,0.0000,0.0000,0.0000,0.0000,0.0000,0.0000,0.0000,0.0000,0.0000,0.0000,0.0000,0.0000,0.0000,0.0000,0.0000,0.0000,0.0000,0.0000,0.0000,0.0000,0.0000,0.0000,0.0000,0.0000,0.0000,0.0000,0.0000,0.0000,0.0000,0.0000,0.0000,0.0000,0.0000,0.0000,0.0000,0.0000,0.0000,0.0000,0.0000,0.0000,0.0000,0.0000,0.0000,0.0000,0.0000,0.0000,0.0000,0.0000,0.0000,0.0000,0.0000,0.0000,0.0000,0.0000,0.0000,0.0000,0.0000,0.0000,0.0000,0.0000,0.0000,0.0000,0.0000,0.0000,305.1326,304.8700,306.1217,319.8578,356.6931,341.7365,344.4413,352.6527,352.2291,401.9524,462.8879,465.9245,518.7799,504.9859,549.4456,555.9484,565.2581,560.6218,557.9467,594.9314,589.2659,575.3706,635.3276,634.3538,652.1147,646.4121,643.6525,632.5214,597.7447,643.0383,659.6409,700.1495,665.9503,678.9929,624.8040,596.2979,610.8974,610.7848,602.7672,555.7005,640.6607,611.8408,633.8874,588.4211,574.4597,563.6794,542.6078,586.1918,548.8939,595.9120,586.1658,570.4589,584.5771,609.0220,570.4868,632.5486,636.2599,623.4014,626.8229,634.8600,649.3627,639.5706,637.1908,650.1487,700.9988,655.7659,637.3934,625.9555,688.9963,693.5267,749.4462,726.1207,720.0224,702.5410,734.1406,711.3548,718.5796,679.1245,669.0029,712.2347,740.8505,733.2204,713.2185,669.3793,676.4091,667.5405,714.8391,702.7045,678.3190,669.7050,643.4616,661.0073,681.5473,678.0349,676.0411,654.2140,662.4503,648.8499,681.6098,685.5654,689.6488,675.8612,655.7586,627.2635,663.8750,624.7929,666.1723,634.6465,633.4425,633.7120,598.4752,600.5897,649.9008,600.3975,592.3315,621.6968,575.2521,562.0624,551.2438,526.3547,501.3205,506.6258,483.1003,431.3102,411.7281,444.5601,424.2512,356.6601,383.9516,397.6229,409.4352,396.4777,345.2202,337.6716,309.7118,321.2079,327.5366,300.4157,312.8638,299.7764,326.0467,309.8055,315.4459,290.7403,310.8279,266.7309,272.4602,294.3329,273.3796,294.1677,375.1523,335.0539,326.9237,332.9845,0.0000,0.0000,0.0000,0.0000,0.0000,0.0000,0.0000,0.0000,0.0000,0.0000,0.0000,0.0000,0.0000,0.0000,0.0000,0.0000,0.0000,0.0000,0.0000,0.0000,0.0000,0.0000,0.0000,0.0000,0.0000,0.0000,0.0000,0.0000,0.0000,0.0000,0.0000,0.0000,0.0000,0.0000,0.0000,0.0000,0.0000,0.0000,0.0000,0.0000,0.0000,0.0000,0.0000,0.0000,0.0000,0.0000,0.0000,0.0000,0.0000,0.0000,0.0000,0.0000,0.0000,0.0000,0.0000,0.0000,0.0000,0.0000,0.0000,0.0000,0.0000,0.0000,0.0000,0.0000,0.0000,0.0000,0.0000,0.0000,0.0000,0.0000,0.0000,0.0000,0.0000,0.0000,0.0000,0.0000,0.0000,0.0000,0.0000,0.0000,0.0000,0.0000,0.0000,0.0000,0.0000,0.0000,0.0000,0.0000,0.0000,0.0000,0.0000,0.0000,0.0000,0.0000,0.0000,0.0000,0.0000,0.0000,0.0000,0.0000,0.0000,0.0000,0.0000,0.0000,0.0000,0.0000,0.0000,0.0000,0.0000,0.0000,0.0000,0.0000,0.0000,0.0000,0.0000,0.0000,0.0000,0.0000,0.0000,0.0000,0.0000,0.0000,0.0000
0.0000,0.0000,0.0000,0.0000,0.0000,0.0000,0.0000,0.0000,0.0000,0.0000,0.0000,0.0000,0.0000,0.0000,0.0000,0.0000,0.0000,0.0000,0.0000,0.0000,0.0000,0.0000,0.0000,0.0000,0.0000,0.0000,0.0000,0.0000,0.0000,0.0000,0.0000,0.0000,0.0000,0.0000,0.0000,0.0000,0.0000,0.0000,0.0000,0.0000,0.0000,0.0000,0.0000,0.0000,0.0000,0.0000,0.0000,0.0000,0.0000,0.0000,0.0000,0.0000,0.0000,0.0000,0.0000,0.0000,0.0000,0.0000,0.0000,0.0000,0.0000,0.0000,0.0000,0.0000,0.0000,0.0000,0.0000,0.0000,0.0000,0.0000,0.0000,0.0000,0.0000,0.0000,0.0000,0.0000,0.0000,0.0000,0.0000,0.0000,0.0000,0.0000,0.0000,0.0000,0.0000,0.0000,0.0000,0.0000,0.0000,0.0000,0.0000,0.0000,0.0000,0.0000,0.0000,0.0000,0.0000,0.0000,0.0000,0.0000,0.0000,0.0000,0.0000,0.0000,0.0000,0.0000,0.0000,0.0000,0.0000,0.0000,0.0000,0.0000,0.0000,0.0000,0.0000,0.0000,0.0000,0.0000,0.0000,0.0000,0.0000,299.2200,269.3919,303.1484,326.4594,363.5602,345.5607,377.5537,396.5124,330.2119,396.2920,403.1931,453.2889,486.6274,550.5765,547.7640,568.1531,624.2681,560.9416,601.4241,589.2853,611.8359,623.8325,619.5209,654.0145,657.6531,624.3916,641.6947,628.2333,618.8494,628.2731,647.1620,612.7827,655.2015,696.6504,700.8275,689.4370,607.4769,595.6913,625.1447,639.9828,600.4772,579.6586,585.6168,649.4348,636.2816,592.8260,590.7416,522.3152,578.2946,561.1279,631.6580,595.5586,590.3577,616.0544,551.5626,604.5971,595.8903,617.6495,643.5359,689.0745,671.2101,663.5856,641.2435,650.8828,704.5964,659.8934,684.7245,687.5278,709.0005,716.7025,777.2424,719.3177,703.1149,779.9769,773.5406,808.7626,744.1053,795.7655,829.1273,768.1094,743.9319,776.7764,707.9410,726.9490,718.5120,710.8849,664.5665,682.9888,668.8406,718.0912,651.0147,643.2472,662.4594,648.7350,653.4200,624.8075,650.3177,685.9084,718.2375,682.7024,730.7643,674.6783,687.5919,680.1722,639.4012,631.4002,677.4810,675.4844,681.6074,600.2430,666.8552,624.9744,588.6550,573.2307,633.3210,621.3666,588.1744,579.3571,531.4454,591.2360,556.0206,584.2501,528.5289,527.3204,521.2234,485.8080,450.1130,457.2408,440.5406,392.1876,439.0460,402.1343,406.6758,405.0843,395.1436,367.5256,370.5944,361.2901,368.9584,386.4449,338.1725,323.6184,296.7326,328.2876,323.3395,321.2766,315.1199,278.3260,329.3727,317.9075,318.4276,284.6663,309.2599,303.5105,344.3978,346.2093,335.8997,308.0041,0.0000,0.0000,0.0000,0.0000,0.0000,0.0000,0.0000,0.0000,0.0000,0.0000,0.0000,0.0000,0.0000,0.0000,0.0000,0.0000,0.0000,0.0000,0.0000,0.0000,0.0000,0.0000,0.0000,0.0000,0.0000,0.0000,0.0000,0.0000,0.0000,0.0000,0.0000,0.0000,0.0000,0.0000,0.0000,0.0000,0.0000,0.0000,0.0000,0.0000,0.0000,0.0000,0.0000,0.0000,0.0000,0.0000,0.0000,0.0000,0.0000,0.0000,0.0000,0.0000,0.0000,0.0000,0.0000,0.0000,0.0000,0.0000,0.0000,0.0000,0.0000,0.0000,0.0000,0.0000,0.0000,0.0000,0.0000,0.0000,0.0000,0.0000,0.0000,0.0000,0.0000,0.0000,0.0000,0.0000,0.0000,0.0000,0.0000,0.0000,0.0000,0.0000,0.0000,0.0000,0.0000,0.0000,0.0000,0.0000,0.0000,0.0000,0.0000,0.0000,0.0000,0.0000,0.0000,0.0000,0.0000,0.0000,0.0000,0.0000,0.0000,0.0000,0.0000,0.0000,0.0000,0.0000,0.0000,0.0000,0.0000,0.0000,0.0000,0.0000,0.0000,0.0000,0.0000,0.0000,0.0000,0.0000,0.0000,0.0000,0.0000
0.0000,0.0000,0.0000,0.0000,0.0000,0.0000,0.0000,0.0000,0.0000,0.0000,0.0000,0.0000,0.0000,0.0000,0.0000,0.0000,0.0000,0.0000,0.0000,0.0000,0.0000,0.0000,0.0000,0.0000,0.0000,0.0000,0.0000,0.0000,0.0000,0.0000,0.0000,0.0000,0.0000,0.0000,0.0000,0.0000,0.0000,0.0000,0.0000,0.0000,0.0000,0.0000,0.0000,0.0000,0.0000,0.0000,0.0000,0.0000,0.0000,0.0000,0.0000,0.0000,0.0000,0.0000,0.0000,0.0000,0.0000,0.0000,0.0000,0.0000,0.0000,0.0000,0.0000,0.0000,0.0000,0.0000,0.0000,0.0000,0.0000,0.0000,0.0000,0.0000,0.0000,0.0000,0.0000,0.0000,0.0000,0.0000,0.0000,0.0000,0.0000,0.0000,0.0000,0.0000,0.0000,0.0000,0.0000,0.0000,0.0000,0.0000,0.0000,0.0000,0.0000,0.0000,0.0000,0.0000,0.0000,0.0000,0.0000,0.0000,0.0000,0.0000,0.0000,0.0000,0.0000,0.0000,0.0000,0.0000,0.0000,0.0000,0.0000,0.0000,0.0000,0.0000,0.0000,0.0000,0.0000,0.0000,0.0000,298.5604,268.9239,297.5404,307.4537,305.1570,358.3327,348.6537,363.2108,403.8920,379.9607,399.2216,458.9363,506.5743,488.8813,569.1962,524.7659,613.5106,627.3270,631.1950,646.2249,668.2094,705.2050,693.6888,673.5279,704.8154,662.4618,670.0791,683.4028,722.9559,650.7887,689.2762,713.7990,676.3042,701.7111,664.2466,689.3383,684.3775,636.5595,636.5391,645.6835,634.7561,588.5508,648.4784,614.3978,592.2903,654.1480,571.8262,616.2536,602.0490,588.6183,559.2876,588.0426,568.3588,657.7277,629.1137,575.2511,619.2239,635.2571,661.2094,707.4464,697.6510,683.2251,721.4408,732.0873,718.1472,671.6246,716.1866,786.6920,722.1330,818.3581,792.7905,758.6729,813.3627,786.8596,825.6580,777.1261,794.3965,801.9480,875.8094,828.4638,791.2539,788.2136,766.9609,808.2068,763.9504,749.5518,753.3873,780.0311,805.0295,791.5613,697.0975,698.3237,700.1193,721.4254,686.4211,690.1285,683.5536,711.4628,673.7023,722.6132,704.5883,636.3399,678.0737,708.7583,675.6558,689.2356,627.1085,666.1659,649.9650,672.4229,589.9246,591.2009,666.3265,652.1328,669.8076,650.4046,651.8268,611.7517,620.8130,599.6215,591.3522,577.8455,516.5155,589.5232,560.1911,538.4005,522.0220,508.7728,476.9290,464.7959,436.0963,452.2541,396.5895,374.0078,410.4745,418.1868,357.6345,356.1671,374.2362,369.2776,380.0940,364.6086,373.7981,307.2433,367.9205,350.1914,307.0294,343.3839,370.6590,314.2469,316.0355,271.8307,241.6346,308.5269,354.5107,303.5689,359.3734,334.9975,322.9774,337.1806,315.2641,303.0591,0.0000,0.0000,0.0000,0.0000,0.0000,0.0000,0.0000,0.0000,0.0000,0.0000,0.0000,0.0000,0.0000,0.0000,0.0000,0.0000,0.0000,0.0000,0.0000,0.0000,0.0000,0.0000,0.0000,0.0000,0.0000,0.0000,0.0000,0.0000,0.0000,0.0000,0.0000,0.0000,0.0000,0.0000,0.0000,0.0000,0.0000,0.0000,0.0000,0.0000,0.0000,0.0000,0.0000,0.0000,0.0000,0.0000,0.0000,0.0000,0.0000,0.0000,0.0000,0.0000,0.0000,0.0000,0.0000,0.0000,0.0000,0.0000,0.0000,0.0000,0.0000,0.0000,0.0000,0.0000,0.0000,0.0000,0.0000,0.0000,0.0000,0.0000,0.0000,0.0000,0.0000,0.0000,0.0000,0.0000,0.0000,0.0000,0.0000,0.0000,0.0000,0.0000,0.0000,0.0000,0.0000,0.0000,0.0000,0.0000,0.0000,0.0000,0.0000,0.0000,0.0000,0.0000,0.0000,0.0000,0.0000,0.0000,0.0000,0.0000,0.0000,0.0000,0.0000,0.0000,0.0000,0.0000,0.0000,0.0000,0.0000,0.0000,0.0000,0.0000,0.0000,0.0000,0.0000,0.0000,0.0000,0.0000,0.0000
0.0000,0.0000,0.0000,0.0000,0.0000,0.0000,0.0000,0.0000,0.0000,0.0000,0.0000,0.0000,0.0000,0.0000,0.0000,0.0000,0.0000,0.0000,0.0000,0.0000,0.0000,0.0000,0.0000,0.0000,0.0000,0.0000,0.0000,0.0000,0.0000,0.0000,0.0000,0.0000,0.0000,0.0000,0.0000,0.0000,0.0000,0.0000,0.0000,0.0000,0.0000,0.0000,0.0000,0.0000,0.0000,0.0000,0.0000,0.0000,0.0000,0.0000,0.0000,0.0000,0.0000,0.0000,0.0000,0.0000,0.0000,0.0000,0.0000,0.0000,0.0000,0.0000,0.0000,0.0000,0.0000,0.0000,0.0000,0.0000,0.0000,0.0000,0.0000,0.0000,0.0000,0.0000,0.0000,0.0000,0.0000,0.0000,0.0000,0.0000,0.0000,0.0000,0.0000,0.0000,0.0000,0.0000,0.0000,0.0000,0.0000,0.0000,0.0000,0.0000,0.0000,0.0000,0.0000,0.0000,0.0000,0.0000,0.0000,0.0000,0.0000,0.0000,0.0000,0.0000,0.0000,0.0000,0.0000,0.0000,0.0000,0.0000,0.0000,0.0000,0.0000,0.0000,0.0000,0.0000,0.0000,306.5318,311.3372,343.9019,306.9009,279.5669,376.3129,392.3617,357.1938,359.7196,421.3426,462.1427,453.6262,458.5752,492.6226,534.0801,561.0986,589.9816,601.5561,665.4675,679.7986,692.1880,748.9218,741.9069,691.4041,671.8887,681.1426,737.6412,745.9537,744.2737,752.8265,731.3806,736.5911,719.5483,689.4217,638.7428,678.6251,680.6422,698.9030,661.8873,604.6531,613.1737,702.0814,634.0583,615.6257,581.9821,597.2083,593.6867,626.5262,603.6663,629.7983,641.6026,621.2695,638.2449,618.4855,626.0826,594.3807,648.1567,637.4577,623.1972,666.2614,691.0304,723.5077,704.7666,776.1268,725.0786,742.1849,731.2422,744.1771,740.4521,809.9566,756.8066,821.9395,815.9833,822.0366,848.7426,797.5818,876.8991,868.5619,865.5480,871.8622,828.3966,855.8928,806.9950,824.2096,780.8577,766.8782,833.1066,866.6401,761.9285,779.7438,728.5421,765.7779,806.6821,762.3072,692.4824,753.0546,732.5211,708.3582,715.0505,687.0273,692.4632,718.4877,721.8898,689.1868,657.1359,700.4407,629.8903,674.4366,678.1042,646.7131,594.3713,617.8691,638.5864,647.7891,661.2028,603.2192,640.9218,687.2115,602.1512,602.6426,564.5881,590.7423,610.3571,589.6758,555.6859,619.6326,536.8282,546.0524,541.8607,533.8127,481.1978,447.7414,507.2529,489.3466,433.2339,455.2400,392.8570,434.3388,393.3904,361.9485,348.4563,396.0718,341.8025,305.5212,375.2706,355.2761,370.7048,359.2030,370.7974,375.4096,331.6106,324.7578,356.8914,343.9688,294.5963,365.8283,378.4743,300.1528,357.5785,367.7615,370.8108,388.3643,371.2193,372.7968,375.9912,352.4337,0.0000,0.0000,0.0000,0.0000,0.0000,0.0000,0.0000,0.0000,0.0000,0.0000,0.0000,0.0000,0.0000,0.0000,0.0000,0.0000,0.0000,0.0000,0.0000,0.0000,0.0000,0.0000,0.0000,0.0000,0.0000,0.0000,0.0000,0.0000,0.0000,0.0000,0.0000,0.0000,0.0000,0.0000,0.0000,0.0000,0.0000,0.0000,0.0000,0.0000,0.0000,0.0000,0.0000,0.0000,0.0000,0.0000,0.0000,0.0000,0.0000,0.0000,0.0000,0.0000,0.0000,0.0000,0.0000,0.0000,0.0000,0.0000,0.0000,0.0000,0.0000,0.0000,0.0000,0.0000,0.0000,0.0000,0.0000,0.0000,0.0000,0.0000,0.0000,0.0000,0.0000,0.0000,0.0000,0.0000,0.0000,0.0000,0.0000,0.0000,0.0000,0.0000,0.0000,0.0000,0.0000,0.0000,0.0000,0.0000,0.0000,0.0000,0.0000,0.0000,0.0000,0.0000,0.0000,0.0000,0.0000,0.0000,0.0000,0.0000,0.0000,0.0000,0.0000,0.0000,0.0000,0.0000,0.0000,0.0000,0.0000,0.0000,0.0000,0.0000,0.0000,0.0000,0.0000,0.0000,0.0000
0.0000,0.0000,0.0000,0.0000,0.0000,0.0000,0.0000,0.0000,0.0000,0.0000,0.0000,0.0000,0.0000,0.0000,0.0000,0.0000,0.0000,0.0000,0.0000,0.0000,0.0000,0.0000,0.0000,0.0000,0.0000,0.0000,0.0000,0.0000,0.0000,0.0000,0.0000,0.0000,0.0000,0.0000,0.0000,0.0000,0.0000,0.0000,0.0000,0.0000,0.0000,0.0000,0.0000,0.0000,0.0000,0.0000,0.0000,0.0000,0.0000,0.0000,0.0000,0.0000,0.0000,0.0000,0.0000,0.0000,0.0000,0.0000,0.0000,0.0000,0.0000,0.0000,0.0000,0.0000,0.0000,0.0000,0.0000,0.0000,0.0000,0.0000,0.0000,0.0000,0.0000,0.0000,0.0000,0.0000,0.0000,0.0000,0.0000,0.0000,0.0000,0.0000,0.0000,0.0000,0.0000,0.0000,0.0000,0.0000,0.0000,0.0000,0.0000,0.0000,0.0000,0.0000,0.0000,0.0000,0.0000,0.0000,0.0000,0.0000,0.0000,0.0000,0.0000,0.0000,0.0000,0.0000,0.0000,0.0000,0.0000,0.0000,0.0000,0.0000,0.0000,0.0000,0.0000,291.7173,260.5575,306.3873,322.0038,301.0654,353.4712,369.0482,319.2841,421.4875,470.2744,451.8204,492.5561,508.8828,511.0023,544.4804,549.1888,569.1589,641.7106,662.8231,657.4456,747.2274,702.0971,680.1990,696.7477,720.5053,757.6924,772.2477,751.8361,822.3686,786.0486,787.3393,798.5503,790.2814,726.4256,775.0944,742.3194,747.8544,721.0988,673.5100,696.0481,642.1673,626.1816,653.4039,664.7028,675.2550,653.3412,609.6027,745.3065,659.3083,692.8439,652.0999,645.8953,641.1810,658.7332,633.0917,680.8148,648.8267,672.3577,685.2828,707.2805,704.6202,728.3826,752.7810,747.2284,783.2960,776.8278,791.7618,798.7966,743.0970,779.2631,817.6467,862.6352,833.2588,849.9204,884.0393,892.2847,941.3152,906.4144,885.5160,954.4760,906.2486,911.8734,869.1525,832.3773,855.8549,855.6684,837.1346,849.2562,847.1202,831.2839,789.7094,816.0540,774.0997,768.2382,760.9883,794.1761,761.5176,772.7624,757.3290,779.3041,750.8433,739.4735,687.2920,707.2426,750.7607,708.4102,738.5521,722.7090,701.8320,666.5242,752.9925,723.5628,690.2162,651.3839,607.6893,646.4534,649.2425,654.9870,648.5383,632.4418,631.1575,650.2615,615.9400,572.8353,609.0533,627.5513,643.2226,614.5658,583.1907,549.3174,542.1813,569.5342,528.4440,517.7769,488.2468,491.2939,525.4045,474.8681,442.6565,414.8975,452.6017,424.4645,384.5363,420.0854,347.0335,373.4216,395.1418,368.9780,372.5443,397.7213,361.8894,368.0561,390.8972,369.1512,421.4684,343.3982,347.5675,373.4116,379.9772,379.5798,354.8526,361.9818,347.6148,373.2832,346.0040,362.1603,405.6475,391.4171,366.9133,370.9320,0.0000,0.0000,0.0000,0.0000,0.0000,0.0000,0.0000,0.0000,0.0000,0.0000,0.0000,0.0000,0.0000,0.0000,0.0000,0.0000,0.0000,0.0000,0.0000,0.0000,0.0000,0.0000,0.0000,0.0000,0.0000,0.0000,0.0000,0.0000,0.0000,0.0000,0.0000,0.0000,0.0000,0.0000,0.0000,0.0000,0.0000,0.0000,0.0000,0.0000,0.0000,0.0000,0.0000,0.0000,0.0000,0.0000,0.0000,0.0000,0.0000,0.0000,0.0000,0.0000,0.0000,0.0000,0.0000,0.0000,0.0000,0.0000,0.0000,0.0000,0.0000,0.0000,0.0000,0.0000,0.0000,0.0000,0.0000,0.0000,0.0000,0.0000,0.0000,0.0000,0.0000,0.0000,0.0000,0.0000,0.0000,0.0000,0.0000,0.0000,0.0000,0.0000,0.0000,0.0000,0.0000,0.0000,0.0000,0.0000,0.0000,0.0000,0.0000,0.0000,0.0000,0.0000,0.0000,0.0000,0.0000,0.0000,0.0000,0.0000,0.0000,0.0000,0.0000,0.0000,0.0000,0.0000,0.0000,0.0000,0.0000,0.0000,0.0000,0.0000,0.0000,0.0000,0.0000
0.0000,0.0000,0.0000,0.0000,0.0000,0.0000,0.0000,0.0000,0.0000,0.0000,0.0000,0.0000,0.0000,0.0000,0.0000,0.0000,0.0000,0.0000,0.0000,0.0000,0.0000,0.0000,0.0000,0.0000,0.0000,0.0000,0.0000,0.0000,0.0000,0.0000,0.0000,0.0000,0.0000,0.0000,0.0000,0.0000,0.0000,0.0000,0.0000,0.0000,0.0000,0.0000,0.0000,0.0000,0.0000,0.0000,0.0000,0.0000,0.0000,0.0000,0.0000,0.0000,0.0000,0.0000,0.0000,0.0000,0.0000,0.0000,0.0000,0.0000,0.0000,0.0000,0.0000,0.0000,0.0000,0.0000,0.0000,0.0000,0.0000,0.0000,0.0000,0.0000,0.0000,0.0000,0.0000,0.0000,0.0000,0.0000,0.0000,0.0000,0.0000,0.0000,0.0000,0.0000,0.0000,0.0000,0.0000,0.0000,0.0000,0.0000,0.0000,0.0000,0.0000,0.0000,0.0000,0.0000,0.0000,0.0000,0.0000,0.0000,0.0000,0.0000,0.0000,0.0000,0.0000,0.0000,0.0000,0.0000,0.0000,0.0000,0.0000,0.0000,0.0000,243.9227,297.6838,292.5933,336.9915,351.5780,307.8204,352.8875,360.0058,431.3512,437.0885,427.8221,427.6519,479.2951,551.7657,534.6945,550.4383,587.3201,596.8358,625.4564,673.1109,658.8714,672.9531,692.1192,704.4167,721.1675,725.2429,718.0654,757.4626,788.1980,775.9125,758.2849,778.0026,780.4302,808.3960,794.3969,863.7215,798.9341,734.1105,767.8152,687.1640,652.3936,635.8677,563.3281,636.3920,658.0215,622.2696,699.4147,631.9263,661.9091,752.7158,693.7413,655.7948,660.9015,638.0903,635.9885,681.8574,637.6464,678.3312,718.7442,699.8657,716.4730,643.2674,717.5550,748.0327,799.1352,812.8795,808.8062,800.7603,820.2905,812.3066,786.6126,785.0782,797.8378,871.5591,854.0733,916.2946,937.4045,954.0280,935.4011,941.0981,904.9089,899.7019,909.5553,882.1259,907.5876,899.1404,865.9717,851.2350,855.6044,812.9374,794.3464,805.4150,798.9498,854.0155,803.7443,813.2365,737.7621,762.3591,792.1395,777.8869,809.3379,801.3347,752.0225,799.6892,721.8246,745.7787,689.0281,713.6986,668.2166,749.9431,670.2499,692.1668,673.3890,644.5364,663.6254,654.4720,699.2917,580.7388,658.2761,617.3004,636.1837,699.6633,596.1784,639.8070,599.1491,593.9665,566.9153,613.9662,577.6932,568.9449,598.2354,574.5232,614.7305,615.8022,538.5962,520.4266,532.9571,478.2294,503.0156,469.7292,434.5434,474.9773,422.2365,420.5724,415.3078,374.4245,385.6525,398.7010,374.8004,382.1217,375.7470,369.2523,367.9927,354.4386,373.1971,372.6872,339.2693,334.1546,348.7125,395.8396,418.8699,414.8806,409.3821,361.3422,378.7038,388.4644,403.2314,397.1544,389.0587,383.3447,381.8320,368.4036,362.2308,325.6880,0.0000,0.0000,0.0000,0.0000,0.0000,0.0000,0.0000,0.0000,0.0000,0.0000,0.0000,0.0000,0.0000,0.0000,0.0000,0.0000,0.0000,0.0000,0.0000,0.0000,0.0000,0.0000,0.0000,0.0000,0.0000,0.0000,0.0000,0.0000,0.0000,0.0000,0.0000,0.0000,0.0000,0.0000,0.0000,0.0000,0.0000,0.0000,0.0000,0.0000,0.0000,0.0000,0.0000,0.0000,0.0000,0.0000,0.0000,0.0000,0.0000,0.0000,0.0000,0.0000,0.0000,0.0000,0.0000,0.0000,0.0000,0.0000,0.0000,0.0000,0.0000,0.0000,0.0000,0.0000,0.0000,0.0000,0.0000,0.0000,0.0000,0.0000,0.0000,0.0000,0.0000,0.0000,0.0000,0.0000,0.0000,0.0000,0.0000,0.0000,0.0000,0.0000,0.0000,0.0000,0.0000,0.0000,0.0000,0.0000,0.0000,0.0000,0.0000,0.0000,0.0000,0.0000,0.0000,0.0000,0.0000,0.0000,0.0000,0.0000,0.0000,0.0000,0.0000,0.0000,0.0000,0.0000,0.0000,0.0000,0.0000,0.0000,0.0000,0.0000,0.0000
0.0000,0.0000,0.0000,0.0000,0.0000,0.0000,0.0000,0.0000,0.0000,0.0000,0.0000,0.0000,0.0000,0.0000,0.0000,0.0000,0.0000,0.0000,0.0000,0.0000,0.0000,0.0000,0.0000,0.0000,0.0000,0.0000,0.0000,0.0000,0.0000,0.0000,0.0000,0.0000,0.0000,0.0000,0.0000,0.0000,0.0000,0.0000,0.0000,0.0000,0.0000,0.0000,0.0000,0.0000,0.0000,0.0000,0.0000,0.0000,0.0000,0.0000,0.0000,0.0000,0.0000,0.0000,0.0000,0.0000,0.0000,0.0000,0.0000,0.0000,0.0000,0.0000,0.0000,0.0000,0.0000,0.0000,0.0000,0.0000,0.0000,0.0000,0.0000,0.0000,0.0000,0.0000,0.0000,0.0000,0.0000,0.0000,0.0000,0.0000,0.0000,0.0000,0.0000,0.0000,0.0000,0.0000,0.0000,0.0000,0.0000,0.0000,0.0000,0.0000,0.0000,0.0000,0.0000,0.0000,0.0000,0.0000,0.0000,0.0000,0.0000,0.0000,0.0000,0.0000,0.0000,0.0000,0.0000,0.0000,0.0000,0.0000,0.0000,0.0000,257.2314,265.8576,367.6774,331.0837,338.3133,352.2596,337.2996,410.4584,402.4575,467.1407,459.4292,521.3539,537.1203,553.0999,546.8619,580.6504,581.5121,636.8146,629.8019,619.3594,646.6182,685.2032,688.5769,745.7584,735.2559,725.3315,774.3747,750.8257,825.1125,767.0547,777.8529,793.5432,782.2504,806.1730,799.1100,812.4254,843.3179,758.6647,758.4893,762.1527,711.0960,692.1308,698.5402,624.0938,642.2238,623.5132,642.3247,670.0963,647.6205,635.6265,664.8383,673.9780,698.9957,684.5638,663.8126,659.9586,697.5460,741.0253,730.2737,703.1827,724.5837,715.7930,786.7843,806.2799,864.8208,828.3345,847.3593,825.8458,808.1998,817.5577,777.3127,855.5873,864.5948,862.7563,940.9181,947.7017,960.7358,986.3191,1015.9594,939.0370,958.3940,976.3976,978.9355,966.4022,932.4920,898.2601,858.4487,865.1098,874.0693,850.3707,851.9741,849.8407,835.8646,877.0834,826.6304,789.5575,826.8955,767.5344,834.4308,837.7507,815.6046,849.3037,854.6362,854.3455,846.8809,820.7179,784.6534,751.4312,736.7191,758.5707,689.6573,698.5740,717.7439,754.3602,668.6970,664.6691,666.4673,643.6154,701.0361,710.0546,698.4377,694.6194,640.0537,684.3658,646.6553,591.7553,613.0330,642.9849,634.6469,631.4802,648.5578,617.0044,628.1090,570.8304,553.6745,558.0339,539.5165,535.9505,510.3691,533.5302,464.2638,467.5598,468.5488,436.2956,427.8262,424.6286,398.2693,444.8394,426.1173,435.3330,414.9183,436.0564,394.8770,421.4198,386.5042,433.9476,422.6683,367.8696,459.2802,395.4751,453.5977,378.8229,429.9126,428.7675,433.6982,446.7851,391.6159,393.1000,443.5560,433.1013,384.6414,386.0146,423.3226,383.8315,417.0858,397.9788,0.0000,0.0000,0.0000,0.0000,0.0000,0.0000,0.0000,0.0000,0.0000,0.0000,0.0000,0.0000,0.0000,0.0000,0.0000,0.0000,0.0000,0.0000,0.0000,0.0000,0.0000,0.0000,0.0000,0.0000,0.0000,0.0000,0.0000,0.0000,0.0000,0.0000,0.0000,0.0000,0.0000,0.0000,0.0000,0.0000,0.0000,0.0000,0.0000,0.0000,0.0000,0.0000,0.0000,0.0000,0.0000,0.0000,0.0000,0.0000,0.0000,0.0000,0.0000,0.0000,0.0000,0.0000,0.0000,0.0000,0.0000,0.0000,0.0000,0.0000,0.0000,0.0000,0.0000,0.0000,0.0000,0.0000,0.0000,0.0000,0.0000,0.0000,0.0000,0.0000,0.0000,0.0000,0.0000,0.0000,0.0000,0.0000,0.0000,0.0000,0.0000,0.0000,0.0000,0.0000,0.0000,0.0000,0.0000,0.0000,0.0000,0.0000,0.0000,0.0000,0.0000,0.0000,0.0000,0.0000,0.0000,0.0000,0.0000,0.0000,0.0000,0.0000,0.0000,0.0000,0.0000,0.0000,0.0000,0.0000,0.0000,0.0000,0.0000,0.0000
0.0000,0.0000,0.0000,0.0000,0.0000,0.0000,0.0000,0.0000,0.0000,0.0000,0.0000,0.0000,0.0000,0.0000,0.0000,0.0000,0.0000,0.0000,0.0000,0.0000,0.0000,0.0000,0.0000,0.0000,0.0000,0.0000,0.0000,0.0000,0.0000,0.0000,0.0000,0.0000,0.0000,0.0000,0.0000,0.0000,0.0000,0.0000,0.0000,0.0000,0.0000,0.0000,0.0000,0.0000,0.0000,0.0000,0.0000,0.0000,0.0000,0.0000,0.0000,0.0000,0.0000,0.0000,0.0000,0.0000,0.0000,0.0000,0.0000,0.0000,0.0000,0.0000,0.0000,0.0000,0.0000,0.0000,0.0000,0.0000,0.0000,0.0000,0.0000,0.0000,0.0000,0.0000,0.0000,0.0000,0.0000,0.0000,0.0000,0.0000,0.0000,0.0000,0.0000,0.0000,0.0000,0.0000,0.0000,0.0000,0.0000,0.0000,0.0000,0.0000,0.0000,0.0000,0.0000,0.0000,0.0000,0.0000,0.0000,0.0000,0.0000,0.0000,0.0000,0.0000,0.0000,0.0000,0.0000,0.0000,0.0000,0.0000,253.2756,267.2148,312.4623,333.6129,381.7708,387.4721,382.2447,389.0443,416.3023,434.4215,490.4669,505.1473,498.8841,546.0168,536.1990,601.6476,582.2328,657.2240,614.8968,641.6448,666.0708,680.4535,687.9949,720.7174,758.1324,779.1058,793.5875,737.8302,743.2640,820.8909,818.6876,832.2594,862.9278,815.8547,804.0261,834.3094,789.1523,755.8478,798.4896,771.9391,797.6777,764.6295,727.3600,699.0684,700.3297,689.2704,702.5274,702.7952,692.8485,634.5882,649.6238,716.4953,718.6694,694.3609,723.5878,724.6239,752.3554,704.6190,701.6841,761.9505,779.2097,801.2825,832.6127,826.5515,843.5428,849.7910,864.4413,904.7842,880.7518,810.9708,851.9191,851.1546,815.4630,859.2181,876.2808,919.7091,952.7499,989.9492,967.8939,981.0179,980.8087,1076.2542,960.0844,1013.8466,918.6374,956.4153,918.1319,886.6586,881.4217,904.0291,854.4795,918.7413,830.1469,839.1490,840.0798,851.2957,853.3113,849.2932,844.4330,829.7963,882.5742,878.4754,872.6675,885.9153,846.5660,834.8762,870.3249,834.3847,765.8082,726.3685,783.0672,783.7995,765.7345,795.6408,705.1687,699.9285,738.6495,668.4218,717.0286,686.3917,713.0370,712.1642,752.6993,686.8672,682.4426,653.1857,656.2527,680.7570,683.5445,608.3873,650.2135,654.3779,641.4167,643.9399,619.7682,644.2488,604.7872,604.1171,587.3904,535.4746,541.2596,522.5482,511.3412,466.2354,458.8269,430.4066,483.5316,449.5237,393.3943,458.0480,462.3177,447.8969,429.1581,422.9354,440.6172,417.3693,465.1761,468.4062,445.8524,435.2098,448.9613,447.9722,458.4092,436.2572,435.4218,473.1232,453.1792,460.8350,410.3190,422.7658,400.5593,366.0517,433.6422,428.2546,422.6779,424.3474,411.4092,402.5536,380.8453,399.3271,0.0000,0.0000,0.0000,0.0000,0.0000,0.0000,0.0000,0.0000,0.0000,0.0000,0.0000,0.0000,0.0000,0.0000,0.0000,0.0000,0.0000,0.0000,0.0000,0.0000,0.0000,0.0000,0.0000,0.0000,0.0000,0.0000,0.0000,0.0000,0.0000,0.0000,0.0000,0.0000,0.0000,0.0000,0.0000,0.0000,0.0000,0.0000,0.0000,0.0000,0.0000,0.0000,0.0000,0.0000,0.0000,0.0000,0.0000,0.0000,0.0000,0.0000,0.0000,0.0000,0.0000,0.0000,0.0000,0.0000,0.0000,0.0000,0.0000,0.0000,0.0000,0.0000,0.0000,0.0000,0.0000,0.0000,0.0000,0.0000,0.0000,0.0000,0.0000,0.0000,0.0000,0.0000,0.0000,0.0000,0.0000,0.0000,0.0000,0.0000,0.0000,0.0000,0.0000,0.0000,0.0000,0.0000,0.0000,0.0000,0.0000,0.0000,0.0000,0.0000,0.0000,0.0000,0.0000,0.0000,0.0000,0.0000,0.0000,0.0000,0.0000,0.0000,0.0000,0.0000,0.0000,0.0000,0.0000,0.0000,0.0000,0.0000
0.0000,0.0000,0.0000,0.0000,0.0000,0.0000,0.0000,0.0000,0.0000,0.0000,0.0000,0.0000,0.0000,0.0000,0.0000,0.0000,0.0000,0.0000,0.0000,0.0000,0.0000,0.0000,0.0000,0.0000,0.0000,0.0000,0.0000,0.0000,0.0000,0.0000,0.0000,0.0000,0.0000,0.0000,0.0000,0.0000,0.0000,0.0000,0.0000,0.0000,0.0000,0.0000,0.0000,0.0000,0.0000,0.0000,0.0000,0.0000,0.0000,0.0000,0.0000,0.0000,0.0000,0.0000,0.0000,0.0000,0.0000,0.0000,0.0000,0.0000,0.0000,0.0000,0.0000,0.0000,0.0000,0.0000,0.0000,0.0000,0.0000,0.0000,0.0000,0.0000,0.0000,0.0000,0.0000,0.0000,0.0000,0.0000,0.0000,0.0000,0.0000,0.0000,0.0000,0.0000,0.0000,0.0000,0.0000,0.0000,0.0000,0.0000,0.0000,0.0000,0.0000,0.0000,0.0000,0.0000,0.0000,0.0000,0.0000,0.0000,0.0000,0.0000,0.0000,0.0000,0.0000,0.0000,0.0000,0.0000,295.5834,268.4458,332.0372,334.2677,368.3122,390.5935,402.3955,345.7325,393.7594,403.7216,424.2312,528.0402,507.3828,580.3655,559.3466,547.4120,541.8643,594.2616,620.2047,701.1892,690.2704,670.9338,710.9982,718.2517,700.9452,808.5778,715.0587,791.0012,783.2709,768.4621,843.6579,840.0754,825.6897,806.0046,794.2908,824.3146,847.5760,747.0660,782.8297,754.3884,809.1962,739.4857,747.5680,713.1794,736.1429,709.4058,712.0439,705.3047,712.4651,734.8992,723.0213,677.5294,710.4355,732.9728,733.7640,786.0288,768.2905,793.7176,731.2287,750.7817,810.2744,820.7153,819.6693,833.0126,870.9247,856.1373,859.7480,858.0941,887.9395,939.9159,947.6375,954.2185,857.8957,841.9723,857.5905,888.5545,956.0270,944.8591,964.9254,1006.8081,1026.0524,1012.8779,1032.2479,1033.0642,1003.2642,1011.2097,964.8129,954.9637,983.2221,921.9886,924.0945,971.0683,864.7021,911.9136,887.0026,834.9189,868.1410,862.9147,884.6731,870.7624,899.4991,901.0078,858.4799,881.0097,858.6172,936.3542,947.1108,941.0144,907.4596,895.6415,891.2639,803.1402,807.7203,784.0270,768.7751,830.0223,758.5048,744.1437,814.5403,712.4478,817.4385,750.4070,705.2577,718.2028,717.3499,716.0928,703.0275,713.5868,687.3498,705.5477,723.3108,692.7947,662.0859,686.8530,671.7712,652.6464,675.2598,689.9959,596.4832,607.5702,623.7381,591.3078,612.5043,496.7384,515.6616,567.3655,457.9065,477.5411,451.5861,477.7021,473.3361,487.4012,491.9118,457.1045,476.7453,499.1310,491.6525,507.2220,480.7441,440.5991,466.8372,487.4992,488.7300,488.1180,472.3086,488.8313,507.1908,479.1719,498.7958,476.1370,455.6933,473.6502,474.4121,442.2812,452.7932,431.9470,416.1408,418.1498,430.4768,390.2783,419.0751,426.3336,376.8836,388.3760,0.0000,0.0000,0.0000,0.0000,0.0000,0.0000,0.0000,0.0000,0.0000,0.0000,0.0000,0.0000,0.0000,0.0000,0.0000,0.0000,0.0000,0.0000,0.0000,0.0000,0.0000,0.0000,0.0000,0.0000,0.0000,0.0000,0.0000,0.0000,0.0000,0.0000,0.0000,0.0000,0.0000,0.0000,0.0000,0.0000,0.0000,0.0000,0.0000,0.0000,0.0000,0.0000,0.0000,0.0000,0.0000,0.0000,0.0000,0.0000,0.0000,0.0000,0.0000,0.0000,0.0000,0.0000,0.0000,0.0000,0.0000,0.0000,0.0000,0.0000,0.0000,0.0000,0.0000,0.0000,0.0000,0.0000,0.0000,0.0000,0.0000,0.0000,0.0000,0.0000,0.0000,0.0000,0.0000,0.0000,0.0000,0.0000,0.0000,0.0000,0.0000,0.0000,0.0000,0.0000,0.0000,0.0000,0.0000,0.0000,0.0000,0.0000,0.0000,0.0000,0.0000,0.0000,0.0000,0.0000,0.0000,0.0000,0.0000,0.0000,0.0000,0.0000,0.0000,0.0000,0.0000,0.0000,0.0000,0.0000
0.0000,0.0000,0.0000,0.0000,0.0000,0.0000,0.0000,0.0000,0.0000,0.0000,0.0000,0.0000,0.0000,0.0000,0.0000,0.0000,0.0000,0.0000,0.0000,0.0000,0.0000,0.0000,0.0000,0.0000,0.0000,0.0000,0.0000,0.0000,0.0000,0.0000,0.0000,0.0000,0.0000,0.0000,0.0000,0.0000,0.0000,0.0000,0.0000,0.0000,0.0000,0.0000,0.0000,0.0000,0.0000,0.0000,0.0000,0.0000,0.0000,0.0000,0.0000,0.0000,0.0000,0.0000,0.0000,0.0000,0.0000,0.0000,0.0000,0.0000,0.0000,0.0000,0.0000,0.0000,0.0000,0.0000,0.0000,0.0000,0.0000,0.0000,0.0000,0.0000,0.0000,0.0000,0.0000,0.0000,0.0000,0.0000,0.0000,0.0000,0.0000,0.0000,0.0000,0.0000,0.0000,0.0000,0.0000,0.0000,0.0000,0.0000,0.0000,0.0000,0.0000,0.0000,0.0000,0.0000,0.0000,0.0000,0.0000,0.0000,0.0000,0.0000,0.0000,0.0000,0.0000,0.0000,0.0000,317.3551,327.6811,380.2063,333.7283,367.9064,358.8148,389.0935,420.0922,425.1891,448.6480,458.6082,512.2512,586.3143,584.8145,596.0246,632.3983,640.7844,654.8898,612.8875,626.6962,662.3015,692.6732,702.0596,768.5739,715.8248,751.5264,810.1516,778.2404,810.3173,859.9989,827.4365,818.5885,882.0528,830.9380,805.4238,803.9022,839.5010,828.9742,817.3477,779.2628,788.2332,756.0318,779.0435,673.0200,715.2985,697.2922,693.2679,767.1282,735.6658,737.3080,767.6019,723.3523,748.8261,737.4452,737.8977,724.1508,786.8553,828.4697,778.3224,799.2964,764.5420,832.2723,852.5861,820.8134,813.3895,882.8063,875.1752,942.6909,943.5533,949.5535,954.2820,909.1921,914.2588,900.9350,887.1967,916.9460,913.1734,933.7028,998.3091,1003.1034,993.5045,1021.3922,1019.4954,1034.3044,1061.5259,1009.7499,981.4813,1038.3973,986.4071,947.8403,933.0602,881.1807,867.7313,932.3751,869.6691,904.4048,901.9017,892.7701,951.7961,909.7666,865.2241,872.6364,922.2201,892.5438,936.3293,925.1898,917.6689,983.4937,1073.5912,948.7186,928.7037,896.7418,839.0922,858.2977,840.0830,862.4633,812.4110,772.8583,813.7945,862.6866,804.7043,810.8882,818.7321,833.4403,782.6242,715.7543,752.8824,749.7689,777.7890,762.8885,698.9998,680.9692,710.1492,672.7490,739.2571,724.3062,667.5182,652.1501,709.5947,648.5494,597.8672,614.4066,582.6380,598.5240,602.6772,537.5015,490.4331,512.6418,507.0044,514.5794,510.2393,488.6388,468.6152,544.7001,527.9565,510.5705,548.7506,531.5262,526.5334,520.4979,490.8657,502.8061,527.6625,528.0918,542.5144,513.9778,543.8771,500.5924,509.0175,474.7715,507.2333,450.6943,444.5756,488.5985,449.7708,426.4725,434.8884,431.0052,415.1330,399.2365,452.1739,422.4380,432.1660,467.1588,421.6692,458.4133,0.0000,0.0000,0.0000,0.0000,0.0000,0.0000,0.0000,0.0000,0.0000,0.0000,0.0000,0.0000,0.0000,0.0000,0.0000,0.0000,0.0000,0.0000,0.0000,0.0000,0.0000,0.0000,0.0000,0.0000,0.0000,0.0000,0.0000,0.0000,0.0000,0.0000,0.0000,0.0000,0.0000,0.0000,0.0000,0.0000,0.0000,0.0000,0.0000,0.0000,0.0000,0.0000,0.0000,0.0000,0.0000,0.0000,0.0000,0.0000,0.0000,0.0000,0.0000,0.0000,0.0000,0.0000,0.0000,0.0000,0.0000,0.0000,0.0000,0.0000,0.0000,0.0000,0.0000,0.0000,0.0000,0.0000,0.0000,0.0000,0.0000,0.0000,0.0000,0.0000,0.0000,0.0000,0.0000,0.0000,0.0000,0.0000,0.0000,0.0000,0.0000,0.0000,0.0000,0.0000,0.0000,0.0000,0.0000,0.0000,0.0000,0.0000,0.0000,0.0000,0.0000,0.0000,0.0000,0.0000,0.0000,0.0000,0.0000,0.0000,0.0000,0.0000,0.0000,0.0000,0.0000,0.0000,0.0000
0.0000,0.0000,0.0000,0.0000,0.0000,0.0000,0.0000,0.0000,0.0000,0.0000,0.0000,0.0000,0.0000,0.0000,0.0000,0.0000,0.0000,0.0000,0.0000,0.0000,0.0000,0.0000,0.0000,0.0000,0.0000,0.0000,0.0000,0.0000,0.0000,0.0000,0.0000,0.0000,0.0000,0.0000,0.0000,0.0000,0.0000,0.0000,0.0000,0.0000,0.0000,0.0000,0.0000,0.0000,0.0000,0.0000,0.0000,0.0000,0.0000,0.0000,0.0000,0.0000,0.0000,0.0000,0.0000,0.0000,0.0000,0.0000,0.0000,0.0000,0.0000,0.0000,0.0000,0.0000,0.0000,0.0000,0.0000,0.0000,0.0000,0.0000,0.0000,0.0000,0.0000,0.0000,0.0000,0.0000,0.0000,0.0000,0.0000,0.0000,0.0000,0.0000,0.0000,0.0000,0.0000,0.0000,0.0000,0.0000,0.0000,0.0000,0.0000,0.0000,0.0000,0.0000,0.0000,0.0000,0.0000,0.0000,0.0000,0.0000,0.0000,0.0000,0.0000,0.0000,0.0000,262.8847,315.7873,323.9845,348.0533,334.4140,379.6715,370.2988,414.3381,380.3739,421.5112,497.9275,505.6811,540.8703,573.0609,572.5856,597.0169,631.4071,645.9396,602.9404,660.1438,648.5714,675.9638,758.2935,717.4084,754.0947,808.3160,800.8559,843.5947,821.2878,841.2086,866.8901,869.1240,851.0028,868.6589,872.6259,924.2380,819.9984,865.5940,817.2017,823.6925,799.0375,769.3812,748.1562,755.0977,721.8535,687.1410,730.2973,720.1310,711.3787,688.7699,740.9064,757.0811,791.6189,770.4044,765.3674,753.3663,811.6318,815.7876,784.5905,826.2870,781.9486,863.7305,891.6954,848.5254,898.7919,913.9786,889.4796,908.8364,984.4854,952.4320,967.9354,1010.3234,955.2585,992.8563,867.0963,905.1290,972.3408,971.7903,947.1551,958.0770,977.7825,980.5516,1008.9352,1022.8878,1022.6061,1002.8926,1012.3760,1027.3934,1008.2391,976.1089,898.1250,960.2388,954.1454,919.6237,914.5502,903.0703,891.3315,925.5975,881.8812,854.8279,896.3840,883.5066,863.5128,960.9883,919.8758,966.8840,982.5115,993.1309,1000.3834,987.2347,974.0165,969.2380,957.5937,927.4559,902.8535,894.5314,911.5651,859.6541,831.6740,848.6591,852.9175,840.1622,879.1478,860.2917,834.2163,873.0345,808.3113,783.1458,790.8723,737.8370,728.9045,742.2194,778.0420,827.2830,755.7043,696.5560,743.9106,723.4110,685.9202,675.4020,648.8295,612.7200,663.5057,649.1469,639.6465,624.2192,609.8944,575.8346,574.2440,559.4166,520.0481,485.1373,580.4113,524.7038,515.1041,525.1580,570.7711,523.5884,516.1849,537.0859,548.1183,558.7491,504.7477,569.5300,563.8710,512.3523,555.0112,518.7814,553.6155,522.0720,482.5377,487.9888,512.9571,471.9401,489.8610,471.2110,474.3928,422.3290,424.4478,469.9842,426.9968,449.2010,487.5721,436.7235,454.7766,405.6965,428.0487,447.7072,423.8814,429.5057,0.0000,0.0000,0.0000,0.0000,0.0000,0.0000,0.0000,0.0000,0.0000,0.0000,0.0000,0.0000,0.0000,0.0000,0.0000,0.0000,0.0000,0.0000,0.0000,0.0000,0.0000,0.0000,0.0000,0.0000,0.0000,0.0000,0.0000,0.0000,0.0000,0.0000,0.0000,0.0000,0.0000,0.0000,0.0000,0.0000,0.0000,0.0000,0.0000,0.0000,0.0000,0.0000,0.0000,0.0000,0.0000,0.0000,0.0000,0.0000,0.0000,0.0000,0.0000,0.0000,0.0000,0.0000,0.0000,0.0000,0.0000,0.0000,0.0000,0.0000,0.0000,0.0000,0.0000,0.0000,0.0000,0.0000,0.0000,0.0000,0.0000,0.0000,0.0000,0.0000,0.0000,0.0000,0.0000,0.0000,0.0000,0.0000,0.0000,0.0000,0.0000,0.0000,0.0000,0.0000,0.0000,0.0000,0.0000,0.0000,0.0000,0.0000,0.0000,0.0000,0.0000,0.0000,0.0000,0.0000,0.0000,0.0000,0.0000,0.0000,0.0000,0.0000,0.0000,0.0000,0.0000
0.0000,0.0000,0.0000,0.0000,0.0000,0.0000,0.0000,0.0000,0.0000,0.0000,0.0000,0.0000,0.0000,0.0000,0.0000,0.0000,0.0000,0.0000,0.0000,0.0000,0.0000,0.0000,0.0000,0.0000,0.0000,0.0000,0.0000,0.0000,0.0000,0.0000,0.0000,0.0000,0.0000,0.0000,0.0000,0.0000,0.0000,0.0000,0.0000,0.0000,0.0000,0.0000,0.0000,0.0000,0.0000,0.0000,0.0000,0.0000,0.0000,0.0000,0.0000,0.0000,0.0000,0.0000,0.0000,0.0000,0.0000,0.0000,0.0000,0.0000,0.0000,0.0000,0.0000,0.0000,0.0000,0.0000,0.0000,0.0000,0.0000,0.0000,0.0000,0.0000,0.0000,0.0000,0.0000,0.0000,0.0000,0.0000,0.0000,0.0000,0.0000,0.0000,0.0000,0.0000,0.0000,0.0000,0.0000,0.0000,0.0000,0.0000,0.0000,0.0000,0.0000,0.0000,0.0000,0.0000,0.0000,0.0000,0.0000,0.0000,0.0000,0.0000,0.0000,273.5920,338.1294,321.6735,350.9463,401.2531,408.4558,389.7887,410.7483,439.8260,459.4755,476.6961,505.1584,550.2255,612.9431,631.9249,609.2081,666.1517,660.6589,655.3737,678.6259,638.9261,670.1426,727.1564,662.4391,743.4290,802.9066,815.2895,791.0134,831.2854,868.3873,887.9176,868.1534,821.7249,910.3040,944.2811,953.4586,929.8741,896.8256,822.2090,855.3715,885.4994,789.6464,830.0276,793.8621,772.1674,766.5305,796.3225,696.7375,728.7740,699.9809,639.4851,737.4919,761.5942,792.2836,815.2387,779.9748,834.3857,794.0025,852.0508,875.9006,829.2271,905.0129,867.5408,897.1992,932.6068,977.1224,947.5733,974.7035,967.2586,1015.9800,993.5859,983.6523,965.2839,965.0818,983.3657,1024.0093,998.0136,937.6302,918.2598,901.4338,950.3926,976.6815,941.4783,954.0666,1032.2051,1040.0355,1097.1941,1036.6162,1022.9835,988.1523,1012.2843,1012.2380,989.5945,954.9116,966.8918,952.3748,929.7146,948.0840,917.3900,936.0598,934.7225,890.2112,906.1423,908.6594,882.6726,979.6015,951.6237,1016.9401,965.7997,1029.6364,1040.7488,1064.5599,1036.2953,1032.0300,1006.9951,1040.7092,974.5602,905.7408,930.8493,928.1980,871.8196,916.8798,934.9808,950.0858,926.9507,895.7496,964.5900,877.0603,819.5317,778.7484,816.7828,817.2045,820.6906,797.5083,766.1083,762.2531,778.9305,760.5441,744.4944,750.1000,738.1096,722.0500,725.9057,729.0793,686.1753,655.8220,660.6882,620.8530,642.0209,634.3711,621.8366,646.1652,568.4460,573.1346,599.4055,563.3791,588.7325,587.5259,548.5453,556.0583,613.7479,605.7588,619.0915,567.4534,546.4930,591.7175,595.9143,598.5345,603.3922,531.0984,554.7500,523.2134,591.9617,553.8435,456.0888,503.1609,502.4305,509.0146,494.3862,442.5736,457.5065,500.9517,468.7116,465.2444,474.0869,381.2646,439.9108,481.6082,468.8975,435.7118,457.7059,418.7825,403.5942,414.9173,0.0000,0.0000,0.0000,0.0000,0.0000,0.0000,0.0000,0.0000,0.0000,0.0000,0.0000,0.0000,0.0000,0.0000,0.0000,0.0000,0.0000,0.0000,0.0000,0.0000,0.0000,0.0000,0.0000,0.0000,0.0000,0.0000,0.0000,0.0000,0.0000,0.0000,0.0000,0.0000,0.0000,0.0000,0.0000,0.0000,0.0000,0.0000,0.0000,0.0000,0.0000,0.0000,0.0000,0.0000,0.0000,0.0000,0.0000,0.0000,0.0000,0.0000,0.0000,0.0000,0.0000,0.0000,0.0000,0.0000,0.0000,0.0000,0.0000,0.0000,0.0000,0.0000,0.0000,0.0000,0.0000,0.0000,0.0000,0.0000,0.0000,0.0000,0.0000,0.0000,0.0000,0.0000,0.0000,0.0000,0.0000,0.0000,0.0000,0.0000,0.0000,0.0000,0.0000,0.0000,0.0000,0.0000,0.0000,0.0000,0.0000,0.0000,0.0000,0.0000,0.0000,0.0000,0.0000,0.0000,0.0000,0.0000,0.0000,0.0000,0.0000,0.0000,0.0000
0.0000,0.0000,0.0000,0.0000,0.0000,0.0000,0.0000,0.0000,0.0000,0.0000,0.0000,0.0000,0.0000,0.0000,0.0000,0.0000,0.0000,0.0000,0.0000,0.0000,0.0000,0.0000,0.0000,0.0000,0.0000,0.0000,0.0000,0.0000,0.0000,0.0000,0.0000,0.0000,0.0000,0.0000,0.0000,0.0000,0.0000,0.0000,0.0000,0.0000,0.0000,0.0000,0.0000,0.0000,0.0000,0.0000,0.0000,0.0000,0.0000,0.0000,0.0000,0.0000,0.0000,0.0000,0.0000,0.0000,0.0000,0.0000,0.0000,0.0000,0.0000,0.0000,0.0000,0.0000,0.0000,0.0000,0.0000,0.0000,0.0000,0.0000,0.0000,0.0000,0.0000,0.0000,0.0000,0.0000,0.0000,0.0000,0.0000,0.0000,0.0000,0.0000,0.0000,0.0000,0.0000,0.0000,0.0000,0.0000,0.0000,0.0000,0.0000,0.0000,0.0000,0.0000,0.0000,0.0000,0.0000,0.0000,0.0000,0.0000,0.0000,0.0000,303.2782,363.8774,427.3231,387.1539,411.0929,421.2062,395.2234,451.4671,452.3548,505.4625,497.8460,516.9521,547.2194,602.8703,630.7615,673.7732,676.6506,700.5399,703.6262,683.3858,687.2476,717.0138,782.9661,781.9392,762.0918,786.9232,862.4579,872.3786,820.3458,882.3748,914.1675,885.7469,929.0269,964.3828,921.4065,919.9545,964.8484,951.0410,975.1327,918.4403,857.1859,848.5703,828.0344,854.0431,774.0469,791.9915,760.1011,800.5471,760.4315,737.3535,695.0903,720.4432,756.1301,823.9590,848.1727,842.2135,842.2681,890.1568,845.8086,901.4075,917.0448,917.3088,954.2408,985.4678,989.0444,1021.8616,982.8702,1026.0820,1014.7792,1006.6548,1013.1975,1013.8976,1061.7258,1065.2128,1027.1875,1035.9109,969.0430,951.6341,943.0980,910.1985,915.2942,952.7206,967.9936,1043.6001,1060.7838,1020.4660,1034.5753,1022.3560,1044.2552,1081.5818,1054.0815,1036.4406,1055.3109,990.1229,1041.0933,956.4225,975.2178,942.2072,973.9804,964.8052,959.6539,899.8885,1025.5846,960.1976,948.8459,1016.2815,939.8578,1029.7772,1022.4572,997.0455,1084.8362,1061.3530,1094.4727,1127.0922,1173.0454,1067.1908,1013.0221,988.2808,976.3584,988.5832,949.1194,938.6528,933.3373,931.6002,973.4211,955.7568,926.7351,911.2539,954.5217,919.7839,848.5706,807.6994,837.3271,825.2141,850.5358,805.2191,749.3096,796.6156,770.5394,815.4172,800.8262,779.3723,700.3407,735.4053,721.0511,704.0589,708.6210,625.9036,683.7222,647.9370,653.8669,620.4648,627.4332,621.9153,611.7247,619.0780,628.9143,583.6697,561.7509,588.4297,572.9602,620.3456,636.3293,603.7356,624.4336,594.4565,573.7217,645.7653,619.5967,543.0593,589.9627,573.1582,543.5557,513.8392,560.7222,540.3411,527.2847,513.3663,509.2986,491.5466,502.9245,484.6230,473.5764,452.6346,442.7270,462.2603,495.0677,471.2570,443.6353,480.1344,430.8758,431.5181,404.5802,388.4326,425.5811,417.7398,0.0000,0.0000,0.0000,0.0000,0.0000,0.0000,0.0000,0.0000,0.0000,0.0000,0.0000,0.0000,0.0000,0.0000,0.0000,0.0000,0.0000,0.0000,0.0000,0.0000,0.0000,0.0000,0.0000,0.0000,0.0000,0.0000,0.0000,0.0000,0.0000,0.0000,0.0000,0.0000,0.0000,0.0000,0.0000,0.0000,0.0000,0.0000,0.0000,0.0000,0.0000,0.0000,0.0000,0.0000,0.0000,0.0000,0.0000,0.0000,0.0000,0.0000,0.0000,0.0000,0.0000,0.0000,0.0000,0.0000,0.0000,0.0000,0.0000,0.0000,0.0000,0.0000,0.0000,0.0000,0.0000,0.0000,0.0000,0.0000,0.0000,0.0000,0.0000,0.0000,0.0000,0.0000,0.0000,0.0000,0.0000,0.0000,0.0000,0.0000,0.0000,0.0000,0.0000,0.0000,0.0000,0.0000,0.0000,0.0000,0.0000,0.0000,0.0000,0.0000,0.0000,0.0000,0.0000,0.0000,0.0000,0.0000,0.0000,0.0000,0.0000,0.0000
0.0000,0.0000,0.0000,0.0000,0.0000,0.0000,0.0000,0.0000,0.0000,0.0000,0.0000,0.0000,0.0000,0.0000,0.0000,0.0000,0.0000,0.0000,0.0000,0.0000,0.0000,0.0000,0.0000,0.0000,0.0000,0.0000,0.0000,0.0000,0.0000,0.0000,0.0000,0.0000,0.0000,0.0000,0.0000,0.0000,0.0000,0.0000,0.0000,0.0000,0.0000,0.0000,0.0000,0.0000,0.0000,0.0000,0.0000,0.0000,0.0000,0.0000,0.0000,0.0000,0.0000,0.0000,0.0000,0.0000,0.0000,0.0000,0.0000,0.0000,0.0000,0.0000,0.0000,0.0000,0.0000,0.0000,0.0000,0.0000,0.0000,0.0000,0.0000,0.0000,0.0000,0.0000,0.0000,0.0000,0.0000,0.0000,0.0000,0.0000,0.0000,0.0000,0.0000,0.0000,0.0000,0.0000,0.0000,0.0000,0.0000,0.0000,0.0000,0.0000,0.0000,0.0000,0.0000,0.0000,0.0000,0.0000,0.0000,0.0000,322.4982,373.1269,313.6054,312.3240,367.2503,472.8194,488.4892,463.1972,468.4972,442.8261,449.0348,547.7227,510.8535,569.1296,634.1002,637.2814,649.9127,725.5324,735.2655,705.9130,717.9269,697.6054,741.0496,693.3700,766.9556,840.8492,881.0740,818.8408,847.7618,858.3153,892.5368,963.4430,934.0136,942.9341,907.3010,963.2023,992.7625,954.7242,974.0736,921.2126,914.7751,913.7192,923.5336,873.7029,818.3083,814.4974,841.0412,815.8713,778.8049,793.3481,760.1078,750.4198,785.3871,735.9267,812.5780,829.6037,824.8249,843.3813,916.3352,892.1048,921.2828,1017.4885,998.5731,988.9252,991.2349,1001.3742,999.0116,1047.7395,1055.5004,1068.7552,1073.7225,1053.3400,1073.1866,1052.8420,1113.5891,1041.4509,1088.7921,1053.1239,960.0110,970.7397,928.6620,918.9592,989.3737,960.5181,939.7009,998.0156,1030.5022,1007.1198,1018.4800,992.4309,985.2263,1008.9304,1079.0697,1035.2323,1046.7843,997.4495,954.7614,994.4000,1058.2653,966.5300,964.4250,997.1677,1009.1844,1003.6802,1020.5756,974.3221,975.5225,1043.8202,1038.0813,1064.8451,1082.9188,1070.7627,1148.0117,1125.3937,1061.9547,1082.0480,1080.1907,1063.9653,1079.5306,1072.4213,1016.7698,991.0250,1003.5280,988.3409,947.2868,1018.1981,969.1944,976.4590,1030.8236,999.3904,896.8558,892.1536,877.4407,875.7029,872.5618,849.6716,822.8137,830.6378,793.1172,841.4816,796.0671,762.2567,794.5980,746.8763,746.9280,736.1628,747.9891,703.3163,674.7700,686.2958,672.1640,677.8916,669.0720,645.9836,629.2448,597.9608,629.6857,621.2374,642.9916,622.1892,589.1920,625.4003,683.2477,590.0410,658.4111,611.1060,666.9926,645.1079,649.6678,624.1744,561.1055,623.7554,628.9647,609.0928,574.7009,545.5338,498.3293,548.7831,525.7718,521.8499,536.5264,488.4896,507.3428,513.7429,492.8964,487.4962,469.3963,465.0230,468.0994,480.7741,459.1029,444.6779,388.1063,439.4897,457.3030,424.2817,447.3082,455.8579,367.7856,461.3813,0.0000,0.0000,0.0000,0.0000,0.0000,0.0000,0.0000,0.0000,0.0000,0.0000,0.0000,0.0000,0.0000,0.0000,0.0000,0.0000,0.0000,0.0000,0.0000,0.0000,0.0000,0.0000,0.0000,0.0000,0.0000,0.0000,0.0000,0.0000,0.0000,0.0000,0.0000,0.0000,0.0000,0.0000,0.0000,0.0000,0.0000,0.0000,0.0000,0.0000,0.0000,0.0000,0.0000,0.0000,0.0000,0.0000,0.0000,0.0000,0.0000,0.0000,0.0000,0.0000,0.0000,0.0000,0.0000,0.0000,0.0000,0.0000,0.0000,0.0000,0.0000,0.0000,0.0000,0.0000,0.0000,0.0000,0.0000,0.0000,0.0000,0.0000,0.0000,0.0000,0.0000,0.0000,0.0000,0.0000,0.0000,0.0000,0.0000,0.0000,0.0000,0.0000,0.0000,0.0000,0.0000,0.0000,0.0000,0.0000,0.0000,0.0000,0.0000,0.0000,0.0000,0.0000,0.0000,0.0000,0.0000,0.0000,0.0000,0.0000
0.0000,0.0000,0.0000,0.0000,0.0000,0.0000,0.0000,0.0000,0.0000,0.0000,0.0000,0.0000,0.0000,0.0000,0.0000,0.0000,0.0000,0.0000,0.0000,0.0000,0.0000,0.0000,0.0000,0.0000,0.0000,0.0000,0.0000,0.0000,0.0000,0.0000,0.0000,0.0000,0.0000,0.0000,0.0000,0.0000,0.0000,0.0000,0.0000,0.0000,0.0000,0.0000,0.0000,0.0000,0.0000,0.0000,0.0000,0.0000,0.0000,0.0000,0.0000,0.0000,0.0000,0.0000,0.0000,0.0000,0.0000,0.0000,0.0000,0.0000,0.0000,0.0000,0.0000,0.0000,0.0000,0.0000,0.0000,0.0000,0.0000,0.0000,0.0000,0.0000,0.0000,0.0000,0.0000,0.0000,0.0000,0.0000,0.0000,0.0000,0.0000,0.0000,0.0000,0.0000,0.0000,0.0000,0.0000,0.0000,0.0000,0.0000,0.0000,0.0000,0.0000,0.0000,0.0000,0.0000,0.0000,0.0000,0.0000,356.3054,368.5424,372.7678,387.2427,429.1755,421.8191,472.1439,506.9146,485.4054,491.4875,511.5268,541.0633,557.4515,585.3360,630.9061,704.2116,673.7589,732.6947,748.2177,727.8145,744.4948,739.8832,738.2814,778.3191,754.9780,759.6871,779.3370,813.5307,885.9155,899.6056,924.3163,937.8995,926.6914,983.0859,983.3545,936.3425,929.8473,920.8348,952.9864,963.0860,923.5174,917.8650,900.8442,880.5423,877.4464,886.9130,806.2624,832.2222,798.8409,800.8453,827.7239,795.5361,778.6358,775.3090,833.3292,842.7772,833.2044,871.1710,906.1856,937.4579,1035.7590,987.9300,977.2142,1069.2646,1058.9764,1055.9548,1051.8101,1036.8160,1108.1256,1172.6703,1164.8248,1114.8033,1054.9386,1033.3988,1076.9694,1104.7301,1042.7443,1062.2137,1003.8071,1010.0118,1011.9075,1000.6576,978.7029,985.3502,942.2223,1003.0430,987.9067,989.9205,1008.6927,1084.4015,1073.3619,1076.1006,1089.7179,1112.6226,1052.6899,1094.6716,1114.6782,1056.6182,1064.1885,1110.6307,1041.0917,1060.9177,1069.4047,1014.2908,1011.5482,1033.0001,1058.1272,1032.7997,1044.2238,1056.3114,1086.5780,1140.9257,1067.9352,1156.6072,1160.0624,1214.0730,1135.9795,1132.8396,1174.7999,1096.7511,1125.9218,1095.6685,1000.1061,1004.2031,1019.0896,1037.7333,1121.3724,1022.6181,1007.8751,1002.7602,947.2010,950.6468,958.9156,881.9986,870.2000,909.4641,934.7302,878.5681,857.1658,862.1238,866.9575,830.6744,855.1955,786.8301,737.7587,766.8666,756.5955,780.7720,735.4924,710.6003,732.7473,697.9560,658.5402,733.7943,659.8470,611.9373,687.4844,656.0057,655.7217,653.1407,641.8024,669.8140,693.8992,643.3668,683.7772,674.2288,666.8065,697.2811,598.8945,629.2238,654.3152,637.5331,630.3539,632.1293,625.0591,589.1751,597.9537,588.1078,532.9445,530.3141,542.5996,479.4699,547.7929,548.3367,494.4313,516.7126,577.5077,484.4112,549.4287,500.8749,475.9714,516.6892,447.6242,445.4615,455.0194,421.4509,486.2708,458.0329,425.1021,435.3456,420.0327,423.3163,0.0000,0.0000,0.0000,0.0000,0.0000,0.0000,0.0000,0.0000,0.0000,0.0000,0.0000,0.0000,0.0000,0.0000,0.0000,0.0000,0.0000,0.0000,0.0000,0.0000,0.0000,0.0000,0.0000,0.0000,0.0000,0.0000,0.0000,0.0000,0.0000,0.0000,0.0000,0.0000,0.0000,0.0000,0.0000,0.0000,0.0000,0.0000,0.0000,0.0000,0.0000,0.0000,0.0000,0.0000,0.0000,0.0000,0.0000,0.0000,0.0000,0.0000,0.0000,0.0000,0.0000,0.0000,0.0000,0.0000,0.0000,0.0000,0.0000,0.0000,0.0000,0.0000,0.0000,0.0000,0.0000,0.0000,0.0000,0.0000,0.0000,0.0000,0.0000,0.0000,0.0000,0.0000,0.0000,0.0000,0.0000,0.0000,0.0000,0.0000,0.0000,0.0000,0.0000,0.0000,0.0000,0.0000,0.0000,0.0000,0.0000,0.0000,0.0000,0.0000,0.0000,0.0000,0.0000,0.0000,0.0000,0.0000,0.0000
0.0000,0.0000,0.0000,0.0000,0.0000,0.0000,0.0000,0.0000,0.0000,0.0000,0.0000,0.0000,0.0000,0.0000,0.0000,0.0000,0.0000,0.0000,0.0000,0.0000,0.0000,0.0000,0.0000,0.0000,0.0000,0.0000,0.0000,0.0000,0.0000,0.0000,0.0000,0.0000,0.0000,0.0000,0.0000,0.0000,0.0000,0.0000,0.0000,0.0000,0.0000,0.0000,0.0000,0.0000,0.0000,0.0000,0.0000,0.0000,0.0000,0.0000,0.0000,0.0000,0.0000,0.0000,0.0000,0.0000,0.0000,0.0000,0.0000,0.0000,0.0000,0.0000,0.0000,0.0000,0.0000,0.0000,0.0000,0.0000,0.0000,0.0000,0.0000,0.0000,0.0000,0.0000,0.0000,0.0000,0.0000,0.0000,0.0000,0.0000,0.0000,0.0000,0.0000,0.0000,0.0000,0.0000,0.0000,0.0000,0.0000,0.0000,0.0000,0.0000,0.0000,0.0000,0.0000,0.0000,0.0000,0.0000,289.9478,386.3739,400.4257,377.9803,384.7130,417.6008,460.3870,520.6709,493.1521,543.4893,543.3798,535.9537,562.8653,594.9792,616.4086,660.9897,698.4359,683.7566,732.8596,705.9634,746.8055,785.8158,785.4753,787.9423,791.2405,827.7401,829.2780,853.4069,899.4039,896.6863,929.2498,964.4371,936.6345,906.1222,920.6764,902.8318,931.6722,960.9953,936.3095,910.9754,902.7184,868.0710,878.7233,833.4331,811.1834,825.8259,798.7838,822.0565,823.2079,850.6893,807.1193,840.4621,860.3607,838.0922,782.5878,829.7634,851.1877,901.5460,946.6704,915.6873,930.4043,971.8114,1045.9758,1075.2526,1085.0248,1078.2323,1083.3600,1125.3796,1132.8043,1169.8866,1192.3837,1178.8129,1144.2448,1102.2675,1047.4664,1064.3978,1117.2300,1132.3243,1146.3035,1041.9073,1016.1950,999.8932,980.1661,967.1512,930.9069,1003.7479,1000.8622,1006.1190,1041.1686,1055.9976,1020.4410,1105.3546,1096.9857,1133.1376,1140.7482,1093.6660,1093.1005,1134.3073,1162.0726,1174.3186,1048.2083,1125.7147,1122.0673,1083.1180,1118.6345,1061.2251,1046.0714,1092.4915,1081.3651,1066.0459,1106.0244,1058.3876,1137.3834,1141.4897,1119.0955,1179.0973,1148.3036,1131.5287,1156.9622,1131.9546,1065.7743,1114.9457,1088.2042,1047.5308,1083.2789,1031.5686,1092.0887,1058.0619,1032.9241,987.9479,1011.8246,956.7962,989.8349,959.3501,949.4908,919.8979,913.2856,910.1238,893.8048,906.3197,864.6800,840.7552,812.4674,829.4321,757.1511,814.6525,763.8942,750.0846,732.5154,742.7858,678.3271,701.0939,709.1022,730.0427,728.0202,676.3292,685.4966,623.7131,702.3989,678.2721,672.6391,689.5405,682.1244,718.9910,691.3040,700.8290,678.6257,659.1116,648.4461,662.4390,686.0229,646.5903,654.0918,653.9497,687.0784,644.8926,602.6374,581.1247,559.0624,569.2793,608.3691,568.8038,536.5204,569.7161,563.3260,564.0670,503.6941,521.5743,471.5527,517.3043,503.7068,464.7212,458.1765,494.9634,463.1547,463.1217,416.5073,425.3294,447.1698,436.1452,455.7761,426.6250,445.5779,435.6717,0.0000,0.0000,0.0000,0.0000,0.0000,0.0000,0.0000,0.0000,0.0000,0.0000,0.0000,0.0000,0.0000,0.0000,0.0000,0.0000,0.0000,0.0000,0.0000,0.0000,0.0000,0.0000,0.0000,0.0000,0.0000,0.0000,0.0000,0.0000,0.0000,0.0000,0.0000,0.0000,0.0000,0.0000,0.0000,0.0000,0.0000,0.0000,0.0000,0.0000,0.0000,0.0000,0.0000,0.0000,0.0000,0.0000,0.0000,0.0000,0.0000,0.0000,0.0000,0.0000,0.0000,0.0000,0.0000,0.0000,0.0000,0.0000,0.0000,0.0000,0.0000,0.0000,0.0000,0.0000,0.0000,0.0000,0.0000,0.0000,0.0000,0.0000,0.0000,0.0000,0.0000,0.0000,0.0000,0.0000,0.0000,0.0000,0.0000,0.0000,0.0000,0.0000,0.0000,0.0000,0.0000,0.0000,0.0000,0.0000,0.0000,0.0000,0.0000,0.0000,0.0000,0.0000,0.0000,0.0000,0.0000,0.0000
0.0000,0.0000,0.0000,0.0000,0.0000,0.0000,0.0000,0.0000,0.0000,0.0000,0.0000,0.0000,0.0000,0.0000,0.0000,0.0000,0.0000,0.0000,0.0000,0.0000,0.0000,0.0000,0.0000,0.0000,0.0000,0.0000,0.0000,0.0000,0.0000,0.0000,0.0000,0.0000,0.0000,0.0000,0.0000,0.0000,0.0000,0.0000,0.0000,0.0000,0.0000,0.0000,0.0000,0.0000,0.0000,0.0000,0.0000,0.0000,0.0000,0.0000,0.0000,0.0000,0.0000,0.0000,0.0000,0.0000,0.0000,0.0000,0.0000,0.0000,0.0000,0.0000,0.0000,0.0000,0.0000,0.0000,0.0000,0.0000,0.0000,0.0000,0.0000,0.0000,0.0000,0.0000,0.0000,0.0000,0.0000,0.0000,0.0000,0.0000,0.0000,0.0000,0.0000,0.0000,0.0000,0.0000,0.0000,0.0000,0.0000,0.0000,0.0000,0.0000,0.0000,0.0000,0.0000,0.0000,299.2563,365.5988,384.7514,366.4909,363.0558,388.6037,433.2410,504.8373,500.8386,527.7035,555.5674,569.0927,544.8467,554.2728,585.0502,574.0292,682.6658,638.4028,706.2939,725.8788,743.4083,815.1624,811.8846,749.1413,785.7416,813.0359,837.6011,864.3927,912.0405,924.8101,918.9125,937.0735,893.8318,921.5692,958.8380,918.7732,976.4840,952.3584,954.1782,883.1679,879.1423,920.2979,857.9082,818.9586,779.8292,859.3685,901.1913,836.0995,799.5125,873.2010,821.5166,829.8644,880.5132,839.0970,882.2056,897.2267,845.9070,912.3854,905.0768,873.4306,916.2224,947.4902,960.3105,996.6037,1051.1908,1124.5485,1190.5212,1190.0354,1188.7646,1164.1589,1098.9714,1140.3690,1192.3035,1179.0747,1118.8698,1120.7000,1168.9584,1113.1499,1124.2212,1132.4746,1072.9220,1066.6711,1088.2754,999.8098,976.5469,995.1422,1052.8464,1069.8021,1012.2586,1022.4701,1099.4681,1098.0702,1079.6414,1151.4988,1139.3191,1196.5522,1212.2584,1196.3544,1195.7738,1153.2561,1109.9572,1169.4452,1190.4594,1205.2942,1161.8568,1200.9802,1195.2881,1115.8016,1054.7916,1069.3073,1065.1034,1120.2692,1148.9248,1105.8403,1159.1024,1150.4618,1133.2343,1243.9143,1207.5264,1157.5728,1230.6478,1152.0704,1197.4755,1194.6195,1107.0803,1034.1071,1064.6770,1085.4893,1089.0087,997.2645,984.7938,1010.8432,1042.3854,1044.0426,966.0018,955.4805,947.4884,911.9670,935.9622,918.6835,885.7100,900.0455,898.0939,861.3982,842.0822,863.7197,838.6313,815.1664,830.0635,792.6315,798.7950,762.2916,744.2977,758.3149,716.2448,691.1192,698.5393,688.8464,665.9157,690.8463,703.8967,703.4741,681.9099,730.8560,724.8651,700.2856,708.0942,662.1268,687.9012,669.6223,726.3717,678.0406,678.9791,688.6261,644.9994,660.4883,645.2371,617.4921,628.1135,652.8177,612.8044,575.3807,602.0610,576.8685,530.0627,552.2725,549.1365,528.2906,516.7299,531.6308,486.1624,527.6516,556.8792,496.9019,543.4619,454.5263,418.3132,430.7726,440.9610,455.2900,429.7809,440.9575,477.9149,458.7432,451.3719,370.9851,384.1925,382.0975,0.0000,0.0000,0.0000,0.0000,0.0000,0.0000,0.0000,0.0000,0.0000,0.0000,0.0000,0.0000,0.0000,0.0000,0.0000,0.0000,0.0000,0.0000,0.0000,0.0000,0.0000,0.0000,0.0000,0.0000,0.0000,0.0000,0.0000,0.0000,0.0000,0.0000,0.0000,0.0000,0.0000,0.0000,0.0000,0.0000,0.0000,0.0000,0.0000,0.0000,0.0000,0.0000,0.0000,0.0000,0.0000,0.0000,0.0000,0.0000,0.0000,0.0000,0.0000,0.0000,0.0000,0.0000,0.0000,0.0000,0.0000,0.0000,0.0000,0.0000,0.0000,0.0000,0.0000,0.0000,0.0000,0.0000,0.0000,0.0000,0.0000,0.0000,0.0000,0.0000,0.0000,0.0000,0.0000,0.0000,0.0000,0.0000,0.0000,0.0000,0.0000,0.0000,0.0000,0.0000,0.0000,0.0000,0.0000,0.0000,0.0000,0.0000,0.0000,0.0000,0.0000,0.0000,0.0000,0.0000
0.0000,0.0000,0.0000,0.0000,0.0000,0.0000,0.0000,0.0000,0.0000,0.0000,0.0000,0.0000,0.0000,0.0000,0.0000,0.0000,0.0000,0.0000,0.0000,0.0000,0.0000,0.0000,0.0000,0.0000,0.0000,0.0000,0.0000,0.0000,0.0000,0.0000,0.0000,0.0000,0.0000,0.0000,0.0000,0.0000,0.0000,0.0000,0.0000,0.0000,0.0000,0.0000,0.0000,0.0000,0.0000,0.0000,0.0000,0.0000,0.0000,0.0000,0.0000,0.0000,0.0000,0.0000,0.0000,0.0000,0.0000,0.0000,0.0000,0.0000,0.0000,0.0000,0.0000,0.0000,0.0000,0.0000,0.0000,0.0000,0.0000,0.0000,0.0000,0.0000,0.0000,0.0000,0.0000,0.0000,0.0000,0.0000,0.0000,0.0000,0.0000,0.0000,0.0000,0.0000,0.0000,0.0000,0.0000,0.0000,0.0000,0.0000,0.0000,0.0000,0.0000,0.0000,0.0000,310.0582,304.5583,356.6626,400.6321,372.7438,428.5648,447.4139,491.2216,514.4096,597.8638,546.0858,594.4027,570.8606,578.8285,615.1787,642.0794,692.9467,740.5921,742.6058,733.0670,794.2575,792.2654,787.2156,810.6653,871.0765,853.7281,853.9851,899.4500,948.6606,988.2335,935.1500,922.1608,936.8051,947.2254,957.7131,956.1922,955.8262,969.3718,931.0006,938.9548,889.4410,866.6339,822.3332,849.4736,912.7922,880.4180,872.6293,852.6139,815.9236,800.3451,896.4607,825.4991,877.8953,848.3124,914.5770,961.5682,921.7042,913.9721,985.2077,957.0126,991.3070,962.8567,1018.6694,1090.9783,1095.5148,1162.8290,1187.5197,1163.6882,1176.4720,1154.5210,1194.3885,1212.2356,1218.3995,1271.0366,1250.2955,1203.5372,1128.6519,1146.4664,1108.3157,1168.6532,1172.6211,1129.6515,1108.3676,1111.3928,1039.4020,1088.6276,1039.8091,1020.1620,1086.2649,1082.4602,1100.1089,1103.5480,1152.0789,1143.2756,1167.1312,1235.3925,1224.4274,1177.3914,1212.3530,1146.1733,1278.7543,1277.6700,1215.6067,1242.0579,1306.5238,1317.5586,1213.9618,1182.9458,1108.5862,1206.6997,1162.4180,1154.2307,1154.0734,1187.8677,1211.0065,1220.5400,1242.0623,1191.9124,1202.7324,1209.0378,1224.0726,1191.2888,1161.6395,1142.6191,1194.2761,1141.5577,1121.9413,1105.8253,1089.9177,1055.4275,1025.3997,1086.7161,1031.3279,1024.9009,979.4648,1006.3846,961.3500,944.9983,939.5723,944.9926,992.5787,949.7927,904.2403,925.1516,871.0973,868.4892,888.7254,819.7839,811.2623,838.7628,814.9078,800.6548,743.2907,777.2922,771.8491,770.5442,741.8812,733.0267,729.1041,747.4055,735.4309,746.0406,683.2084,722.2605,733.1999,683.7618,753.6312,736.4924,696.8800,740.5447,719.6588,699.7971,677.0786,675.7308,604.2863,692.3302,724.5911,701.8340,644.6512,649.4211,660.7728,654.5090,636.0431,574.1215,581.7608,586.5649,624.6696,564.8659,560.6432,569.6093,583.9960,546.3394,511.0825,536.8405,508.8336,459.0002,503.0919,497.3683,425.5956,432.7571,435.9431,457.9167,442.3322,437.2568,480.8358,448.9592,460.6868,423.0670,391.5467,385.2399,0.0000,0.0000,0.0000,0.0000,0.0000,0.0000,0.0000,0.0000,0.0000,0.0000,0.0000,0.0000,0.0000,0.0000,0.0000,0.0000,0.0000,0.0000,0.0000,0.0000,0.0000,0.0000,0.0000,0.0000,0.0000,0.0000,0.0000,0.0000,0.0000,0.0000,0.0000,0.0000,0.0000,0.0000,0.0000,0.0000,0.0000,0.0000,0.0000,0.0000,0.0000,0.0000,0.0000,0.0000,0.0000,0.0000,0.0000,0.0000,0.0000,0.0000,0.0000,0.0000,0.0000,0.0000,0.0000,0.0000,0.0000,0.0000,0.0000,0.0000,0.0000,0.0000,0.0000,0.0000,0.0000,0.0000,0.0000,0.0000,0.0000,0.0000,0.0000,0.0000,0.0000,0.0000,0.0000,0.0000,0.0000,0.0000,0.0000,0.0000,0.0000,0.0000,0.0000,0.0000,0.0000,0.0000,0.0000,0.0000,0.0000,0.0000,0.0000,0.0000,0.0000,0.0000,0.0000
0.0000,0.0000,0.0000,0.0000,0.0000,0.0000,0.0000,0.0000,0.0000,0.0000,0.0000,0.0000,0.0000,0.0000,0.0000,0.0000,0.0000,0.0000,0.0000,0.0000,0.0000,0.0000,0.0000,0.0000,0.0000,0.0000,0.0000,0.0000,0.0000,0.0000,0.0000,0.0000,0.0000,0.0000,0.0000,0.0000,0.0000,0.0000,0.0000,0.0000,0.0000,0.0000,0.0000,0.0000,0.0000,0.0000,0.0000,0.0000,0.0000,0.0000,0.0000,0.0000,0.0000,0.0000,0.0000,0.0000,0.0000,0.0000,0.0000,0.0000,0.0000,0.0000,0.0000,0.0000,0.0000,0.0000,0.0000,0.0000,0.0000,0.0000,0.0000,0.0000,0.0000,0.0000,0.0000,0.0000,0.0000,0.0000,0.0000,0.0000,0.0000,0.0000,0.0000,0.0000,0.0000,0.0000,0.0000,0.0000,0.0000,0.0000,0.0000,0.0000,0.0000,295.4632,300.4567,317.0918,355.0131,357.9850,400.7539,449.8871,474.1908,515.9822,537.2869,574.3802,575.6681,571.2047,679.3079,622.9620,680.9327,686.0948,646.3071,719.3700,730.8427,731.1426,760.2073,796.3975,784.2313,788.2468,808.7805,873.0082,907.5604,932.1917,936.9763,950.6952,967.9311,962.5157,948.6974,947.8259,973.0446,934.6971,972.9385,988.2924,874.5091,888.6671,885.6822,846.4199,916.0454,794.8029,839.5958,836.6585,825.8049,836.7867,821.7824,788.6225,835.6365,884.8922,893.7472,902.5142,905.2632,930.9785,997.7659,944.5352,962.1677,910.5087,1040.3711,1086.1323,1039.2643,1073.2009,1051.1936,1060.9954,1178.6241,1241.0250,1221.2922,1240.2935,1194.4044,1203.3933,1303.2146,1286.9698,1248.4377,1224.6184,1210.7909,1192.7615,1162.9271,1187.3928,1216.6367,1149.1489,1134.6577,1143.3402,1028.0044,1036.7592,1035.4271,1027.4082,1104.2560,1062.2933,1120.3022,1139.6249,1127.5940,1243.6041,1303.0195,1170.6110,1263.0088,1250.6296,1277.2615,1284.3070,1224.6035,1320.6265,1388.6498,1341.6910,1285.2848,1268.3771,1291.5739,1265.4883,1270.3765,1208.0649,1223.1184,1173.2709,1217.6935,1239.7759,1213.3726,1183.0890,1184.1316,1203.9924,1240.0398,1203.1492,1170.0684,1225.9629,1163.9751,1215.2302,1177.4834,1118.4778,1107.9095,1139.5436,1155.8510,1158.4401,1056.9131,1042.6338,1074.7584,1083.3903,1035.1359,1010.5149,959.4523,1017.9225,1055.7722,1006.9837,987.9517,953.0702,984.0945,977.8431,940.7618,891.5898,818.8185,884.3751,915.3010,855.6268,845.9889,807.8810,783.7526,839.0441,772.5071,777.3004,728.7625,758.2039,737.1773,794.1578,752.9698,755.0576,766.5511,739.2726,733.3068,751.9092,751.4306,757.8936,739.9546,707.6774,662.6748,707.7411,692.4625,666.7333,707.3795,721.8165,692.7156,712.0362,713.6368,684.0194,710.1061,676.5422,611.1484,676.0875,655.1710,629.8531,616.1404,582.4814,640.6330,633.6064,565.3438,523.9830,537.2869,526.9026,527.2449,505.1100,527.0468,503.5972,522.5741,479.0059,477.4501,434.7525,440.7468,450.8160,482.3556,476.4893,453.8771,417.4853,407.7646,397.5283,396.3112,391.9633,361.3460,0.0000,0.0000,0.0000,0.0000,0.0000,0.0000,0.0000,0.0000,0.0000,0.0000,0.0000,0.0000,0.0000,0.0000,0.0000,0.0000,0.0000,0.0000,0.0000,0.0000,0.0000,0.0000,0.0000,0.0000,0.0000,0.0000,0.0000,0.0000,0.0000,0.0000,0.0000,0.0000,0.0000,0.0000,0.0000,0.0000,0.0000,0.0000,0.0000,0.0000,0.0000,0.0000,0.0000,0.0000,0.0000,0.0000,0.0000,0.0000,0.0000,0.0000,0.0000,0.0000,0.0000,0.0000,0.0000,0.0000,0.0000,0.0000,0.0000,0.0000,0.0000,0.0000,0.0000,0.0000,0.0000,0.0000,0.0000,0.0000,0.0000,0.0000,0.0000,0.0000,0.0000,0.0000,0.0000,0.0000,0.0000,0.0000,0.0000,0.0000,0.0000,0.0000,0.0000,0.0000,0.0000,0.0000,0.0000,0.0000,0.0000,0.0000,0.0000,0.0000,0.0000
0.0000,0.0000,0.0000,0.0000,0.0000,0.0000,0.0000,0.0000,0.0000,0.0000,0.0000,0.0000,0.0000,0.0000,0.0000,0.0000,0.0000,0.0000,0.0000,0.0000,0.0000,0.0000,0.0000,0.0000,0.0000,0.0000,0.0000,0.0000,0.0000,0.0000,0.0000,0.0000,0.0000,0.0000,0.0000,0.0000,0.0000,0.0000,0.0000,0.0000,0.0000,0.0000,0.0000,0.0000,0.0000,0.0000,0.0000,0.0000,0.0000,0.0000,0.0000,0.0000,0.0000,0.0000,0.0000,0.0000,0.0000,0.0000,0.0000,0.0000,0.0000,0.0000,0.0000,0.0000,0.0000,0.0000,0.0000,0.0000,0.0000,0.0000,0.0000,0.0000,0.0000,0.0000,0.0000,0.0000,0.0000,0.0000,0.0000,0.0000,0.0000,0.0000,0.0000,0.0000,0.0000,0.0000,0.0000,0.0000,0.0000,0.0000,0.0000,0.0000,309.5628,312.1725,323.2972,356.0497,364.2038,442.8242,454.6462,493.6225,499.5235,536.4072,555.3348,583.1646,596.0317,653.4796,671.3616,670.0699,669.1165,700.6329,736.5577,717.2754,746.2621,811.1465,821.0599,773.4354,801.8578,839.6184,861.7653,921.7230,862.3460,965.0876,1004.1108,1003.2544,1027.2196,966.7781,942.5735,975.3799,994.3000,921.9963,897.8369,949.8470,940.1387,951.1008,897.2382,900.9638,916.6246,837.0017,854.2037,820.1368,815.6821,833.0490,841.1094,891.4308,869.2106,888.0302,945.2190,900.3806,918.3308,992.2843,973.3072,1039.0072,1035.7800,1018.9022,1098.0122,1110.9307,1068.3073,1051.4493,1089.4435,1083.2131,1178.4601,1198.1075,1262.9591,1284.3199,1264.7303,1204.0398,1254.8669,1282.0286,1231.8572,1196.8180,1215.0695,1188.4658,1207.1539,1247.0518,1118.2274,1122.8254,1153.0889,1098.4094,1133.0114,1140.4846,1044.9684,1081.5449,1136.8074,1149.0107,1166.2950,1144.6283,1149.9819,1255.7363,1280.2340,1245.0376,1283.0597,1246.6527,1305.4263,1348.7811,1291.6497,1323.1947,1290.9568,1331.5712,1377.9712,1381.7827,1340.9689,1290.0721,1252.0515,1299.1304,1245.6957,1274.1702,1205.5018,1189.8606,1270.8286,1291.5122,1248.2749,1263.2478,1229.1923,1210.0033,1225.8165,1225.5594,1159.2843,1169.8993,1135.3284,1215.8710,1151.0645,1126.3182,1088.1437,1120.6833,1118.3522,1042.2682,1085.6350,1031.8242,1076.5468,1044.5503,1043.5276,1026.3025,1045.5636,1084.5155,1003.2119,1008.4602,1057.5626,993.0411,1009.9628,951.4902,967.2535,949.3795,888.3372,863.6519,884.3445,872.5897,820.7977,820.1286,791.2376,849.2111,822.7686,803.2404,813.7946,795.0717,800.9310,845.3777,759.2885,818.7744,836.1246,791.6728,770.1042,733.4745,705.6578,721.8972,674.8766,720.9871,709.9365,711.8857,750.5571,762.3101,735.9351,721.3854,750.5867,699.7216,737.7056,721.9044,705.7465,667.8982,623.6781,624.3888,642.1145,622.7250,599.1433,620.0698,581.5172,569.1747,554.9736,521.4042,535.7731,556.4551,510.5388,463.1194,484.9689,460.4841,418.5360,501.0121,481.4619,412.3801,476.6412,438.9091,455.0117,429.9663,434.1689,396.4290,408.7392,379.9029,398.8207,367.7519,0.0000,0.0000,0.0000,0.0000,0.0000,0.0000,0.0000,0.0000,0.0000,0.0000,0.0000,0.0000,0.0000,0.0000,0.0000,0.0000,0.0000,0.0000,0.0000,0.0000,0.0000,0.0000,0.0000,0.0000,0.0000,0.0000,0.0000,0.0000,0.0000,0.0000,0.0000,0.0000,0.0000,0.0000,0.0000,0.0000,0.0000,0.0000,0.0000,0.0000,0.0000,0.0000,0.0000,0.0000,0.0000,0.0000,0.0000,0.0000,0.0000,0.0000,0.0000,0.0000,0.0000,0.0000,0.0000,0.0000,0.0000,0.0000,0.0000,0.0000,0.0000,0.0000,0.0000,0.0000,0.0000,0.0000,0.0000,0.0000,0.0000,0.0000,0.0000,0.0000,0.0000,0.0000,0.0000,0.0000,0.0000,0.0000,0.0000,0.0000,0.0000,0.0000,0.0000,0.0000,0.0000,0.0000,0.0000,0.0000,0.0000,0.0000,0.0000,0.0000
0.0000,0.0000,0.0000,0.0000,0.0000,0.0000,0.0000,0.0000,0.0000,0.0000,0.0000,0.0000,0.0000,0.0000,0.0000,0.0000,0.0000,0.0000,0.0000,0.0000,0.0000,0.0000,0.0000,0.0000,0.0000,0.0000,0.0000,0.0000,0.0000,0.0000,0.0000,0.0000,0.0000,0.0000,0.0000,0.0000,0.0000,0.0000,0.0000,0.0000,0.0000,0.0000,0.0000,0.0000,0.0000,0.0000,0.0000,0.0000,0.0000,0.0000,0.0000,0.0000,0.0000,0.0000,0.0000,0.0000,0.0000,0.0000,0.0000,0.0000,0.0000,0.0000,0.0000,0.0000,0.0000,0.0000,0.0000,0.0000,0.0000,0.0000,0.0000,0.0000,0.0000,0.0000,0.0000,0.0000,0.0000,0.0000,0.0000,0.0000,0.0000,0.0000,0.0000,0.0000,0.0000,0.0000,0.0000,0.0000,0.0000,0.0000,0.0000,288.5252,286.1406,335.8618,373.9762,395.5348,432.1566,447.9593,470.0744,518.5187,554.3475,543.7133,605.8284,669.8807,686.5920,720.3954,687.3132,741.3287,724.8060,746.6694,797.8262,821.9090,789.8359,831.9449,808.4105,797.7841,875.2753,885.7579,931.9097,954.3815,970.2824,948.4565,992.7752,1044.5138,1014.8549,968.8981,942.1987,959.3947,929.6866,995.6721,967.0386,956.7255,935.3636,911.2586,909.3807,867.2769,830.1766,872.0054,890.0663,851.0471,898.9577,868.2814,849.9828,888.6924,898.3546,855.9337,916.4197,900.4421,973.2023,1029.2625,1050.7625,1033.4092,1029.1616,1093.0706,1138.3308,1126.6381,1108.3947,1060.5935,1122.6605,1166.0746,1191.1587,1269.4363,1245.5287,1235.5632,1269.7970,1281.4789,1251.8352,1333.8339,1289.2080,1259.3717,1337.3888,1158.0348,1187.9060,1230.6503,1164.4093,1213.2439,1178.9471,1143.1423,1152.5085,1137.2750,1121.8799,1142.0170,1151.2581,1174.9950,1208.0551,1253.6337,1257.0355,1252.7834,1282.5439,1348.5476,1354.7153,1348.4182,1336.2378,1302.5037,1296.8164,1398.0166,1387.8136,1454.8301,1423.9019,1447.0708,1410.8918,1301.2698,1260.3224,1238.2805,1253.5203,1298.6027,1308.1490,1269.9805,1288.5051,1283.9117,1288.2996,1231.4330,1205.9386,1161.5265,1246.7871,1273.6080,1244.9611,1206.8649,1156.4784,1178.9277,1115.7860,1116.1857,1154.9924,1031.4833,1092.5747,1098.0767,1062.5792,1074.0164,1041.4834,1050.2095,1082.7958,1075.5750,1005.3576,1032.2729,998.4073,1082.6166,1131.5668,1084.3187,988.8026,1002.5823,1026.6732,1031.4702,990.9564,962.1832,939.9142,901.5511,949.8339,872.0013,876.7761,897.8710,842.7030,851.5640,843.9879,882.2969,857.3218,799.6073,842.8802,855.3118,809.4216,786.5445,765.2382,809.0125,751.2877,744.8436,714.2610,756.6528,763.5727,729.7460,718.0049,732.5673,757.2360,775.6616,772.6740,768.7676,712.0690,735.7135,727.0592,722.4780,691.8928,694.5786,658.8807,683.2849,595.1688,611.9491,618.2577,594.6630,531.9573,553.5027,559.0107,511.8090,519.9392,505.9421,519.5403,518.1947,454.5071,512.2395,515.9314,490.0728,469.7199,398.2545,405.1060,433.5844,401.7446,397.5414,416.5035,387.3430,438.7799,427.5358,390.0779,0.0000,0.0000,0.0000,0.0000,0.0000,0.0000,0.0000,0.0000,0.0000,0.0000,0.0000,0.0000,0.0000,0.0000,0.0000,0.0000,0.0000,0.0000,0.0000,0.0000,0.0000,0.0000,0.0000,0.0000,0.0000,0.0000,0.0000,0.0000,0.0000,0.0000,0.0000,0.0000,0.0000,0.0000,0.0000,0.0000,0.0000,0.0000,0.0000,0.0000,0.0000,0.0000,0.0000,0.0000,0.0000,0.0000,0.0000,0.0000,0.0000,0.0000,0.0000,0.0000,0.0000,0.0000,0.0000,0.0000,0.0000,0.0000,0.0000,0.0000,0.0000,0.0000,0.0000,0.0000,0.0000,0.0000,0.0000,0.0000,0.0000,0.0000,0.0000,0.0000,0.0000,0.0000,0.0000,0.0000,0.0000,0.0000,0.0000,0.0000,0.0000,0.0000,0.0000,0.0000,0.0000,0.0000,0.0000,0.0000,0.0000,0.0000,0.0000
0.0000,0.0000,0.0000,0.0000,0.0000,0.0000,0.0000,0.0000,0.0000,0.0000,0.0000,0.0000,0.0000,0.0000,0.0000,0.0000,0.0000,0.0000,0.0000,0.0000,0.0000,0.0000,0.0000,0.0000,0.0000,0.0000,0.0000,0.0000,0.0000,0.0000,0.0000,0.0000,0.0000,0.0000,0.0000,0.0000,0.0000,0.0000,0.0000,0.0000,0.0000,0.0000,0.0000,0.0000,0.0000,0.0000,0.0000,0.0000,0.0000,0.0000,0.0000,0.0000,0.0000,0.0000,0.0000,0.0000,0.0000,0.0000,0.0000,0.0000,0.0000,0.0000,0.0000,0.0000,0.0000,0.0000,0.0000,0.0000,0.0000,0.0000,0.0000,0.0000,0.0000,0.0000,0.0000,0.0000,0.0000,0.0000,0.0000,0.0000,0.0000,0.0000,0.0000,0.0000,0.0000,0.0000,0.0000,0.0000,0.0000,0.0000,305.4340,294.8295,329.8880,350.2817,386.7708,445.8753,469.9236,504.2334,529.1232,555.3994,631.3488,632.2380,644.7296,643.0279,732.8260,761.2776,754.9031,791.8841,743.4352,789.3510,858.3435,823.3264,832.3094,819.1927,873.3555,851.3418,931.9348,956.0405,962.1650,974.7566,1011.1110,1029.3691,1092.2346,1073.7057,1094.6855,1014.8616,1081.3405,974.7167,986.0481,983.1003,939.4507,1023.7522,929.4567,907.5328,901.7073,893.6914,912.4164,949.9085,884.6199,877.5202,860.0982,854.2222,866.2919,933.9061,869.7974,939.2416,975.8192,978.3212,1003.1769,994.5313,1086.1719,1097.2515,1130.0543,1147.5636,1180.7606,1174.1066,1163.0657,1152.9207,1129.5948,1133.5200,1188.4980,1276.4504,1220.9827,1270.5212,1280.9684,1269.0482,1403.1602,1429.1121,1263.8453,1251.4762,1236.7435,1245.8904,1233.1719,1266.9030,1242.5653,1234.5225,1230.6525,1229.0159,1140.5355,1142.5826,1112.5149,1158.0505,1248.9304,1275.0807,1244.0424,1220.0068,1353.7573,1346.3835,1323.4277,1341.8560,1287.3639,1389.7184,1426.7312,1407.8374,1393.1328,1399.5596,1479.8312,1514.6746,1482.5432,1402.7689,1405.1752,1361.1415,1399.9532,1395.6655,1339.5782,1396.7498,1319.3893,1374.6589,1346.0010,1335.2853,1292.3296,1279.8149,1297.6373,1331.8163,1274.5961,1309.4758,1286.1163,1258.7596,1248.5356,1234.8512,1142.1632,1183.7406,1190.4203,1120.5551,1133.9585,1124.8265,1159.9182,1173.1730,1130.6675,1114.9274,1039.8826,1051.2407,1137.0057,1145.5991,1060.5959,1171.1351,1118.7716,1100.8876,1100.4174,1084.0704,1043.5417,1020.4762,1064.9458,997.3417,1011.7980,985.4526,924.2067,976.1658,917.8352,926.5480,894.6334,932.2133,925.6887,930.2776,870.4004,866.9897,830.9003,890.9788,861.7291,849.9720,826.4679,756.9866,771.4429,781.7861,798.7856,774.0338,783.9134,760.0214,814.9122,802.6473,783.3783,778.7276,787.7593,771.1326,815.5372,784.6313,753.9833,721.5427,722.3824,754.0522,687.2958,692.9547,644.5208,681.0676,607.3154,596.0475,588.4028,576.7440,583.8341,556.0012,523.8166,515.4556,495.1826,527.3372,513.4420,477.9281,482.7840,508.0838,509.7116,485.7712,427.5958,451.4916,469.3333,485.3995,418.7719,423.3339,411.4650,395.1591,424.6133,393.8153,0.0000,0.0000,0.0000,0.0000,0.0000,0.0000,0.0000,0.0000,0.0000,0.0000,0.0000,0.0000,0.0000,0.0000,0.0000,0.0000,0.0000,0.0000,0.0000,0.0000,0.0000,0.0000,0.0000,0.0000,0.0000,0.0000,0.0000,0.0000,0.0000,0.0000,0.0000,0.0000,0.0000,0.0000,0.0000,0.0000,0.0000,0.0000,0.0000,0.0000,0.0000,0.0000,0.0000,0.0000,0.0000,0.0000,0.0000,0.0000,0.0000,0.0000,0.0000,0.0000,0.0000,0.0000,0.0000,0.0000,0.0000,0.0000,0.0000,0.0000,0.0000,0.0000,0.0000,0.0000,0.0000,0.0000,0.0000,0.0000,0.0000,0.0000,0.0000,0.0000,0.0000,0.0000,0.0000,0.0000,0.0000,0.0000,0.0000,0.0000,0.0000,0.0000,0.0000,0.0000,0.0000,0.0000,0.0000,0.0000,0.0000,0.0000
0.0000,0.0000,0.0000,0.0000,0.0000,0.0000,0.0000,0.0000,0.0000,0.0000,0.0000,0.0000,0.0000,0.0000,0.0000,0.0000,0.0000,0.0000,0.0000,0.0000,0.0000,0.0000,0.0000,0.0000,0.0000,0.0000,0.0000,0.0000,0.0000,0.0000,0.0000,0.0000,0.0000,0.0000,0.0000,0.0000,0.0000,0.0000,0.0000,0.0000,0.0000,0.0000,0.0000,0.0000,0.0000,0.0000,0.0000,0.0000,0.0000,0.0000,0.0000,0.0000,0.0000,0.0000,0.0000,0.0000,0.0000,0.0000,0.0000,0.0000,0.0000,0.0000,0.0000,0.0000,0.0000,0.0000,0.0000,0.0000,0.0000,0.0000,0.0000,0.0000,0.0000,0.0000,0.0000,0.0000,0.0000,0.0000,0.0000,0.0000,0.0000,0.0000,0.0000,0.0000,0.0000,0.0000,0.0000,0.0000,266.8361,313.3037,282.3358,338.6728,384.0269,423.3351,422.1685,457.6165,467.1359,545.4907,631.8602,620.6107,642.0552,670.9798,683.7835,688.3029,701.6396,748.1534,803.7032,851.8568,828.3576,793.0834,772.7640,830.6133,855.5610,836.7175,858.2790,913.3629,936.3325,987.2437,973.5320,986.3441,1031.3989,1034.1310,1080.3638,1096.3241,1038.5818,1029.3699,1048.1477,1000.6080,1062.7292,1017.2705,966.0184,953.2472,991.6582,970.7108,985.1314,930.5259,877.2918,943.1463,894.2453,936.1522,913.0108,908.1960,912.5361,924.5959,947.2881,997.3593,978.1769,998.4280,1036.2511,1070.8062,1075.2755,1082.5710,1139.2880,1208.4160,1206.9238,1220.5570,1195.2714,1126.5687,1185.5739,1214.2583,1202.3422,1264.7876,1263.3024,1326.6113,1358.6072,1322.3363,1321.9357,1246.2775,1305.4661,1268.8354,1235.5125,1248.2457,1305.1919,1261.9122,1267.0496,1244.9989,1242.5601,1216.3092,1215.1187,1228.3477,1246.7249,1261.3502,1268.8781,1341.7329,1309.5032,1339.7324,1343.8596,1371.2958,1448.1199,1394.1210,1352.4340,1375.8792,1417.6104,1448.8632,1465.2479,1428.6488,1445.1986,1501.1075,1427.2552,1473.5542,1430.3795,1370.8618,1373.8647,1352.5000,1391.7858,1382.7577,1310.8964,1338.2245,1387.1234,1408.3068,1364.6975,1318.0927,1288.5005,1326.9659,1246.5099,1322.2438,1299.4187,1262.4086,1318.4312,1254.6628,1203.4458,1176.8912,1121.3971,1141.9576,1143.7889,1117.8629,1175.6035,1111.9080,1146.0195,1185.9375,1168.1770,1177.3845,1121.7247,1117.5784,1222.3857,1194.1294,1174.2550,1153.1674,1147.8330,1135.1771,1144.7994,1072.6693,1113.5209,1076.1825,982.0861,1059.5652,996.7346,977.4354,992.2690,979.3429,969.3758,979.0043,907.1851,931.9343,924.9673,921.4330,902.8575,894.2209,865.5816,913.1800,869.9738,851.4590,777.0707,781.1610,832.5418,779.4915,826.4026,804.0941,819.3933,838.1375,843.7018,804.0536,791.5122,795.5787,782.6417,760.3267,780.0841,779.4675,777.3784,747.8801,726.1613,698.1524,662.6981,689.3226,659.3190,648.6635,663.5474,590.4529,524.7068,579.4581,594.6411,531.0685,560.4252,508.4644,506.2699,539.7934,464.5150,555.1545,486.6516,453.4034,512.9139,504.5826,490.6616,427.8455,468.8654,455.7982,435.3080,397.3153,375.8849,362.7767,380.2438,366.3694,0.0000,0.0000,0.0000,0.0000,0.0000,0.0000,0.0000,0.0000,0.0000,0.0000,0.0000,0.0000,0.0000,0.0000,0.0000,0.0000,0.0000,0.0000,0.0000,0.0000,0.0000,0.0000,0.0000,0.0000,0.0000,0.0000,0.0000,0.0000,0.0000,0.0000,0.0000,0.0000,0.0000,0.0000,0.0000,0.0000,0.0000,0.0000,0.0000,0.0000,0.0000,0.0000,0.0000,0.0000,0.0000,0.0000,0.0000,0.0000,0.0000,0.0000,0.0000,0.0000,0.0000,0.0000,0.0000,0.0000,0.0000,0.0000,0.0000,0.0000,0.0000,0.0000,0.0000,0.0000,0.0000,0.0000,0.0000,0.0000,0.0000,0.0000,0.0000,0.0000,0.0000,0.0000,0.0000,0.0000,0.0000,0.0000,0.0000,0.0000,0.0000,0.0000,0.0000,0.0000,0.0000,0.0000,0.0000,0.0000
0.0000,0.0000,0.0000,0.0000,0.0000,0.0000,0.0000,0.0000,0.0000,0.0000,0.0000,0.0000,0.0000,0.0000,0.0000,0.0000,0.0000,0.0000,0.0000,0.0000,0.0000,0.0000,0.0000,0.0000,0.0000,0.0000,0.0000,0.0000,0.0000,0.0000,0.0000,0.0000,0.0000,0.0000,0.0000,0.0000,0.0000,0.0000,0.0000,0.0000,0.0000,0.0000,0.0000,0.0000,0.0000,0.0000,0.0000,0.0000,0.0000,0.0000,0.0000,0.0000,0.0000,0.0000,0.0000,0.0000,0.0000,0.0000,0.0000,0.0000,0.0000,0.0000,0.0000,0.0000,0.0000,0.0000,0.0000,0.0000,0.0000,0.0000,0.0000,0.0000,0.0000,0.0000,0.0000,0.0000,0.0000,0.0000,0.0000,0.0000,0.0000,0.0000,0.0000,0.0000,0.0000,0.0000,0.0000,272.6350,268.3292,320.4774,340.6010,376.0141,437.3183,460.8433,464.1852,520.7150,530.8077,590.8217,636.2953,689.4061,697.5294,687.4662,744.0834,818.4156,844.5229,843.4489,823.8292,829.8262,878.8685,887.4411,878.5765,873.8857,913.5244,906.6044,956.5072,985.0308,944.2718,943.2656,968.7530,1051.8555,1070.9893,1083.8260,1116.2830,1113.6635,998.6763,1001.0295,1052.0627,951.9672,1000.5966,1007.1704,1003.0422,1028.1564,926.4337,992.3677,955.8704,956.4205,943.3216,904.2280,925.9524,931.4972,918.8917,954.5342,975.3322,954.5971,969.8984,921.4258,981.3353,999.8318,984.6834,1086.9861,1165.4972,1110.1866,1197.1250,1197.3055,1211.3390,1246.7073,1223.2664,1195.8369,1156.7303,1214.3269,1255.0009,1272.9684,1280.4352,1217.2012,1278.2765,1353.2668,1356.0122,1304.9406,1281.1412,1273.7239,1245.8177,1283.8348,1255.1272,1266.9242,1283.8654,1283.0125,1253.9604,1273.6248,1200.8420,1283.8070,1303.6219,1261.7388,1336.1074,1298.5558,1338.8137,1419.3185,1434.8639,1430.5342,1393.0581,1421.1786,1427.9679,1438.0032,1429.1945,1396.5120,1406.2296,1428.5165,1522.2925,1463.5437,1465.3628,1398.0729,1432.1455,1460.6450,1411.5698,1343.1604,1363.1572,1354.5616,1401.4214,1421.6511,1395.4094,1385.2843,1455.6837,1326.7773,1305.9524,1315.2227,1290.2549,1405.5441,1377.9735,1326.6152,1287.5056,1267.3467,1235.9269,1174.9425,1189.8790,1168.4255,1136.0950,1147.8958,1235.8865,1182.0479,1218.6744,1183.7957,1183.0664,1202.0740,1173.3848,1196.6786,1171.4053,1172.6431,1226.0845,1198.1630,1147.1241,1180.3842,1113.1664,1097.2573,1105.7550,1065.6736,1044.3927,1078.0996,1098.5243,1050.1553,1047.0963,975.4254,1021.9929,1032.4706,996.1712,980.2013,921.3766,968.3170,954.7967,953.0011,941.2454,854.6945,841.7317,854.9887,808.6210,864.4533,853.8524,761.8456,827.0811,824.6247,815.8347,813.1786,852.4179,806.1844,885.5639,819.3762,816.3918,871.9265,845.5202,812.3599,810.0958,777.9341,716.5723,659.4218,728.5305,753.4105,668.6255,660.8659,621.9553,635.2849,616.6673,589.5598,565.4504,555.9946,544.1686,528.9703,543.5018,522.4832,522.7426,481.0098,471.3884,473.3150,501.0134,478.8549,480.1161,425.8115,475.2039,429.2993,443.6559,406.8046,389.0997,425.6205,406.1624,392.0639,390.1070,0.0000,0.0000,0.0000,0.0000,0.0000,0.0000,0.0000,0.0000,0.0000,0.0000,0.0000,0.0000,0.0000,0.0000,0.0000,0.0000,0.0000,0.0000,0.0000,0.0000,0.0000,0.0000,0.0000,0.0000,0.0000,0.0000,0.0000,0.0000,0.0000,0.0000,0.0000,0.0000,0.0000,0.0000,0.0000,0.0000,0.0000,0.0000,0.0000,0.0000,0.0000,0.0000,0.0000,0.0000,0.0000,0.0000,0.0000,0.0000,0.0000,0.0000,0.0000,0.0000,0.0000,0.0000,0.0000,0.0000,0.0000,0.0000,0.0000,0.0000,0.0000,0.0000,0.0000,0.0000,0.0000,0.0000,0.0000,0.0000,0.0000,0.0000,0.0000,0.0000,0.0000,0.0000,0.0000,0.0000,0.0000,0.0000,0.0000,0.0000,0.0000,0.0000,0.0000,0.0000,0.0000,0.0000,0.0000
0.0000,0.0000,0.0000,0.0000,0.0000,0.0000,0.0000,0.0000,0.0000,0.0000,0.0000,0.0000,0.0000,0.0000,0.0000,0.0000,0.0000,0.0000,0.0000,0.0000,0.0000,0.0000,0.0000,0.0000,0.0000,0.0000,0.0000,0.0000,0.0000,0.0000,0.0000,0.0000,0.0000,0.0000,0.0000,0.0000,0.0000,0.0000,0.0000,0.0000,0.0000,0.0000,0.0000,0.0000,0.0000,0.0000,0.0000,0.0000,0.0000,0.0000,0.0000,0.0000,0.0000,0.0000,0.0000,0.0000,0.0000,0.0000,0.0000,0.0000,0.0000,0.0000,0.0000,0.0000,0.0000,0.0000,0.0000,0.0000,0.0000,0.0000,0.0000,0.0000,0.0000,0.0000,0.0000,0.0000,0.0000,0.0000,0.0000,0.0000,0.0000,0.0000,0.0000,0.0000,0.0000,0.0000,281.6149,339.6291,345.1453,390.4312,411.1688,416.4843,431.6859,451.4641,477.5642,585.1331,619.2501,663.4972,686.0729,695.7701,725.7989,825.4985,884.4734,809.1544,815.7521,897.1343,855.5246,880.5425,861.8628,981.7147,921.7722,1025.4478,946.5781,915.2766,959.1776,964.4127,1020.9782,1091.0266,1048.1886,1103.4261,1128.7893,1082.5857,1072.5670,1046.2759,999.5915,1020.3823,1043.9780,1070.5958,1065.9199,992.6707,1032.5529,1014.6793,1031.8925,983.9449,954.2278,1037.7169,1012.7690,1022.7657,1052.7971,937.2547,972.4469,1061.7673,1004.7698,990.0323,1042.7283,979.0431,1094.9929,1144.5778,1172.9319,1115.0491,1127.1331,1151.4967,1206.7512,1291.5004,1216.2587,1277.8162,1262.4609,1285.2791,1227.8027,1235.4602,1222.0454,1260.1940,1308.6111,1317.1809,1329.3730,1326.5507,1321.1034,1376.4261,1363.7084,1271.7854,1282.9850,1297.5605,1307.6874,1345.4135,1359.2721,1300.6991,1363.3031,1388.8008,1322.9237,1279.6136,1279.7524,1314.7892,1341.1447,1421.5820,1412.9624,1365.4476,1427.7330,1501.1305,1422.7184,1424.0034,1429.7274,1402.2037,1438.5439,1464.9823,1371.5393,1430.1042,1431.4769,1471.3502,1508.0234,1456.6996,1365.5587,1400.4828,1352.8127,1403.0330,1419.5281,1366.8223,1391.5244,1441.6530,1444.5957,1402.3439,1395.3395,1397.2064,1452.8462,1464.4185,1450.5848,1331.0039,1377.9434,1385.9760,1360.6044,1290.8280,1274.2552,1223.3824,1253.8916,1195.0518,1237.1848,1233.7491,1169.6843,1190.4031,1237.6700,1214.5323,1164.1451,1176.2931,1182.1317,1275.1080,1286.9368,1254.7548,1274.7123,1215.5571,1194.3757,1181.4341,1213.7393,1178.6252,1133.1827,1171.0813,1149.0344,1103.7745,1144.8094,1114.6984,1112.6492,1096.0642,1077.8394,1025.0704,988.1232,1050.1320,1006.9026,1028.6169,943.4908,919.1192,944.0416,909.0299,898.2739,879.7645,902.2702,894.8046,852.8516,818.6044,848.6686,841.7031,843.0799,826.6830,840.0286,934.6215,875.3362,898.1122,866.2127,838.9874,824.5856,832.9028,814.3829,843.8734,828.8959,784.2159,752.0959,721.8428,738.9944,720.1815,639.8483,625.2465,678.6978,611.6346,617.7681,612.6580,542.2359,622.4141,561.7764,544.7141,522.4189,528.4534,479.3727,478.9597,504.2931,494.0141,468.2350,443.2152,458.1573,417.3911,446.5559,432.6762,417.1365,427.2071,414.1994,373.0090,351.2374,353.8139,0.0000,0.0000,0.0000,0.0000,0.0000,0.0000,0.0000,0.0000,0.0000,0.0000,0.0000,0.0000,0.0000,0.0000,0.0000,0.0000,0.0000,0.0000,0.0000,0.0000,0.0000,0.0000,0.0000,0.0000,0.0000,0.0000,0.0000,0.0000,0.0000,0.0000,0.0000,0.0000,0.0000,0.0000,0.0000,0.0000,0.0000,0.0000,0.0000,0.0000,0.0000,0.0000,0.0000,0.0000,0.0000,0.0000,0.0000,0.0000,0.0000,0.0000,0.0000,0.0000,0.0000,0.0000,0.0000,0.0000,0.0000,0.0000,0.0000,0.0000,0.0000,0.0000,0.0000,0.0000,0.0000,0.0000,0.0000,0.0000,0.0000,0.0000,0.0000,0.0000,0.0000,0.0000,0.0000,0.0000,0.0000,0.0000,0.0000,0.0000,0.0000,0.0000,0.0000,0.0000,0.0000,0.0000
0.0000,0.0000,0.0000,0.0000,0.0000,0.0000,0.0000,0.0000,0.0000,0.0000,0.0000,0.0000,0.0000,0.0000,0.0000,0.0000,0.0000,0.0000,0.0000,0.0000,0.0000,0.0000,0.0000,0.0000,0.0000,0.0000,0.0000,0.0000,0.0000,0.0000,0.0000,0.0000,0.0000,0.0000,0.0000,0.0000,0.0000,0.0000,0.0000,0.0000,0.0000,0.0000,0.0000,0.0000,0.0000,0.0000,0.0000,0.0000,0.0000,0.0000,0.0000,0.0000,0.0000,0.0000,0.0000,0.0000,0.0000,0.0000,0.0000,0.0000,0.0000,0.0000,0.0000,0.0000,0.0000,0.0000,0.0000,0.0000,0.0000,0.0000,0.0000,0.0000,0.0000,0.0000,0.0000,0.0000,0.0000,0.0000,0.0000,0.0000,0.0000,0.0000,0.0000,0.0000,0.0000,268.6196,334.6890,366.8705,379.3452,394.8769,416.5552,432.8437,477.8639,554.9705,627.3118,613.0527,682.5836,706.1067,702.6346,751.8306,773.1417,802.7083,879.3577,909.9173,873.7219,904.3049,904.7565,933.9700,956.9482,929.0935,941.6033,920.1000,971.7388,1017.1730,1010.8773,923.7198,1052.0604,1074.1646,1115.0806,1101.0569,1126.2947,1070.0928,1030.0332,1105.1213,1101.7821,1034.9065,1078.8441,1046.0431,1006.9683,1046.4489,1029.9342,1010.1450,998.6521,1017.9371,1007.8771,1071.1012,958.7965,1039.9224,1077.2433,1051.9052,1056.9769,1047.9617,1098.5771,1073.3104,1096.1960,1099.7625,1109.2217,1068.0811,1157.6260,1138.8755,1127.8848,1214.1625,1218.7693,1274.3540,1324.9297,1228.8241,1224.9938,1235.1871,1246.6544,1242.0864,1271.0193,1239.2432,1333.9301,1284.7917,1356.1233,1386.2405,1331.0659,1377.2004,1368.4030,1323.2809,1324.2445,1331.9650,1367.1495,1386.6230,1450.6897,1408.3163,1379.7742,1341.8518,1358.3679,1354.1581,1389.6393,1395.2872,1360.9824,1380.7294,1477.2936,1387.0953,1484.0691,1384.2020,1395.7913,1505.9521,1494.5873,1429.5168,1454.3351,1414.9248,1396.6895,1492.7576,1462.1868,1409.7380,1416.1168,1425.6981,1439.5784,1445.3378,1381.4993,1387.3560,1404.2080,1437.7122,1355.4187,1426.6041,1449.3583,1452.5459,1491.4581,1491.0762,1496.8816,1480.3279,1514.9230,1410.3082,1422.2908,1378.8390,1397.4557,1375.7479,1335.4034,1275.7056,1248.5370,1256.9495,1223.7921,1272.1859,1304.5594,1274.9318,1289.4835,1315.0697,1327.7610,1254.1328,1235.4851,1268.6838,1289.1141,1314.5232,1233.7325,1228.0704,1217.8878,1212.9896,1230.7675,1240.7321,1128.5648,1139.1881,1160.3846,1112.7280,1160.0818,1104.1990,1061.5222,1125.6620,1138.2866,1095.5935,1086.8834,1024.5248,1020.6156,1041.5580,1009.0676,982.8604,903.7082,942.2480,924.0576,963.4969,908.2206,798.2812,822.3845,892.5023,905.3340,909.0850,912.8816,869.8466,940.8956,890.6045,887.9414,921.2224,853.9261,892.9725,897.6295,868.1436,863.4246,882.7914,833.1065,749.8467,826.8801,793.4294,707.6834,744.0774,737.9193,752.9679,645.4087,623.8907,636.6436,612.3665,600.8594,563.2227,548.0051,579.3621,535.6984,557.1724,536.8365,470.3361,477.1909,477.4992,435.8355,446.4285,459.8601,462.5361,467.4234,400.6307,385.7745,386.4008,366.7346,372.3636,355.7220,370.3477,335.3268,0.0000,0.0000,0.0000,0.0000,0.0000,0.0000,0.0000,0.0000,0.0000,0.0000,0.0000,0.0000,0.0000,0.0000,0.0000,0.0000,0.0000,0.0000,0.0000,0.0000,0.0000,0.0000,0.0000,0.0000,0.0000,0.0000,0.0000,0.0000,0.0000,0.0000,0.0000,0.0000,0.0000,0.0000,0.0000,0.0000,0.0000,0.0000,0.0000,0.0000,0.0000,0.0000,0.0000,0.0000,0.0000,0.0000,0.0000,0.0000,0.0000,0.0000,0.0000,0.0000,0.0000,0.0000,0.0000,0.0000,0.0000,0.0000,0.0000,0.0000,0.0000,0.0000,0.0000,0.0000,0.0000,0.0000,0.0000,0.0000,0.0000,0.0000,0.0000,0.0000,0.0000,0.0000,0.0000,0.0000,0.0000,0.0000,0.0000,0.0000,0.0000,0.0000,0.0000,0.0000,0.0000
0.0000,0.0000,0.0000,0.0000,0.0000,0.0000,0.0000,0.0000,0.0000,0.0000,0.0000,0.0000,0.0000,0.0000,0.0000,0.0000,0.0000,0.0000,0.0000,0.0000,0.0000,0.0000,0.0000,0.0000,0.0000,0.0000,0.0000,0.0000,0.0000,0.0000,0.0000,0.0000,0.0000,0.0000,0.0000,0.0000,0.0000,0.0000,0.0000,0.0000,0.0000,0.0000,0.0000,0.0000,0.0000,0.0000,0.0000,0.0000,0.0000,0.0000,0.0000,0.0000,0.0000,0.0000,0.0000,0.0000,0.0000,0.0000,0.0000,0.0000,0.0000,0.0000,0.0000,0.0000,0.0000,0.0000,0.0000,0.0000,0.0000,0.0000,0.0000,0.0000,0.0000,0.0000,0.0000,0.0000,0.0000,0.0000,0.0000,0.0000,0.0000,0.0000,0.0000,0.0000,344.6525,321.7756,302.4149,409.4262,419.7723,456.9725,448.4923,505.0367,510.9023,578.3444,604.1541,620.9795,638.1232,715.3301,715.3034,789.7778,808.9365,888.7552,914.8678,910.7924,919.6561,960.3451,947.4783,931.1207,939.2214,1012.0023,995.0541,958.4055,963.5269,977.6803,982.2247,1035.6659,1091.0701,1061.8409,1114.4965,1108.2717,1161.6808,1146.7843,1071.1537,1074.6533,1053.2657,1066.3844,1062.8407,1023.7379,1053.8893,1096.1857,1057.2169,1090.6495,1086.4501,1034.3437,1068.3853,1040.3542,1075.9059,1085.2705,1002.6080,1107.6246,1111.2777,1115.6119,1167.2207,1130.4177,1124.1301,1181.8230,1154.6356,1155.3192,1187.3630,1168.5620,1248.3818,1250.5114,1192.5931,1210.1140,1234.0702,1242.7484,1210.6926,1214.6207,1234.3823,1287.7007,1234.8896,1300.9109,1325.0464,1285.7363,1275.5077,1354.6849,1375.0940,1428.7124,1331.0734,1342.3550,1361.6338,1414.4690,1429.4509,1339.7948,1408.1959,1459.2031,1415.0470,1446.4436,1425.9990,1458.6960,1466.9341,1511.4158,1406.0844,1390.1823,1391.7815,1409.3367,1457.1403,1484.8254,1526.6228,1499.9391,1479.2382,1448.9099,1405.0735,1395.0277,1394.3495,1404.0437,1460.8983,1455.7983,1334.5559,1428.0265,1426.1135,1435.5895,1415.1672,1366.4449,1369.0066,1383.7708,1428.0739,1500.5782,1484.0568,1455.5214,1489.4293,1570.1003,1512.5220,1498.9539,1470.4155,1518.4653,1509.9849,1503.2960,1455.4885,1383.9404,1385.7361,1339.6222,1288.4619,1274.9432,1296.7411,1311.5942,1320.6235,1333.2373,1281.6179,1299.3564,1260.2551,1248.4507,1307.0707,1280.4551,1266.4353,1300.8768,1259.3519,1306.9561,1220.4586,1161.1195,1194.5436,1178.1202,1260.4126,1158.0912,1188.2498,1184.9766,1209.8035,1208.0740,1156.8020,1123.2601,1137.1769,1067.9445,1080.5138,1066.3475,1051.2152,992.3613,1050.3523,996.6757,955.6070,969.0486,916.5366,889.8964,993.3601,930.3713,914.5837,901.2081,880.0970,944.9951,954.3416,881.3097,890.6261,881.3218,930.7672,896.1049,914.0354,909.2454,901.5862,903.6495,904.4839,859.4420,838.3706,802.0744,841.6036,881.9037,793.9207,740.1688,752.0864,705.9099,692.0364,659.9503,621.7932,629.9669,670.6785,610.1143,597.0311,592.0447,538.0178,532.4152,525.7694,518.9276,476.4797,484.9758,446.5110,487.5332,452.6357,451.4852,409.5981,402.2640,391.2766,354.0094,333.5474,375.8739,376.8630,354.8555,326.5787,308.6145,0.0000,0.0000,0.0000,0.0000,0.0000,0.0000,0.0000,0.0000,0.0000,0.0000,0.0000,0.0000,0.0000,0.0000,0.0000,0.0000,0.0000,0.0000,0.0000,0.0000,0.0000,0.0000,0.0000,0.0000,0.0000,0.0000,0.0000,0.0000,0.0000,0.0000,0.0000,0.0000,0.0000,0.0000,0.0000,0.0000,0.0000,0.0000,0.0000,0.0000,0.0000,0.0000,0.0000,0.0000,0.0000,0.0000,0.0000,0.0000,0.0000,0.0000,0.0000,0.0000,0.0000,0.0000,0.0000,0.0000,0.0000,0.0000,0.0000,0.0000,0.0000,0.0000,0.0000,0.0000,0.0000,0.0000,0.0000,0.0000,0.0000,0.0000,0.0000,0.0000,0.0000,0.0000,0.0000,0.0000,0.0000,0.0000,0.0000,0.0000,0.0000,0.0000,0.0000,0.0000
0.0000,0.0000,0.0000,0.0000,0.0000,0.0000,0.0000,0.0000,0.0000,0.0000,0.0000,0.0000,0.0000,0.0000,0.0000,0.0000,0.0000,0.0000,0.0000,0.0000,0.0000,0.0000,0.0000,0.0000,0.0000,0.0000,0.0000,0.0000,0.0000,0.0000,0.0000,0.0000,0.0000,0.0000,0.0000,0.0000,0.0000,0.0000,0.0000,0.0000,0.0000,0.0000,0.0000,0.0000,0.0000,0.0000,0.0000,0.0000,0.0000,0.0000,0.0000,0.0000,0.0000,0.0000,0.0000,0.0000,0.0000,0.0000,0.0000,0.0000,0.0000,0.0000,0.0000,0.0000,0.0000,0.0000,0.0000,0.0000,0.0000,0.0000,0.0000,0.0000,0.0000,0.0000,0.0000,0.0000,0.0000,0.0000,0.0000,0.0000,0.0000,0.0000,316.3213,329.0495,309.7553,367.0627,391.6332,433.8867,443.7638,471.4492,520.6421,527.5278,604.5870,607.6344,636.1490,651.1647,737.7848,783.1468,831.2294,841.6891,846.0359,927.5868,913.0787,948.3116,941.0092,911.1011,1007.2767,964.5907,998.6695,1044.7194,1042.8237,992.7290,1029.7666,1017.6298,1029.1741,1009.3958,1058.5708,1151.9862,1176.7916,1150.9059,1152.7026,1117.5735,1124.8866,1103.5856,1069.4833,1059.8574,1010.8430,1080.0289,1090.3428,1106.3384,1071.6487,1090.0856,1127.0192,1167.5042,1080.0811,1099.8107,1093.5995,1162.7657,1173.1470,1201.0906,1246.1886,1195.8615,1224.0836,1173.6249,1195.7327,1241.2543,1197.7217,1206.2555,1267.8732,1151.4427,1211.2432,1243.1299,1184.6168,1205.6300,1164.8041,1236.1383,1250.6064,1282.7291,1298.1969,1257.0599,1278.3990,1249.4489,1285.0133,1330.4487,1317.1606,1345.6157,1426.4756,1443.3602,1402.6057,1444.9354,1340.8680,1366.5538,1475.4857,1521.3290,1549.6503,1560.9866,1488.3392,1482.1029,1543.6475,1458.2152,1437.9038,1426.5804,1425.1931,1480.7496,1486.7360,1459.7665,1447.6821,1498.5571,1526.6862,1523.7799,1507.5459,1409.6732,1427.7814,1474.3441,1442.1625,1413.5939,1426.6294,1433.5372,1417.5857,1491.0681,1386.3978,1390.5848,1441.9127,1462.0732,1510.0593,1450.9075,1399.3328,1502.1349,1518.3555,1498.6074,1519.2775,1524.9746,1579.1313,1666.9512,1607.6401,1575.1543,1562.7504,1535.2688,1528.6891,1393.7683,1406.4385,1372.3907,1309.4062,1339.3435,1364.7312,1301.3014,1333.3284,1352.2899,1312.4799,1362.6589,1295.5709,1236.9347,1292.5701,1280.9724,1335.9141,1311.0479,1257.8665,1214.3995,1234.0955,1245.7124,1254.5345,1236.0471,1201.6266,1227.5887,1218.7780,1220.5894,1181.4797,1188.9877,1172.6099,1191.3838,1225.0947,1198.9429,1111.2958,1128.6080,1104.2980,1062.5916,1075.9806,992.3030,948.3211,1008.0007,1012.8134,938.9406,964.8954,945.2570,985.7748,979.4990,949.1309,953.3100,932.9309,941.8358,931.5797,951.7237,963.6372,928.6891,921.7170,947.6533,922.9012,897.3307,926.1607,898.8188,934.7535,888.0242,846.8388,821.2216,818.7172,763.5419,758.0223,742.6368,677.1866,755.5068,667.3917,622.2582,606.8457,598.1091,657.3116,563.1539,603.1364,588.7586,575.1289,562.7227,541.0428,478.0624,444.0540,467.3141,452.9933,468.5465,425.7309,384.4953,373.1656,361.2878,389.1197,354.3012,369.2149,387.4161,376.2768,349.7549,316.5448,318.0465,0.0000,0.0000,0.0000,0.0000,0.0000,0.0000,0.0000,0.0000,0.0000,0.0000,0.0000,0.0000,0.0000,0.0000,0.0000,0.0000,0.0000,0.0000,0.0000,0.0000,0.0000,0.0000,0.0000,0.0000,0.0000,0.0000,0.0000,0.0000,0.0000,0.0000,0.0000,0.0000,0.0000,0.0000,0.0000,0.0000,0.0000,0.0000,0.0000,0.0000,0.0000,0.0000,0.0000,0.0000,0.0000,0.0000,0.0000,0.0000,0.0000,0.0000,0.0000,0.0000,0.0000,0.0000,0.0000,0.0000,0.0000,0.0000,0.0000,0.0000,0.0000,0.0000,0.0000,0.0000,0.0000,0.0000,0.0000,0.0000,0.0000,0.0000,0.0000,0.0000,0.0000,0.0000,0.0000,0.0000,0.0000,0.0000,0.0000,0.0000,0.0000,0.0000
0.0000,0.0000,0.0000,0.0000,0.0000,0.0000,0.0000,0.0000,0.0000,0.0000,0.0000,0.0000,0.0000,0.0000,0.0000,0.0000,0.0000,0.0000,0.0000,0.0000,0.0000,0.0000,0.0000,0.0000,0.0000,0.0000,0.0000,0.0000,0.0000,0.0000,0.0000,0.0000,0.0000,0.0000,0.0000,0.0000,0.0000,0.0000,0.0000,0.0000,0.0000,0.0000,0.0000,0.0000,0.0000,0.0000,0.0000,0.0000,0.0000,0.0000,0.0000,0.0000,0.0000,0.0000,0.0000,0.0000,0.0000,0.0000,0.0000,0.0000,0.0000,0.0000,0.0000,0.0000,0.0000,0.0000,0.0000,0.0000,0.0000,0.0000,0.0000,0.0000,0.0000,0.0000,0.0000,0.0000,0.0000,0.0000,0.0000,0.0000,0.0000,272.2775,312.1903,402.2265,363.8917,419.6049,452.0916,477.0975,490.0998,554.6326,582.6393,650.1500,625.9453,680.7451,719.3010,784.5925,818.3837,825.8571,870.6573,837.7142,920.9344,972.9514,941.9037,1018.2908,1017.0594,966.7963,1000.6902,1001.6179,1040.0980,1047.4320,1027.6388,995.8111,1024.5818,1043.1757,1048.0884,1037.8851,1089.8462,1114.7670,1198.4843,1128.3363,1129.0011,1096.1902,1136.2379,1109.6631,1138.1528,1095.1320,1073.5857,1114.0045,1132.7169,1082.1873,1121.0476,1101.1206,1134.1115,1240.5404,1218.0111,1135.5166,1183.5023,1150.0825,1155.0815,1286.4481,1320.3625,1288.4548,1310.5521,1338.0350,1304.6827,1307.7692,1247.9310,1243.0925,1203.7734,1252.5269,1241.5126,1183.8503,1241.7380,1209.0210,1242.6199,1256.4897,1260.0209,1290.1462,1283.2704,1295.1219,1350.5471,1351.3568,1308.5017,1428.9191,1399.1488,1411.5059,1441.8800,1446.5100,1428.9736,1445.6180,1482.5483,1470.7534,1488.4994,1539.3182,1592.1964,1575.6270,1503.5881,1500.1692,1529.9556,1566.6584,1576.0945,1543.3090,1533.6793,1484.7454,1496.8143,1539.7457,1486.4762,1494.0712,1510.6707,1469.0785,1595.6119,1495.6444,1394.8978,1453.1438,1413.2941,1444.6899,1472.1582,1436.7291,1489.6123,1487.8221,1519.6278,1524.2634,1519.9703,1486.0117,1468.6693,1521.4816,1511.2788,1505.0089,1475.3329,1543.8518,1623.0681,1645.6320,1645.9838,1605.7474,1625.3451,1668.9507,1581.9880,1553.4285,1519.8549,1434.1500,1524.4956,1485.2134,1359.5214,1353.7509,1364.7183,1351.3706,1430.6978,1316.2592,1353.7249,1344.3848,1375.1088,1379.8826,1354.2815,1330.9431,1248.6011,1310.1281,1346.1198,1245.2744,1249.1331,1336.7095,1295.8901,1267.6139,1219.4058,1231.6925,1218.0168,1278.7418,1226.0205,1307.4642,1243.9941,1204.6429,1239.6007,1190.1660,1127.2347,1144.8250,1074.8058,1094.1625,1105.4404,1010.6778,1061.0538,1035.4674,991.3995,974.3478,1008.7498,949.3981,928.7065,970.4249,1007.9581,952.8641,945.3346,971.7765,950.3716,988.0032,956.2004,928.7252,963.9147,981.8218,927.1331,987.1599,914.6318,949.4142,970.2230,938.3754,824.5267,848.9009,812.9747,810.4519,813.4656,829.7589,778.7717,708.9366,672.5662,683.0638,651.9382,635.3705,632.9475,664.4572,640.9554,567.3637,572.0851,555.0779,484.3315,486.7698,485.9101,469.9051,489.0891,413.8316,411.6758,370.3218,386.8822,351.2180,369.2698,381.4197,336.1721,389.0395,360.3182,396.9049,408.6550,359.3646,338.6371,0.0000,0.0000,0.0000,0.0000,0.0000,0.0000,0.0000,0.0000,0.0000,0.0000,0.0000,0.0000,0.0000,0.0000,0.0000,0.0000,0.0000,0.0000,0.0000,0.0000,0.0000,0.0000,0.0000,0.0000,0.0000,0.0000,0.0000,0.0000,0.0000,0.0000,0.0000,0.0000,0.0000,0.0000,0.0000,0.0000,0.0000,0.0000,0.0000,0.0000,0.0000,0.0000,0.0000,0.0000,0.0000,0.0000,0.0000,0.0000,0.0000,0.0000,0.0000,0.0000,0.0000,0.0000,0.0000,0.0000,0.0000,0.0000,0.0000,0.0000,0.0000,0.0000,0.0000,0.0000,0.0000,0.0000,0.0000,0.0000,0.0000,0.0000,0.0000,0.0000,0.0000,0.0000,0.0000,0.0000,0.0000,0.0000,0.0000,0.0000,0.0000
0.0000,0.0000,0.0000,0.0000,0.0000,0.0000,0.0000,0.0000,0.0000,0.0000,0.0000,0.0000,0.0000,0.0000,0.0000,0.0000,0.0000,0.0000,0.0000,0.0000,0.0000,0.0000,0.0000,0.0000,0.0000,0.0000,0.0000,0.0000,0.0000,0.0000,0.0000,0.0000,0.0000,0.0000,0.0000,0.0000,0.0000,0.0000,0.0000,0.0000,0.0000,0.0000,0.0000,0.0000,0.0000,0.0000,0.0000,0.0000,0.0000,0.0000,0.0000,0.0000,0.0000,0.0000,0.0000,0.0000,0.0000,0.0000,0.0000,0.0000,0.0000,0.0000,0.0000,0.0000,0.0000,0.0000,0.0000,0.0000,0.0000,0.0000,0.0000,0.0000,0.0000,0.0000,0.0000,0.0000,0.0000,0.0000,0.0000,0.0000,357.8421,336.4715,348.8478,410.7420,376.9298,439.6989,536.3111,498.0390,534.5173,598.5729,592.4083,649.1636,734.8086,696.2076,741.5948,766.7361,866.8372,867.2742,902.6733,885.5748,1002.1997,992.0236,1005.5216,1014.7375,1018.6937,1047.2208,1036.7966,1046.4656,1049.2446,1016.9493,1070.8981,1054.1882,1019.4317,1062.5743,1050.1729,1046.9047,1106.6691,1087.6595,1142.8655,1160.7874,1188.9902,1154.8882,1119.8832,1105.4056,1100.6654,1153.2754,1076.3127,1092.4178,1103.4292,1097.2990,1178.5333,1172.1971,1195.7791,1190.6571,1211.5562,1194.4978,1254.7769,1248.1594,1313.5343,1274.9602,1375.0420,1387.2565,1384.5104,1317.1061,1335.6042,1367.4012,1299.4949,1313.5104,1249.4939,1257.3257,1201.3087,1264.2021,1253.3116,1211.1189,1170.6422,1218.6339,1282.5609,1326.5209,1314.2067,1317.4174,1406.8591,1376.9065,1373.5370,1364.2211,1388.9878,1400.8413,1480.1133,1529.4122,1567.9780,1509.3094,1545.8455,1551.8976,1558.7765,1619.3401,1557.8437,1560.8083,1620.6221,1605.6871,1641.9860,1620.1725,1588.9435,1583.6709,1620.2871,1473.6927,1539.8506,1498.5151,1494.4390,1609.6210,1536.0010,1534.9182,1537.1406,1547.6841,1487.9069,1456.0004,1465.1322,1476.5500,1491.0828,1543.4222,1556.7894,1512.7404,1482.8804,1526.0574,1557.8304,1544.6154,1515.4558,1569.7262,1563.7345,1571.5966,1579.1074,1639.0800,1571.7522,1641.4442,1634.0730,1555.5190,1678.1952,1620.8792,1644.5463,1617.6802,1576.1533,1496.5791,1528.6219,1487.0959,1439.0613,1429.3466,1401.0524,1424.0343,1438.2517,1508.2349,1440.3594,1367.6555,1363.1920,1392.8357,1362.2245,1454.1837,1336.9070,1312.7255,1353.6331,1252.3719,1305.3364,1291.1823,1226.8772,1261.3214,1264.2214,1263.3386,1328.4865,1284.6184,1272.5953,1351.9390,1317.6696,1227.5216,1212.8094,1252.7268,1184.8929,1207.8944,1179.3735,1125.7949,1104.1571,1071.3848,1071.5605,1076.8628,1039.9424,992.3126,982.0765,1082.0964,1018.6694,983.6143,1004.7964,981.9369,980.8245,974.7416,920.5605,976.5734,975.5619,944.9192,982.3633,974.4440,950.3574,993.7506,977.7269,965.9014,944.0355,940.0731,916.6959,948.7479,935.6698,905.6562,805.4664,848.2661,763.3891,737.9820,717.0173,704.9605,735.0393,701.6246,688.5767,615.6266,633.8585,593.4485,579.6057,597.4901,534.9937,537.8882,480.5820,474.2729,484.5981,456.0258,390.8928,418.1041,387.0257,389.3391,372.2145,344.1181,323.6164,410.9151,388.5695,364.4093,322.2453,330.9875,336.4741,372.4367,0.0000,0.0000,0.0000,0.0000,0.0000,0.0000,0.0000,0.0000,0.0000,0.0000,0.0000,0.0000,0.0000,0.0000,0.0000,0.0000,0.0000,0.0000,0.0000,0.0000,0.0000,0.0000,0.0000,0.0000,0.0000,0.0000,0.0000,0.0000,0.0000,0.0000,0.0000,0.0000,0.0000,0.0000,0.0000,0.0000,0.0000,0.0000,0.0000,0.0000,0.0000,0.0000,0.0000,0.0000,0.0000,0.0000,0.0000,0.0000,0.0000,0.0000,0.0000,0.0000,0.0000,0.0000,0.0000,0.0000,0.0000,0.0000,0.0000,0.0000,0.0000,0.0000,0.0000,0.0000,0.0000,0.0000,0.0000,0.0000,0.0000,0.0000,0.0000,0.0000,0.0000,0.0000,0.0000,0.0000,0.0000,0.0000,0.0000,0.0000
0.0000,0.0000,0.0000,0.0000,0.0000,0.0000,0.0000,0.0000,0.0000,0.0000,0.0000,0.0000,0.0000,0.0000,0.0000,0.0000,0.0000,0.0000,0.0000,0.0000,0.0000,0.0000,0.0000,0.0000,0.0000,0.0000,0.0000,0.0000,0.0000,0.0000,0.0000,0.0000,0.0000,0.0000,0.0000,0.0000,0.0000,0.0000,0.0000,0.0000,0.0000,0.0000,0.0000,0.0000,0.0000,0.0000,0.0000,0.0000,0.0000,0.0000,0.0000,0.0000,0.0000,0.0000,0.0000,0.0000,0.0000,0.0000,0.0000,0.0000,0.0000,0.0000,0.0000,0.0000,0.0000,0.0000,0.0000,0.0000,0.0000,0.0000,0.0000,0.0000,0.0000,0.0000,0.0000,0.0000,0.0000,0.0000,0.0000,336.7754,332.2262,369.1163,442.2115,420.9950,454.1325,497.4167,457.0251,548.1780,582.8182,636.6854,654.3044,723.2933,781.2399,770.8184,834.5388,858.4928,902.5237,934.5731,889.6744,932.1791,951.6089,1045.4854,1051.8224,1079.8885,1035.0677,990.0448,1014.4251,1089.4270,1127.0896,1043.6730,1072.8114,1049.9900,1042.5480,1027.2137,1001.7225,1006.1381,1102.2218,1099.7844,1160.6754,1192.7649,1154.3308,1125.2394,1132.6521,1112.4618,1119.3638,1096.9785,1109.1761,1128.0513,1189.8433,1185.9114,1177.8381,1225.1504,1181.8417,1229.0570,1263.4546,1204.6669,1292.0847,1327.8649,1345.1514,1404.2241,1379.9651,1432.7574,1378.5637,1415.5808,1366.5745,1352.5566,1375.4301,1322.6780,1327.8424,1287.5513,1283.2200,1255.7015,1238.2546,1216.1569,1184.9069,1232.3552,1234.3889,1326.4369,1334.8082,1351.2911,1387.4778,1375.0059,1386.3291,1397.8395,1436.7596,1538.9486,1524.9712,1585.4585,1583.2582,1506.9344,1523.3561,1588.7150,1572.5522,1655.6172,1629.1414,1602.1942,1637.0740,1598.1055,1638.0232,1596.0984,1550.6564,1557.9580,1505.8737,1518.3629,1549.7246,1552.6150,1526.5840,1538.4519,1586.3531,1577.4202,1503.7556,1486.8564,1524.8810,1587.5256,1599.6956,1586.2192,1506.2689,1594.2623,1616.7655,1587.7648,1654.9486,1553.2963,1530.3390,1612.0101,1641.6890,1603.8032,1565.5167,1510.7820,1601.3127,1627.4518,1625.9230,1618.5129,1604.5315,1673.7303,1744.4792,1656.3336,1608.0229,1597.5950,1541.8112,1530.4752,1477.1927,1476.9933,1459.2251,1469.3018,1515.7650,1507.3105,1433.8832,1472.2407,1404.7727,1380.5647,1473.5127,1375.5919,1412.2349,1466.2811,1381.9307,1343.0648,1360.0441,1284.4718,1293.1111,1316.5952,1295.3002,1287.2876,1273.8376,1317.3405,1379.1731,1343.3169,1318.7944,1391.0090,1301.7024,1322.8505,1305.8978,1321.1348,1245.1230,1186.2338,1232.7866,1160.8595,1137.3680,1114.6648,1113.8842,1078.1042,1141.3197,1059.7925,1013.1699,1030.5773,961.4135,988.8578,964.7714,916.9571,925.2717,980.5191,999.4400,977.0892,942.7147,982.4968,983.4501,1053.6841,957.7353,945.7299,980.9340,976.5601,986.8793,1035.4764,991.0964,934.0367,940.1711,931.1183,911.0259,834.9764,787.1346,785.3894,802.2276,797.3928,730.8695,737.9593,678.8842,650.3756,635.5582,658.7829,617.1396,567.5544,509.5603,531.9443,515.9949,460.2898,485.9422,499.8574,450.4352,447.5593,408.3702,363.2780,364.2328,386.7929,329.5392,370.6482,357.4115,339.2224,352.1812,362.8833,368.4344,346.8640,317.0072,0.0000,0.0000,0.0000,0.0000,0.0000,0.0000,0.0000,0.0000,0.0000,0.0000,0.0000,0.0000,0.0000,0.0000,0.0000,0.0000,0.0000,0.0000,0.0000,0.0000,0.0000,0.0000,0.0000,0.0000,0.0000,0.0000,0.0000,0.0000,0.0000,0.0000,0.0000,0.0000,0.0000,0.0000,0.0000,0.0000,0.0000,0.0000,0.0000,0.0000,0.0000,0.0000,0.0000,0.0000,0.0000,0.0000,0.0000,0.0000,0.0000,0.0000,0.0000,0.0000,0.0000,0.0000,0.0000,0.0000,0.0000,0.0000,0.0000,0.0000,0.0000,0.0000,0.0000,0.0000,0.0000,0.0000,0.0000,0.0000,0.0000,0.0000,0.0000,0.0000,0.0000,0.0000,0.0000,0.0000,0.0000,0.0000,0.0000
0.0000,0.0000,0.0000,0.0000,0.0000,0.0000,0.0000,0.0000,0.0000,0.0000,0.0000,0.0000,0.0000,0.0000,0.0000,0.0000,0.0000,0.0000,0.0000,0.0000,0.0000,0.0000,0.0000,0.0000,0.0000,0.0000,0.0000,0.0000,0.0000,0.0000,0.0000,0.0000,0.0000,0.0000,0.0000,0.0000,0.0000,0.0000,0.0000,0.0000,0.0000,0.0000,0.0000,0.0000,0.0000,0.0000,0.0000,0.0000,0.0000,0.0000,0.0000,0.0000,0.0000,0.0000,0.0000,0.0000,0.0000,0.0000,0.0000,0.0000,0.0000,0.0000,0.0000,0.0000,0.0000,0.0000,0.0000,0.0000,0.0000,0.0000,0.0000,0.0000,0.0000,0.0000,0.0000,0.0000,0.0000,0.0000,362.2335,430.6728,423.9975,438.1808,452.2817,474.6958,515.7634,556.7614,599.5802,586.3663,680.7336,695.2877,711.1586,727.5811,825.3267,805.2737,892.4177,904.7900,969.3982,951.0252,1019.2009,1026.8672,988.2532,1031.0908,1123.9022,1029.0894,1102.4332,1115.1812,1077.4841,1094.9708,1062.3185,1066.8838,1062.4004,1063.6222,1067.8223,1102.8682,1059.1364,1092.3647,1149.9604,1154.7306,1203.6715,1217.9259,1201.9027,1125.3842,1124.6343,1168.1757,1128.8112,1183.3190,1218.4858,1158.9681,1184.2561,1254.9540,1249.5851,1269.9948,1317.0411,1319.2357,1349.7867,1369.8854,1257.6296,1391.0889,1407.2294,1403.3250,1490.6021,1447.4094,1467.5150,1476.3186,1424.0419,1426.3187,1393.7229,1361.5627,1298.4564,1311.9324,1271.7882,1286.6942,1226.5844,1253.0962,1256.3009,1284.4043,1327.1270,1326.4594,1364.1216,1379.7921,1373.2196,1460.1285,1429.5679,1465.2611,1583.2906,1602.4218,1584.3977,1555.1321,1515.7855,1632.2253,1635.4357,1681.7114,1641.1016,1618.2030,1622.3497,1709.0282,1668.6936,1618.5447,1654.5164,1627.1493,1664.2686,1606.3157,1547.1633,1606.7122,1550.3204,1618.5848,1610.9415,1594.8481,1655.8970,1675.1711,1598.7985,1663.4171,1617.0358,1572.4183,1619.0459,1677.5077,1578.3894,1678.1792,1614.3320,1655.5364,1760.2140,1698.7634,1631.1227,1669.0154,1627.4156,1603.2192,1581.3230,1640.1804,1628.1764,1659.6552,1699.6863,1653.0583,1669.7877,1650.4154,1625.8778,1679.5857,1735.8768,1604.4086,1556.5038,1574.8593,1566.1721,1604.1125,1511.8622,1492.3956,1512.1758,1554.0400,1515.3739,1547.6960,1473.5398,1492.9419,1488.7594,1531.0422,1507.6624,1465.3961,1407.4849,1434.8927,1442.6490,1418.0393,1364.6813,1335.3333,1350.2965,1409.4022,1344.6302,1333.4779,1331.7555,1372.5045,1501.6232,1403.0319,1440.1438,1343.1693,1348.2788,1381.9988,1339.0563,1279.6862,1280.2391,1229.0364,1218.7994,1217.2256,1166.8629,1123.3296,1149.7266,1076.9854,1089.5818,1038.6949,1009.2727,1047.2018,1026.6263,1043.4022,1040.0151,1044.7472,1016.0769,957.6772,991.8875,1005.9646,1030.4237,990.1138,1004.3328,996.0082,1011.4196,978.1011,1004.9068,1022.5959,989.5502,963.9952,956.5668,950.3074,912.0056,965.1118,878.3679,854.2554,848.6159,832.3862,772.6803,759.9260,707.1263,740.0099,717.5848,687.1553,626.4353,594.9934,599.0068,599.6602,532.6641,573.7568,526.0718,476.5346,498.1849,436.4496,452.2680,402.5251,393.9381,372.1895,365.6487,381.2616,396.9021,398.8288,375.0558,375.8010,383.2901,353.0059,382.4371,307.4757,0.0000,0.0000,0.0000,0.0000,0.0000,0.0000,0.0000,0.0000,0.0000,0.0000,0.0000,0.0000,0.0000,0.0000,0.0000,0.0000,0.0000,0.0000,0.0000,0.0000,0.0000,0.0000,0.0000,0.0000,0.0000,0.0000,0.0000,0.0000,0.0000,0.0000,0.0000,0.0000,0.0000,0.0000,0.0000,0.0000,0.0000,0.0000,0.0000,0.0000,0.0000,0.0000,0.0000,0.0000,0.0000,0.0000,0.0000,0.0000,0.0000,0.0000,0.0000,0.0000,0.0000,0.0000,0.0000,0.0000,0.0000,0.0000,0.0000,0.0000,0.0000,0.0000,0.0000,0.0000,0.0000,0.0000,0.0000,0.0000,0.0000,0.0000,0.0000,0.0000,0.0000,0.0000,0.0000,0.0000,0.0000,0.0000
0.0000,0.0000,0.0000,0.0000,0.0000,0.0000,0.0000,0.0000,0.0000,0.0000,0.0000,0.0000,0.0000,0.0000,0.0000,0.0000,0.0000,0.0000,0.0000,0.0000,0.0000,0.0000,0.0000,0.0000,0.0000,0.0000,0.0000,0.0000,0.0000,0.0000,0.0000,0.0000,0.0000,0.0000,0.0000,0.0000,0.0000,0.0000,0.0000,0.0000,0.0000,0.0000,0.0000,0.0000,0.0000,0.0000,0.0000,0.0000,0.0000,0.0000,0.0000,0.0000,0.0000,0.0000,0.0000,0.0000,0.0000,0.0000,0.0000,0.0000,0.0000,0.0000,0.0000,0.0000,0.0000,0.0000,0.0000,0.0000,0.0000,0.0000,0.0000,0.0000,0.0000,0.0000,0.0000,0.0000,0.0000,378.5845,371.9664,397.4644,465.4453,467.4221,455.9167,521.5073,543.5966,600.4841,638.5031,676.3601,671.7650,704.4413,784.2241,802.4381,846.7841,860.5599,937.3660,1015.0989,1014.1005,990.7725,992.3575,1010.6157,1039.5941,1159.2332,1122.3699,1105.7482,1167.3837,1099.6523,1113.5953,1096.7458,1123.3857,1096.5605,1101.8680,1178.4377,1100.3989,1018.7168,1024.7096,1084.1097,1136.2362,1119.2954,1170.7371,1136.5942,1192.0216,1210.6689,1139.7883,1172.6707,1131.5887,1174.3910,1175.3114,1198.3517,1200.8381,1235.7097,1274.2651,1349.9473,1365.7318,1354.6345,1358.2028,1372.1207,1363.8569,1446.3640,1446.6069,1448.9414,1517.9884,1524.4396,1513.7323,1463.8081,1455.0756,1437.9165,1430.3838,1423.7345,1368.2666,1319.6028,1353.0378,1318.6747,1303.3969,1273.3644,1279.6963,1309.7390,1365.4458,1397.2610,1418.5304,1467.7771,1398.9802,1557.0294,1486.8135,1505.8162,1528.6837,1596.2301,1626.6794,1677.9124,1639.6024,1665.6829,1629.4541,1622.3760,1699.5470,1607.5461,1605.8655,1697.1278,1690.3723,1748.3221,1670.7108,1627.1833,1626.1736,1673.7660,1625.1180,1602.4673,1567.5038,1565.0369,1663.1261,1705.3687,1790.3169,1661.8938,1657.6080,1703.2968,1698.2450,1713.5734,1635.9210,1625.6768,1722.9991,1788.3467,1821.9681,1799.3417,1716.1617,1724.6060,1732.0044,1664.4326,1673.1671,1652.8997,1669.1549,1739.3909,1731.4470,1708.9075,1710.6727,1647.9136,1685.1196,1685.0933,1600.2885,1666.8180,1658.0292,1655.4192,1630.5963,1636.2863,1601.9558,1555.2948,1585.8046,1508.6613,1603.9407,1560.5386,1534.6929,1617.6362,1537.3407,1560.2311,1515.9945,1558.9526,1498.3506,1489.3689,1522.8192,1459.6439,1415.0269,1477.2783,1464.2148,1391.3536,1445.8735,1342.9597,1392.3702,1446.0260,1415.0625,1460.8741,1470.4825,1435.8722,1461.6598,1408.9774,1327.8622,1343.1469,1324.2516,1316.3751,1323.0065,1279.6138,1273.1223,1238.2738,1210.8008,1191.4095,1070.8973,1124.7472,1106.2950,1103.6954,1066.7897,1024.2925,1024.3236,1024.7439,1009.5115,1041.1650,993.9986,995.9981,1029.7698,1051.1018,1120.5822,1051.1793,1048.9149,1012.7402,999.1904,1012.5059,1008.4561,969.6155,983.6148,1051.8695,1024.2798,963.0396,892.0610,901.6855,923.9025,840.4024,828.0132,822.1163,814.4675,789.0786,777.1326,719.7564,686.2328,718.5014,655.3240,682.1072,659.0054,589.7191,580.1655,553.0207,566.1829,514.2685,480.4182,459.4981,426.3029,432.7300,392.2880,379.0148,346.4493,398.8318,404.1004,425.7375,394.2234,387.1489,371.8398,379.3598,345.3659,362.7125,341.6858,0.0000,0.0000,0.0000,0.0000,0.0000,0.0000,0.0000,0.0000,0.0000,0.0000,0.0000,0.0000,0.0000,0.0000,0.0000,0.0000,0.0000,0.0000,0.0000,0.0000,0.0000,0.0000,0.0000,0.0000,0.0000,0.0000,0.0000,0.0000,0.0000,0.0000,0.0000,0.0000,0.0000,0.0000,0.0000,0.0000,0.0000,0.0000,0.0000,0.0000,0.0000,0.0000,0.0000,0.0000,0.0000,0.0000,0.0000,0.0000,0.0000,0.0000,0.0000,0.0000,0.0000,0.0000,0.0000,0.0000,0.0000,0.0000,0.0000,0.0000,0.0000,0.0000,0.0000,0.0000,0.0000,0.0000,0.0000,0.0000,0.0000,0.0000,0.0000,0.0000,0.0000,0.0000,0.0000,0.0000,0.0000
0.0000,0.0000,0.0000,0.0000,0.0000,0.0000,0.0000,0.0000,0.0000,0.0000,0.0000,0.0000,0.0000,0.0000,0.0000,0.0000,0.0000,0.0000,0.0000,0.0000,0.0000,0.0000,0.0000,0.0000,0.0000,0.0000,0.0000,0.0000,0.0000,0.0000,0.0000,0.0000,0.0000,0.0000,0.0000,0.0000,0.0000,0.0000,0.0000,0.0000,0.0000,0.0000,0.0000,0.0000,0.0000,0.0000,0.0000,0.0000,0.0000,0.0000,0.0000,0.0000,0.0000,0.0000,0.0000,0.0000,0.0000,0.0000,0.0000,0.0000,0.0000,0.0000,0.0000,0.0000,0.0000,0.0000,0.0000,0.0000,0.0000,0.0000,0.0000,0.0000,0.0000,0.0000,0.0000,0.0000,314.6189,380.8626,491.4576,458.7385,463.3462,549.6698,549.0013,548.8367,632.0745,586.4675,721.9625,717.6259,773.5757,799.9135,816.6186,865.9698,874.5785,916.9824,914.8970,1009.2416,1066.4303,1033.9059,1069.4305,1053.4353,1090.7150,1093.2635,1140.1929,1129.4719,1154.1934,1087.8939,1078.5089,1075.9315,1171.9905,1162.8464,1090.8728,1128.4875,1083.9691,1068.8875,1030.0732,1061.2509,1080.5519,1160.2538,1165.4456,1195.7627,1215.0795,1149.6667,1184.3212,1158.9462,1158.4734,1157.9321,1158.7236,1240.5831,1317.1361,1290.2666,1276.0409,1287.1821,1387.5045,1405.7377,1346.5299,1421.4338,1461.3876,1472.9158,1554.7009,1525.2523,1440.8118,1499.1207,1487.9794,1506.2649,1525.5806,1453.1945,1469.8304,1455.9551,1393.6812,1352.0778,1328.4907,1295.2587,1291.5547,1321.5460,1333.1331,1387.5458,1373.7454,1430.0151,1494.4960,1508.3011,1477.1508,1486.4380,1509.9222,1565.2646,1648.6752,1683.8999,1645.5176,1649.9635,1671.1591,1655.3197,1600.4479,1658.7963,1639.6433,1652.7777,1766.5864,1668.6356,1675.7222,1728.3241,1706.6328,1698.9167,1719.1776,1634.7170,1669.3979,1695.1364,1686.4369,1754.5953,1729.8528,1677.6764,1739.4423,1709.2495,1699.9468,1661.5499,1685.8318,1819.5978,1780.2518,1825.4789,1836.8208,1830.7148,1872.0778,1818.7388,1778.9293,1796.9125,1685.5054,1719.9628,1834.4056,1766.6063,1741.2238,1781.8944,1675.7227,1718.6376,1727.9951,1604.9756,1636.4700,1651.1422,1677.9303,1686.1118,1632.0151,1584.4562,1668.2434,1663.6963,1648.3434,1580.1339,1597.7025,1611.5952,1631.6125,1633.3040,1576.5443,1532.2916,1584.0328,1598.4474,1562.9701,1655.9788,1577.0897,1554.3407,1613.0012,1579.3152,1468.7849,1496.9481,1433.7526,1479.3324,1484.7289,1466.8458,1469.7516,1499.0656,1457.7876,1486.9781,1527.8437,1410.6709,1449.2692,1400.4673,1449.8546,1395.5388,1341.0627,1345.8906,1350.5306,1306.6847,1300.2780,1194.2054,1255.2053,1202.4442,1205.9575,1166.2307,1153.0522,1081.1387,1112.1022,1070.8300,1060.3477,1109.9039,990.9600,1071.7922,1086.1580,1030.7972,1092.0034,1054.7798,1036.3650,1070.1448,1038.8137,1007.8137,1018.3414,1046.5186,1074.3512,1014.0267,1038.3392,1031.1257,937.3750,956.4738,926.7843,887.2177,871.1687,902.1142,899.2211,873.5682,752.8981,764.9782,823.8522,782.5494,748.7684,727.8792,646.7125,699.9224,700.2542,636.8357,652.3549,580.7650,551.9579,573.5115,498.6881,493.9170,450.2043,457.9733,485.0181,439.6496,378.3785,386.3948,383.8667,431.4146,398.2119,378.1549,395.8419,387.4135,339.2710,377.2650,345.6868,322.4877,0.0000,0.0000,0.0000,0.0000,0.0000,0.0000,0.0000,0.0000,0.0000,0.0000,0.0000,0.0000,0.0000,0.0000,0.0000,0.0000,0.0000,0.0000,0.0000,0.0000,0.0000,0.0000,0.0000,0.0000,0.0000,0.0000,0.0000,0.0000,0.0000,0.0000,0.0000,0.0000,0.0000,0.0000,0.0000,0.0000,0.0000,0.0000,0.0000,0.0000,0.0000,0.0000,0.0000,0.0000,0.0000,0.0000,0.0000,0.0000,0.0000,0.0000,0.0000,0.0000,0.0000,0.0000,0.0000,0.0000,0.0000,0.0000,0.0000,0.0000,0.0000,0.0000,0.0000,0.0000,0.0000,0.0000,0.0000,0.0000,0.0000,0.0000,0.0000,0.0000,0.0000,0.0000,0.0000,0.0000
0.0000,0.0000,0.0000,0.0000,0.0000,0.0000,0.0000,0.0000,0.0000,0.0000,0.0000,0.0000,0.0000,0.0000,0.0000,0.0000,0.0000,0.0000,0.0000,0.0000,0.0000,0.0000,0.0000,0.0000,0.0000,0.0000,0.0000,0.0000,0.0000,0.0000,0.0000,0.0000,0.0000,0.0000,0.0000,0.0000,0.0000,0.0000,0.0000,0.0000,0.0000,0.0000,0.0000,0.0000,0.0000,0.0000,0.0000,0.0000,0.0000,0.0000,0.0000,0.0000,0.0000,0.0000,0.0000,0.0000,0.0000,0.0000,0.0000,0.0000,0.0000,0.0000,0.0000,0.0000,0.0000,0.0000,0.0000,0.0000,0.0000,0.0000,0.0000,0.0000,0.0000,0.0000,0.0000,383.7596,373.3854,397.1265,490.6864,513.8367,483.9035,535.8265,566.8454,613.6881,614.3911,655.8000,738.8136,823.3287,816.9607,863.0562,888.8988,826.8195,888.0519,959.1544,978.7527,1063.7554,1034.7145,1079.9368,1094.9924,1049.1309,1062.5128,1094.9354,1143.8179,1133.4094,1138.5792,1191.4518,1105.0748,1090.7509,1155.9290,1129.3621,1089.9752,1087.8687,1057.4176,1033.4296,1146.4868,1112.2573,1131.4558,1093.0200,1119.5061,1229.2083,1215.6901,1167.6224,1199.5009,1185.0044,1183.5172,1252.4496,1334.9001,1312.8479,1260.7937,1366.9231,1341.5540,1359.9221,1413.5703,1448.2842,1492.7450,1514.4352,1509.8433,1505.1765,1496.1808,1496.5570,1539.9865,1558.2744,1496.9380,1544.6064,1493.5118,1474.8358,1495.6432,1407.0785,1368.0856,1341.6842,1374.5061,1371.6136,1347.5765,1277.1154,1394.4696,1439.8679,1462.3987,1490.0758,1448.8177,1533.8671,1565.2230,1514.0304,1540.5632,1605.7627,1619.9318,1662.8969,1643.5332,1614.0361,1658.6921,1586.7893,1638.0154,1698.2297,1631.4521,1672.0912,1766.1707,1726.0029,1697.5743,1626.5376,1639.1442,1659.5051,1740.6718,1737.0999,1747.1169,1647.5573,1689.9597,1743.7170,1765.7706,1741.1023,1649.8759,1771.0330,1825.2924,1811.9623,1873.2585,1788.1256,1840.7881,1908.2821,1873.9768,1816.6136,1867.2295,1800.0364,1876.3480,1917.2272,1859.2185,1785.8463,1841.9324,1770.3488,1757.6172,1844.7319,1765.2291,1733.0320,1721.4039,1731.4900,1739.5552,1677.1158,1667.1082,1614.3687,1656.6808,1633.7170,1614.0114,1659.0095,1676.1278,1666.7485,1669.3612,1686.7927,1625.1971,1686.2697,1662.1001,1602.7054,1664.7219,1607.4525,1645.3564,1718.7877,1633.1282,1578.7141,1579.6797,1554.4304,1591.8823,1556.8970,1547.7157,1536.8732,1533.9138,1588.8771,1537.2509,1545.2507,1483.6179,1470.4362,1524.4341,1549.2263,1425.1981,1456.6420,1499.6038,1449.8398,1440.2797,1387.3322,1323.9197,1363.1335,1321.3621,1315.0342,1341.6936,1235.3082,1181.6161,1241.1044,1204.1312,1153.2773,1037.4788,1051.2649,1110.1985,1074.9116,1073.0847,1063.7786,1086.7933,1021.8779,1043.3975,1090.3137,1054.8792,1082.3467,1034.8367,1126.2902,1080.5712,1029.2629,1033.7997,1023.8142,1054.2437,1041.4689,966.2097,967.2674,945.3504,933.6013,907.9995,893.9266,879.1086,830.9523,825.8730,835.9644,811.8837,789.5408,776.1974,718.2303,703.8452,696.0236,722.2618,709.2172,659.8973,646.5346,608.4606,541.0987,569.8192,506.9267,475.6129,475.8305,452.9553,408.3889,412.5998,443.0677,415.3140,424.8119,395.3118,378.3250,410.1322,338.4687,386.9107,401.5259,389.6717,382.4139,369.3542,0.0000,0.0000,0.0000,0.0000,0.0000,0.0000,0.0000,0.0000,0.0000,0.0000,0.0000,0.0000,0.0000,0.0000,0.0000,0.0000,0.0000,0.0000,0.0000,0.0000,0.0000,0.0000,0.0000,0.0000,0.0000,0.0000,0.0000,0.0000,0.0000,0.0000,0.0000,0.0000,0.0000,0.0000,0.0000,0.0000,0.0000,0.0000,0.0000,0.0000,0.0000,0.0000,0.0000,0.0000,0.0000,0.0000,0.0000,0.0000,0.0000,0.0000,0.0000,0.0000,0.0000,0.0000,0.0000,0.0000,0.0000,0.0000,0.0000,0.0000,0.0000,0.0000,0.0000,0.0000,0.0000,0.0000,0.0000,0.0000,0.0000,0.0000,0.0000,0.0000,0.0000,0.0000,0.0000
0.0000,0.0000,0.0000,0.0000,0.0000,0.0000,0.0000,0.0000,0.0000,0.0000,0.0000,0.0000,0.0000,0.0000,0.0000,0.0000,0.0000,0.0000,0.0000,0.0000,0.0000,0.0000,0.0000,0.0000,0.0000,0.0000,0.0000,0.0000,0.0000,0.0000,0.0000,0.0000,0.0000,0.0000,0.0000,0.0000,0.0000,0.0000,0.0000,0.0000,0.0000,0.0000,0.0000,0.0000,0.0000,0.0000,0.0000,0.0000,0.0000,0.0000,0.0000,0.0000,0.0000,0.0000,0.0000,0.0000,0.0000,0.0000,0.0000,0.0000,0.0000,0.0000,0.0000,0.0000,0.0000,0.0000,0.0000,0.0000,0.0000,0.0000,0.0000,0.0000,0.0000,0.0000,335.3854,385.7235,451.2282,471.2448,449.6331,540.2900,512.2904,614.6208,583.0388,657.0634,660.6505,721.6489,765.8108,836.7256,807.0974,871.5414,901.6236,1022.8195,1027.4354,1000.3921,1013.3922,1036.1501,1062.4000,1156.3322,1079.0856,1093.9856,1106.2795,1139.9677,1213.7046,1157.8434,1150.9034,1133.9382,1138.2502,1088.6289,1129.1915,1120.3473,1167.0840,1124.7662,1131.4192,1089.0524,1124.4244,1062.0004,1071.5297,1157.7574,1177.5056,1196.6713,1199.0593,1280.6757,1248.1072,1191.6440,1251.0702,1264.7144,1252.3801,1291.9252,1297.5740,1316.3990,1393.4376,1416.0532,1499.2634,1481.0657,1420.8102,1496.7736,1499.9990,1523.9214,1498.2332,1491.6179,1508.3113,1539.8457,1504.2888,1432.6158,1422.5237,1384.3041,1446.4834,1462.0500,1416.3405,1391.6698,1338.7187,1383.9187,1390.6470,1413.1337,1401.7435,1424.0431,1464.1858,1568.8420,1555.9458,1577.5642,1561.2759,1565.6427,1672.7386,1653.1973,1566.1686,1612.4993,1627.0349,1671.9277,1737.0322,1658.5139,1678.9104,1676.5754,1697.8622,1717.7445,1653.6827,1683.3156,1623.7417,1672.2573,1785.7762,1719.0945,1724.9883,1747.4592,1642.4116,1735.3395,1720.2906,1687.2346,1775.3340,1846.3784,1837.0258,1849.6462,1843.4172,1781.0010,1859.6019,1823.5543,1832.0037,1885.8053,1895.3641,1884.0806,1973.3225,1897.9420,1837.0985,1854.9072,1806.7229,1836.9784,1813.2667,1843.4371,1825.9542,1847.3379,1921.4240,1806.2924,1697.1202,1691.5890,1676.7025,1724.7581,1729.6178,1645.7548,1709.5824,1705.1836,1651.9098,1737.7737,1655.8510,1619.7129,1689.0002,1718.4963,1678.5924,1708.6144,1578.7771,1706.0543,1739.7247,1678.0496,1606.6075,1595.2205,1632.1512,1698.8080,1641.5352,1601.1754,1616.0709,1647.6812,1703.6600,1590.4471,1517.5133,1499.6014,1504.7621,1553.7219,1588.4862,1519.9790,1559.4801,1501.1395,1483.8029,1484.7385,1464.0081,1398.7770,1444.1357,1394.3804,1358.9777,1381.1481,1335.3431,1316.1548,1333.4407,1245.5342,1203.7798,1181.2885,1119.4778,1177.4247,1203.3856,1127.5701,1152.7971,1100.4109,1125.4894,1104.4506,1070.2657,1045.3997,1090.9546,1131.1854,1189.1410,1086.5543,1063.8066,1068.3737,1025.1304,1076.7014,1009.4193,987.0276,999.1249,996.3886,990.4970,980.7125,965.8183,950.5298,933.7106,937.0413,932.0372,841.7459,843.9052,859.3640,801.1959,867.7653,791.0999,745.7337,745.5392,692.0598,736.0327,676.8005,644.6536,651.8507,649.9230,626.4852,558.3543,550.1002,493.6869,475.6215,495.7810,450.4991,425.9743,414.4681,426.6856,388.3321,406.0728,344.0143,416.5230,408.0189,344.5924,363.4682,364.9798,367.9540,355.4386,353.6679,0.0000,0.0000,0.0000,0.0000,0.0000,0.0000,0.0000,0.0000,0.0000,0.0000,0.0000,0.0000,0.0000,0.0000,0.0000,0.0000,0.0000,0.0000,0.0000,0.0000,0.0000,0.0000,0.0000,0.0000,0.0000,0.0000,0.0000,0.0000,0.0000,0.0000,0.0000,0.0000,0.0000,0.0000,0.0000,0.0000,0.0000,0.0000,0.0000,0.0000,0.0000,0.0000,0.0000,0.0000,0.0000,0.0000,0.0000,0.0000,0.0000,0.0000,0.0000,0.0000,0.0000,0.0000,0.0000,0.0000,0.0000,0.0000,0.0000,0.0000,0.0000,0.0000,0.0000,0.0000,0.0000,0.0000,0.0000,0.0000,0.0000,0.0000,0.0000,0.0000,0.0000,0.0000
0.0000,0.0000,0.0000,0.0000,0.0000,0.0000,0.0000,0.0000,0.0000,0.0000,0.0000,0.0000,0.0000,0.0000,0.0000,0.0000,0.0000,0.0000,0.0000,0.0000,0.0000,0.0000,0.0000,0.0000,0.0000,0.0000,0.0000,0.0000,0.0000,0.0000,0.0000,0.0000,0.0000,0.0000,0.0000,0.0000,0.0000,0.0000,0.0000,0.0000,0.0000,0.0000,0.0000,0.0000,0.0000,0.0000,0.0000,0.0000,0.0000,0.0000,0.0000,0.0000,0.0000,0.0000,0.0000,0.0000,0.0000,0.0000,0.0000,0.0000,0.0000,0.0000,0.0000,0.0000,0.0000,0.0000,0.0000,0.0000,0.0000,0.0000,0.0000,0.0000,0.0000,328.6447,390.5607,438.9614,446.8084,511.6385,528.1517,557.4172,581.9071,675.0696,738.9329,704.0522,723.9031,716.8844,863.6979,812.7675,976.3320,924.0825,965.9955,990.1498,967.4301,1069.0084,1102.6016,1038.5198,1117.0306,1127.9080,1034.7528,1091.2094,1094.8688,1149.7197,1175.2098,1210.9468,1109.7507,1113.8834,1113.0778,1136.6814,1176.4166,1207.3685,1153.6624,1153.5647,1110.4968,1009.3959,1082.2832,1057.9429,1098.1067,1099.0784,1219.8334,1242.9227,1244.4906,1251.9663,1232.9886,1238.4922,1294.9480,1236.3185,1312.6251,1357.0227,1421.2854,1473.3414,1426.9124,1472.3090,1428.8643,1461.8153,1511.1415,1521.3845,1515.0917,1530.0540,1457.1431,1574.9509,1509.2947,1452.8962,1448.4993,1445.1451,1467.2089,1528.8302,1451.0663,1425.7412,1464.9647,1408.3510,1376.6683,1420.3549,1379.5552,1488.8054,1512.8739,1576.3105,1589.9384,1597.7958,1656.3147,1682.0702,1595.1818,1573.3862,1593.7355,1719.8654,1705.3864,1707.0433,1742.8788,1730.5908,1695.1078,1726.9768,1669.5999,1664.8887,1669.0055,1637.4238,1743.1646,1704.7765,1707.2775,1658.3606,1773.5109,1707.6335,1763.7991,1746.6219,1687.5072,1771.2937,1850.3971,1751.7117,1817.1383,1809.1921,1788.5823,1866.6055,1864.8174,1834.4141,1788.2555,1822.8242,1926.7307,1928.8956,1920.5553,1935.0156,1855.6086,1934.4191,1883.2318,1877.5200,1882.1978,1878.3303,1883.9301,1970.2700,1905.9890,1860.8542,1866.0128,1800.5894,1798.0828,1799.8998,1777.7924,1819.6743,1871.1373,1739.3798,1746.5227,1762.6180,1738.1643,1710.9357,1707.3329,1728.1134,1754.1337,1728.3938,1757.8191,1711.9891,1715.3824,1729.5685,1697.7438,1721.5458,1735.7823,1729.1606,1751.4685,1713.9650,1698.0316,1756.6479,1698.2693,1666.2776,1651.3397,1636.9141,1688.2211,1630.6827,1559.6500,1579.0536,1514.5892,1520.9828,1503.9021,1451.7661,1475.5809,1489.9702,1506.9879,1495.9935,1468.9709,1392.6085,1379.2714,1339.5653,1345.8896,1325.0153,1187.3363,1244.0380,1265.6868,1227.8815,1232.2653,1157.2570,1137.4645,1193.3127,1162.2009,1158.4670,1127.1572,1107.7269,1161.8278,1196.7382,1136.3308,1179.8669,1129.9825,1082.6200,1115.3695,1090.3428,1094.7224,1046.4398,1018.7712,1013.1202,1025.5348,983.5551,1016.3359,922.3320,1001.7982,983.9153,965.6454,942.6677,930.0574,949.1221,910.0772,862.1779,854.3556,889.9438,827.1322,816.0835,798.9977,730.4911,754.1485,740.7383,693.1572,619.7573,614.6761,565.3818,594.2578,545.2966,482.0172,529.3492,484.2081,472.2976,442.9361,424.7750,415.0840,396.2596,415.5807,454.0029,376.3051,411.8002,367.0041,398.2335,397.9887,427.6190,330.6978,409.3980,353.3979,0.0000,0.0000,0.0000,0.0000,0.0000,0.0000,0.0000,0.0000,0.0000,0.0000,0.0000,0.0000,0.0000,0.0000,0.0000,0.0000,0.0000,0.0000,0.0000,0.0000,0.0000,0.0000,0.0000,0.0000,0.0000,0.0000,0.0000,0.0000,0.0000,0.0000,0.0000,0.0000,0.0000,0.0000,0.0000,0.0000,0.0000,0.0000,0.0000,0.0000,0.0000,0.0000,0.0000,0.0000,0.0000,0.0000,0.0000,0.0000,0.0000,0.0000,0.0000,0.0000,0.0000,0.0000,0.0000,0.0000,0.0000,0.0000,0.0000,0.0000,0.0000,0.0000,0.0000,0.0000,0.0000,0.0000,0.0000,0.0000,0.0000,0.0000,0.0000,0.0000,0.0000
0.0000,0.0000,0.0000,0.0000,0.0000,0.0000,0.0000,0.0000,0.0000,0.0000,0.0000,0.0000,0.0000,0.0000,0.0000,0.0000,0.0000,0.0000,0.0000,0.0000,0.0000,0.0000,0.0000,0.0000,0.0000,0.0000,0.0000,0.0000,0.0000,0.0000,0.0000,0.0000,0.0000,0.0000,0.0000,0.0000,0.0000,0.0000,0.0000,0.0000,0.0000,0.0000,0.0000,0.0000,0.0000,0.0000,0.0000,0.0000,0.0000,0.0000,0.0000,0.0000,0.0000,0.0000,0.0000,0.0000,0.0000,0.0000,0.0000,0.0000,0.0000,0.0000,0.0000,0.0000,0.0000,0.0000,0.0000,0.0000,0.0000,0.0000,0.0000,0.0000,375.5710,399.1530,412.6389,472.6849,513.3378,543.5760,605.3836,663.8564,685.2606,671.5353,689.6172,721.7668,751.7708,862.7014,917.8041,915.6207,964.8536,966.0074,1076.2848,1056.4270,1085.2513,1031.0089,1063.2742,1185.3461,1149.0964,1149.4308,1123.4152,1105.8248,1145.6393,1136.2048,1199.7106,1162.1835,1126.4379,1145.1914,1142.7479,1160.9119,1138.6440,1177.6675,1082.8323,1058.9702,1077.3558,1070.3424,1062.2407,1184.1049,1092.7924,1141.4639,1196.0503,1204.8979,1266.3307,1250.4446,1240.7793,1282.9315,1330.0377,1340.2837,1370.3373,1354.9425,1443.1501,1445.7498,1563.6088,1483.5028,1472.4493,1455.3790,1571.1606,1594.3693,1625.3157,1495.1425,1467.7709,1457.2583,1483.5315,1539.3558,1516.3130,1470.8687,1468.2196,1544.5662,1499.3525,1413.7087,1434.9213,1412.2041,1488.7914,1540.6807,1572.3191,1630.5361,1528.6099,1645.5941,1654.9230,1746.6848,1705.7892,1713.2904,1692.5583,1711.4757,1677.1340,1679.7822,1694.6460,1711.0420,1774.5156,1762.8547,1718.7562,1695.7568,1696.1212,1771.3669,1862.2141,1739.2397,1714.0001,1762.5831,1722.7119,1757.7108,1771.4487,1813.2913,1924.0521,1907.9196,1894.2991,1848.8693,1832.3876,1860.2772,1923.2438,1874.2426,1890.0243,1818.5063,1831.1438,1892.1238,1886.3083,1858.5793,1865.7360,1902.4120,2020.2485,1931.9642,1851.1990,1970.6316,1912.3099,1971.4957,2009.6564,1920.1011,1924.1718,1940.6904,1908.4381,1909.3158,1884.1677,1848.2086,1854.0156,1918.5447,1863.0366,1821.3845,1793.0234,1767.4332,1820.9314,1846.7928,1861.4355,1757.8141,1772.2441,1772.4397,1737.5424,1774.3538,1687.6812,1671.2310,1733.1376,1734.2817,1743.5607,1791.5148,1746.2039,1803.5807,1818.9016,1717.9794,1684.7692,1727.6704,1708.4183,1793.7213,1781.2622,1717.2744,1721.1775,1635.3081,1684.5499,1590.1194,1564.6321,1524.8123,1535.5790,1499.3737,1540.9240,1468.9319,1484.5544,1498.2114,1416.0354,1438.4950,1367.6213,1359.7390,1350.5919,1356.9056,1287.2988,1291.3834,1241.1821,1245.6743,1233.2390,1219.7067,1176.1212,1231.3317,1154.5302,1198.1217,1245.6256,1184.9814,1120.7207,1181.6768,1202.1885,1195.4576,1134.4246,1110.1371,1096.8812,1118.0520,1177.0649,1088.7749,1019.7826,1007.3544,1016.2967,956.5332,1012.6484,960.5523,1047.6002,983.0925,1001.3678,995.4019,896.0894,896.9801,925.5793,948.0598,924.4455,864.6270,872.9987,856.0070,830.0726,773.8967,760.5960,756.9498,697.6500,726.2698,690.0886,665.9753,598.5840,582.3347,570.4850,544.9640,496.4053,447.1903,481.4345,474.6184,458.9073,455.0534,419.1024,399.7336,399.3926,395.9952,419.1939,387.0647,364.1432,367.6584,402.9910,371.3083,398.6701,411.3254,0.0000,0.0000,0.0000,0.0000,0.0000,0.0000,0.0000,0.0000,0.0000,0.0000,0.0000,0.0000,0.0000,0.0000,0.0000,0.0000,0.0000,0.0000,0.0000,0.0000,0.0000,0.0000,0.0000,0.0000,0.0000,0.0000,0.0000,0.0000,0.0000,0.0000,0.0000,0.0000,0.0000,0.0000,0.0000,0.0000,0.0000,0.0000,0.0000,0.0000,0.0000,0.0000,0.0000,0.0000,0.0000,0.0000,0.0000,0.0000,0.0000,0.0000,0.0000,0.0000,0.0000,0.0000,0.0000,0.0000,0.0000,0.0000,0.0000,0.0000,0.0000,0.0000,0.0000,0.0000,0.0000,0.0000,0.0000,0.0000,0.0000,0.0000,0.0000,0.0000
0.0000,0.0000,0.0000,0.0000,0.0000,0.0000,0.0000,0.0000,0.0000,0.0000,0.0000,0.0000,0.0000,0.0000,0.0000,0.0000,0.0000,0.0000,0.0000,0.0000,0.0000,0.0000,0.0000,0.0000,0.0000,0.0000,0.0000,0.0000,0.0000,0.0000,0.0000,0.0000,0.0000,0.0000,0.0000,0.0000,0.0000,0.0000,0.0000,0.0000,0.0000,0.0000,0.0000,0.0000,0.0000,0.0000,0.0000,0.0000,0.0000,0.0000,0.0000,0.0000,0.0000,0.0000,0.0000,0.0000,0.0000,0.0000,0.0000,0.0000,0.0000,0.0000,0.0000,0.0000,0.0000,0.0000,0.0000,0.0000,0.0000,0.0000,0.0000,347.5649,370.5265,420.8495,456.1231,500.3320,570.7209,590.6473,621.9448,624.9604,658.5433,662.7582,767.7043,767.8712,846.9367,900.4996,899.3414,976.2355,1037.1033,976.3117,1071.7009,1130.5767,1177.4253,1045.8534,1097.1444,1174.6705,1141.3643,1143.4481,1102.7330,1070.1936,1161.3210,1191.8649,1196.5121,1233.5388,1142.1207,1098.1976,1144.1749,1111.0605,1126.9275,1175.3331,1108.3593,1154.0043,1141.9320,1107.5908,1103.8523,1092.8219,1111.3553,1126.4001,1178.9899,1255.5583,1215.9496,1247.6160,1336.0135,1355.6982,1326.9641,1329.0366,1340.3667,1436.4474,1461.2397,1465.8754,1540.9681,1572.1953,1494.9187,1537.5425,1561.8718,1544.8861,1537.3674,1498.5181,1479.5388,1536.7246,1494.5283,1467.4493,1539.2634,1470.2946,1421.5814,1412.0020,1435.3531,1481.4373,1484.2162,1497.2065,1507.1526,1577.0032,1642.4971,1589.4475,1604.9823,1694.4189,1709.2551,1845.0079,1844.7167,1791.3755,1776.9031,1732.7389,1695.0206,1748.7646,1685.8212,1704.2800,1778.1219,1801.4454,1815.1609,1794.5055,1745.9724,1796.9567,1852.3087,1824.8636,1780.3385,1697.0544,1725.4440,1846.4282,1932.7700,1984.7158,1964.0634,1919.0492,2025.0928,1945.6595,1889.6976,1910.2996,1805.3977,1916.0352,1927.1692,1869.8138,1880.9622,1845.0563,1825.0356,1885.5460,1897.1697,1893.0394,1927.9246,1952.6503,1984.3202,2000.8324,1937.2227,1908.9626,1966.6206,1962.2010,1973.4399,1956.9897,1954.5247,1948.0271,1999.1046,1974.5592,1927.1517,1844.6178,1901.1871,1909.8760,1927.8083,1886.8525,1813.7156,1842.4928,1894.3693,1821.0687,1839.9539,1820.5737,1750.4961,1849.8470,1805.8209,1720.7616,1722.3168,1760.1256,1730.3212,1855.2157,1741.5592,1747.3314,1687.0732,1744.0833,1800.2566,1813.8357,1830.3328,1829.3339,1827.2635,1839.1569,1675.6213,1619.7821,1628.7676,1610.5116,1649.3719,1632.4691,1556.3696,1560.8315,1572.3958,1516.6963,1514.5538,1464.9047,1425.2471,1417.5822,1449.3619,1385.9657,1291.5060,1325.7809,1313.0323,1342.1799,1267.3455,1268.7554,1211.1902,1240.1434,1295.2783,1260.9062,1198.1273,1212.9712,1219.4473,1230.9326,1190.5701,1213.4857,1263.6307,1161.7782,1188.4465,1238.3744,1115.5176,1131.3776,1112.7385,1056.3164,1072.2750,1051.4840,1023.4386,996.5754,1048.4771,1032.6040,985.3616,993.4227,951.2643,1000.2589,949.3560,1013.1865,993.5396,938.5451,941.1294,914.1010,903.9154,885.1412,833.8945,777.0624,799.2213,775.7491,739.7839,733.8472,702.8909,706.6572,635.3176,597.4510,555.6271,559.1285,518.6005,535.8017,497.9942,473.6902,457.8252,458.7830,450.8476,390.4974,395.1490,421.0453,396.1943,376.1620,368.3177,371.6570,423.7203,388.3802,354.2940,363.3441,284.2145,0.0000,0.0000,0.0000,0.0000,0.0000,0.0000,0.0000,0.0000,0.0000,0.0000,0.0000,0.0000,0.0000,0.0000,0.0000,0.0000,0.0000,0.0000,0.0000,0.0000,0.0000,0.0000,0.0000,0.0000,0.0000,0.0000,0.0000,0.0000,0.0000,0.0000,0.0000,0.0000,0.0000,0.0000,0.0000,0.0000,0.0000,0.0000,0.0000,0.0000,0.0000,0.0000,0.0000,0.0000,0.0000,0.0000,0.0000,0.0000,0.0000,0.0000,0.0000,0.0000,0.0000,0.0000,0.0000,0.0000,0.0000,0.0000,0.0000,0.0000,0.0000,0.0000,0.0000,0.0000,0.0000,0.0000,0.0000,0.0000,0.0000,0.0000,0.0000
0.0000,0.0000,0.0000,0.0000,0.0000,0.0000,0.0000,0.0000,0.0000,0.0000,0.0000,0.0000,0.0000,0.0000,0.0000,0.0000,0.0000,0.0000,0.0000,0.0000,0.0000,0.0000,0.0000,0.0000,0.0000,0.0000,0.0000,0.0000,0.0000,0.0000,0.0000,0.0000,0.0000,0.0000,0.0000,0.0000,0.0000,0.0000,0.0000,0.0000,0.0000,0.0000,0.0000,0.0000,0.0000,0.0000,0.0000,0.0000,0.0000,0.0000,0.0000,0.0000,0.0000,0.0000,0.0000,0.0000,0.0000,0.0000,0.0000,0.0000,0.0000,0.0000,0.0000,0.0000,0.0000,0.0000,0.0000,0.0000,0.0000,0.0000,379.5736,408.2121,390.2379,457.9087,532.9119,519.6831,558.5909,592.4832,647.1752,719.3557,722.8029,760.1382,744.3367,825.1855,831.9738,884.5909,947.2335,973.1049,1016.9355,1100.8668,1052.5684,1091.5162,1185.7250,1164.4424,1147.1700,1187.3888,1130.3458,1198.6174,1148.3312,1141.0946,1200.8228,1174.2128,1115.2577,1196.2839,1108.8920,1111.8481,1111.3292,1123.0656,1167.6915,1214.9226,1159.0875,1144.4741,1108.4910,1104.4041,1093.3584,1053.5441,1101.2482,1174.5176,1238.5975,1321.3483,1271.0662,1328.2207,1337.8954,1340.4629,1422.7385,1392.7839,1401.2577,1430.7137,1512.9690,1486.4296,1553.8367,1512.9495,1501.9279,1590.6166,1515.7671,1515.2437,1518.5762,1360.3596,1480.8875,1486.3578,1503.9441,1470.3412,1383.8195,1405.5684,1452.5322,1491.0308,1556.0880,1505.7800,1540.5978,1619.0549,1626.1802,1542.9685,1635.4073,1672.0627,1822.6479,1868.9115,1832.5129,1852.2308,1831.7113,1793.4139,1829.8755,1689.9209,1673.4060,1665.7428,1792.8210,1815.9639,1796.7177,1778.3406,1741.6382,1764.0974,1804.5361,1804.0845,1819.5039,1891.3534,1829.0096,1840.9249,1889.8297,1894.5636,1910.3926,2049.7063,2019.5854,2051.0251,2019.3885,2011.0765,2045.8140,1954.3167,1928.0710,1883.1188,1869.0380,1880.2562,1877.8472,1840.7809,1787.8224,1851.0399,1865.1774,2035.1471,1992.0232,1921.5472,1887.7675,1941.0411,1982.0402,1981.3778,1946.5380,2018.7030,2006.4873,2039.2300,2092.9387,1966.9932,1898.6934,1995.3536,2019.5806,2020.7721,1987.4980,1947.6093,1970.3716,2012.5476,1901.8633,1848.7131,1858.2480,1809.7062,1821.9210,1817.3263,1802.7296,1773.3918,1770.6346,1798.6506,1755.4718,1763.5392,1681.1470,1692.2200,1806.3833,1772.6660,1738.1998,1801.2444,1793.2770,1758.3745,1903.1445,1846.0432,1767.2930,1822.9471,1724.2224,1795.2469,1830.1808,1720.3673,1712.2722,1656.7173,1562.7698,1630.5486,1568.0253,1533.7040,1532.1880,1560.6757,1507.0265,1441.6665,1404.3033,1394.7548,1366.6049,1352.9056,1308.4010,1315.8160,1315.0414,1340.8384,1293.4250,1317.8903,1266.6887,1293.6622,1314.1674,1259.7440,1225.8175,1250.9214,1200.7223,1267.2812,1294.0540,1216.5724,1186.4646,1165.3026,1186.4436,1159.7657,1059.5782,1032.0396,1075.5426,1012.8242,1006.2088,985.0215,970.5026,951.8223,1024.3505,1028.1033,1001.4609,946.4660,1002.8051,1021.5706,989.7734,975.8633,914.0063,902.6123,876.3167,925.3682,927.8163,840.4600,776.4346,788.7770,792.3383,710.4213,709.0676,709.9921,622.4763,596.9731,579.1162,550.0609,555.9172,498.3614,477.7819,479.4560,485.8836,424.3263,462.0977,422.9378,388.7455,418.7566,399.2633,399.9547,372.5635,384.5365,396.0120,394.7044,355.7772,341.5938,394.5110,319.3416,0.0000,0.0000,0.0000,0.0000,0.0000,0.0000,0.0000,0.0000,0.0000,0.0000,0.0000,0.0000,0.0000,0.0000,0.0000,0.0000,0.0000,0.0000,0.0000,0.0000,0.0000,0.0000,0.0000,0.0000,0.0000,0.0000,0.0000,0.0000,0.0000,0.0000,0.0000,0.0000,0.0000,0.0000,0.0000,0.0000,0.0000,0.0000,0.0000,0.0000,0.0000,0.0000,0.0000,0.0000,0.0000,0.0000,0.0000,0.0000,0.0000,0.0000,0.0000,0.0000,0.0000,0.0000,0.0000,0.0000,0.0000,0.0000,0.0000,0.0000,0.0000,0.0000,0.0000,0.0000,0.0000,0.0000,0.0000,0.0000,0.0000,0.0000
0.0000,0.0000,0.0000,0.0000,0.0000,0.0000,0.0000,0.0000,0.0000,0.0000,0.0000,0.0000,0.0000,0.0000,0.0000,0.0000,0.0000,0.0000,0.0000,0.0000,0.0000,0.0000,0.0000,0.0000,0.0000,0.0000,0.0000,0.0000,0.0000,0.0000,0.0000,0.0000,0.0000,0.0000,0.0000,0.0000,0.0000,0.0000,0.0000,0.0000,0.0000,0.0000,0.0000,0.0000,0.0000,0.0000,0.0000,0.0000,0.0000,0.0000,0.0000,0.0000,0.0000,0.0000,0.0000,0.0000,0.0000,0.0000,0.0000,0.0000,0.0000,0.0000,0.0000,0.0000,0.0000,0.0000,0.0000,0.0000,0.0000,343.5468,393.1721,415.2325,449.5232,475.3856,518.2502,521.0410,551.2429,652.9101,684.3097,721.2783,763.1584,777.0062,747.9410,827.0726,871.7053,934.2683,1016.9637,1040.1327,1046.6349,1077.1256,1184.0460,1151.3372,1151.5175,1144.4945,1182.5870,1235.8481,1172.9440,1200.8488,1178.7169,1097.5677,1173.9902,1255.0925,1204.7214,1115.1093,1170.9573,1103.1991,1101.1887,1122.9622,1163.0760,1124.0907,1165.5089,1191.9458,1119.1708,1112.8083,1052.7811,1097.8950,1232.4773,1214.4015,1238.2816,1260.9999,1291.5896,1326.3916,1418.3152,1424.8721,1464.7625,1470.7570,1429.5979,1526.4618,1428.1375,1480.4689,1465.9180,1570.0281,1525.6938,1570.8657,1506.3583,1590.4019,1461.4799,1456.7971,1423.8903,1419.5896,1487.9592,1455.3284,1418.1255,1501.7207,1470.1740,1472.3859,1576.9219,1527.4445,1535.2400,1598.9990,1621.3308,1691.5167,1781.6780,1775.9540,1847.1046,1905.4844,1902.5989,1916.9771,1871.9333,1820.2904,1766.4507,1842.4609,1815.4453,1706.8524,1762.5024,1888.7826,1823.5466,1820.0083,1792.6661,1721.2843,1795.4623,1866.6660,1956.1976,2004.1356,1852.7249,1903.9058,1968.1602,1987.3988,1979.6053,2091.4683,2087.2302,2220.2007,2221.3594,2119.0430,2032.0605,1926.0573,1945.9049,1905.9972,1967.4174,1890.0632,1852.7665,1893.5924,1973.7708,1909.2579,1912.5420,1948.4618,2008.6881,2040.5592,1968.0116,1940.4111,2011.8778,2010.6252,2036.9683,2054.9900,2037.8499,2028.1210,2079.0671,2034.5439,2062.4958,2095.6738,2091.4268,2155.9829,2133.7214,2107.9272,2012.0697,1993.2784,1953.3418,1913.5486,1952.7240,1865.9346,1852.3616,1844.7421,1868.6890,1818.4282,1719.3966,1707.7139,1727.3860,1779.5100,1757.9631,1765.9314,1763.0287,1780.0076,1836.6422,1859.1833,1811.5022,1807.2634,1815.6868,1846.6458,1897.7067,1870.3353,1797.3422,1828.1737,1850.3811,1758.0955,1694.0223,1663.7612,1693.3888,1656.5007,1716.4081,1699.7338,1578.7072,1538.4672,1498.6281,1452.1702,1446.6667,1405.1152,1391.3622,1372.0420,1403.5568,1388.6593,1359.8152,1346.0554,1294.7261,1340.3743,1279.9565,1282.8065,1272.4608,1273.9639,1359.6182,1335.0728,1278.8120,1340.5707,1265.4427,1262.3074,1194.9760,1195.4172,1231.4774,1176.9396,1131.8605,1114.8695,1072.9752,998.5809,1038.7391,990.0291,1027.7589,989.6450,995.3895,1054.9420,999.9694,1019.1569,1028.4790,994.9209,1006.1401,1014.5929,977.8914,957.1152,942.9117,888.0939,927.6848,886.7390,860.3545,835.4086,839.3264,760.2560,727.7210,750.3045,678.5213,668.2503,610.1865,580.5093,549.6002,538.0068,477.8429,490.9828,521.1283,413.0641,408.1776,402.0473,429.4982,397.8779,435.7353,430.0909,390.0871,411.8934,384.8311,400.5309,397.5642,381.4971,390.1390,347.4660,304.2072,0.0000,0.0000,0.0000,0.0000,0.0000,0.0000,0.0000,0.0000,0.0000,0.0000,0.0000,0.0000,0.0000,0.0000,0.0000,0.0000,0.0000,0.0000,0.0000,0.0000,0.0000,0.0000,0.0000,0.0000,0.0000,0.0000,0.0000,0.0000,0.0000,0.0000,0.0000,0.0000,0.0000,0.0000,0.0000,0.0000,0.0000,0.0000,0.0000,0.0000,0.0000,0.0000,0.0000,0.0000,0.0000,0.0000,0.0000,0.0000,0.0000,0.0000,0.0000,0.0000,0.0000,0.0000,0.0000,0.0000,0.0000,0.0000,0.0000,0.0000,0.0000,0.0000,0.0000,0.0000,0.0000,0.0000,0.0000,0.0000,0.0000
0.0000,0.0000,0.0000,0.0000,0.0000,0.0000,0.0000,0.0000,0.0000,0.0000,0.0000,0.0000,0.0000,0.0000,0.0000,0.0000,0.0000,0.0000,0.0000,0.0000,0.0000,0.0000,0.0000,0.0000,0.0000,0.0000,0.0000,0.0000,0.0000,0.0000,0.0000,0.0000,0.0000,0.0000,0.0000,0.0000,0.0000,0.0000,0.0000,0.0000,0.0000,0.0000,0.0000,0.0000,0.0000,0.0000,0.0000,0.0000,0.0000,0.0000,0.0000,0.0000,0.0000,0.0000,0.0000,0.0000,0.0000,0.0000,0.0000,0.0000,0.0000,0.0000,0.0000,0.0000,0.0000,0.0000,0.0000,0.0000,360.4909,397.5925,363.3656,492.8146,505.3374,511.9235,631.3843,575.1099,635.4813,705.4241,697.9597,736.7591,795.4070,812.7246,877.0052,966.6866,944.9359,957.7572,1020.3906,1100.7074,1123.6544,1141.6420,1200.3890,1186.4415,1195.3593,1229.7662,1194.8695,1157.9642,1191.9248,1186.5179,1153.3231,1112.6238,1105.0607,1176.7378,1237.4962,1242.1877,1186.7150,1123.0870,1085.2344,1184.7754,1181.9457,1143.9871,1209.6260,1134.2056,1174.7200,1182.3114,1135.9427,1133.4443,1210.0176,1246.9456,1243.9524,1274.1842,1393.7107,1455.9080,1525.6660,1613.2007,1523.6725,1469.5540,1479.9574,1479.7820,1555.9280,1551.8265,1472.5707,1545.5914,1612.6123,1512.4740,1542.8915,1507.4407,1405.5272,1420.5933,1509.5110,1411.2317,1481.2493,1390.0734,1457.8167,1483.7965,1490.4661,1513.6830,1550.4604,1576.2797,1647.0270,1693.1292,1718.5551,1699.2343,1796.0726,1873.5604,1887.4824,1889.4965,1898.2927,1860.9270,1904.4218,1968.7695,1785.5498,1759.1478,1837.0792,1736.2189,1851.9568,1818.2272,1826.9563,1842.1449,1816.7621,1833.9744,1944.4236,1879.6985,1933.3580,2015.3879,1928.3677,1881.4098,1935.1420,2053.0962,2219.1589,2200.7856,2231.1658,2152.9553,2199.5999,2135.4507,2062.5491,2029.2081,2000.4806,1978.0449,2053.3708,2070.5159,1945.9469,1942.0669,1931.0596,1944.0107,2014.3425,1995.0089,1912.7578,2073.8369,1999.2572,2028.9232,2012.9374,1970.5858,1965.5554,2079.9387,2160.5376,2154.2856,2033.4728,2149.1587,2197.4390,2224.3938,2210.7314,2112.0027,2086.8813,2115.6917,2046.5898,2095.1252,1973.0216,1927.8669,1934.4092,1985.3671,1878.7388,1824.5955,1787.8507,1750.1219,1866.8376,1834.3788,1808.0754,1831.3756,1765.3920,1741.2833,1808.4606,1784.2914,1744.6394,1808.0011,1859.8878,1908.9740,1885.9100,1877.5919,1913.0021,1832.2616,1891.5980,1846.4579,1885.9376,1870.2156,1848.8083,1823.7227,1861.4866,1746.4158,1720.4226,1701.3636,1648.6464,1613.9662,1571.0015,1465.1138,1512.5096,1512.7605,1493.3358,1430.5859,1380.7462,1364.1871,1375.4567,1341.5179,1291.4280,1334.7966,1365.0708,1402.8887,1320.5110,1330.6055,1320.1954,1334.6348,1321.3856,1334.9518,1306.9915,1269.5581,1294.2640,1252.2299,1243.6743,1143.4968,1121.0646,1110.7792,1067.0693,1088.6200,1053.4926,1007.6613,1048.7058,1048.6700,1031.3514,993.9623,954.2898,1032.6208,997.4753,1012.2999,1005.7377,981.2238,928.5176,948.1839,935.4214,899.9088,880.0116,852.2982,874.2104,803.8323,787.1562,795.7529,766.0391,735.9293,699.3013,643.0535,604.8950,614.0273,591.1849,557.6339,509.8915,471.7866,504.0681,441.8763,456.0645,447.6701,439.8228,429.3414,400.9544,379.0802,400.3793,366.9965,382.1765,352.7105,366.0281,401.7421,365.3364,356.8498,305.7674,358.6438,0.0000,0.0000,0.0000,0.0000,0.0000,0.0000,0.0000,0.0000,0.0000,0.0000,0.0000,0.0000,0.0000,0.0000,0.0000,0.0000,0.0000,0.0000,0.0000,0.0000,0.0000,0.0000,0.0000,0.0000,0.0000,0.0000,0.0000,0.0000,0.0000,0.0000,0.0000,0.0000,0.0000,0.0000,0.0000,0.0000,0.0000,0.0000,0.0000,0.0000,0.0000,0.0000,0.0000,0.0000,0.0000,0.0000,0.0000,0.0000,0.0000,0.0000,0.0000,0.0000,0.0000,0.0000,0.0000,0.0000,0.0000,0.0000,0.0000,0.0000,0.0000,0.0000,0.0000,0.0000,0.0000,0.0000,0.0000,0.0000
0.0000,0.0000,0.0000,0.0000,0.0000,0.0000,0.0000,0.0000,0.0000,0.0000,0.0000,0.0000,0.0000,0.0000,0.0000,0.0000,0.0000,0.0000,0.0000,0.0000,0.0000,0.0000,0.0000,0.0000,0.0000,0.0000,0.0000,0.0000,0.0000,0.0000,0.0000,0.0000,0.0000,0.0000,0.0000,0.0000,0.0000,0.0000,0.0000,0.0000,0.0000,0.0000,0.0000,0.0000,0.0000,0.0000,0.0000,0.0000,0.0000,0.0000,0.0000,0.0000,0.0000,0.0000,0.0000,0.0000,0.0000,0.0000,0.0000,0.0000,0.0000,0.0000,0.0000,0.0000,0.0000,0.0000,0.0000,299.3182,369.0051,371.2636,442.8358,452.9119,497.9531,524.6676,626.5507,625.3510,666.6539,734.7581,768.5081,801.0790,829.7630,845.8412,933.8980,889.6414,960.8742,1003.6873,1017.2612,1118.7847,1160.1016,1215.1960,1262.5651,1224.8336,1220.2103,1247.1147,1114.8680,1190.8059,1160.2462,1154.6598,1169.2476,1152.9379,1132.2628,1190.6908,1192.3475,1152.1782,1184.6487,1137.5626,1109.7061,1103.8787,1101.8257,1217.7831,1200.7866,1181.9841,1147.2695,1154.5280,1185.5929,1165.0668,1192.3092,1260.1121,1375.1632,1398.1108,1511.9934,1499.4249,1503.9481,1516.7811,1510.7334,1504.8212,1536.6531,1531.2974,1589.4167,1565.9929,1486.7986,1497.2104,1495.3158,1477.4016,1565.8492,1439.8154,1420.7621,1429.9810,1393.4969,1400.1523,1451.8616,1397.6276,1409.5723,1451.3452,1532.7876,1589.2422,1603.0428,1657.1648,1719.9542,1733.2336,1833.1315,1732.6726,1747.8461,1877.0472,1902.9316,1990.6278,1949.9895,1881.1841,1900.5320,1868.3788,1822.8910,1767.6050,1761.4788,1685.8773,1861.1680,1878.5748,1879.6147,1898.4464,1743.5138,1894.2954,1912.5796,1964.4569,1940.2145,1925.0677,1987.2222,2072.1035,2109.2588,2123.5063,2130.1318,2195.1235,2203.3987,2176.0059,2126.3706,2136.2864,2031.8018,2123.2393,2131.0784,2072.9641,2034.9637,2053.7820,1966.4646,2023.6205,1996.0359,1963.6793,1996.3092,2033.2209,2045.7012,2002.0593,1995.7174,2003.1553,1993.3654,2067.5552,2094.8804,2091.1995,2200.1216,2189.4412,2218.6372,2211.6199,2184.4275,2193.5837,2233.9875,2169.1348,2176.9995,2177.1479,2114.1687,2130.2710,2072.7053,1970.6075,1925.3711,1911.6134,1893.1256,1954.3979,1887.7863,1856.8723,1856.3259,1841.0284,1861.8998,1863.6984,1812.4687,1800.4390,1799.7212,1855.1133,1828.9072,1853.0397,1923.0906,1946.8083,1942.4504,1966.0284,1880.8844,1859.6917,1922.4760,1943.8237,1899.5894,1892.9333,1825.4093,1883.1709,1867.8752,1783.6281,1782.7485,1684.3838,1676.9304,1698.7078,1612.1840,1608.0192,1503.9402,1459.6434,1400.2177,1441.7445,1388.1537,1401.8772,1329.4789,1387.5833,1393.2869,1373.5796,1365.2554,1333.4529,1342.7338,1376.4812,1338.3036,1363.9391,1384.4825,1314.8580,1389.9280,1345.3477,1284.0238,1229.3655,1233.2102,1140.3776,1144.0427,1112.8767,1092.0907,1106.8097,1100.7505,1039.6707,1018.4441,1020.7716,991.9209,1032.2731,1023.5432,1011.6422,960.9810,1082.8586,1036.3469,1004.5319,1007.2596,952.6718,946.0906,996.8422,913.2690,916.1483,859.9911,855.5936,803.5809,783.3986,697.3066,713.0516,688.0663,679.4982,688.3259,621.7995,586.3310,577.8038,601.9316,515.9907,474.4507,475.8426,459.0936,484.0339,501.4073,467.0377,413.7583,417.5744,400.5276,413.5556,421.1188,417.6029,371.1107,434.2463,379.7600,331.0558,348.8557,306.6824,318.5104,0.0000,0.0000,0.0000,0.0000,0.0000,0.0000,0.0000,0.0000,0.0000,0.0000,0.0000,0.0000,0.0000,0.0000,0.0000,0.0000,0.0000,0.0000,0.0000,0.0000,0.0000,0.0000,0.0000,0.0000,0.0000,0.0000,0.0000,0.0000,0.0000,0.0000,0.0000,0.0000,0.0000,0.0000,0.0000,0.0000,0.0000,0.0000,0.0000,0.0000,0.0000,0.0000,0.0000,0.0000,0.0000,0.0000,0.0000,0.0000,0.0000,0.0000,0.0000,0.0000,0.0000,0.0000,0.0000,0.0000,0.0000,0.0000,0.0000,0.0000,0.0000,0.0000,0.0000,0.0000,0.0000,0.0000,0.0000
0.0000,0.0000,0.0000,0.0000,0.0000,0.0000,0.0000,0.0000,0.0000,0.0000,0.0000,0.0000,0.0000,0.0000,0.0000,0.0000,0.0000,0.0000,0.0000,0.0000,0.0000,0.0000,0.0000,0.0000,0.0000,0.0000,0.0000,0.0000,0.0000,0.0000,0.0000,0.0000,0.0000,0.0000,0.0000,0.0000,0.0000,0.0000,0.0000,0.0000,0.0000,0.0000,0.0000,0.0000,0.0000,0.0000,0.0000,0.0000,0.0000,0.0000,0.0000,0.0000,0.0000,0.0000,0.0000,0.0000,0.0000,0.0000,0.0000,0.0000,0.0000,0.0000,0.0000,0.0000,0.0000,0.0000,321.7998,348.3594,389.0716,447.6939,485.6862,531.6494,574.1560,593.0633,593.6096,668.6692,740.0056,711.7140,719.9950,836.6946,816.9958,874.3160,907.8792,962.7865,998.0101,1047.8739,1147.5770,1194.5483,1221.9933,1216.2622,1240.1742,1237.1902,1163.5657,1186.4299,1139.2693,1214.0353,1226.9622,1197.7710,1203.7480,1117.2786,1145.9792,1149.7664,1202.5208,1170.6031,1176.8973,1164.4934,1133.3235,1148.1893,1127.4351,1169.3198,1187.3210,1248.1437,1197.0150,1191.7350,1208.2415,1233.2500,1287.4214,1322.1165,1380.7638,1419.8691,1493.4921,1556.3860,1620.4280,1587.5815,1549.4615,1606.7419,1655.1123,1556.9810,1508.9373,1488.8588,1468.8921,1499.1735,1471.0505,1453.0487,1451.8630,1428.3260,1444.7184,1385.7151,1389.9189,1370.1597,1400.4529,1482.6686,1529.3376,1571.1995,1579.3505,1638.2720,1674.3875,1767.2256,1745.1237,1764.1196,1781.6521,1807.7689,1951.1837,1929.0050,1918.0433,1963.6338,1960.8201,1908.4717,1855.6958,1847.1758,1729.0175,1736.6484,1810.9010,1855.9933,1819.8792,1878.4172,1894.9851,1867.3600,1904.6785,1927.3324,1926.6135,2106.8228,2109.0076,1982.7091,2061.4851,2053.3855,2146.8037,2253.4216,2185.4102,2177.5305,2166.4363,2148.6084,2160.8516,2199.7068,2018.8293,2061.5586,2142.6086,2073.1731,2131.9077,2104.6335,2108.1113,2113.6782,2119.6726,2105.7471,2077.5408,1988.3868,2052.2466,2070.4995,2098.7515,2062.9509,2013.1327,2158.6143,2175.0093,2158.8115,2210.0376,2100.0193,2126.9387,2226.7644,2238.8811,2266.6096,2238.7661,2185.8455,2233.7720,2216.2949,2120.1582,2022.9526,1996.3243,2006.5421,2043.2273,2033.7677,2014.8370,1906.9957,1929.6654,1932.6058,1862.3499,1896.9589,1868.4800,1863.6705,1925.6455,1920.5490,1838.2288,1870.0092,1851.7842,1925.7445,1997.1471,1886.2368,1915.8772,1952.2391,1928.4084,1978.4304,1985.0753,1913.9307,1919.8171,1911.8523,1875.0216,1837.9258,1932.3074,1910.2836,1873.4386,1836.5841,1780.3140,1662.6993,1649.0627,1582.2961,1535.8241,1532.5195,1494.5947,1483.9169,1493.5720,1445.5903,1350.8093,1418.1196,1360.8750,1335.1962,1443.9850,1389.6664,1314.5052,1434.9307,1385.6616,1412.0370,1385.3798,1351.2615,1335.1611,1357.8185,1316.0601,1267.2051,1192.6277,1180.5958,1193.3754,1162.8862,1116.2236,1098.7809,1109.3864,1058.7577,1066.1943,1091.4054,1029.5132,983.8546,1066.0227,1056.1165,1053.3514,1013.6238,957.6380,978.9816,1075.5114,1044.3047,995.3785,978.8847,926.9516,967.7127,953.2227,854.0052,788.5580,791.3068,813.3970,827.8094,779.0699,670.6143,715.0363,658.3935,600.3337,601.0889,596.4379,557.4927,537.8797,506.7984,496.9767,484.1530,488.0490,510.9515,461.1001,464.5305,448.6851,370.0415,439.1199,466.1578,421.9799,458.6724,384.1913,379.9697,361.7236,307.6295,347.1016,315.9197,0.0000,0.0000,0.0000,0.0000,0.0000,0.0000,0.0000,0.0000,0.0000,0.0000,0.0000,0.0000,0.0000,0.0000,0.0000,0.0000,0.0000,0.0000,0.0000,0.0000,0.0000,0.0000,0.0000,0.0000,0.0000,0.0000,0.0000,0.0000,0.0000,0.0000,0.0000,0.0000,0.0000,0.0000,0.0000,0.0000,0.0000,0.0000,0.0000,0.0000,0.0000,0.0000,0.0000,0.0000,0.0000,0.0000,0.0000,0.0000,0.0000,0.0000,0.0000,0.0000,0.0000,0.0000,0.0000,0.0000,0.0000,0.0000,0.0000,0.0000,0.0000,0.0000,0.0000,0.0000,0.0000,0.0000
0.0000,0.0000,0.0000,0.0000,0.0000,0.0000,0.0000,0.0000,0.0000,0.0000,0.0000,0.0000,0.0000,0.0000,0.0000,0.0000,0.0000,0.0000,0.0000,0.0000,0.0000,0.0000,0.0000,0.0000,0.0000,0.0000,0.0000,0.0000,0.0000,0.0000,0.0000,0.0000,0.0000,0.0000,0.0000,0.0000,0.0000,0.0000,0.0000,0.0000,0.0000,0.0000,0.0000,0.0000,0.0000,0.0000,0.0000,0.0000,0.0000,0.0000,0.0000,0.0000,0.0000,0.0000,0.0000,0.0000,0.0000,0.0000,0.0000,0.0000,0.0000,0.0000,0.0000,0.0000,0.0000,325.6880,343.5504,363.7120,425.6238,436.0720,513.7147,505.1383,598.4855,647.8273,665.9946,684.6917,732.4465,722.6985,804.1204,825.7261,872.8235,955.5181,965.8379,1014.4398,1086.3722,1078.6294,1110.2095,1189.7578,1254.8612,1259.8402,1193.5310,1232.8466,1258.4136,1254.0726,1252.7313,1176.1508,1151.9229,1195.3046,1140.9473,1158.3854,1141.3600,1166.8564,1210.0542,1235.5500,1154.5895,1133.9125,1130.4681,1084.6235,1110.9761,1164.7253,1219.7969,1232.9336,1259.0466,1261.2839,1316.2594,1217.9600,1285.3539,1389.2640,1460.8156,1534.3823,1548.0226,1609.5076,1653.0862,1667.0195,1645.7670,1605.4579,1560.2253,1589.2312,1464.1610,1507.5167,1538.3556,1434.4639,1470.9476,1486.3575,1376.5070,1374.0249,1347.2379,1308.8802,1449.4240,1426.3199,1450.8254,1532.7054,1528.8235,1567.1110,1676.4719,1611.2184,1669.2788,1783.9620,1836.2184,1883.3364,1862.1477,1870.7374,1893.4257,1946.9617,1934.3466,1925.0078,1879.1168,1834.8674,1816.5967,1872.8054,1786.7290,1702.4994,1799.2512,1873.1499,1809.6340,1893.2390,1888.0270,1822.4363,1990.8774,2033.2805,2008.2029,2074.7627,2056.4109,2083.6060,2091.3826,2099.3984,2123.3423,2161.7161,2254.4683,2246.6321,2188.4915,2144.9900,2112.5093,2110.9526,2117.0901,2056.7913,2082.7170,2144.6665,2135.6672,2230.6035,2231.8623,2132.2461,2071.9336,2089.4016,2040.6877,2107.8347,2103.9885,2145.0901,2147.3811,2090.0774,2081.6191,2148.9604,2108.0461,2180.7100,2272.0923,2214.5413,2194.5752,2210.6572,2218.6431,2272.8977,2250.4316,2182.8987,2139.2471,2092.3943,2158.1770,2099.7710,2059.8225,2079.3225,2081.4370,2080.9424,2071.8684,1927.5114,1926.6780,1914.2694,1925.3522,1985.5165,1955.5989,1937.8810,1886.5099,1940.7058,1890.9465,1921.8201,1884.1304,1906.3890,1920.9338,1985.6754,1945.7356,1915.8447,1895.6935,1990.6219,1965.4945,1912.4773,1864.7998,1835.1887,1915.0471,1999.6959,1987.2843,1918.8759,1801.0671,1805.3401,1821.2654,1708.6136,1682.0651,1646.3865,1519.8214,1630.9092,1560.5040,1470.7714,1454.1390,1404.4205,1391.6353,1375.2446,1310.1840,1367.5194,1416.1282,1435.2187,1419.9275,1411.0758,1429.9314,1413.2649,1341.9850,1352.6512,1336.8041,1348.4171,1366.5804,1302.6909,1268.4750,1263.0585,1175.3324,1156.4388,1206.1920,1135.9241,1124.8070,1077.3638,1038.1044,1076.3440,1054.6882,1034.8741,1029.2485,999.3875,993.2106,1068.2811,965.1521,1009.5600,983.2584,995.4462,1008.5475,1002.0150,918.9293,953.3049,962.5712,911.2187,847.5330,842.7475,796.3094,821.9786,827.0767,764.8776,724.2700,666.8199,654.3920,661.2095,635.9312,555.9318,558.9583,562.2231,480.6002,482.9207,466.6961,486.9234,472.6018,457.4270,445.6417,455.1059,414.6680,418.6143,408.3521,419.9767,430.3294,355.2161,324.3630,384.2917,320.9171,338.9361,271.4044,0.0000,0.0000,0.0000,0.0000,0.0000,0.0000,0.0000,0.0000,0.0000,0.0000,0.0000,0.0000,0.0000,0.0000,0.0000,0.0000,0.0000,0.0000,0.0000,0.0000,0.0000,0.0000,0.0000,0.0000,0.0000,0.0000,0.0000,0.0000,0.0000,0.0000,0.0000,0.0000,0.0000,0.0000,0.0000,0.0000,0.0000,0.0000,0.0000,0.0000,0.0000,0.0000,0.0000,0.0000,0.0000,0.0000,0.0000,0.0000,0.0000,0.0000,0.0000,0.0000,0.0000,0.0000,0.0000,0.0000,0.0000,0.0000,0.0000,0.0000,0.0000,0.0000,0.0000,0.0000,0.0000
0.0000,0.0000,0.0000,0.0000,0.0000,0.0000,0.0000,0.0000,0.0000,0.0000,0.0000,0.0000,0.0000,0.0000,0.0000,0.0000,0.0000,0.0000,0.0000,0.0000,0.0000,0.0000,0.0000,0.0000,0.0000,0.0000,0.0000,0.0000,0.0000,0.0000,0.0000,0.0000,0.0000,0.0000,0.0000,0.0000,0.0000,0.0000,0.0000,0.0000,0.0000,0.0000,0.0000,0.0000,0.0000,0.0000,0.0000,0.0000,0.0000,0.0000,0.0000,0.0000,0.0000,0.0000,0.0000,0.0000,0.0000,0.0000,0.0000,0.0000,0.0000,0.0000,0.0000,0.0000,0.0000,341.7307,316.7423,378.3214,402.4277,524.0870,595.2984,555.3795,648.7487,670.8464,651.7390,764.0253,741.6464,749.1247,782.8899,851.2256,936.9586,1007.0655,1013.6964,1045.4701,1081.8977,1104.0815,1123.9252,1176.3561,1261.7585,1244.9712,1221.9609,1246.1663,1207.7336,1211.6967,1213.5217,1146.7664,1166.6316,1161.8693,1133.4464,1190.0698,1214.2859,1110.4557,1055.9081,1149.8243,1130.3503,1113.9897,1104.9149,1085.6190,1160.0541,1206.9482,1183.3076,1238.1353,1215.4233,1279.1350,1267.2196,1333.2882,1430.9705,1406.8088,1516.3672,1633.9771,1652.3627,1673.8074,1617.6735,1643.0258,1670.9849,1614.1383,1617.8922,1584.8207,1504.4348,1558.9945,1520.4344,1445.3455,1386.8579,1367.2559,1350.4136,1440.0571,1376.3872,1382.4404,1370.7263,1429.0502,1464.8160,1500.3320,1524.0776,1534.8689,1641.2001,1660.3571,1826.2416,1858.0264,1890.4408,1928.9508,1883.1770,1915.9132,1872.5381,1895.5880,1896.4481,1833.0909,1897.7922,1828.5924,1795.6602,1775.1858,1818.3970,1775.0488,1753.4658,1765.9867,1825.3606,1936.0822,1978.6591,1891.2594,1978.1862,1978.5732,2048.7737,2066.2878,2098.2683,2107.5439,2104.0884,2134.5381,2189.2463,2122.3518,2187.7808,2123.6765,2155.4751,2232.9375,2072.8896,2160.5991,2116.8625,2106.3928,2181.7783,2206.2695,2145.0405,2138.5308,2197.2268,2183.9502,2234.1719,2172.7361,2178.4348,2257.9431,2294.4822,2183.0732,2112.9832,2114.1577,2107.9758,2169.2930,2232.6340,2234.8484,2199.2703,2234.8943,2295.0659,2274.8928,2239.3506,2113.6545,2162.3960,2235.7798,2171.7622,2180.3708,2145.5454,2108.2109,2182.3992,2165.4463,2069.1372,2137.0530,2069.9246,2017.3231,2092.7253,2061.8291,2004.4078,2039.0498,2009.9158,1948.8964,1950.4288,1963.8728,1972.7782,1974.7933,2070.0698,2027.5077,1931.4088,1907.5128,1933.7297,1887.4673,1957.4741,1904.5940,1878.6783,1962.3124,1917.5188,1946.0052,1985.0494,1897.6407,1948.9221,1925.0353,1863.0081,1852.2734,1803.3969,1806.8824,1829.4066,1720.0662,1610.7694,1566.4382,1558.9193,1509.0270,1454.8258,1411.4850,1434.1825,1366.4636,1401.4998,1428.9381,1317.5759,1351.2123,1392.9691,1404.7382,1468.6123,1415.4957,1376.2957,1402.6846,1407.8745,1381.6327,1351.5581,1307.5110,1286.5012,1300.7999,1257.4102,1178.9279,1141.5769,1123.6094,1159.4452,1151.4932,1077.9843,999.3999,1019.0982,1053.3624,1062.6238,1035.2379,1036.1321,1034.7667,1018.8167,981.0558,997.4456,967.2490,969.3200,985.8059,1002.0601,967.0613,954.1020,925.7989,861.8492,905.5146,860.2051,822.8752,802.6345,806.2000,733.7753,693.2377,709.3832,643.0920,678.2586,636.3206,582.6567,582.9095,531.0809,522.1462,530.5439,485.9359,483.2021,511.1664,423.8634,464.8774,426.2384,416.5472,408.8515,445.6267,467.0685,399.9756,374.2580,347.6302,356.3821,335.5696,332.6086,0.0000,0.0000,0.0000,0.0000,0.0000,0.0000,0.0000,0.0000,0.0000,0.0000,0.0000,0.0000,0.0000,0.0000,0.0000,0.0000,0.0000,0.0000,0.0000,0.0000,0.0000,0.0000,0.0000,0.0000,0.0000,0.0000,0.0000,0.0000,0.0000,0.0000,0.0000,0.0000,0.0000,0.0000,0.0000,0.0000,0.0000,0.0000,0.0000,0.0000,0.0000,0.0000,0.0000,0.0000,0.0000,0.0000,0.0000,0.0000,0.0000,0.0000,0.0000,0.0000,0.0000,0.0000,0.0000,0.0000,0.0000,0.0000,0.0000,0.0000,0.0000,0.0000,0.0000,0.0000,0.0000
0.0000,0.0000,0.0000,0.0000,0.0000,0.0000,0.0000,0.0000,0.0000,0.0000,0.0000,0.0000,0.0000,0.0000,0.0000,0.0000,0.0000,0.0000,0.0000,0.0000,0.0000,0.0000,0.0000,0.0000,0.0000,0.0000,0.0000,0.0000,0.0000,0.0000,0.0000,0.0000,0.0000,0.0000,0.0000,0.0000,0.0000,0.0000,0.0000,0.0000,0.0000,0.0000,0.0000,0.0000,0.0000,0.0000,0.0000,0.0000,0.0000,0.0000,0.0000,0.0000,0.0000,0.0000,0.0000,0.0000,0.0000,0.0000,0.0000,0.0000,0.0000,0.0000,0.0000,0.0000,281.2088,334.1096,402.2233,415.4297,474.8881,560.2763,571.8406,628.4346,657.4413,695.9233,666.7912,725.3956,780.2170,845.4024,843.2624,889.0766,929.9167,1001.5847,1013.5263,1054.9542,1037.7222,1160.7750,1170.9028,1247.7339,1286.7805,1240.1659,1216.8673,1274.2141,1233.8595,1218.2367,1224.2866,1187.2869,1220.0452,1244.9565,1171.5233,1214.5446,1154.1747,1097.4897,1146.9698,1163.9758,1137.8359,1159.6079,1174.9572,1180.8607,1186.9517,1172.9982,1239.3140,1299.8130,1354.3868,1348.2135,1338.7050,1430.4167,1475.0087,1503.4738,1528.8267,1598.6765,1650.8724,1741.7010,1686.9357,1707.1296,1746.7607,1659.6586,1655.5199,1613.6667,1491.8107,1481.0172,1498.3721,1433.0334,1440.2958,1384.0098,1387.6240,1421.3925,1426.2634,1449.1577,1416.0681,1430.4030,1465.1592,1534.4825,1629.7754,1696.9070,1688.3430,1760.0931,1871.5551,1842.1193,1924.1133,1821.7422,1851.4678,1896.1162,1956.0518,1933.7979,1863.4813,1774.0576,1837.6259,1831.6876,1750.3422,1771.1526,1788.4781,1787.6615,1833.5937,1910.4803,1922.2385,1921.6172,1939.7385,1925.7528,1998.8093,2063.4746,2068.0598,2063.1042,2191.7124,2207.2859,2123.6770,2101.4067,2138.3594,2138.6882,2213.2307,2168.6548,2164.3660,2225.8899,2201.5959,2236.8457,2253.9336,2130.5540,2126.4753,2192.6570,2204.3057,2199.0273,2259.5881,2253.9866,2298.1526,2288.2493,2303.0200,2233.1357,2231.8293,2221.0403,2180.0999,2221.4507,2167.2678,2184.0662,2316.2588,2268.2083,2209.7112,2244.6797,2157.6646,2229.1453,2338.4854,2262.2551,2189.2915,2229.6912,2155.4661,2197.9907,2140.0325,2125.8987,2073.2686,2129.9868,2209.2480,2156.3105,2124.8586,2108.1433,2122.7798,2156.3418,2096.0864,2021.3677,1998.5924,2040.5499,2049.7656,2130.7356,2056.8760,2062.3240,2016.2667,2057.4258,1945.8347,1965.6416,1946.4247,1895.4602,1980.0032,1939.2410,1957.3273,1933.7435,1848.3279,1910.7965,1989.7649,1925.0581,1915.9163,1893.2020,1916.7748,1942.7609,1875.9340,1846.1284,1737.3630,1715.0571,1669.1505,1622.2164,1565.0764,1560.3265,1491.5809,1463.6876,1461.4673,1384.8370,1404.2094,1397.9185,1361.4386,1450.0725,1447.5402,1424.1562,1500.5104,1467.8439,1417.0602,1466.6373,1422.5922,1387.3274,1367.8735,1401.0878,1350.8066,1319.8396,1276.4689,1254.4343,1211.4861,1200.2466,1193.5671,1143.5115,1117.6694,1103.2416,1039.3959,1069.8054,1079.2142,1063.8444,1055.7167,1009.1879,1055.3955,1042.0730,1011.0449,1060.5747,1020.7684,1011.0318,982.0422,1015.6770,941.7167,903.8259,883.4323,849.2679,874.5182,835.0521,861.8219,766.5018,769.2300,759.5615,722.8448,697.8151,605.6733,647.1190,621.7873,624.6962,571.4711,545.6085,530.1821,504.6833,538.3638,495.5308,502.5256,448.5121,460.0502,462.7358,482.0717,434.4512,422.8233,425.1768,425.7728,431.3863,348.3477,355.9475,381.4553,369.8118,0.0000,0.0000,0.0000,0.0000,0.0000,0.0000,0.0000,0.0000,0.0000,0.0000,0.0000,0.0000,0.0000,0.0000,0.0000,0.0000,0.0000,0.0000,0.0000,0.0000,0.0000,0.0000,0.0000,0.0000,0.0000,0.0000,0.0000,0.0000,0.0000,0.0000,0.0000,0.0000,0.0000,0.0000,0.0000,0.0000,0.0000,0.0000,0.0000,0.0000,0.0000,0.0000,0.0000,0.0000,0.0000,0.0000,0.0000,0.0000,0.0000,0.0000,0.0000,0.0000,0.0000,0.0000,0.0000,0.0000,0.0000,0.0000,0.0000,0.0000,0.0000,0.0000,0.0000,0.0000
0.0000,0.0000,0.0000,0.0000,0.0000,0.0000,0.0000,0.0000,0.0000,0.0000,0.0000,0.0000,0.0000,0.0000,0.0000,0.0000,0.0000,0.0000,0.0000,0.0000,0.0000,0.0000,0.0000,0.0000,0.0000,0.0000,0.0000,0.0000,0.0000,0.0000,0.0000,0.0000,0.0000,0.0000,0.0000,0.0000,0.0000,0.0000,0.0000,0.0000,0.0000,0.0000,0.0000,0.0000,0.0000,0.0000,0.0000,0.0000,0.0000,0.0000,0.0000,0.0000,0.0000,0.0000,0.0000,0.0000,0.0000,0.0000,0.0000,0.0000,0.0000,0.0000,0.0000,288.9995,343.7359,371.6518,444.6026,472.6833,508.5422,538.2554,594.7520,620.2404,690.1395,716.2028,744.7003,772.7784,788.9179,870.7471,824.1502,925.2833,951.1064,1019.7219,1117.5103,1136.0597,1129.8158,1171.9634,1165.2794,1181.3755,1256.7037,1249.2640,1284.3356,1192.5240,1202.3806,1227.5796,1218.4685,1203.8606,1149.6145,1186.0909,1205.5936,1182.8203,1143.9551,1115.5123,1164.4346,1253.9254,1236.7581,1185.0679,1176.8162,1134.5016,1182.6868,1267.2101,1263.6284,1300.9749,1399.8989,1435.3564,1447.6062,1500.2222,1487.8263,1479.8046,1627.5729,1689.5443,1744.9741,1704.8259,1746.8000,1752.8595,1743.9033,1692.7408,1602.5962,1542.7987,1544.5095,1538.9301,1503.4858,1450.7264,1406.6584,1426.9740,1455.6040,1440.4128,1407.2059,1404.8459,1403.0306,1561.5966,1578.3601,1616.2058,1731.7008,1692.6292,1758.4498,1838.1230,1811.6022,1882.5482,1918.5488,1905.1152,1961.9310,1931.6470,1836.4277,1830.7631,1823.5571,1762.0632,1705.4973,1734.9420,1781.8907,1792.1937,1867.5957,1896.7823,1813.7617,1847.3979,1942.3772,1922.8263,1980.5432,1969.9207,2037.8375,2135.4011,2118.9905,2113.6379,2148.3530,2121.0688,2106.1155,2081.9539,2067.1570,2127.5354,2183.5891,2195.7593,2292.9558,2228.1377,2122.2483,2157.4087,2200.5930,2197.5833,2175.1799,2157.8228,2285.9548,2313.5889,2332.4600,2379.4717,2253.3167,2274.8545,2295.8860,2239.3521,2293.1199,2273.6646,2153.9631,2314.8777,2243.7930,2139.9619,2172.9595,2160.0073,2214.3640,2329.3979,2243.5364,2309.3118,2252.8818,2264.8530,2272.4104,2210.9585,2123.8782,2089.6741,2148.0452,2175.3547,2165.6604,2175.3633,2192.2070,2182.6604,2206.0112,2199.4736,2138.6187,2111.4822,2113.1516,2029.4908,2156.3171,2092.3623,2022.1074,2170.8682,2095.5813,2099.0110,2070.3235,2019.9500,1975.1158,2040.0294,1959.9420,1966.8757,1867.8107,1878.9984,1905.4327,1911.9888,1879.8621,1879.3674,1915.5488,1990.0914,1984.3597,1952.3253,1979.0170,1859.6200,1900.1927,1835.8993,1769.4794,1728.5460,1653.6096,1650.2810,1677.3665,1560.9731,1469.7717,1520.7827,1439.1414,1404.2432,1463.7866,1360.4017,1408.3530,1458.6100,1484.1091,1496.4979,1449.0573,1427.3606,1464.3032,1479.0288,1437.5553,1430.1505,1366.8457,1417.8066,1403.2083,1358.1943,1359.8073,1269.4618,1304.5739,1290.7137,1229.7734,1197.7686,1164.7845,1169.6422,1175.3032,1102.9360,1023.8624,1046.7192,1028.4039,1045.1162,1104.3046,1038.7551,1067.4894,1052.4265,1016.1996,1021.6898,1012.1935,993.3309,944.3420,947.6251,971.9937,896.9457,875.5308,898.1621,800.5035,818.8980,775.2888,760.2794,776.8784,709.6591,693.3818,681.9399,678.1296,640.3589,619.3958,604.8296,531.0491,536.7206,515.0410,546.3228,587.2797,494.7134,513.9488,478.2270,412.0629,447.0262,398.6848,451.9778,419.2764,393.1821,380.5745,420.4166,401.4203,312.5247,350.6135,0.0000,0.0000,0.0000,0.0000,0.0000,0.0000,0.0000,0.0000,0.0000,0.0000,0.0000,0.0000,0.0000,0.0000,0.0000,0.0000,0.0000,0.0000,0.0000,0.0000,0.0000,0.0000,0.0000,0.0000,0.0000,0.0000,0.0000,0.0000,0.0000,0.0000,0.0000,0.0000,0.0000,0.0000,0.0000,0.0000,0.0000,0.0000,0.0000,0.0000,0.0000,0.0000,0.0000,0.0000,0.0000,0.0000,0.0000,0.0000,0.0000,0.0000,0.0000,0.0000,0.0000,0.0000,0.0000,0.0000,0.0000,0.0000,0.0000,0.0000,0.0000,0.0000,0.0000
0.0000,0.0000,0.0000,0.0000,0.0000,0.0000,0.0000,0.0000,0.0000,0.0000,0.0000,0.0000,0.0000,0.0000,0.0000,0.0000,0.0000,0.0000,0.0000,0.0000,0.0000,0.0000,0.0000,0.0000,0.0000,0.0000,0.0000,0.0000,0.0000,0.0000,0.0000,0.0000,0.0000,0.0000,0.0000,0.0000,0.0000,0.0000,0.0000,0.0000,0.0000,0.0000,0.0000,0.0000,0.0000,0.0000,0.0000,0.0000,0.0000,0.0000,0.0000,0.0000,0.0000,0.0000,0.0000,0.0000,0.0000,0.0000,0.0000,0.0000,0.0000,0.0000,335.3415,329.4538,353.1034,400.8590,447.7749,460.6833,515.5959,580.2370,636.0484,650.8369,639.1769,719.3581,734.6713,745.3306,823.7852,883.3439,900.7826,987.9864,1036.9639,1073.4509,1059.4215,1083.7427,1095.7437,1184.0449,1192.3826,1248.3112,1254.1781,1245.1626,1316.0427,1243.8451,1176.3400,1143.1212,1217.9069,1203.3376,1133.2802,1179.5901,1227.8236,1204.0337,1193.4731,1210.0145,1165.9225,1167.7559,1195.0662,1208.3512,1206.4989,1230.0204,1222.1407,1262.3250,1288.0378,1365.6602,1472.0420,1448.6239,1511.7117,1608.2415,1624.9188,1636.0773,1673.2710,1754.0944,1794.6938,1754.7520,1792.3997,1730.1418,1763.9851,1723.8712,1634.3721,1639.2104,1602.2524,1519.4926,1524.7133,1474.3195,1438.9954,1440.0536,1442.8751,1480.7440,1503.9408,1452.8444,1428.4349,1527.8864,1614.1674,1667.2235,1669.4338,1688.2734,1750.9852,1799.0985,1903.9622,1942.0812,1888.1056,1925.4708,1873.4871,1843.1075,1845.5287,1725.2344,1711.0961,1801.1239,1773.1649,1825.7251,1804.8994,1741.9171,1828.2017,1889.1057,1844.6742,1874.8254,1912.1711,2005.2325,2104.7698,2135.0784,2039.5531,2108.4138,2063.0781,2073.7354,2135.9146,2087.8779,2063.8413,2102.2346,2106.4563,2159.1089,2162.2468,2195.1223,2192.1274,2207.8591,2260.4756,2167.8391,2181.4180,2246.5425,2254.2297,2314.2070,2352.1208,2274.4199,2332.7573,2333.9275,2297.6965,2378.6504,2261.6455,2236.0051,2351.5896,2272.8186,2139.1602,2158.1436,2138.7998,2208.0427,2176.2759,2203.4954,2267.2510,2259.7195,2259.2227,2338.6021,2220.0989,2244.4868,2203.9402,2203.9556,2257.9211,2245.4817,2230.4529,2203.7031,2235.0825,2289.7017,2280.0161,2146.7593,2181.7109,2223.0251,2206.8328,2250.5415,2135.2949,2152.4521,2146.2341,2140.2075,2126.8625,2066.3977,2045.5554,2105.8743,2139.9783,2135.2837,2045.3926,1948.0431,1925.7573,1928.0729,1914.9724,1903.8199,1876.8192,1859.8203,1989.9178,1912.9958,1932.3109,1911.7478,1887.0208,1943.5652,1926.6204,1902.1603,1899.9539,1825.7919,1861.0341,1888.7186,1751.9462,1650.5444,1619.3369,1593.1355,1534.9008,1486.5354,1407.8577,1434.0603,1457.2749,1450.1171,1468.7119,1445.7013,1504.5854,1489.9938,1475.3906,1479.9362,1430.0999,1463.4432,1468.3444,1465.3502,1437.8416,1454.0342,1373.7443,1418.7189,1437.8137,1303.6904,1313.0940,1307.0033,1250.1364,1260.4207,1224.7407,1171.6354,1157.7734,1161.4976,1126.0490,1138.1853,1019.0224,1054.2753,1086.8807,1060.7535,1069.4087,1022.8242,1047.4412,1038.5961,1061.8125,1071.1154,958.9567,907.6479,992.8875,902.6360,888.0128,904.8015,832.4147,887.5146,870.5170,842.5192,813.9562,735.1721,718.2169,729.7856,695.7569,642.3108,621.9709,577.9569,603.0290,604.7546,525.1716,523.0413,546.9053,541.1624,477.2065,474.4750,477.0283,464.1638,480.5247,466.7646,442.7336,430.5577,438.3444,372.9057,373.9200,354.6443,362.0211,300.3661,0.0000,0.0000,0.0000,0.0000,0.0000,0.0000,0.0000,0.0000,0.0000,0.0000,0.0000,0.0000,0.0000,0.0000,0.0000,0.0000,0.0000,0.0000,0.0000,0.0000,0.0000,0.0000,0.0000,0.0000,0.0000,0.0000,0.0000,0.0000,0.0000,0.0000,0.0000,0.0000,0.0000,0.0000,0.0000,0.0000,0.0000,0.0000,0.0000,0.0000,0.0000,0.0000,0.0000,0.0000,0.0000,0.0000,0.0000,0.0000,0.0000,0.0000,0.0000,0.0000,0.0000,0.0000,0.0000,0.0000,0.0000,0.0000,0.0000,0.0000,0.0000,0.0000
0.0000,0.0000,0.0000,0.0000,0.0000,0.0000,0.0000,0.0000,0.0000,0.0000,0.0000,0.0000,0.0000,0.0000,0.0000,0.0000,0.0000,0.0000,0.0000,0.0000,0.0000,0.0000,0.0000,0.0000,0.0000,0.0000,0.0000,0.0000,0.0000,0.0000,0.0000,0.0000,0.0000,0.0000,0.0000,0.0000,0.0000,0.0000,0.0000,0.0000,0.0000,0.0000,0.0000,0.0000,0.0000,0.0000,0.0000,0.0000,0.0000,0.0000,0.0000,0.0000,0.0000,0.0000,0.0000,0.0000,0.0000,0.0000,0.0000,0.0000,0.0000,292.3412,387.3236,350.6077,372.6161,434.1139,472.6980,518.0618,564.0141,559.7943,661.9921,692.8051,677.6444,718.0151,766.8384,824.1323,901.3726,944.5294,935.8235,1009.8817,1057.3035,1090.2511,1100.2292,1116.7216,1139.7482,1188.2870,1229.7432,1220.1858,1246.3688,1260.2272,1244.5187,1191.8302,1234.0016,1166.1484,1199.7926,1224.4109,1209.2107,1206.1451,1237.0154,1165.4244,1172.1741,1208.4651,1174.0618,1177.8640,1112.0630,1201.6167,1286.6472,1294.9060,1262.4280,1214.8990,1291.8763,1381.6716,1489.8181,1600.0660,1655.8712,1604.8932,1737.9026,1758.9797,1697.6378,1783.4872,1756.2388,1751.6903,1820.3496,1773.7649,1732.3612,1685.0864,1630.4606,1591.7703,1619.6021,1508.0951,1458.6799,1435.2793,1507.2754,1501.8250,1495.5383,1464.8726,1493.9586,1530.0137,1537.1140,1557.5876,1659.1401,1687.6451,1718.8809,1862.5990,1861.0927,1872.3752,1911.6288,1919.0084,1849.1820,1904.5424,1837.7130,1831.3022,1896.0581,1728.7594,1790.4125,1787.0402,1741.8232,1811.2303,1842.6201,1846.9547,1854.7671,1871.2430,1982.9045,2018.7745,2005.6134,2004.6909,2019.2054,2042.2616,2082.0334,2057.0906,2084.7388,2098.1372,2096.1946,2160.8010,2118.6462,2031.0732,2106.4387,2135.2864,2217.0894,2258.8489,2187.5886,2209.7854,2334.8901,2268.8372,2332.7229,2233.2607,2216.8662,2298.4768,2383.7852,2337.5259,2410.7522,2315.3406,2309.7764,2417.7937,2324.1113,2204.7771,2172.3372,2095.2500,2152.2424,2138.2295,2160.8665,2163.3801,2126.6455,2247.7065,2300.2832,2241.2217,2218.8357,2221.7437,2298.5710,2362.0601,2353.1262,2246.3672,2288.7515,2266.4585,2276.7710,2343.4697,2260.6736,2237.8579,2257.2212,2318.1880,2263.9700,2226.8916,2195.0034,2186.9192,2207.3396,2158.7998,2164.4768,2168.4243,2162.1421,2148.3064,2198.5154,2173.2676,2097.6919,2142.4314,2099.2939,1976.1346,2015.1897,1908.8918,1920.3053,1962.3820,1899.8500,1881.9687,1905.7540,1861.2098,1953.2354,1997.1584,1892.5763,1935.6423,1954.1890,1976.0012,1964.4602,1875.4232,1786.3250,1800.1827,1795.8665,1703.6715,1626.9382,1612.8148,1606.2412,1590.0034,1573.5996,1505.3707,1426.3468,1486.5148,1493.3967,1463.6591,1505.8842,1449.8165,1519.4601,1520.4926,1519.4772,1480.8978,1482.0547,1465.6396,1465.8865,1464.2664,1507.7417,1469.9772,1412.7081,1426.1119,1381.9640,1366.6364,1279.0764,1236.6918,1287.1573,1299.9752,1229.5776,1165.5836,1077.1573,1093.6166,1110.5918,1106.5657,1049.9418,1066.7502,1036.7509,1065.6454,1085.1436,1069.8539,1028.3385,1043.5826,965.4307,964.3666,948.6609,946.2148,958.1529,931.5176,897.8821,926.0403,869.9678,830.9980,797.9692,786.9673,745.6180,732.9718,722.8535,744.3195,642.6615,619.4108,590.0533,577.3638,570.7659,588.3420,515.2937,522.0414,522.2269,539.0339,478.0914,498.9904,474.8716,461.5050,417.0592,481.7099,399.8493,376.5903,375.4432,365.8269,372.3710,335.5172,316.1460,0.0000,0.0000,0.0000,0.0000,0.0000,0.0000,0.0000,0.0000,0.0000,0.0000,0.0000,0.0000,0.0000,0.0000,0.0000,0.0000,0.0000,0.0000,0.0000,0.0000,0.0000,0.0000,0.0000,0.0000,0.0000,0.0000,0.0000,0.0000,0.0000,0.0000,0.0000,0.0000,0.0000,0.0000,0.0000,0.0000,0.0000,0.0000,0.0000,0.0000,0.0000,0.0000,0.0000,0.0000,0.0000,0.0000,0.0000,0.0000,0.0000,0.0000,0.0000,0.0000,0.0000,0.0000,0.0000,0.0000,0.0000,0.0000,0.0000,0.0000,0.0000
0.0000,0.0000,0.0000,0.0000,0.0000,0.0000,0.0000,0.0000,0.0000,0.0000,0.0000,0.0000,0.0000,0.0000,0.0000,0.0000,0.0000,0.0000,0.0000,0.0000,0.0000,0.0000,0.0000,0.0000,0.0000,0.0000,0.0000,0.0000,0.0000,0.0000,0.0000,0.0000,0.0000,0.0000,0.0000,0.0000,0.0000,0.0000,0.0000,0.0000,0.0000,0.0000,0.0000,0.0000,0.0000,0.0000,0.0000,0.0000,0.0000,0.0000,0.0000,0.0000,0.0000,0.0000,0.0000,0.0000,0.0000,0.0000,0.0000,0.0000,306.9310,304.7287,355.9391,357.6440,414.1399,475.7190,485.9421,554.9174,575.2646,619.3092,676.1039,617.5840,769.3109,814.8696,825.4879,859.1212,919.8571,963.1736,921.8765,1021.9681,1098.7979,1072.8617,1101.7167,1162.5067,1192.8451,1184.7052,1220.8014,1196.4413,1213.8820,1256.5083,1239.2596,1201.6930,1213.4186,1192.3021,1204.7949,1239.9384,1182.8293,1138.3975,1152.8934,1203.5538,1206.0493,1180.3391,1222.2433,1171.9557,1242.6686,1280.9167,1257.0071,1383.9912,1346.3839,1369.3169,1434.8702,1468.9651,1509.4813,1655.2003,1665.4323,1668.9019,1705.4280,1795.6841,1833.7668,1941.0380,1835.8094,1787.6310,1759.8285,1752.9121,1751.7335,1698.1392,1634.1498,1580.7507,1567.0713,1557.1561,1562.8362,1480.3401,1538.4302,1539.2903,1548.0017,1555.2566,1520.3690,1571.4312,1644.9669,1678.1797,1807.5397,1788.2272,1776.8036,1890.0524,1912.9700,1887.6039,1936.9220,1835.1614,1912.7504,1964.3837,1901.4375,1819.7131,1713.2709,1730.4781,1753.0846,1777.7725,1820.6603,1782.3206,1854.4745,1964.8853,1959.7776,1998.0688,2009.1436,1934.0436,2034.6488,2047.3765,2036.3153,2083.8875,2105.9275,2095.9346,2228.1455,2120.8777,2022.3568,2106.2903,2077.3884,2097.1179,2216.2339,2140.1345,2233.8655,2320.5276,2284.5183,2333.7549,2309.4382,2257.4458,2294.9683,2351.1067,2365.0854,2377.5728,2333.2629,2396.1348,2394.2854,2394.8152,2344.8184,2269.2104,2228.8228,2213.2483,2142.1123,2202.8264,2221.1060,2167.4492,2269.2207,2213.0613,2121.8040,2226.4131,2271.4966,2319.8733,2383.0845,2317.1189,2316.9470,2437.6335,2345.7656,2305.9233,2262.7393,2200.1035,2296.5833,2385.3894,2426.5339,2361.4304,2270.2432,2308.5449,2277.6060,2285.5054,2258.5413,2188.7261,2183.0474,2250.5552,2272.4456,2309.0312,2244.4373,2173.6973,2246.4810,2241.4160,2140.3093,2160.4736,2046.5698,2075.6533,2109.9309,1997.2094,1947.0167,1875.3091,1923.9194,1919.6450,1973.5961,1915.5931,1923.5204,1937.5602,2087.1140,1987.3092,1967.0511,1939.5098,1904.9303,1938.6122,1893.5513,1778.4143,1766.0649,1775.7615,1703.6509,1694.2468,1666.3691,1587.4930,1531.8962,1530.8137,1515.7302,1529.6023,1457.0057,1533.5266,1548.1151,1512.1451,1438.5415,1510.0564,1486.9540,1495.2344,1510.7534,1537.9451,1537.3357,1550.3499,1521.2684,1520.4646,1445.6444,1417.1113,1429.6099,1397.7483,1406.9036,1314.1481,1287.7863,1296.0299,1267.3577,1216.1368,1152.4534,1106.0125,1083.2780,1146.4934,1128.6443,1108.2933,1091.7013,1100.4984,1145.2261,1088.1744,1053.9562,1011.9996,1001.6996,965.0574,1015.9232,996.0635,976.6111,909.2901,907.8044,904.7423,873.4650,859.9013,811.8654,851.1253,840.4508,769.4621,758.1144,734.9217,701.1820,687.3464,642.9954,651.3161,625.7881,588.7209,542.7872,569.0626,550.3627,503.0127,511.8508,500.3727,463.3012,436.5272,458.1330,469.2606,484.3800,364.9196,390.1937,379.2816,360.1098,347.4974,348.3247,364.2351,0.0000,0.0000,0.0000,0.0000,0.0000,0.0000,0.0000,0.0000,0.0000,0.0000,0.0000,0.0000,0.0000,0.0000,0.0000,0.0000,0.0000,0.0000,0.0000,0.0000,0.0000,0.0000,0.0000,0.0000,0.0000,0.0000,0.0000,0.0000,0.0000,0.0000,0.0000,0.0000,0.0000,0.0000,0.0000,0.0000,0.0000,0.0000,0.0000,0.0000,0.0000,0.0000,0.0000,0.0000,0.0000,0.0000,0.0000,0.0000,0.0000,0.0000,0.0000,0.0000,0.0000,0.0000,0.0000,0.0000,0.0000,0.0000,0.0000,0.0000
0.0000,0.0000,0.0000,0.0000,0.0000,0.0000,0.0000,0.0000,0.0000,0.0000,0.0000,0.0000,0.0000,0.0000,0.0000,0.0000,0.0000,0.0000,0.0000,0.0000,0.0000,0.0000,0.0000,0.0000,0.0000,0.0000,0.0000,0.0000,0.0000,0.0000,0.0000,0.0000,0.0000,0.0000,0.0000,0.0000,0.0000,0.0000,0.0000,0.0000,0.0000,0.0000,0.0000,0.0000,0.0000,0.0000,0.0000,0.0000,0.0000,0.0000,0.0000,0.0000,0.0000,0.0000,0.0000,0.0000,0.0000,0.0000,0.0000,0.0000,315.1822,378.0250,422.7167,450.9925,490.8176,478.8872,539.3820,564.9234,650.6958,640.6931,695.6910,722.9949,769.2606,834.0065,869.0780,881.5264,927.0363,993.9961,1011.0609,1071.0449,1119.7351,1143.4500,1116.2688,1197.6956,1230.2111,1205.8372,1239.9012,1248.3850,1218.9630,1292.9258,1259.7555,1216.7296,1148.7377,1158.0197,1228.1844,1192.4448,1166.7435,1116.5574,1128.3479,1208.9574,1212.1804,1258.2106,1261.0802,1173.3617,1238.3781,1297.3473,1325.6182,1428.0880,1388.5361,1392.3732,1530.1514,1549.3784,1517.5682,1593.9420,1608.7689,1715.2959,1796.2535,1882.1248,1927.2125,1888.1670,1849.9078,1843.0695,1771.6960,1772.2102,1663.0552,1633.1394,1683.2552,1641.5126,1580.8250,1534.3739,1559.8600,1563.1921,1615.0990,1486.6888,1538.7499,1584.2081,1600.9523,1739.8479,1708.1768,1696.1989,1831.9524,1819.0482,1842.4780,1825.0078,1889.4219,1908.7955,1948.5646,1900.2026,1882.3856,1834.8132,1823.4934,1777.0928,1754.4724,1787.2019,1775.9922,1834.8541,1963.8428,1968.5934,1891.2301,2035.4071,1984.4043,2054.5383,2096.9163,2003.4443,1986.8232,2037.2888,2089.8389,2169.9082,2119.5344,2060.6870,2131.2473,2111.5156,2096.7527,2090.0562,2120.2563,2191.2749,2300.0596,2281.3779,2351.6667,2279.1406,2311.6128,2374.8408,2377.0225,2438.6812,2441.4556,2398.2998,2504.3008,2429.3711,2422.8269,2411.1970,2323.2107,2367.1860,2403.5847,2275.8196,2281.1733,2204.6418,2134.9270,2233.0127,2235.9277,2216.3721,2157.9844,2215.7815,2250.9353,2271.2388,2291.7471,2335.3286,2357.5225,2448.7312,2416.1624,2389.2961,2303.7402,2329.1406,2377.6558,2440.6772,2427.5874,2354.3396,2427.3379,2391.3254,2416.5068,2387.6987,2315.1648,2308.7524,2373.6404,2256.4465,2324.2168,2285.8684,2231.3689,2336.2021,2325.5408,2185.4707,2290.9326,2244.7830,2253.9055,2217.8137,2182.7122,2089.8020,2088.6929,2059.7197,1960.4150,1928.1188,1927.8384,1934.3339,2008.3698,2023.7142,1943.0579,1896.6047,1978.7306,1934.8833,1974.7010,1949.7056,1845.0940,1899.2947,1968.5529,1905.6652,1908.1810,1782.8748,1715.2751,1749.9358,1733.3293,1673.5132,1619.9514,1552.2406,1566.9211,1566.5276,1534.6729,1499.6512,1536.5306,1501.5872,1522.0924,1530.0773,1515.8531,1445.8339,1510.0188,1562.2346,1517.6295,1519.7354,1513.0587,1440.4392,1509.6655,1528.2245,1483.2996,1440.7936,1454.3098,1377.8596,1408.1416,1372.0903,1292.9550,1286.5150,1211.0778,1211.4148,1174.9697,1166.3802,1151.1447,1129.5476,1149.0968,1136.5635,1018.9350,1082.3479,1050.0576,1078.0481,1043.9900,1042.8798,987.8089,1014.1873,969.5582,931.1114,973.3154,913.3029,913.6824,945.3340,850.1429,834.7786,848.0411,801.9869,805.4646,779.5725,696.8773,712.9799,673.5658,644.2278,633.1904,577.5107,570.7676,543.1797,534.3001,509.1866,486.8139,520.5872,505.7549,472.9586,529.9820,453.9778,412.9310,430.4913,400.0210,431.6874,392.6441,353.6960,413.8564,352.2516,0.0000,0.0000,0.0000,0.0000,0.0000,0.0000,0.0000,0.0000,0.0000,0.0000,0.0000,0.0000,0.0000,0.0000,0.0000,0.0000,0.0000,0.0000,0.0000,0.0000,0.0000,0.0000,0.0000,0.0000,0.0000,0.0000,0.0000,0.0000,0.0000,0.0000,0.0000,0.0000,0.0000,0.0000,0.0000,0.0000,0.0000,0.0000,0.0000,0.0000,0.0000,0.0000,0.0000,0.0000,0.0000,0.0000,0.0000,0.0000,0.0000,0.0000,0.0000,0.0000,0.0000,0.0000,0.0000,0.0000,0.0000,0.0000,0.0000,0.0000
0.0000,0.0000,0.0000,0.0000,0.0000,0.0000,0.0000,0.0000,0.0000,0.0000,0.0000,0.0000,0.0000,0.0000,0.0000,0.0000,0.0000,0.0000,0.0000,0.0000,0.0000,0.0000,0.0000,0.0000,0.0000,0.0000,0.0000,0.0000,0.0000,0.0000,0.0000,0.0000,0.0000,0.0000,0.0000,0.0000,0.0000,0.0000,0.0000,0.0000,0.0000,0.0000,0.0000,0.0000,0.0000,0.0000,0.0000,0.0000,0.0000,0.0000,0.0000,0.0000,0.0000,0.0000,0.0000,0.0000,0.0000,0.0000,0.0000,297.3058,378.9602,411.9104,399.3702,457.8646,492.3498,529.8251,547.5134,605.5653,655.1617,709.5237,674.3986,812.7193,784.8291,871.5170,918.4542,907.7659,951.2352,1054.9280,1049.0889,1103.5454,1140.7770,1121.6223,1133.6403,1194.5342,1219.4159,1231.6829,1250.5050,1308.0610,1283.9091,1235.6659,1245.6073,1172.7134,1127.2788,1180.2332,1197.8392,1130.4008,1213.2208,1144.4635,1167.6284,1184.4084,1170.5404,1265.4969,1283.3572,1258.7263,1299.1620,1366.8813,1335.1737,1427.7570,1457.1403,1468.9513,1514.2178,1535.5692,1625.6952,1641.8314,1762.0417,1766.9922,1848.7823,1889.1428,1924.2416,1843.0702,1835.9467,1774.3313,1781.6946,1809.3433,1696.5135,1646.5325,1666.0768,1570.8739,1618.3740,1581.7853,1495.6501,1563.7880,1616.1515,1634.5540,1690.6914,1650.7264,1668.7344,1704.7234,1791.4331,1787.4557,1735.3445,1791.9631,1874.7083,1887.8787,1937.6074,1921.5151,1833.7281,1873.9208,1837.8943,1771.6178,1791.7927,1762.0643,1778.2064,1884.1597,1823.5127,1843.7100,1881.3865,1920.6984,1998.9114,2054.8687,2056.4426,2049.2500,2044.0635,2082.0479,2076.0684,2039.0972,2004.4747,2060.1895,2067.8711,2102.0510,2092.9976,2076.7925,2148.9468,2125.9519,2218.0391,2296.3643,2237.2332,2251.5764,2303.5029,2334.2292,2444.8545,2447.7859,2438.9121,2585.2808,2417.6079,2411.4639,2431.0784,2308.9817,2408.0759,2410.8984,2341.9060,2348.1843,2286.7725,2295.5122,2311.6294,2172.4443,2099.8240,2169.3586,2223.9929,2237.2397,2226.3489,2244.7029,2299.3015,2337.7192,2380.6292,2401.9751,2348.9858,2457.0271,2394.4382,2417.0002,2516.1714,2398.8477,2394.0144,2410.8181,2422.0923,2415.0476,2453.7974,2352.8245,2503.4048,2480.6084,2441.4604,2420.6843,2303.5518,2224.8440,2286.7090,2276.3511,2262.2627,2205.8638,2290.2649,2355.1492,2301.4395,2278.9626,2218.3071,2142.9749,2172.1990,2178.9419,2076.7539,2080.0835,1998.5685,2036.4425,2048.5659,1982.4073,1929.2319,1950.9432,1924.8365,1974.3424,2035.1998,1934.8228,1941.8809,1936.6924,1931.9089,1950.2729,1921.0326,1889.9164,1826.9178,1857.6002,1817.6715,1777.1542,1721.3926,1755.3463,1663.5397,1588.0687,1566.8594,1568.3275,1540.3188,1521.9731,1510.0985,1561.7332,1561.4259,1526.7812,1589.2061,1547.1191,1443.3126,1545.9811,1523.7588,1556.1698,1594.8641,1482.4235,1561.9639,1587.8450,1519.7322,1479.7897,1439.7373,1334.3911,1409.9283,1433.4799,1341.5621,1327.0830,1251.6875,1292.9781,1240.5115,1231.5667,1146.6199,1109.7207,1140.4412,1141.4272,1060.9978,1124.4106,1058.5825,1049.3467,1111.7216,1057.5852,1039.6466,1005.5474,943.2635,969.6599,946.0093,923.8188,901.6319,897.7435,900.9220,844.6824,838.3746,818.2247,771.6057,748.5177,724.8013,704.5700,685.2773,656.3269,585.0593,617.6473,587.3948,564.1608,570.4614,554.5819,544.7718,526.5674,427.0676,464.2627,480.5977,463.1718,470.4904,460.0804,429.1400,425.0726,388.5126,353.4892,360.3093,337.8970,365.8423,0.0000,0.0000,0.0000,0.0000,0.0000,0.0000,0.0000,0.0000,0.0000,0.0000,0.0000,0.0000,0.0000,0.0000,0.0000,0.0000,0.0000,0.0000,0.0000,0.0000,0.0000,0.0000,0.0000,0.0000,0.0000,0.0000,0.0000,0.0000,0.0000,0.0000,0.0000,0.0000,0.0000,0.0000,0.0000,0.0000,0.0000,0.0000,0.0000,0.0000,0.0000,0.0000,0.0000,0.0000,0.0000,0.0000,0.0000,0.0000,0.0000,0.0000,0.0000,0.0000,0.0000,0.0000,0.0000,0.0000,0.0000,0.0000,0.0000
0.0000,0.0000,0.0000,0.0000,0.0000,0.0000,0.0000,0.0000,0.0000,0.0000,0.0000,0.0000,0.0000,0.0000,0.0000,0.0000,0.0000,0.0000,0.0000,0.0000,0.0000,0.0000,0.0000,0.0000,0.0000,0.0000,0.0000,0.0000,0.0000,0.0000,0.0000,0.0000,0.0000,0.0000,0.0000,0.0000,0.0000,0.0000,0.0000,0.0000,0.0000,0.0000,0.0000,0.0000,0.0000,0.0000,0.0000,0.0000,0.0000,0.0000,0.0000,0.0000,0.0000,0.0000,0.0000,0.0000,0.0000,0.0000,283.9104,354.5739,383.2852,409.3558,480.7100,519.8517,545.2704,570.0098,578.1910,611.0723,668.5905,684.8425,746.3852,768.6682,856.6276,861.0033,994.0491,935.4932,1021.8849,1029.9301,1041.4807,1150.2567,1098.7142,1151.1229,1188.9080,1189.7146,1266.3513,1220.2352,1197.7147,1256.0179,1228.1014,1204.2643,1198.5842,1160.6505,1158.2653,1168.0100,1141.8802,1104.6698,1096.6193,1080.4062,1162.8506,1176.7052,1183.6117,1233.9127,1256.2618,1314.9124,1388.0265,1393.9624,1421.1774,1391.0599,1443.0192,1542.3784,1563.7708,1628.3916,1636.2495,1634.3735,1759.2258,1816.4344,1783.1025,1869.8876,1874.1550,1886.9205,1926.4371,1869.5803,1796.8151,1782.3495,1671.8342,1635.1637,1615.2542,1536.1447,1571.0852,1567.1095,1595.2844,1626.1887,1657.2366,1676.3087,1701.6971,1732.3477,1722.5396,1691.9832,1753.4053,1795.6749,1810.3035,1814.6160,1833.1989,1812.3707,1874.6434,1858.7113,1773.5098,1888.1079,1760.2667,1837.7167,1858.4327,1818.3784,1779.9896,1851.7946,1837.7534,1946.3936,1941.4635,1978.2722,2033.7936,2045.7081,2108.2107,2102.0935,1992.1874,1998.1724,1989.7882,2049.0981,2056.7407,2061.3462,2062.2046,2140.5361,2172.8877,2150.2781,2125.3406,2079.6384,2249.3047,2198.3633,2245.5691,2299.1001,2316.6782,2354.3782,2536.4751,2446.9409,2425.5964,2355.7339,2313.9026,2434.3547,2493.1523,2414.8201,2388.0168,2372.7307,2323.9133,2377.1375,2304.3452,2237.0947,2194.4739,2251.6750,2328.6372,2279.9961,2302.9812,2319.2937,2272.8081,2381.0474,2353.6003,2296.6001,2373.8403,2391.8809,2463.9329,2506.7820,2477.4165,2482.6506,2455.1223,2397.7979,2372.7251,2351.5393,2320.9163,2417.4319,2526.3577,2464.9893,2521.1929,2468.8154,2454.8748,2450.7441,2400.8787,2308.8945,2270.8040,2326.1431,2357.7993,2299.0349,2328.4600,2310.9595,2287.4307,2378.2803,2268.3792,2187.0732,2247.4019,2216.0476,2207.3425,2211.1646,2010.0966,1994.1857,2017.7957,1999.2990,1986.7769,1945.7769,1910.1420,1984.2561,2012.4097,1988.4176,1986.9041,1841.7300,1886.9027,1915.8285,1994.8341,1930.1460,1849.6840,1834.9384,1884.2617,1875.6766,1780.3074,1694.0383,1600.3778,1697.9386,1578.8501,1624.2330,1633.4154,1544.1244,1611.2686,1603.7303,1591.2291,1509.4530,1480.3832,1520.3552,1542.3868,1594.9086,1529.4435,1619.1940,1526.6859,1535.2650,1543.7787,1518.6642,1528.8015,1482.0730,1507.2335,1513.7271,1399.7379,1428.7677,1400.0103,1335.6637,1318.8116,1247.9822,1247.1013,1239.0037,1159.7273,1161.8088,1150.3307,1066.5577,1067.1335,1131.4851,1025.7687,1072.7173,1090.9197,1018.8542,1019.5709,984.1168,953.1289,937.8402,912.6235,897.8512,897.1080,903.6615,914.5220,850.6211,847.0468,849.0486,800.1586,794.0441,759.8600,686.3522,697.5527,629.9204,551.0246,588.1010,574.9084,540.6790,553.3973,549.1113,529.0437,535.6463,476.8136,476.8103,446.2842,452.4741,509.1217,508.1606,418.3287,413.3469,382.9600,375.7307,368.3143,384.7788,346.3457,365.0359,0.0000,0.0000,0.0000,0.0000,0.0000,0.0000,0.0000,0.0000,0.0000,0.0000,0.0000,0.0000,0.0000,0.0000,0.0000,0.0000,0.0000,0.0000,0.0000,0.0000,0.0000,0.0000,0.0000,0.0000,0.0000,0.0000,0.0000,0.0000,0.0000,0.0000,0.0000,0.0000,0.0000,0.0000,0.0000,0.0000,0.0000,0.0000,0.0000,0.0000,0.0000,0.0000,0.0000,0.0000,0.0000,0.0000,0.0000,0.0000,0.0000,0.0000,0.0000,0.0000,0.0000,0.0000,0.0000,0.0000,0.0000,0.0000
0.0000,0.0000,0.0000,0.0000,0.0000,0.0000,0.0000,0.0000,0.0000,0.0000,0.0000,0.0000,0.0000,0.0000,0.0000,0.0000,0.0000,0.0000,0.0000,0.0000,0.0000,0.0000,0.0000,0.0000,0.0000,0.0000,0.0000,0.0000,0.0000,0.0000,0.0000,0.0000,0.0000,0.0000,0.0000,0.0000,0.0000,0.0000,0.0000,0.0000,0.0000,0.0000,0.0000,0.0000,0.0000,0.0000,0.0000,0.0000,0.0000,0.0000,0.0000,0.0000,0.0000,0.0000,0.0000,0.0000,0.0000,304.0457,307.2871,395.4799,398.0878,467.7050,454.0854,543.2180,554.5137,580.9439,618.5090,655.0723,669.4755,729.9528,814.1439,858.6763,939.3300,963.5038,988.8914,1006.3057,1080.1301,1073.9308,1157.9763,1103.4370,1155.8585,1216.1910,1240.2568,1239.7023,1248.5337,1233.0248,1234.4061,1285.5154,1198.3523,1225.4656,1229.4337,1200.4406,1182.4009,1176.0432,1061.1978,1109.8014,1144.8976,1180.6077,1160.9377,1198.0447,1220.3807,1270.0990,1296.7365,1364.9432,1343.0908,1396.1510,1450.0476,1475.5580,1547.0122,1595.1140,1627.2493,1731.7961,1659.9906,1669.3678,1770.7588,1792.8672,1871.1099,1982.8123,1852.0021,1890.3577,1904.3580,1859.0627,1766.1724,1667.4291,1636.3337,1666.0856,1628.5979,1633.9532,1659.7738,1591.3450,1655.2733,1693.6115,1683.6877,1736.4299,1692.5852,1810.8634,1892.2388,1776.8475,1844.4423,1808.1936,1804.8309,1854.3632,1851.8265,1787.3966,1789.6329,1804.2809,1838.5923,1879.2335,1860.6389,1792.8925,1823.2866,1771.1066,1867.0414,1876.1263,1947.7269,1914.3694,2013.7389,2136.8767,2074.8801,2067.9880,2096.1145,2009.6111,2063.5688,2036.9215,1974.8895,2017.0364,2083.0229,2097.1208,2110.9336,2103.5315,2084.4307,2155.5771,2217.5864,2198.5205,2276.8010,2195.8960,2269.9143,2289.2102,2303.6157,2336.0024,2388.7896,2432.4001,2419.8645,2408.2737,2445.2205,2403.0552,2414.6348,2502.9058,2412.5244,2383.3013,2327.9768,2292.9119,2371.2322,2433.8911,2293.9497,2300.8042,2340.7185,2396.0315,2452.4500,2345.1558,2273.0625,2343.3245,2365.7810,2461.8101,2441.5164,2403.5251,2452.7971,2567.5969,2488.8916,2432.2075,2401.3367,2383.6003,2403.9480,2532.2664,2559.0857,2488.0791,2497.2666,2572.7266,2509.1038,2558.6062,2545.1062,2477.6689,2501.3279,2517.0845,2348.3591,2386.5078,2347.6238,2266.2949,2380.1543,2361.3826,2400.4519,2386.2507,2346.5525,2365.4385,2300.8689,2268.6382,2234.4109,2190.5552,2136.2969,2085.1763,2070.9485,2056.9377,2069.0393,2013.6805,2032.3596,2016.4103,1942.3892,1972.7644,1977.9885,1964.6002,2025.7937,1956.9736,1993.9596,1966.0450,1936.0271,1937.9596,1927.8735,1827.8820,1837.1545,1783.5062,1684.4658,1716.4257,1627.8256,1649.4181,1641.2391,1593.9856,1595.4734,1566.1210,1587.7712,1584.6702,1563.6012,1564.9692,1561.2412,1570.6547,1628.8433,1595.2097,1580.7509,1538.1796,1523.7390,1616.8911,1601.8325,1531.8281,1521.2759,1548.5793,1464.8306,1430.9346,1355.2001,1345.8440,1400.7922,1379.9161,1365.6868,1278.6127,1235.4521,1191.9519,1144.0636,1193.9163,1098.7185,1110.8163,1141.3043,1119.5551,1134.8542,1078.8696,1018.7476,1000.5789,987.5207,984.1126,959.5549,948.2866,911.1107,967.8350,933.7723,920.7266,908.3423,865.9635,844.6238,796.2598,775.9565,750.1388,746.7606,690.9191,631.4456,657.7493,619.4852,551.1319,543.9871,553.4752,546.4823,507.8847,522.6540,511.4615,448.3596,495.4025,506.4990,502.8179,493.4601,431.6891,450.3791,415.3842,396.7359,375.9524,393.1081,418.3296,380.6446,0.0000,0.0000,0.0000,0.0000,0.0000,0.0000,0.0000,0.0000,0.0000,0.0000,0.0000,0.0000,0.0000,0.0000,0.0000,0.0000,0.0000,0.0000,0.0000,0.0000,0.0000,0.0000,0.0000,0.0000,0.0000,0.0000,0.0000,0.0000,0.0000,0.0000,0.0000,0.0000,0.0000,0.0000,0.0000,0.0000,0.0000,0.0000,0.0000,0.0000,0.0000,0.0000,0.0000,0.0000,0.0000,0.0000,0.0000,0.0000,0.0000,0.0000,0.0000,0.0000,0.0000,0.0000,0.0000,0.0000,0.0000
0.0000,0.0000,0.0000,0.0000,0.0000,0.0000,0.0000,0.0000,0.0000,0.0000,0.0000,0.0000,0.0000,0.0000,0.0000,0.0000,0.0000,0.0000,0.0000,0.0000,0.0000,0.0000,0.0000,0.0000,0.0000,0.0000,0.0000,0.0000,0.0000,0.0000,0.0000,0.0000,0.0000,0.0000,0.0000,0.0000,0.0000,0.0000,0.0000,0.0000,0.0000,0.0000,0.0000,0.0000,0.0000,0.0000,0.0000,0.0000,0.0000,0.0000,0.0000,0.0000,0.0000,0.0000,0.0000,0.0000,0.0000,298.0652,347.6876,384.4396,445.5273,479.2834,506.6541,536.9373,565.9814,594.1239,599.6789,682.9996,689.6962,794.1412,822.1161,870.1174,972.8028,994.9242,1018.2021,1080.8921,1127.3523,1142.1322,1169.7566,1151.0901,1138.0948,1175.0713,1244.0688,1199.2286,1226.7017,1257.3252,1267.3188,1277.1461,1300.7648,1247.3481,1148.8019,1170.6989,1145.3055,1164.3223,1115.6735,1116.3810,1127.7744,1204.2845,1174.8925,1161.6959,1194.2792,1126.4103,1290.4354,1410.5059,1407.2460,1436.4330,1417.7233,1505.5206,1635.4343,1646.0640,1639.2933,1689.5157,1753.4263,1816.8683,1858.4716,1827.6211,1913.7212,1935.9344,1941.4410,1906.4421,1876.9546,1821.7002,1749.3872,1780.3680,1797.0439,1748.1263,1653.9719,1699.4602,1653.5568,1676.3693,1732.4188,1685.8977,1752.1671,1824.1342,1826.4772,1872.1156,1784.5597,1761.5117,1808.2161,1850.2155,1796.8500,1768.0282,1777.4178,1874.1379,1821.3479,1793.5206,1824.8098,1835.0780,1857.2638,1824.8824,1828.5769,1876.7939,1860.6140,1965.2903,2078.0237,1990.7482,1960.5331,2056.0427,2041.4041,2103.1907,2093.9890,2004.8129,2006.3173,2030.8630,2044.1917,2085.5396,2083.8364,2020.7545,2062.0042,2088.2329,2187.9463,2146.8225,2216.3247,2285.2886,2291.0581,2270.3997,2217.4033,2181.3403,2333.2351,2349.9060,2440.0164,2445.1575,2393.2449,2412.3250,2456.2429,2380.4131,2373.7676,2394.8342,2332.3125,2461.5601,2516.6111,2408.3777,2402.1858,2397.1299,2367.0657,2404.2139,2398.0593,2408.4404,2425.3220,2495.3965,2478.6589,2400.2637,2398.5754,2424.8774,2440.0554,2492.6765,2485.4355,2422.9866,2547.1025,2520.5764,2488.1233,2529.0876,2442.7976,2427.0493,2574.7605,2554.4297,2545.3718,2603.5645,2550.7424,2612.5413,2651.7607,2556.5750,2512.1375,2491.8779,2442.1611,2387.9800,2359.5850,2279.9111,2325.9021,2407.5576,2497.0442,2411.0474,2288.9260,2275.8218,2296.2920,2317.9619,2226.1228,2183.8259,2185.6777,2144.1094,2121.2693,2150.8118,1982.1420,1930.2954,2010.2167,1987.6550,2026.9424,1978.8060,1915.9125,2005.6235,2077.9841,2033.5621,2033.7568,1962.1610,1877.4910,1947.6981,1927.1594,1919.7729,1826.8475,1785.9072,1771.7698,1769.4974,1696.3448,1700.1666,1641.0919,1678.5448,1662.8467,1645.3398,1618.9912,1581.3967,1580.7695,1566.2526,1527.4426,1533.5728,1571.7678,1533.2327,1612.9910,1631.1135,1593.1941,1609.4821,1584.5166,1535.4996,1551.6514,1486.9600,1508.2764,1538.0648,1472.9646,1453.6227,1398.3677,1375.4583,1329.7528,1334.5219,1294.1375,1187.4133,1160.4904,1191.3682,1178.3782,1156.0186,1202.3640,1136.7898,1088.6943,1107.3328,1048.1313,1025.8312,1002.0616,979.8208,994.9534,968.5142,951.7369,978.4724,909.2772,905.5065,892.8840,822.8776,805.8272,797.9476,831.5043,791.2358,764.6848,692.0421,660.0113,625.5574,632.8777,592.8524,529.9215,557.1950,547.6067,567.8069,482.4873,492.5604,494.8934,514.3442,494.5294,467.1209,442.6703,424.4921,441.2946,468.8965,393.8846,374.6124,376.4446,393.3179,345.4108,0.0000,0.0000,0.0000,0.0000,0.0000,0.0000,0.0000,0.0000,0.0000,0.0000,0.0000,0.0000,0.0000,0.0000,0.0000,0.0000,0.0000,0.0000,0.0000,0.0000,0.0000,0.0000,0.0000,0.0000,0.0000,0.0000,0.0000,0.0000,0.0000,0.0000,0.0000,0.0000,0.0000,0.0000,0.0000,0.0000,0.0000,0.0000,0.0000,0.0000,0.0000,0.0000,0.0000,0.0000,0.0000,0.0000,0.0000,0.0000,0.0000,0.0000,0.0000,0.0000,0.0000,0.0000,0.0000,0.0000,0.0000
0.0000,0.0000,0.0000,0.0000,0.0000,0.0000,0.0000,0.0000,0.0000,0.0000,0.0000,0.0000,0.0000,0.0000,0.0000,0.0000,0.0000,0.0000,0.0000,0.0000,0.0000,0.0000,0.0000,0.0000,0.0000,0.0000,0.0000,0.0000,0.0000,0.0000,0.0000,0.0000,0.0000,0.0000,0.0000,0.0000,0.0000,0.0000,0.0000,0.0000,0.0000,0.0000,0.0000,0.0000,0.0000,0.0000,0.0000,0.0000,0.0000,0.0000,0.0000,0.0000,0.0000,0.0000,0.0000,0.0000,345.7332,380.4950,380.8405,466.1858,457.0577,511.9989,550.8458,602.3362,656.7644,624.4565,682.3231,756.8930,763.9533,806.6127,877.9239,897.4175,973.5346,1034.1202,1094.2797,1162.5131,1084.4700,1097.0967,1168.7300,1161.0229,1222.8613,1219.0485,1232.9651,1309.7814,1236.7242,1303.4761,1308.6530,1225.5043,1247.1831,1159.9214,1194.9763,1229.0664,1148.4908,1111.5391,1124.7509,1108.9915,1118.4673,1117.1699,1147.8824,1168.8641,1198.1486,1253.5458,1299.9869,1448.0291,1510.1238,1539.1278,1546.5428,1590.5829,1590.6311,1690.9224,1743.3503,1778.5615,1808.5286,1848.8961,1873.8160,1904.6565,1857.8898,1815.8822,1888.6044,1883.3523,1896.7974,1921.6031,1806.5074,1814.5533,1804.0927,1751.3337,1687.7056,1731.4900,1717.7058,1758.9301,1787.1312,1824.6725,1835.4141,1784.4594,1817.2084,1793.6370,1839.0028,1767.1328,1774.2314,1758.7506,1847.5664,1814.6752,1843.1521,1779.7256,1726.3264,1810.2358,1842.7438,1828.7026,1861.9292,1898.6798,1942.7377,2031.7311,1983.0267,1956.9083,1981.6908,2025.7074,1974.0288,2047.6357,1963.9312,2005.3489,2054.4392,2005.7694,2056.0796,2005.9565,2005.5720,2056.8721,2101.1570,2143.0947,2019.0568,2082.6338,2196.7737,2188.7358,2245.2068,2180.4385,2119.4922,2295.4463,2219.4619,2201.4031,2317.0500,2282.8628,2363.4202,2421.7856,2360.7495,2304.5967,2300.5923,2380.1843,2458.4583,2512.7349,2442.4746,2478.5317,2538.4036,2505.2988,2449.8167,2450.2664,2477.7673,2486.6958,2591.2595,2570.9883,2520.6809,2441.3335,2454.6731,2395.1428,2428.0737,2355.1396,2358.1436,2483.5439,2494.2527,2567.0198,2635.0833,2493.8049,2493.7859,2559.1221,2509.9795,2451.3623,2500.5459,2501.6521,2647.4775,2674.4290,2651.8823,2574.0432,2529.6375,2535.8298,2535.2097,2473.9495,2426.0642,2351.4387,2429.7034,2459.4775,2350.7791,2388.1743,2381.5061,2349.5229,2390.4680,2345.7844,2269.4185,2317.5969,2227.2520,2236.2910,2247.9392,2122.8140,2096.4587,2007.6871,2111.4785,2035.8661,2082.2485,2019.0792,2068.7998,2092.3245,2037.9773,2015.7787,1993.3408,2009.8610,2037.2196,1999.5728,1985.2742,1920.3020,1904.1130,1936.9303,1856.4192,1748.7576,1744.5913,1716.6442,1706.3202,1707.3302,1714.6708,1682.3164,1710.1981,1682.7018,1686.8516,1552.5098,1566.9786,1611.4539,1592.5256,1631.6694,1614.1395,1556.9541,1573.0568,1650.7632,1583.1289,1574.3882,1569.1898,1572.0612,1556.1376,1585.9308,1561.5350,1475.5969,1469.9783,1523.3344,1475.4949,1427.5800,1374.5438,1306.0674,1353.8444,1291.0123,1212.5901,1241.4368,1141.8245,1121.6516,1179.6992,1139.1041,1067.3047,1078.3243,1044.2822,1077.4591,1005.8007,964.3736,1021.2859,923.5657,911.1118,907.4642,924.8796,906.8819,961.6127,900.7110,854.0322,878.3068,804.6913,817.8152,780.3350,758.3885,702.3253,666.3678,672.5950,593.5776,545.7390,637.9064,571.0349,520.7357,550.2675,530.0361,513.2900,497.7321,494.9225,549.7859,536.2063,457.1222,410.6629,413.1339,403.4066,387.0751,393.3091,359.2372,391.3907,373.4587,0.0000,0.0000,0.0000,0.0000,0.0000,0.0000,0.0000,0.0000,0.0000,0.0000,0.0000,0.0000,0.0000,0.0000,0.0000,0.0000,0.0000,0.0000,0.0000,0.0000,0.0000,0.0000,0.0000,0.0000,0.0000,0.0000,0.0000,0.0000,0.0000,0.0000,0.0000,0.0000,0.0000,0.0000,0.0000,0.0000,0.0000,0.0000,0.0000,0.0000,0.0000,0.0000,0.0000,0.0000,0.0000,0.0000,0.0000,0.0000,0.0000,0.0000,0.0000,0.0000,0.0000,0.0000,0.0000,0.0000
0.0000,0.0000,0.0000,0.0000,0.0000,0.0000,0.0000,0.0000,0.0000,0.0000,0.0000,0.0000,0.0000,0.0000,0.0000,0.0000,0.0000,0.0000,0.0000,0.0000,0.0000,0.0000,0.0000,0.0000,0.0000,0.0000,0.0000,0.0000,0.0000,0.0000,0.0000,0.0000,0.0000,0.0000,0.0000,0.0000,0.0000,0.0000,0.0000,0.0000,0.0000,0.0000,0.0000,0.0000,0.0000,0.0000,0.0000,0.0000,0.0000,0.0000,0.0000,0.0000,0.0000,0.0000,0.0000,331.3668,345.8835,379.5128,401.4087,455.5315,489.0717,557.2805,583.9929,672.0848,662.5396,688.5264,735.3753,812.3198,754.2378,883.0859,929.0568,991.9424,1024.3768,988.5001,1044.5830,1098.8854,1170.1587,1115.0713,1150.5479,1251.8296,1248.6001,1219.3191,1282.7997,1277.4397,1215.6326,1279.1437,1258.7129,1299.0143,1255.0651,1206.5353,1184.1129,1220.9673,1178.1523,1128.1844,1080.4591,1102.6285,1141.5627,1176.5430,1204.6893,1200.9733,1247.4777,1316.0115,1398.5787,1461.2875,1479.3646,1484.4120,1668.5983,1760.4409,1711.9419,1701.1345,1751.0455,1725.1572,1902.6382,1861.3396,1842.4712,1823.8698,1841.9469,1871.5605,1931.5742,1860.4628,1830.2208,1882.4083,1787.0693,1816.3486,1791.7938,1766.2163,1803.5431,1890.0887,1879.2758,1896.6329,1845.2802,1922.7549,1858.5800,1856.2345,1849.7444,1828.7538,1871.3119,1891.4093,1781.2644,1810.7168,1854.6854,1796.5640,1842.7487,1848.8862,1790.5392,1860.8425,1889.1687,1976.4663,2020.1112,2009.0817,2035.5497,2052.6184,2064.8103,2026.2906,2021.7954,1980.4551,2075.5017,2018.1898,2084.9480,2011.1622,1936.4895,1983.1808,2010.0437,2006.9396,2094.2263,2054.5420,2105.0613,2229.5869,2136.6147,2180.0342,2106.0349,2126.0386,2258.1440,2214.5132,2240.4583,2211.8242,2131.4500,2222.5835,2367.3394,2289.6355,2250.5474,2266.6541,2374.5530,2346.2180,2326.2336,2379.0769,2430.7646,2444.5525,2568.6914,2512.5466,2505.9492,2510.5693,2500.3162,2618.2710,2626.2239,2613.0874,2618.8931,2636.7925,2556.0784,2524.5271,2444.9053,2345.2898,2467.1438,2420.8821,2415.8140,2502.3821,2509.0447,2542.6489,2573.8745,2556.3167,2499.4773,2494.3679,2531.6858,2587.0107,2628.1941,2620.2605,2634.1023,2638.2507,2675.7686,2582.0791,2590.3440,2491.4666,2512.0937,2616.7554,2535.4595,2411.3455,2379.0833,2440.9771,2365.0583,2402.2195,2362.5840,2304.0774,2369.4290,2359.5288,2353.1968,2281.0229,2235.1567,2149.3965,2192.4668,2250.7849,2173.7419,2068.6787,2105.6230,2141.6506,2167.6846,2197.1973,2037.0013,2085.8057,2084.2822,2011.6688,2081.0239,2113.4817,1966.4147,2009.1239,2038.2239,1947.4445,1899.3926,1851.2758,1811.0255,1851.3252,1803.6351,1803.9650,1793.3253,1712.0950,1788.5474,1791.6359,1683.3694,1673.5536,1672.5887,1623.3049,1646.8680,1607.1832,1607.9832,1578.6263,1616.1042,1661.4617,1588.6136,1624.7697,1571.4686,1591.7560,1664.5516,1682.0720,1540.8026,1605.3253,1542.6893,1517.5259,1517.2817,1493.2169,1478.3873,1513.6377,1502.5884,1383.6936,1372.3729,1346.4844,1317.0597,1248.1572,1197.0154,1185.8209,1162.0249,1114.7748,1145.1951,1083.8640,1096.7932,1030.0311,1016.9421,993.9181,964.6867,923.6614,914.3316,916.9805,977.4985,922.3816,900.6293,896.2837,876.5992,877.2508,916.5668,824.7475,765.8336,787.7865,735.1471,651.8867,616.5518,578.5752,563.2671,542.7784,551.1884,604.9915,531.5304,490.1522,512.3120,516.1630,501.2910,528.2330,485.5609,508.9655,465.7823,464.3213,469.1271,403.5730,377.6756,369.0724,408.8294,433.4449,289.4273,0.0000,0.0000,0.0000,0.0000,0.0000,0.0000,0.0000,0.0000,0.0000,0.0000,0.0000,0.0000,0.0000,0.0000,0.0000,0.0000,0.0000,0.0000,0.0000,0.0000,0.0000,0.0000,0.0000,0.0000,0.0000,0.0000,0.0000,0.0000,0.0000,0.0000,0.0000,0.0000,0.0000,0.0000,0.0000,0.0000,0.0000,0.0000,0.0000,0.0000,0.0000,0.0000,0.0000,0.0000,0.0000,0.0000,0.0000,0.0000,0.0000,0.0000,0.0000,0.0000,0.0000,0.0000,0.0000
0.0000,0.0000,0.0000,0.0000,0.0000,0.0000,0.0000,0.0000,0.0000,0.0000,0.0000,0.0000,0.0000,0.0000,0.0000,0.0000,0.0000,0.0000,0.0000,0.0000,0.0000,0.0000,0.0000,0.0000,0.0000,0.0000,0.0000,0.0000,0.0000,0.0000,0.0000,0.0000,0.0000,0.0000,0.0000,0.0000,0.0000,0.0000,0.0000,0.0000,0.0000,0.0000,0.0000,0.0000,0.0000,0.0000,0.0000,0.0000,0.0000,0.0000,0.0000,0.0000,0.0000,0.0000,311.7371,305.6927,343.8262,377.5993,408.0569,472.4897,548.3096,590.8605,629.3209,643.9880,693.3452,693.2424,751.9027,771.4238,845.9724,890.5342,920.7408,918.8982,977.9327,1034.9033,1126.0735,1102.3856,1206.2303,1221.4871,1220.3257,1284.3873,1227.2545,1215.1401,1263.8739,1246.1980,1267.2870,1273.7665,1203.3878,1206.7914,1236.2223,1173.3593,1192.6953,1153.2928,1175.9354,1158.8405,1117.3936,1096.5745,1092.1417,1162.2992,1231.5734,1266.3418,1328.0948,1385.3712,1357.8042,1494.0857,1603.2498,1599.8035,1699.8643,1784.0764,1788.1859,1775.1084,1717.4103,1778.3816,1898.5391,1899.2806,1889.1718,1891.9982,1764.7588,1809.6050,1861.5339,1788.9402,1802.2472,1721.5282,1808.4620,1821.4520,1841.0079,1936.5872,1859.3944,1845.0219,1939.6202,1933.6937,1945.8157,1947.4609,1890.1138,1929.7452,1970.4526,1915.9380,1817.7786,1828.0574,1811.4583,1856.2550,1836.4906,1817.9824,1823.9420,1829.6128,1912.4926,1914.8011,1995.7974,2004.8909,2026.0682,2101.2893,2129.1887,2105.8936,2075.3259,2038.0713,2063.1257,2107.1023,1968.4216,1982.8654,1972.8302,1973.4440,2051.5581,2091.8779,2041.8993,2065.8589,2153.8264,2050.6699,2145.8591,2126.1504,2124.3447,2206.7808,2236.1685,2233.0535,2227.0916,2187.4280,2278.0752,2217.0837,2187.5359,2186.6538,2256.1775,2308.8369,2315.7581,2297.6829,2328.6216,2289.6753,2345.3450,2461.2097,2416.7458,2430.2859,2516.5791,2541.9351,2628.7319,2661.2241,2507.2705,2649.3601,2642.6064,2635.4375,2561.9783,2562.0234,2504.3757,2562.5640,2572.6499,2556.1431,2468.3831,2420.3875,2423.9661,2505.5325,2543.8416,2542.9336,2452.0398,2589.1306,2642.1445,2591.8027,2658.0027,2557.4604,2562.6694,2713.4255,2645.5835,2583.6199,2565.2195,2486.9954,2683.1638,2707.3364,2554.7004,2518.3821,2506.6260,2411.0835,2466.4238,2413.9607,2404.4141,2424.2292,2361.0920,2380.4109,2384.5383,2324.1272,2283.5122,2248.1428,2354.2976,2285.7161,2213.7329,2220.6135,2247.8101,2185.3767,2190.2632,2137.1013,2120.8757,2216.8926,2136.9397,2143.1604,2106.0439,2035.8114,2129.8552,2128.4424,1953.1444,1951.3503,1953.3894,1956.4304,1959.8174,1906.2296,1882.5874,1835.8832,1824.8037,1827.3002,1824.2932,1771.6318,1729.6616,1758.6692,1812.5167,1803.2516,1694.7025,1744.2209,1693.4988,1658.2065,1635.5483,1582.5570,1617.2522,1676.3589,1634.2460,1669.7745,1627.1210,1553.2129,1625.4718,1610.3590,1612.9513,1555.5354,1543.4774,1443.8141,1558.1711,1544.3948,1528.1335,1517.7217,1433.2446,1399.4244,1388.6816,1394.0056,1305.4666,1287.5739,1315.7111,1238.6921,1187.5282,1149.3549,1111.2780,1124.5398,1172.1578,1102.2578,1024.7631,1024.8367,977.7009,974.5392,949.8880,960.6847,929.9274,950.3010,945.8452,910.4532,921.7362,894.1448,929.6594,914.1011,826.9923,751.7438,708.4699,651.4235,663.5212,631.5628,601.2072,608.4720,561.8453,599.1897,561.8696,534.5350,476.4845,534.4327,544.5778,559.6815,474.4762,503.3567,477.3235,489.6021,478.0986,378.3994,428.6439,384.7569,411.8861,210.6878,12.0275,89.0261,0.0000,0.0000,0.0000,0.0000,0.0000,0.0000,0.0000,0.0000,0.0000,0.0000,0.0000,0.0000,0.0000,0.0000,0.0000,0.0000,0.0000,0.0000,0.0000,0.0000,0.0000,0.0000,0.0000,0.0000,0.0000,0.0000,0.0000,0.0000,0.0000,0.0000,0.0000,0.0000,0.0000,0.0000,0.0000,0.0000,0.0000,0.0000,0.0000,0.0000,0.0000,0.0000,0.0000,0.0000,0.0000,0.0000,0.0000,0.0000,0.0000,0.0000,0.0000,0.0000,0.0000,0.0000
0.0000,0.0000,0.0000,0.0000,0.0000,0.0000,0.0000,0.0000,0.0000,0.0000,0.0000,0.0000,0.0000,0.0000,0.0000,0.0000,0.0000,0.0000,0.0000,0.0000,0.0000,0.0000,0.0000,0.0000,0.0000,0.0000,0.0000,0.0000,0.0000,0.0000,0.0000,0.0000,0.0000,0.0000,0.0000,0.0000,0.0000,0.0000,0.0000,0.0000,0.0000,0.0000,0.0000,0.0000,0.0000,0.0000,0.0000,0.0000,0.0000,0.0000,0.0000,0.0000,0.0000,0.0000,304.9990,329.0678,353.7532,442.7575,426.5951,522.0594,554.9555,561.9476,658.5746,691.6651,797.9382,739.5010,714.3726,756.5836,869.2315,863.9774,961.9287,1011.6313,1004.8694,1123.7135,1107.6931,1176.8843,1187.5376,1215.0720,1208.2383,1234.0658,1252.8915,1276.1249,1264.5771,1245.3566,1256.1558,1230.5930,1210.5361,1142.3334,1166.4674,1143.3035,1157.0114,1135.6697,1174.3188,1071.3673,1102.2300,1210.8293,1137.8488,1120.3936,1181.8884,1238.9313,1352.7062,1421.6957,1461.7993,1542.3136,1592.0961,1671.5814,1781.5713,1769.9675,1749.8468,1763.9158,1781.4105,1882.5844,1906.4642,1846.3173,1890.4283,1827.6486,1915.8806,1831.0439,1767.9602,1821.4922,1796.1865,1767.1774,1872.0107,1834.9478,1842.5149,2004.1648,1934.4894,1952.7809,1923.6544,1956.8885,2057.2593,2053.8582,1999.1698,1958.1844,1948.3865,1874.6987,1822.9916,1835.0848,1817.7686,1811.1096,1885.2184,1928.3230,1880.2136,1946.9773,1963.5400,1962.1438,2055.2312,2060.5837,2072.4463,2194.0310,2198.5063,2164.7776,2199.0022,2095.0940,1993.4191,2048.6729,1986.0051,2026.1891,1992.9873,1985.9265,2062.0078,2111.7676,2093.8147,2071.8997,2033.4161,2078.3804,2148.1001,2206.9202,2216.2454,2204.2307,2247.8264,2254.4800,2239.8479,2190.0574,2096.7803,2139.9775,2260.8286,2311.4084,2302.7234,2301.6174,2257.6091,2313.1924,2373.9529,2286.6455,2291.7173,2316.3928,2388.5127,2485.3208,2581.8267,2533.1077,2606.8386,2656.2136,2574.2883,2552.7029,2541.5254,2580.7378,2598.5127,2644.3240,2613.5442,2542.5017,2520.5542,2547.3315,2413.6555,2410.0605,2436.3928,2408.4761,2563.8403,2541.9160,2618.5725,2655.8340,2560.0730,2557.9897,2664.3450,2601.4487,2620.0869,2633.9189,2651.7708,2709.4897,2652.1772,2547.3411,2541.1709,2509.2146,2519.6426,2524.4060,2422.5820,2471.4580,2510.3306,2449.9199,2515.3569,2374.8652,2288.1128,2327.6350,2337.6353,2381.8645,2379.7451,2276.3262,2352.6531,2407.2424,2283.6631,2284.6848,2193.5337,2159.8911,2253.6577,2225.3914,2251.6929,2186.3538,2137.5125,2246.5596,2222.1025,2081.1631,2066.8569,1918.6444,1942.3838,1971.3503,1938.1400,1921.6768,1879.6145,1882.5941,1904.5543,1835.1132,1805.8845,1806.5709,1758.7102,1873.6023,1850.0002,1804.0854,1812.6356,1761.7714,1767.0363,1795.2131,1669.1826,1682.6891,1664.3508,1634.0253,1592.4208,1635.5792,1537.8384,1613.5314,1639.8142,1592.5972,1552.3690,1622.9980,1583.2018,1597.7909,1613.7357,1560.6034,1505.9265,1525.5554,1561.3917,1535.3679,1515.9010,1465.0869,1442.0651,1459.1820,1433.3560,1339.3362,1285.7206,1270.0201,1258.6133,1235.2572,1167.6351,1110.4185,1117.6582,1087.7166,1066.4496,1033.6415,968.5126,919.0076,985.3495,954.8109,910.8602,950.2044,918.6916,966.4362,953.5905,929.1638,819.1605,822.2570,858.6242,807.5474,734.7877,729.3782,631.7632,637.0676,651.0123,564.2917,571.4382,556.5549,525.6832,614.9044,490.3605,526.4286,505.5457,565.1176,505.0937,488.0557,480.8237,467.2576,437.3782,457.4732,380.8389,422.4698,226.9175,29.1707,147.7376,185.2728,0.0000,0.0000,0.0000,0.0000,0.0000,0.0000,0.0000,0.0000,0.0000,0.0000,0.0000,0.0000,0.0000,0.0000,0.0000,0.0000,0.0000,0.0000,0.0000,0.0000,0.0000,0.0000,0.0000,0.0000,0.0000,0.0000,0.0000,0.0000,0.0000,0.0000,0.0000,0.0000,0.0000,0.0000,0.0000,0.0000,0.0000,0.0000,0.0000,0.0000,0.0000,0.0000,0.0000,0.0000,0.0000,0.0000,0.0000,0.0000,0.0000,0.0000,0.0000,0.0000,0.0000,0.0000
0.0000,0.0000,0.0000,0.0000,0.0000,0.0000,0.0000,0.0000,0.0000,0.0000,0.0000,0.0000,0.0000,0.0000,0.0000,0.0000,0.0000,0.0000,0.0000,0.0000,0.0000,0.0000,0.0000,0.0000,0.0000,0.0000,0.0000,0.0000,0.0000,0.0000,0.0000,0.0000,0.0000,0.0000,0.0000,0.0000,0.0000,0.0000,0.0000,0.0000,0.0000,0.0000,0.0000,0.0000,0.0000,0.0000,0.0000,0.0000,0.0000,0.0000,0.0000,0.0000,0.0000,310.7291,301.3904,332.8379,395.2889,389.7292,492.4595,556.5979,599.2444,646.4796,704.5981,737.5249,750.8334,749.3376,779.1874,814.3859,891.4814,929.8261,1008.4324,1078.4171,1091.6829,1076.3947,1157.5824,1176.6110,1185.1531,1213.8690,1225.0295,1236.6447,1270.0651,1255.3671,1258.9738,1236.7096,1203.4883,1197.7931,1226.1832,1158.6429,1134.9819,1176.0353,1136.6945,1127.1320,1108.5292,1075.2559,1087.6512,1115.1213,1096.0419,1178.0815,1244.2500,1256.2523,1365.2391,1430.4352,1487.0443,1500.3838,1623.7383,1622.8239,1744.4507,1809.8041,1870.3392,1781.1229,1840.4255,1837.2736,1837.8085,1924.7698,1848.3965,1738.0728,1865.5194,1884.1265,1881.6287,1834.0504,1761.8513,1747.8093,1892.6730,1871.6095,1882.5868,1955.1644,1941.7416,2034.1082,2112.6045,2079.5979,2044.1953,1996.6329,2038.4980,2051.3413,1999.2206,1991.9382,1914.6010,1946.1504,1952.4308,1828.8357,1880.4969,1904.2623,1831.4247,1981.2095,2068.0386,2061.1084,2162.6562,2073.4290,2198.5686,2239.8120,2164.5635,2094.7429,2099.5200,2075.3462,2093.5962,2035.2574,1992.8934,2074.8494,2076.0886,2055.7351,2104.9009,2069.6592,2099.5339,2097.1562,2158.5305,2178.8604,2127.2073,2303.1636,2290.5442,2257.5288,2253.7632,2212.1904,2138.9846,2224.4631,2234.1624,2199.6592,2259.9233,2225.7495,2249.4099,2312.0481,2205.2300,2246.0203,2327.2751,2367.8296,2390.9651,2345.8855,2354.6907,2474.5527,2610.6204,2582.7485,2538.7231,2473.6919,2569.5652,2601.3582,2627.8142,2670.4817,2565.6106,2572.8872,2640.7036,2552.7781,2591.2524,2468.9985,2434.6399,2520.0522,2481.5308,2566.8347,2531.3960,2478.8162,2600.8953,2633.1926,2582.4761,2567.3723,2577.4629,2621.3420,2740.6892,2715.9487,2618.3020,2609.8931,2555.7944,2623.2607,2533.5754,2555.4058,2531.4058,2534.9241,2577.3118,2530.9231,2385.6033,2443.3367,2388.6917,2366.8596,2404.8437,2362.0415,2348.5928,2434.3838,2376.4741,2332.6853,2293.5564,2288.9912,2239.0891,2290.8069,2233.7896,2263.6274,2238.9690,2227.3164,2285.9058,2241.5881,2216.4065,2136.8369,2118.9233,2123.9180,2100.5298,2041.3684,2039.2793,1993.9275,1978.2590,1992.2413,1831.9177,1866.9720,1858.0193,1807.4124,1939.9741,1880.7078,1762.7002,1846.8621,1884.7295,1849.3514,1841.8285,1758.0748,1791.3756,1791.5833,1777.4548,1734.7029,1698.0674,1588.6447,1609.5352,1605.4034,1655.5616,1576.2935,1548.4626,1629.1517,1624.7512,1630.3550,1613.7438,1542.2856,1557.4299,1559.8690,1563.5972,1551.8608,1555.3462,1484.4424,1531.5345,1537.8434,1457.0540,1459.6335,1347.1559,1380.9258,1335.2054,1343.6228,1243.2980,1237.5088,1202.4188,1190.3098,1093.4408,1092.1195,1068.9271,1050.6388,1053.7831,1017.8357,961.8228,1004.2546,956.1212,1010.5682,943.6393,938.3679,970.0670,960.8745,900.8035,858.1278,812.6526,789.7023,791.0202,722.8142,661.8577,653.6845,605.8927,608.8348,613.5980,556.9481,582.0162,515.9788,551.7336,509.4803,474.7564,492.7251,520.9467,454.1048,463.1941,439.7125,432.0135,432.9032,377.2101,397.8186,258.0803,195.8847,189.4557,295.1020,373.8252,0.0000,0.0000,0.0000,0.0000,0.0000,0.0000,0.0000,0.0000,0.0000,0.0000,0.0000,0.0000,0.0000,0.0000,0.0000,0.0000,0.0000,0.0000,0.0000,0.0000,0.0000,0.0000,0.0000,0.0000,0.0000,0.0000,0.0000,0.0000,0.0000,0.0000,0.0000,0.0000,0.0000,0.0000,0.0000,0.0000,0.0000,0.0000,0.0000,0.0000,0.0000,0.0000,0.0000,0.0000,0.0000,0.0000,0.0000,0.0000,0.0000,0.0000,0.0000,0.0000,0.0000
0.0000,0.0000,0.0000,0.0000,0.0000,0.0000,0.0000,0.0000,0.0000,0.0000,0.0000,0.0000,0.0000,0.0000,0.0000,0.0000,0.0000,0.0000,0.0000,0.0000,0.0000,0.0000,0.0000,0.0000,0.0000,0.0000,0.0000,0.0000,0.0000,0.0000,0.0000,0.0000,0.0000,0.0000,0.0000,0.0000,0.0000,0.0000,0.0000,0.0000,0.0000,0.0000,0.0000,0.0000,0.0000,0.0000,0.0000,0.0000,0.0000,0.0000,0.0000,0.0000,238.9222,285.2292,301.4634,289.5926,392.5528,460.0470,502.5806,593.0492,621.7402,679.0897,713.8344,760.3851,795.1484,870.0899,848.5381,878.0355,968.1586,1006.1719,976.7731,1012.1022,1104.1003,1140.8442,1208.2710,1191.0697,1205.3823,1261.3053,1281.3782,1265.4668,1251.2053,1222.9219,1210.6349,1231.2869,1244.3397,1185.7307,1160.7831,1157.6417,1150.9916,1160.5408,1119.4399,1097.5728,1083.4194,1105.9639,1154.0879,1146.6693,1230.9807,1200.5001,1255.5913,1314.0123,1402.6154,1463.0502,1531.5396,1548.8531,1730.9911,1785.5002,1822.6373,1817.4028,1863.8365,1783.3069,1828.5592,1813.1954,1842.7754,1920.3340,1910.6863,1920.8384,1909.1633,1893.7644,1839.0493,1868.9967,1874.7893,1827.4469,1894.0144,1981.3044,2030.0605,2016.7858,2082.2939,2041.3026,2056.5044,2129.2285,2079.5337,2061.3420,2035.9822,2052.4380,2094.3926,2028.8394,1953.1067,1897.4933,1851.4927,1885.5409,1905.3173,1885.6277,1962.3031,2077.5935,2084.4790,2204.6831,2154.6025,2110.1689,2125.8936,2199.1721,2159.8884,2126.9326,2035.1700,2148.9868,2151.9365,2120.3984,2113.9858,1986.2506,2068.3933,2114.3560,2078.5496,2170.3550,2174.3127,2112.7029,2195.8833,2267.8635,2249.0266,2246.2319,2270.3232,2229.2629,2334.2788,2281.1172,2259.1702,2208.0940,2203.2859,2202.2449,2282.7700,2220.5811,2253.3479,2236.5366,2372.7971,2409.9402,2333.2275,2310.1367,2323.0447,2381.6179,2530.6812,2462.7009,2483.5210,2582.7947,2516.9612,2620.7222,2678.8169,2529.7214,2608.3423,2571.5664,2519.1484,2590.4736,2587.9543,2574.5146,2644.9968,2605.6521,2529.7134,2504.4456,2465.8923,2440.8550,2466.2888,2539.4641,2559.5117,2567.1023,2701.9448,2700.7808,2557.0042,2614.1238,2589.6843,2602.9094,2661.4553,2530.0232,2539.0081,2572.1970,2534.0840,2608.8645,2583.8381,2471.1714,2489.1194,2480.9668,2484.5435,2501.8403,2411.1663,2412.1091,2477.9338,2513.1414,2397.2485,2374.4680,2353.2275,2362.5049,2349.7864,2332.3423,2315.0288,2245.3154,2271.7595,2326.4431,2271.2969,2296.5613,2207.8796,2176.7649,2293.0388,2225.1045,2158.5039,2162.3896,2043.7637,2051.2988,2009.0308,1845.9795,1853.2472,1873.1072,1865.5195,1920.1414,1892.0294,1864.1125,1880.8008,1927.5242,1876.0564,1906.0618,1847.4279,1870.7257,1860.0640,1865.3610,1910.2272,1848.8704,1759.5677,1747.3364,1710.2029,1687.3125,1645.7786,1604.8726,1697.3820,1612.0020,1613.7749,1614.4176,1589.9095,1661.0214,1634.8391,1565.0090,1568.6865,1603.6802,1573.4011,1701.4061,1581.9783,1589.3442,1598.4769,1498.4637,1539.3229,1521.3574,1454.1324,1426.7435,1420.2407,1400.4607,1280.6964,1217.2954,1251.6331,1164.6045,1179.3420,1185.7041,1113.6344,1066.7543,1116.3911,1037.8384,997.5233,949.9859,963.2374,971.2056,992.3312,946.3552,965.4962,929.5304,896.2111,922.5295,855.0090,828.3878,729.9545,766.5766,732.6862,700.0715,617.4135,637.8566,581.9747,590.9041,602.1364,592.4282,567.1724,510.1361,511.4560,552.0746,481.4474,470.1484,499.3376,453.9923,480.3112,403.8201,421.8780,420.8388,366.7834,330.6528,383.9971,336.1063,331.9074,353.7251,0.0000,0.0000,0.0000,0.0000,0.0000,0.0000,0.0000,0.0000,0.0000,0.0000,0.0000,0.0000,0.0000,0.0000,0.0000,0.0000,0.0000,0.0000,0.0000,0.0000,0.0000,0.0000,0.0000,0.0000,0.0000,0.0000,0.0000,0.0000,0.0000,0.0000,0.0000,0.0000,0.0000,0.0000,0.0000,0.0000,0.0000,0.0000,0.0000,0.0000,0.0000,0.0000,0.0000,0.0000,0.0000,0.0000,0.0000,0.0000,0.0000,0.0000,0.0000,0.0000
0.0000,0.0000,0.0000,0.0000,0.0000,0.0000,0.0000,0.0000,0.0000,0.0000,0.0000,0.0000,0.0000,0.0000,0.0000,0.0000,0.0000,0.0000,0.0000,0.0000,0.0000,0.0000,0.0000,0.0000,0.0000,0.0000,0.0000,0.0000,0.0000,0.0000,0.0000,0.0000,0.0000,0.0000,0.0000,0.0000,0.0000,0.0000,0.0000,0.0000,0.0000,0.0000,0.0000,0.0000,0.0000,0.0000,0.0000,0.0000,0.0000,0.0000,0.0000,0.0000,285.6808,303.1783,323.9516,352.8934,410.0771,481.5702,498.3087,589.4459,634.9230,649.6249,715.3687,791.5961,839.3792,856.0742,922.4120,916.5903,950.4640,992.1375,1040.8615,1082.2795,1143.1334,1149.2056,1216.7446,1241.7124,1185.6777,1240.2039,1224.2206,1283.2986,1241.7355,1281.6450,1258.5376,1206.1671,1200.9113,1177.8981,1149.5616,1082.3174,1113.6322,1084.5103,1159.3639,1134.1586,1122.7006,1145.1184,1175.8887,1177.1659,1248.3149,1255.3810,1255.6392,1349.1173,1395.3477,1547.8627,1612.9576,1612.3217,1723.6833,1776.0995,1797.5475,1757.6643,1818.8932,1807.9399,1897.8423,1847.9806,1869.6234,1822.7905,1803.8727,1796.3097,1858.1146,1901.7231,1892.8531,1875.9628,1998.6711,2007.5648,2003.7310,2049.3911,1993.7654,1983.3975,2080.0857,2034.9348,2005.9318,2014.1064,2029.2312,2122.1230,2120.1309,1978.6674,2019.7640,1971.6825,1936.8734,1948.1868,1938.6681,1914.8922,1980.5782,2040.6152,2072.7590,2007.1219,2060.8794,2191.0120,2159.1675,2209.5459,2207.4521,2109.6956,2174.8552,2118.7041,2090.5530,2141.4434,2037.3494,2055.4451,2123.0554,2127.2422,2101.0142,2199.6475,2167.0354,2241.7566,2227.9006,2100.1821,2149.4932,2186.9883,2289.8442,2306.6401,2309.0486,2344.7407,2374.6997,2312.4023,2316.9473,2162.9380,2171.5679,2225.6218,2251.3564,2364.3430,2366.0598,2296.5613,2339.4131,2391.4792,2322.4148,2408.9060,2365.7979,2433.4929,2474.5352,2521.5061,2642.3872,2637.5464,2518.1746,2596.1626,2609.8704,2528.5000,2507.2913,2492.1123,2577.0879,2639.3262,2608.6099,2661.4915,2535.8596,2546.7349,2543.9094,2488.5200,2523.6875,2439.7175,2450.8215,2608.1599,2682.1343,2597.7456,2632.1848,2514.1179,2555.7310,2650.7576,2554.1348,2623.4851,2623.9839,2526.1760,2649.1987,2621.4910,2521.5918,2566.9565,2574.4546,2545.0830,2532.8809,2518.7449,2533.2285,2572.8420,2548.4849,2548.4233,2369.0417,2429.1318,2396.1604,2387.3640,2442.1011,2397.1833,2307.5708,2376.7419,2324.4199,2179.1675,2303.4309,2199.8616,2234.0073,2327.8662,2265.2959,2279.6025,2277.4695,2194.9805,2203.5798,2126.5559,2014.4780,1902.2189,1893.1864,1972.7936,1986.1947,1879.7345,1904.0856,1912.2605,1937.3384,1912.0586,1846.8772,1880.7816,1868.6523,1919.9603,1939.4725,1900.8010,1808.8501,1883.7368,1866.6100,1784.4961,1829.3127,1668.7562,1683.4092,1727.9927,1694.0668,1643.0277,1659.0576,1620.7388,1660.0012,1677.0261,1652.1532,1632.0679,1559.8055,1641.1750,1626.3463,1586.1460,1603.1501,1562.1082,1579.3849,1572.1635,1557.8613,1554.2469,1561.1462,1543.5544,1558.1844,1504.4900,1377.8612,1388.8345,1317.6959,1266.1093,1257.8378,1207.8132,1172.9652,1258.3287,1135.5458,1073.9784,1063.0200,1016.5778,979.5122,932.6869,917.6094,922.8262,920.9107,960.6812,979.2597,924.9221,916.3620,851.3375,862.1355,811.7097,792.0662,788.7096,720.2106,665.4948,692.9530,633.4283,649.5093,584.8395,576.5707,571.5291,586.2953,534.6595,489.9636,513.5867,490.2083,489.7638,392.3979,422.7766,448.6422,429.7664,384.5389,366.3694,345.1719,366.4672,333.4657,376.4240,365.5431,306.0085,0.0000,0.0000,0.0000,0.0000,0.0000,0.0000,0.0000,0.0000,0.0000,0.0000,0.0000,0.0000,0.0000,0.0000,0.0000,0.0000,0.0000,0.0000,0.0000,0.0000,0.0000,0.0000,0.0000,0.0000,0.0000,0.0000,0.0000,0.0000,0.0000,0.0000,0.0000,0.0000,0.0000,0.0000,0.0000,0.0000,0.0000,0.0000,0.0000,0.0000,0.0000,0.0000,0.0000,0.0000,0.0000,0.0000,0.0000,0.0000,0.0000,0.0000,0.0000,0.0000
0.0000,0.0000,0.0000,0.0000,0.0000,0.0000,0.0000,0.0000,0.0000,0.0000,0.0000,0.0000,0.0000,0.0000,0.0000,0.0000,0.0000,0.0000,0.0000,0.0000,0.0000,0.0000,0.0000,0.0000,0.0000,0.0000,0.0000,0.0000,0.0000,0.0000,0.0000,0.0000,0.0000,0.0000,0.0000,0.0000,0.0000,0.0000,0.0000,0.0000,0.0000,0.0000,0.0000,0.0000,0.0000,0.0000,0.0000,0.0000,0.0000,0.0000,0.0000,258.3470,275.2720,335.6678,297.8441,390.6856,391.1894,495.1750,527.0080,650.8316,690.7997,686.0900,785.7891,823.1522,864.7155,870.4373,936.3394,958.4496,976.0765,1005.0865,1117.6368,1146.9255,1204.9757,1198.7028,1208.9327,1179.5289,1217.0138,1225.8226,1261.5408,1282.0377,1234.7852,1259.7518,1239.5532,1144.7515,1170.6062,1098.8998,1106.7874,1157.7145,1190.8982,1157.0867,1169.1140,1150.6796,1160.8369,1186.4730,1161.6562,1203.3464,1203.5106,1294.2488,1413.8149,1508.9069,1468.1896,1544.7719,1647.2012,1713.1630,1683.5759,1766.4550,1770.3158,1795.1123,1835.2760,1902.8663,1876.3114,1840.4528,1868.6155,1785.5487,1819.4701,1810.6504,1824.0594,1941.4559,2009.3434,1979.7056,2016.9629,2013.1401,2089.0994,2092.4509,2095.0317,2085.0947,2050.8223,2071.6665,2126.7354,2073.9060,2046.0933,1994.0211,2025.0372,1985.5740,1913.6305,1976.0945,1969.5364,1953.2413,2028.2585,2033.5336,1959.7838,2034.4249,2044.1702,2090.6562,2117.8948,2104.9453,2147.7480,2243.0569,2240.7666,2147.9065,2137.8437,2008.1879,2076.1187,2198.2681,2163.2156,2175.3442,2130.0488,2110.3601,2155.1089,2218.2478,2196.7151,2117.9448,2150.8313,2243.7351,2249.6968,2280.8469,2298.3291,2271.1934,2324.7708,2367.0212,2243.8042,2251.9329,2197.4001,2235.2305,2333.5188,2404.2637,2304.7441,2340.8523,2356.0920,2379.9841,2422.0986,2351.0833,2349.1086,2448.9824,2435.1467,2515.8679,2546.2756,2531.2473,2616.9463,2635.5730,2569.0120,2601.0283,2552.7588,2610.4214,2580.7312,2635.4673,2616.9136,2605.4663,2647.7329,2659.6824,2490.5437,2538.2053,2521.8555,2466.9480,2633.1521,2552.5137,2497.8936,2554.0852,2580.9651,2572.7100,2676.4749,2541.2659,2550.4387,2624.4365,2660.0515,2696.3425,2561.0762,2546.1013,2566.0813,2616.0979,2658.2930,2561.3523,2513.5776,2616.3098,2636.0969,2666.1917,2617.9624,2533.8926,2523.6709,2562.9609,2551.3770,2539.0332,2466.5698,2441.2429,2533.4602,2525.0859,2389.9570,2387.9502,2211.5903,2242.8071,2344.8564,2299.8865,2302.9482,2263.7361,2247.8145,2280.5725,2326.2937,2176.2419,2097.1221,2095.6211,2120.6887,2015.2795,1974.0730,1964.3146,1983.9202,1953.0944,1978.6908,1870.5193,1875.2308,1878.5731,1916.9895,1994.0134,2011.3363,1882.7561,1990.2687,1950.3732,1881.9467,1906.4138,1858.0071,1858.9374,1838.9553,1847.9653,1791.9006,1735.9703,1688.7815,1688.8285,1668.4167,1662.3667,1689.9871,1654.8717,1712.8929,1642.8474,1620.7245,1624.4698,1573.9113,1661.5908,1640.4559,1560.1404,1604.7682,1603.6332,1607.4030,1670.4150,1608.5305,1491.7961,1558.3888,1481.1050,1474.0422,1399.9404,1279.1779,1292.7345,1262.3833,1295.2649,1245.8093,1186.5953,1136.0659,1109.5402,1103.6614,1083.2528,994.6073,998.4947,955.3323,960.8018,955.1929,1001.8129,916.7225,905.9590,932.8306,864.5820,871.6104,806.1417,778.3033,780.9285,731.0010,695.2082,662.8177,612.0232,663.9363,649.8298,646.3416,592.8685,620.9611,549.7947,511.7468,484.6387,480.3972,496.3230,529.3173,445.2199,448.1463,451.3819,401.7898,381.6083,341.1370,389.8091,333.3541,377.9159,354.6236,414.0166,378.2670,0.0000,0.0000,0.0000,0.0000,0.0000,0.0000,0.0000,0.0000,0.0000,0.0000,0.0000,0.0000,0.0000,0.0000,0.0000,0.0000,0.0000,0.0000,0.0000,0.0000,0.0000,0.0000,0.0000,0.0000,0.0000,0.0000,0.0000,0.0000,0.0000,0.0000,0.0000,0.0000,0.0000,0.0000,0.0000,0.0000,0.0000,0.0000,0.0000,0.0000,0.0000,0.0000,0.0000,0.0000,0.0000,0.0000,0.0000,0.0000,0.0000,0.0000,0.0000
0.0000,0.0000,0.0000,0.0000,0.0000,0.0000,0.0000,0.0000,0.0000,0.0000,0.0000,0.0000,0.0000,0.0000,0.0000,0.0000,0.0000,0.0000,0.0000,0.0000,0.0000,0.0000,0.0000,0.0000,0.0000,0.0000,0.0000,0.0000,0.0000,0.0000,0.0000,0.0000,0.0000,0.0000,0.0000,0.0000,0.0000,0.0000,0.0000,0.0000,0.0000,0.0000,0.0000,0.0000,0.0000,0.0000,0.0000,0.0000,0.0000,0.0000,227.1598,284.7289,301.7180,341.3365,375.2775,425.0651,486.0351,535.6776,625.4687,650.4606,706.3408,697.6522,753.3469,859.3963,900.7008,888.2875,961.2772,981.0317,1059.3177,1084.0095,1117.5424,1066.3342,1186.2614,1245.9174,1225.8069,1256.3704,1259.9835,1261.9283,1269.2418,1261.1541,1178.1932,1158.4154,1221.7081,1169.8075,1177.3282,1183.3734,1141.4639,1178.6809,1146.3547,1168.6279,1117.4615,1145.8916,1158.5386,1243.8403,1244.5861,1248.2996,1238.8807,1295.5936,1414.4260,1483.3619,1550.8168,1523.8121,1625.8497,1742.3387,1747.1992,1827.2710,1890.4342,1728.4720,1769.6089,1833.2067,1815.7878,1813.6814,1754.6550,1797.6415,1919.6415,1911.5215,1919.6692,1924.2496,1909.4011,1995.4337,2094.1602,2149.5676,2114.1140,2135.4771,2212.8093,2202.9573,2077.2527,2094.8926,2009.1550,1960.7031,2032.4082,2006.2136,1969.6486,1980.4362,1985.1884,2053.2893,2014.7223,1905.6929,1968.4760,1954.3840,1935.7350,2075.7136,2089.4104,2071.2827,2170.5029,2165.5081,2168.8796,2164.1152,2190.7131,2160.2214,2117.3579,2137.7690,2154.4446,2156.6741,2160.0720,2264.6838,2252.1765,2184.5127,2125.3062,2203.8147,2248.0737,2248.3372,2223.3726,2253.3767,2259.5259,2314.9023,2337.7764,2204.0750,2285.3708,2239.8633,2224.2693,2305.4951,2229.8289,2274.0354,2317.9392,2362.0254,2374.7144,2397.6108,2292.6743,2373.3770,2398.6699,2508.2859,2462.7690,2429.8311,2422.8833,2535.8953,2571.5630,2573.1167,2585.4863,2530.0269,2632.2410,2590.9329,2604.0554,2634.3909,2533.8738,2573.5889,2649.1431,2570.9536,2578.7163,2570.3950,2521.6145,2688.8813,2574.7822,2497.6616,2549.3276,2491.6492,2457.1135,2567.6748,2532.4451,2603.7412,2577.0544,2624.1655,2697.5007,2662.7805,2638.7141,2589.6526,2637.1992,2709.5598,2632.7009,2564.2285,2685.6501,2612.9231,2666.0464,2683.1682,2509.7073,2539.9888,2601.8601,2539.9368,2592.7187,2583.6724,2585.8501,2621.8652,2596.6416,2471.7163,2495.0750,2474.9275,2486.2253,2401.8845,2309.1194,2338.0359,2278.8091,2308.1804,2332.9353,2252.7957,2224.9771,2214.4395,2240.1555,2307.0913,2171.2095,2155.5344,2128.0962,2043.0546,2109.3708,1993.5551,1886.7354,1867.8702,1984.5972,1928.5837,1996.7266,1955.0426,1943.6277,2021.1466,2007.0752,1966.5446,1966.6190,1959.5350,1993.4398,2033.8997,2001.5937,1906.2167,1838.3424,1816.9429,1849.9026,1760.7809,1795.3982,1731.9929,1711.9879,1755.8037,1717.3783,1716.1150,1670.6368,1635.8900,1625.7539,1709.0242,1645.0925,1625.3828,1602.6532,1598.9504,1642.7336,1650.7335,1621.3149,1529.8555,1584.7555,1553.3685,1525.4836,1473.2097,1439.5588,1430.6304,1384.8524,1320.2345,1254.9454,1283.3065,1192.7333,1192.3995,1216.6252,1149.4524,1143.8585,1074.7130,999.9381,989.9949,988.3951,911.5753,952.3423,973.4874,904.2868,947.7061,900.3365,845.1722,871.8707,813.1666,800.2267,820.9143,793.5460,729.0590,747.6226,639.1046,640.7658,657.6995,641.9142,610.4902,534.4750,526.8843,540.9482,520.6709,511.9379,495.1167,447.3780,501.7033,408.2664,425.0496,383.1655,374.2538,380.7237,385.7600,335.0634,373.9217,346.4603,360.0587,398.6983,361.8319,0.0000,0.0000,0.0000,0.0000,0.0000,0.0000,0.0000,0.0000,0.0000,0.0000,0.0000,0.0000,0.0000,0.0000,0.0000,0.0000,0.0000,0.0000,0.0000,0.0000,0.0000,0.0000,0.0000,0.0000,0.0000,0.0000,0.0000,0.0000,0.0000,0.0000,0.0000,0.0000,0.0000,0.0000,0.0000,0.0000,0.0000,0.0000,0.0000,0.0000,0.0000,0.0000,0.0000,0.0000,0.0000,0.0000,0.0000,0.0000,0.0000,0.0000
0.0000,0.0000,0.0000,0.0000,0.0000,0.0000,0.0000,0.0000,0.0000,0.0000,0.0000,0.0000,0.0000,0.0000,0.0000,0.0000,0.0000,0.0000,0.0000,0.0000,0.0000,0.0000,0.0000,0.0000,0.0000,0.0000,0.0000,0.0000,0.0000,0.0000,0.0000,0.0000,0.0000,0.0000,0.0000,0.0000,0.0000,0.0000,0.0000,0.0000,0.0000,0.0000,0.0000,0.0000,0.0000,0.0000,0.0000,0.0000,0.0000,0.0000,261.0419,346.6704,319.2982,341.6550,354.3059,489.1849,524.0095,564.8528,661.1636,661.9376,731.0709,787.2158,815.3024,838.5642,935.2921,1004.8743,1006.4261,1021.5364,1045.0660,1139.6403,1171.3785,1158.2805,1229.7676,1269.5959,1208.4612,1281.3370,1304.7483,1298.3986,1260.3242,1218.0992,1211.0562,1216.1233,1188.5829,1193.7246,1199.1885,1160.2681,1147.6260,1145.3760,1095.3447,1123.9584,1137.2393,1233.6364,1294.9187,1248.9598,1268.1946,1279.7635,1306.6744,1414.5334,1466.1088,1484.4108,1604.3699,1598.1556,1711.8857,1765.7906,1715.8302,1840.5739,1825.6493,1750.9120,1782.8774,1778.0859,1785.6299,1853.9120,1905.1368,1844.2469,1855.9551,1848.7156,1887.6716,1900.7185,1946.3485,2007.4900,2092.2346,2185.5298,2221.3911,2175.5715,2105.9626,2104.0273,2127.3567,2109.2295,1974.9137,1995.3644,2057.3889,1974.1676,2048.5671,1954.3718,1902.1093,1959.2987,1998.6716,1996.5789,1979.9055,1972.7854,1987.5774,2111.7878,2155.4802,2123.6689,2120.0415,2083.0327,2146.7732,2227.5996,2268.5293,2181.8789,2067.4519,2188.1213,2172.1943,2169.3721,2187.1917,2173.7847,2201.0959,2332.5254,2256.8633,2257.8975,2264.1746,2220.4592,2302.1111,2340.8118,2201.0850,2204.6147,2263.6074,2236.5789,2352.1833,2280.8677,2208.7903,2258.2910,2233.2095,2309.5627,2308.7307,2345.3491,2386.4236,2424.6594,2482.2488,2455.3958,2389.0356,2516.7139,2457.7266,2455.3604,2531.5764,2461.7219,2524.8018,2661.1877,2638.1667,2617.9197,2626.5227,2523.1321,2558.7693,2621.0803,2565.4758,2552.3899,2530.8459,2648.8108,2665.9827,2647.7078,2595.5586,2582.1245,2540.0676,2506.5027,2473.5054,2538.5054,2508.7537,2591.2485,2655.9243,2659.9736,2541.8821,2621.3901,2582.5266,2701.1113,2738.2085,2657.0791,2623.0713,2703.9558,2704.1741,2691.9460,2569.9719,2498.8716,2562.1970,2636.4839,2526.2168,2551.1836,2488.8542,2559.6567,2573.5383,2595.7039,2528.1694,2545.4641,2517.0874,2486.3928,2545.2961,2512.9480,2428.5984,2413.5085,2478.1619,2420.7378,2317.6711,2310.9629,2242.2708,2279.1719,2359.9634,2243.4402,2250.4316,2262.2598,2207.2822,2121.9907,2151.1304,2016.2440,2004.7397,2002.5287,1959.8390,1981.5463,1950.5010,1999.3502,1982.3835,1982.8328,1978.8497,2017.1139,1993.4441,2060.9146,2017.7114,2025.6674,2007.8641,1974.1410,1998.3345,1925.1121,1865.3942,1844.5520,1801.7773,1808.3439,1904.8505,1766.8486,1766.1384,1794.4308,1772.9822,1726.5616,1737.0957,1634.9246,1716.8868,1765.0732,1665.4486,1689.7366,1619.5499,1588.0337,1628.3901,1667.0792,1641.3230,1581.9054,1567.4025,1627.3590,1579.8783,1606.8547,1461.1429,1406.4270,1383.7334,1309.3540,1252.6515,1306.5963,1245.7010,1258.0078,1299.2419,1216.2870,1119.8954,1085.4230,1027.1660,1045.6931,1034.0585,999.9450,966.1379,957.0145,936.2090,944.0668,921.8033,857.0353,825.9864,847.6973,873.0842,807.4583,790.1658,736.2686,735.4940,731.5115,667.6244,640.4563,641.5701,598.0017,610.4573,532.9119,566.8646,543.7597,487.6370,530.8970,505.4990,470.4468,397.7393,461.4519,460.8506,409.9715,353.7075,346.8148,336.7734,343.6563,359.3000,363.8915,320.1290,349.3166,0.0000,0.0000,0.0000,0.0000,0.0000,0.0000,0.0000,0.0000,0.0000,0.0000,0.0000,0.0000,0.0000,0.0000,0.0000,0.0000,0.0000,0.0000,0.0000,0.0000,0.0000,0.0000,0.0000,0.0000,0.0000,0.0000,0.0000,0.0000,0.0000,0.0000,0.0000,0.0000,0.0000,0.0000,0.0000,0.0000,0.0000,0.0000,0.0000,0.0000,0.0000,0.0000,0.0000,0.0000,0.0000,0.0000,0.0000,0.0000,0.0000,0.0000
0.0000,0.0000,0.0000,0.0000,0.0000,0.0000,0.0000,0.0000,0.0000,0.0000,0.0000,0.0000,0.0000,0.0000,0.0000,0.0000,0.0000,0.0000,0.0000,0.0000,0.0000,0.0000,0.0000,0.0000,0.0000,0.0000,0.0000,0.0000,0.0000,0.0000,0.0000,0.0000,0.0000,0.0000,0.0000,0.0000,0.0000,0.0000,0.0000,0.0000,0.0000,0.0000,0.0000,0.0000,0.0000,0.0000,0.0000,0.0000,0.0000,261.0722,254.7508,275.4886,359.4101,329.5925,434.3027,521.1923,558.5190,578.5682,626.8960,731.6659,727.9764,820.0013,873.1578,898.3795,974.3311,984.7155,1009.5655,1078.9878,1098.4478,1139.4874,1163.2445,1147.5774,1195.7245,1335.9807,1234.2244,1202.0657,1233.3076,1337.6332,1247.0387,1251.7252,1181.7644,1190.3395,1230.1074,1176.9879,1127.2079,1135.7489,1116.3129,1115.6306,1180.4478,1223.7804,1173.7719,1254.2578,1272.3882,1294.3530,1332.7723,1292.0363,1315.7671,1445.5132,1517.8475,1567.8043,1576.3098,1585.4260,1688.2612,1748.7340,1789.2408,1742.8162,1755.4185,1793.6794,1849.3574,1821.4698,1829.9504,1779.2014,1806.9911,1800.2552,1887.7786,1926.0839,1859.3427,1881.1256,2049.3711,2074.5979,2082.5496,2162.3086,2125.4116,2042.1597,2156.6470,2045.0420,2005.9976,2058.2014,1980.3813,2021.5848,2010.3003,1931.3970,1967.7192,2018.3348,2017.1696,2010.6418,2009.1423,2074.6680,2104.4575,2048.4453,2074.9121,2065.0315,2104.0669,2138.9634,2189.4341,2244.1741,2228.0979,2185.8293,2350.9199,2237.0913,2126.6980,2204.0479,2163.1338,2241.4521,2319.2749,2276.8799,2292.5271,2276.8445,2210.0383,2307.6875,2255.1694,2267.2229,2252.2236,2317.9678,2294.6133,2264.9531,2231.6672,2319.7507,2306.8784,2314.8674,2362.6331,2165.6614,2266.2756,2335.4927,2358.1816,2584.5940,2466.4895,2403.0959,2433.3323,2451.0271,2391.7329,2460.0208,2403.8994,2551.5078,2652.2939,2649.0146,2689.5842,2665.8525,2555.3147,2679.8682,2636.1982,2593.9841,2531.5967,2545.4360,2633.2671,2654.6501,2589.0688,2588.0508,2561.9033,2657.4307,2653.9951,2505.9675,2570.9436,2537.0066,2528.2395,2596.3813,2531.0171,2492.3660,2587.0454,2586.1155,2620.1377,2698.6655,2710.2576,2751.1204,2832.5203,2746.3525,2697.5042,2628.5205,2641.7605,2622.6653,2608.8479,2625.4526,2553.9089,2561.5027,2564.3838,2566.9426,2460.3843,2491.8611,2505.7507,2615.5332,2594.9409,2502.7209,2617.2180,2566.5078,2498.5017,2613.5386,2492.9102,2363.5542,2378.2993,2362.3757,2409.3540,2414.0791,2331.3376,2243.9949,2298.0681,2259.1785,2249.3882,2201.1011,2168.9397,2168.8040,2171.7119,2134.9214,2023.1353,1987.9346,1994.4504,1983.4155,1984.7887,1966.8497,1918.7997,2002.9160,2054.5918,2027.2092,2101.3457,2015.3944,2001.8611,2049.7029,2007.8204,2010.1046,2017.8409,1908.4950,1924.1960,2006.3062,1936.3845,1863.9935,1843.9656,1775.5500,1883.1781,1856.4218,1773.3014,1754.1885,1729.3694,1835.4409,1780.7607,1702.5411,1714.7426,1628.0927,1691.6476,1750.0048,1587.7697,1677.0018,1655.1306,1641.2227,1645.3021,1577.3204,1524.0723,1502.2037,1501.0614,1441.8938,1429.2773,1367.1268,1335.6340,1349.6288,1285.7673,1224.0822,1261.6415,1182.6426,1117.7885,1131.8583,1105.4841,1040.4784,967.8060,1004.0523,954.5035,918.0515,976.0845,914.9050,930.2773,929.6909,873.9563,916.4462,807.9841,810.2820,828.3714,781.3578,728.3851,703.3154,738.9139,686.2281,691.8908,595.9998,571.5952,601.6817,593.9116,562.4941,500.9341,515.8116,535.2820,530.0525,436.0646,457.7813,400.5596,377.8022,371.7820,344.7757,348.7408,313.4954,349.2645,346.2734,386.0083,370.8448,339.7577,0.0000,0.0000,0.0000,0.0000,0.0000,0.0000,0.0000,0.0000,0.0000,0.0000,0.0000,0.0000,0.0000,0.0000,0.0000,0.0000,0.0000,0.0000,0.0000,0.0000,0.0000,0.0000,0.0000,0.0000,0.0000,0.0000,0.0000,0.0000,0.0000,0.0000,0.0000,0.0000,0.0000,0.0000,0.0000,0.0000,0.0000,0.0000,0.0000,0.0000,0.0000,0.0000,0.0000,0.0000,0.0000,0.0000,0.0000,0.0000,0.0000
0.0000,0.0000,0.0000,0.0000,0.0000,0.0000,0.0000,0.0000,0.0000,0.0000,0.0000,0.0000,0.0000,0.0000,0.0000,0.0000,0.0000,0.0000,0.0000,0.0000,0.0000,0.0000,0.0000,0.0000,0.0000,0.0000,0.0000,0.0000,0.0000,0.0000,0.0000,0.0000,0.0000,0.0000,0.0000,0.0000,0.0000,0.0000,0.0000,0.0000,0.0000,0.0000,0.0000,0.0000,0.0000,0.0000,0.0000,0.0000,220.1940,266.7664,264.2582,292.4890,379.2102,355.9478,432.9275,520.8381,555.5329,598.3105,730.8491,752.4113,804.3615,873.2520,864.7512,945.5197,997.4756,1034.4998,1051.3381,1064.0353,1102.9944,1201.3431,1230.2260,1188.9948,1218.1975,1209.6451,1312.8201,1275.8186,1339.8853,1347.1534,1230.4211,1250.0769,1228.9365,1200.4110,1235.4830,1183.6185,1158.5952,1178.9539,1138.4327,1108.8864,1162.6805,1208.1473,1207.1978,1261.8468,1255.7623,1300.8658,1339.5369,1409.5010,1443.4353,1456.6122,1545.9568,1629.2600,1668.2476,1750.8568,1719.1931,1730.0923,1786.4814,1805.8927,1787.9907,1875.8746,1812.0310,1758.7284,1771.3884,1753.6442,1862.1292,1881.1036,1906.7507,2026.8076,1973.6381,1923.2156,2011.4408,2076.8308,2065.3755,2112.1411,2092.0703,2089.6162,2111.9048,2056.2246,2067.5994,1956.3466,1920.4745,1919.6604,1968.1873,2016.3550,1987.5736,2013.3107,2081.8723,2150.1023,2197.8818,2119.9070,2013.4817,2062.0603,2112.2068,2119.0225,2185.2507,2203.0967,2173.8176,2295.5317,2271.0398,2182.5198,2205.8582,2126.5251,2199.3621,2301.2405,2247.2119,2292.4680,2273.5981,2332.0508,2345.3911,2319.0205,2313.7800,2235.7861,2318.6282,2421.2400,2423.2749,2244.7620,2276.9290,2232.9497,2280.5320,2346.4258,2262.2546,2275.9583,2313.5618,2285.0493,2385.2505,2393.9563,2406.1631,2562.6716,2488.1167,2398.8157,2455.8462,2366.2793,2414.0168,2566.3743,2538.6848,2547.8594,2601.9104,2573.3870,2632.0718,2662.5728,2658.1416,2609.4053,2615.4087,2742.2949,2674.4460,2534.9709,2614.4336,2508.2686,2523.6980,2670.7849,2475.6672,2595.3206,2599.3140,2600.4053,2721.2476,2566.8655,2501.3225,2574.7344,2540.0642,2622.5264,2592.8091,2560.8503,2685.9104,2792.2927,2816.8582,2806.4753,2681.9658,2690.0615,2632.0664,2675.0613,2697.0000,2628.0693,2563.9556,2707.9812,2687.3162,2608.2378,2619.4619,2463.1060,2578.8486,2637.4761,2600.8337,2653.4260,2614.9644,2597.8811,2739.7827,2666.6826,2494.7812,2517.1506,2474.5625,2461.3235,2472.6187,2444.0999,2403.1445,2353.5937,2372.2310,2273.7187,2220.4443,2257.3259,2187.4155,2202.0190,2278.7922,2229.2346,2079.5146,2132.0330,2039.5077,2041.1995,2012.0671,2026.7535,2001.4399,2061.8833,2054.6606,2063.1501,2035.3652,2023.9075,2042.2804,2032.6836,1938.2041,1988.3640,1957.7386,2012.9366,2002.6198,1924.7010,1949.2720,1919.4109,1971.6621,1916.2618,1906.8700,1847.4260,1905.8105,1944.5596,1970.9320,1794.7668,1753.7518,1794.1213,1797.3167,1760.7781,1799.1646,1710.3110,1670.8429,1723.1935,1746.7432,1673.2416,1573.5286,1538.8152,1610.0405,1639.7208,1585.4249,1537.1761,1483.5890,1488.1838,1501.6637,1474.8387,1297.9863,1277.5643,1299.9603,1268.2640,1312.1580,1253.2418,1215.2848,1187.1500,1141.3373,1080.2349,1035.7944,1016.3210,949.3760,982.5559,958.3196,925.7215,981.6490,923.6244,870.9570,923.8795,892.2919,859.4066,849.2202,784.2831,827.4089,760.0807,730.3243,682.4109,694.3677,669.8151,679.6400,629.0523,598.9998,582.6698,574.5642,556.3091,536.7582,518.4767,509.7111,444.9591,470.3805,443.0460,354.5258,426.4567,401.8168,368.1109,349.6153,393.9235,345.6805,338.0276,373.8249,389.1018,0.0000,0.0000,0.0000,0.0000,0.0000,0.0000,0.0000,0.0000,0.0000,0.0000,0.0000,0.0000,0.0000,0.0000,0.0000,0.0000,0.0000,0.0000,0.0000,0.0000,0.0000,0.0000,0.0000,0.0000,0.0000,0.0000,0.0000,0.0000,0.0000,0.0000,0.0000,0.0000,0.0000,0.0000,0.0000,0.0000,0.0000,0.0000,0.0000,0.0000,0.0000,0.0000,0.0000,0.0000,0.0000,0.0000,0.0000,0.0000
0.0000,0.0000,0.0000,0.0000,0.0000,0.0000,0.0000,0.0000,0.0000,0.0000,0.0000,0.0000,0.0000,0.0000,0.0000,0.0000,0.0000,0.0000,0.0000,0.0000,0.0000,0.0000,0.0000,0.0000,0.0000,0.0000,0.0000,0.0000,0.0000,0.0000,0.0000,0.0000,0.0000,0.0000,0.0000,0.0000,0.0000,0.0000,0.0000,0.0000,0.0000,0.0000,0.0000,0.0000,0.0000,0.0000,0.0000,0.0000,221.8061,238.2573,259.7720,294.8305,410.9176,416.4818,487.6520,536.2104,612.0549,679.8727,799.1718,759.6200,826.0768,902.8400,986.8568,963.1759,1061.4706,1113.7615,1159.0809,1108.7750,1185.1952,1153.9812,1227.0681,1319.5626,1206.8702,1270.1410,1327.2432,1309.0062,1379.5697,1340.6436,1230.5453,1246.1731,1211.3022,1190.8242,1210.0339,1228.5232,1205.8781,1193.0083,1139.1854,1170.2854,1163.3086,1186.2780,1217.7750,1291.7324,1355.1517,1364.7068,1412.7192,1404.2698,1444.6633,1553.2277,1586.6174,1588.6250,1689.6132,1818.3085,1825.3744,1827.1400,1772.3243,1706.4868,1758.6898,1785.4117,1790.4178,1764.9503,1759.6349,1799.6969,1906.4346,1946.1257,1891.0757,1983.7727,2016.1968,2046.4072,2040.6915,2064.3135,2126.6057,2102.8635,2149.6174,2122.8213,1986.6243,1994.7495,1906.2032,1932.5992,2008.3710,1960.6134,1915.5573,2043.5222,2076.2754,2093.3689,2138.1333,2105.4487,2103.9102,2190.3779,2186.9695,2147.0139,2119.1421,2175.3276,2245.3821,2231.6841,2212.5837,2149.8723,2215.4741,2229.9932,2214.7639,2210.5930,2201.6411,2230.2109,2381.2095,2318.6006,2274.1206,2368.2258,2305.3430,2365.0828,2432.8181,2357.5037,2331.6594,2409.1719,2371.3828,2349.9844,2250.8538,2189.0266,2290.3569,2351.1013,2375.6042,2415.3030,2315.7417,2295.0366,2413.4480,2438.1765,2437.3096,2405.0042,2425.5681,2452.8000,2492.6484,2514.4287,2473.4343,2437.3501,2529.6355,2571.8315,2603.5071,2632.4832,2550.5376,2572.8120,2773.5928,2604.9363,2593.9094,2584.0139,2512.3979,2578.4055,2635.9060,2544.7065,2553.3049,2563.7527,2566.1643,2654.7830,2595.9939,2507.3315,2577.4058,2560.7039,2527.5837,2557.8147,2524.2104,2621.4375,2665.5020,2716.9702,2690.7583,2667.6245,2725.5479,2663.9263,2753.1135,2774.0105,2690.1536,2675.5042,2774.7273,2683.1133,2602.2517,2633.1567,2564.1724,2616.9199,2611.3987,2562.1892,2523.8689,2586.7107,2617.2014,2662.7671,2577.9116,2614.8767,2584.3481,2665.3494,2638.6345,2577.0171,2541.1829,2519.7312,2471.5869,2508.9761,2423.7095,2270.8418,2305.4370,2215.2485,2252.3201,2310.0527,2138.3708,2214.6897,2241.2039,2128.1851,2108.3523,2034.8824,2021.1128,2056.9863,2065.2866,2088.7424,2107.1865,2028.4224,1998.0492,2060.7629,2032.7822,2015.6226,1972.2406,2025.0178,2055.7900,2082.1685,2077.7856,2011.8344,1985.6504,1951.7603,2002.0126,2001.7056,1980.3872,1978.1890,1992.7954,2085.0437,2015.7291,1931.6605,1939.0747,1837.3079,1865.9982,1845.2852,1809.8926,1768.4694,1880.2716,1822.3788,1719.7646,1710.4634,1659.8485,1686.5533,1699.8983,1656.4227,1661.2596,1618.1479,1618.4694,1604.8663,1534.0253,1495.0399,1419.5707,1456.1831,1440.5862,1353.6440,1333.4159,1346.6616,1308.5649,1302.5231,1238.1133,1136.2158,1156.4783,1005.8130,1034.3944,1066.6329,994.2412,968.3569,966.5823,948.0663,936.9384,918.8364,925.8271,874.3051,909.6113,933.0005,851.1295,806.7093,808.3157,794.0383,759.4293,742.5734,675.8790,695.1866,711.1475,706.9803,680.7766,653.5406,563.6548,588.0184,549.3182,495.8326,496.9806,439.0687,480.5744,446.8991,374.7102,362.1840,354.7771,326.3327,333.8616,341.2411,372.3999,362.0096,355.7986,388.0995,0.0000,0.0000,0.0000,0.0000,0.0000,0.0000,0.0000,0.0000,0.0000,0.0000,0.0000,0.0000,0.0000,0.0000,0.0000,0.0000,0.0000,0.0000,0.0000,0.0000,0.0000,0.0000,0.0000,0.0000,0.0000,0.0000,0.0000,0.0000,0.0000,0.0000,0.0000,0.0000,0.0000,0.0000,0.0000,0.0000,0.0000,0.0000,0.0000,0.0000,0.0000,0.0000,0.0000,0.0000,0.0000,0.0000,0.0000,0.0000
0.0000,0.0000,0.0000,0.0000,0.0000,0.0000,0.0000,0.0000,0.0000,0.0000,0.0000,0.0000,0.0000,0.0000,0.0000,0.0000,0.0000,0.0000,0.0000,0.0000,0.0000,0.0000,0.0000,0.0000,0.0000,0.0000,0.0000,0.0000,0.0000,0.0000,0.0000,0.0000,0.0000,0.0000,0.0000,0.0000,0.0000,0.0000,0.0000,0.0000,0.0000,0.0000,0.0000,0.0000,0.0000,0.0000,0.0000,214.0176,222.5530,227.5046,253.0891,300.4657,392.1958,424.6701,486.8633,506.4605,634.5392,696.3350,716.9781,860.4116,870.8521,925.9541,1018.8581,1021.1083,1046.3531,1093.3318,1113.1351,1118.0765,1236.8811,1232.0323,1213.8127,1272.8656,1218.9331,1348.1920,1335.4594,1279.1844,1328.3749,1301.0344,1296.9735,1280.7935,1235.6925,1193.8400,1224.6021,1245.2101,1197.3927,1153.7798,1141.6743,1170.2126,1185.1726,1279.2936,1344.5007,1345.2565,1400.6830,1347.7831,1390.9614,1451.8585,1450.6969,1579.9351,1731.4778,1715.7725,1797.5771,1816.2100,1779.0365,1828.8048,1799.5050,1746.3207,1738.0372,1780.6023,1833.2539,1847.1444,1771.4675,1787.7532,1803.1826,1902.2003,1996.7581,1961.7826,1986.2422,2148.6943,2120.6272,2188.6863,2156.5920,2036.6478,2083.4473,1992.3450,2004.2598,1995.8528,1914.2446,1893.5750,1966.2416,1932.5519,1955.4805,1952.8430,1968.7484,2094.0442,2194.8662,2237.6772,2221.8523,2196.3059,2178.9053,2189.7407,2196.5977,2147.1477,2120.7539,2188.9180,2233.4419,2218.7769,2222.4297,2170.1006,2161.2451,2272.4238,2179.6555,2186.4219,2278.6792,2282.6731,2429.0291,2482.0063,2422.4626,2417.5337,2421.8162,2316.6284,2344.7080,2325.7844,2326.8047,2335.1877,2265.5408,2329.1675,2368.1375,2361.6965,2376.7644,2328.7383,2415.0461,2423.7627,2342.8474,2386.4050,2513.6389,2429.7187,2526.0420,2505.4399,2353.7527,2492.5530,2434.9321,2440.7109,2554.3950,2547.1160,2616.1650,2728.6968,2660.5659,2572.2930,2577.8855,2564.6455,2522.0208,2538.0977,2508.2412,2580.0977,2645.9839,2663.4902,2562.1016,2465.6248,2506.1819,2556.0029,2588.9263,2682.4338,2563.4673,2574.0793,2645.3281,2566.2339,2637.7639,2568.0398,2511.1550,2624.0413,2688.4006,2681.3191,2730.2986,2605.6787,2758.7756,2839.7332,2752.6355,2679.2187,2685.3210,2605.8159,2701.6594,2737.1880,2744.0920,2681.8376,2557.3501,2612.7339,2588.3618,2563.2737,2541.5789,2572.9312,2647.4038,2720.2087,2642.8008,2604.9094,2658.6985,2594.9099,2644.1111,2582.5994,2479.0659,2531.5715,2346.4136,2413.2439,2393.2710,2258.1067,2147.6570,2208.0093,2146.5540,2140.3181,2131.2039,2048.3425,2099.5669,2098.2883,2117.8547,2040.5182,2030.7882,2021.3373,2020.2526,2063.1606,2061.0413,2058.3025,2102.9060,2094.7925,2039.7928,2026.0422,1965.7338,2012.9603,2087.2891,2008.6000,1934.9425,2013.9893,1987.8293,2031.7948,2082.1694,2023.6918,2003.9403,2006.0216,2027.5182,1989.0735,1967.1292,1902.5774,1931.0166,1921.2217,1907.4700,1820.5071,1762.9897,1764.1838,1727.7654,1783.9174,1735.3925,1574.3457,1648.4977,1668.3416,1646.5354,1630.6655,1565.5885,1525.0537,1538.7421,1573.0807,1561.3073,1517.0483,1439.7416,1412.3607,1395.1924,1340.3069,1306.9025,1287.1130,1219.1589,1231.1251,1198.5214,1119.4872,1070.0909,1033.3219,1020.6405,960.1591,929.3155,944.9789,940.4609,943.3774,973.7427,917.0226,933.2009,951.7488,835.5643,847.5950,822.3008,761.4650,762.1139,757.7410,760.5861,742.8528,693.9439,674.6176,760.1848,640.6636,589.7968,562.7593,544.2704,565.0704,563.2134,522.3825,446.0434,449.9659,457.2215,343.4594,374.9529,384.9059,385.0900,371.4725,389.8072,368.4743,377.9845,407.7009,406.1076,0.0000,0.0000,0.0000,0.0000,0.0000,0.0000,0.0000,0.0000,0.0000,0.0000,0.0000,0.0000,0.0000,0.0000,0.0000,0.0000,0.0000,0.0000,0.0000,0.0000,0.0000,0.0000,0.0000,0.0000,0.0000,0.0000,0.0000,0.0000,0.0000,0.0000,0.0000,0.0000,0.0000,0.0000,0.0000,0.0000,0.0000,0.0000,0.0000,0.0000,0.0000,0.0000,0.0000,0.0000,0.0000,0.0000,0.0000
0.0000,0.0000,0.0000,0.0000,0.0000,0.0000,0.0000,0.0000,0.0000,0.0000,0.0000,0.0000,0.0000,0.0000,0.0000,0.0000,0.0000,0.0000,0.0000,0.0000,0.0000,0.0000,0.0000,0.0000,0.0000,0.0000,0.0000,0.0000,0.0000,0.0000,0.0000,0.0000,0.0000,0.0000,0.0000,0.0000,0.0000,0.0000,0.0000,0.0000,0.0000,0.0000,0.0000,0.0000,0.0000,0.0000,0.0000,253.5089,234.8730,266.6830,297.9411,339.2378,361.6483,439.9633,512.6918,574.4435,660.6332,756.5900,795.3145,923.5380,929.6336,1014.3007,993.0798,1056.3535,1118.5033,1181.5999,1183.8136,1217.1874,1235.4261,1228.7856,1284.4252,1270.6348,1237.5319,1294.1177,1341.5995,1366.7677,1388.3883,1299.6039,1304.7552,1283.2209,1225.2860,1278.6898,1182.0275,1277.6649,1152.8230,1193.8517,1246.8147,1179.5024,1245.0599,1299.9955,1336.8259,1359.8993,1358.4187,1333.1188,1414.1368,1550.0665,1625.7704,1659.9744,1683.1105,1686.0624,1770.7902,1819.6630,1829.4724,1807.6661,1807.2764,1821.2233,1827.4453,1839.9889,1840.4238,1773.4357,1833.3007,1887.7976,1874.2059,1987.5862,1995.2059,2019.9846,2158.0747,2118.4973,2052.5605,2147.3682,2107.2102,2158.3843,2143.9375,2030.3002,2004.4318,1967.0916,1894.9949,1873.8198,1862.7263,1901.0302,1937.3704,2000.8033,2125.6531,2129.5076,2185.6968,2332.7490,2239.7368,2244.2964,2197.2886,2185.8296,2214.8679,2237.5508,2122.0842,2240.3523,2159.9871,2140.1587,2263.9285,2201.0059,2106.8210,2202.9597,2189.8708,2296.0586,2347.6765,2359.6489,2423.7532,2516.5513,2541.0359,2445.2292,2402.5906,2291.9768,2273.4761,2391.9124,2450.3862,2286.0957,2264.3711,2328.6418,2402.1614,2436.3105,2386.7595,2321.8301,2393.6758,2398.8435,2460.1216,2467.0024,2462.3179,2437.2119,2538.8557,2456.9956,2463.8816,2438.6296,2496.2852,2598.7122,2714.1982,2683.3003,2682.2842,2610.7664,2592.3425,2517.9275,2522.0063,2484.4480,2479.2395,2528.0281,2669.4651,2625.9126,2538.2671,2557.0010,2450.1877,2554.3948,2620.4988,2581.9741,2615.1248,2658.8547,2585.3042,2658.7283,2558.1467,2494.2156,2566.6458,2527.2412,2606.4819,2602.8525,2598.6147,2748.7405,2798.9365,2731.8589,2658.6873,2762.5967,2722.5083,2756.1135,2799.5024,2794.4407,2751.9978,2753.8435,2821.2617,2677.0437,2587.5571,2581.5327,2500.3357,2632.1101,2680.1499,2602.1367,2598.7314,2648.4375,2549.0688,2661.8269,2585.7126,2567.2905,2602.0403,2565.3713,2618.4207,2574.2144,2435.9839,2364.5232,2367.7490,2293.6709,2181.6104,2132.5757,2073.4834,2167.7214,2176.0293,2195.9321,2125.2437,2052.2981,2120.2019,2052.1003,2002.2332,2060.7566,2023.0662,2102.2712,2202.6487,2104.5776,2085.5383,2065.5862,1970.2261,2016.5590,2070.9565,2033.9974,2060.9619,2022.1976,2085.4426,2106.0530,2054.0117,2047.2109,2091.2783,2054.3787,2122.6338,2046.9414,2055.7129,2073.0923,2055.9067,2066.1863,1940.4148,1865.7600,1884.5479,1828.9298,1850.0542,1873.4143,1753.8378,1810.7280,1740.5375,1680.1733,1636.3654,1631.8478,1561.8381,1627.3326,1610.9539,1587.2439,1628.5671,1581.9948,1561.4536,1530.0128,1494.5490,1436.5021,1362.5895,1356.8159,1376.8899,1332.9581,1293.7811,1265.9219,1217.3339,1229.5337,1091.6619,1030.8022,1019.9172,1012.1638,967.4627,1009.1564,940.7931,976.8379,977.8788,936.0731,930.5653,893.2002,818.8437,920.3138,881.3211,883.0798,820.3535,776.0076,801.7419,823.2112,795.2070,758.3817,737.1244,688.3137,690.0522,627.6323,621.3888,559.6078,522.0897,552.1246,465.7911,457.2802,498.4257,421.2612,400.4339,424.6183,391.1275,371.7303,348.9777,368.9220,422.2369,410.9523,382.9959,0.0000,0.0000,0.0000,0.0000,0.0000,0.0000,0.0000,0.0000,0.0000,0.0000,0.0000,0.0000,0.0000,0.0000,0.0000,0.0000,0.0000,0.0000,0.0000,0.0000,0.0000,0.0000,0.0000,0.0000,0.0000,0.0000,0.0000,0.0000,0.0000,0.0000,0.0000,0.0000,0.0000,0.0000,0.0000,0.0000,0.0000,0.0000,0.0000,0.0000,0.0000,0.0000,0.0000,0.0000,0.0000,0.0000,0.0000
0.0000,0.0000,0.0000,0.0000,0.0000,0.0000,0.0000,0.0000,0.0000,0.0000,0.0000,0.0000,0.0000,0.0000,0.0000,0.0000,0.0000,0.0000,0.0000,0.0000,0.0000,0.0000,0.0000,0.0000,0.0000,0.0000,0.0000,0.0000,0.0000,0.0000,0.0000,0.0000,0.0000,0.0000,0.0000,0.0000,0.0000,0.0000,0.0000,0.0000,0.0000,0.0000,0.0000,0.0000,0.0000,0.0000,222.6685,214.9682,239.6752,239.6604,297.2304,355.5067,407.0682,414.2415,506.2389,553.0638,704.3948,743.6295,805.5981,906.4870,906.6364,967.6816,1050.6083,1117.0223,1107.9687,1116.3159,1185.3251,1220.6046,1197.7915,1229.4269,1285.7714,1260.1602,1355.5114,1302.8245,1406.5709,1317.6720,1374.1686,1345.8708,1295.9105,1209.7202,1290.8893,1268.8165,1338.7585,1293.2487,1250.5182,1219.5768,1263.4907,1276.5658,1237.3390,1311.8489,1361.5900,1403.3032,1449.6766,1485.1598,1487.1771,1518.7585,1644.8263,1661.9209,1670.3112,1757.4409,1763.7802,1803.2334,1928.5284,1860.7867,1839.8409,1774.2549,1753.8469,1825.6226,1878.3481,1792.2922,1855.5714,1840.8719,1968.6273,2035.6896,2052.4475,1979.4320,2057.0486,2057.8833,2100.8962,2058.3542,2080.9121,2154.2969,2124.9741,2018.1250,1928.3904,1844.0592,1833.6770,1875.8896,1923.2255,2033.1454,1953.9731,2051.7852,2171.8706,2201.6736,2187.0681,2277.8599,2173.3081,2257.5937,2263.9893,2244.1873,2154.7896,2122.4485,2113.9939,2267.4038,2179.3823,2120.9570,2099.3511,2158.2007,2241.2017,2267.5894,2269.7014,2333.3760,2417.2217,2472.5562,2424.4219,2406.7644,2462.5627,2368.5608,2377.7156,2432.4136,2354.0122,2329.1201,2393.5039,2308.6006,2295.2307,2410.7715,2280.8496,2464.0093,2455.0039,2433.8464,2473.9512,2297.5532,2372.8582,2485.4216,2418.2688,2386.0774,2445.2019,2455.4124,2562.5354,2555.6577,2550.1877,2594.9521,2574.9524,2694.8633,2670.0173,2636.4607,2592.1692,2555.4280,2549.7664,2595.2776,2430.6807,2370.2305,2508.8220,2452.5652,2566.8550,2537.7427,2459.2407,2588.8762,2633.9441,2601.9514,2607.1980,2595.8909,2496.7610,2640.4277,2619.7842,2597.2778,2545.0859,2546.2339,2647.3997,2668.5735,2717.3582,2693.2539,2658.5012,2763.2207,2743.9758,2814.0630,2839.9949,2748.1760,2832.3394,2886.0701,2800.4963,2766.1865,2688.2930,2577.5176,2628.7566,2685.3127,2558.4348,2555.2686,2523.4863,2491.8152,2577.5762,2517.7852,2449.2405,2538.3005,2507.9810,2628.1965,2592.9587,2557.5103,2579.4661,2526.8796,2467.8892,2434.3762,2363.7095,2325.2161,2203.0291,2112.1777,2175.0420,1988.3788,2055.9602,2120.1174,2009.1287,2035.8828,2085.8962,1997.0159,2111.8416,2119.4111,2044.0190,2041.6748,2041.7578,2062.7158,2071.4668,2021.1364,1976.1160,1975.7891,2072.4927,2060.3113,2032.7811,2002.5797,1991.0630,2045.1915,2096.6133,2074.4653,2079.6238,2130.3044,2154.0684,2172.0442,2222.0459,2102.0967,2044.2950,2036.5273,1999.9672,1974.0940,1962.4907,1843.1188,1907.4210,1901.5704,1840.4086,1776.1495,1669.9425,1600.1598,1640.6085,1635.1514,1621.0667,1633.5411,1623.9943,1633.9539,1638.6575,1638.9519,1582.6442,1526.7260,1536.8850,1513.9630,1485.7672,1436.8433,1350.9628,1385.5392,1404.7987,1309.0896,1265.8485,1215.5375,1142.2260,1089.2306,1073.9585,1022.3506,1007.4142,1042.4426,980.7068,955.8661,971.9987,953.3514,926.1202,921.5055,917.4810,909.1010,881.4965,852.5761,807.8790,838.9488,821.3484,754.0413,809.4188,855.6632,742.3757,721.7625,683.7527,678.5535,645.0562,591.3320,610.5125,562.4424,477.5908,526.9194,520.3936,446.3161,402.9674,401.7649,375.1626,372.5685,389.9055,406.0966,399.2047,407.2180,415.3448,353.8695,0.0000,0.0000,0.0000,0.0000,0.0000,0.0000,0.0000,0.0000,0.0000,0.0000,0.0000,0.0000,0.0000,0.0000,0.0000,0.0000,0.0000,0.0000,0.0000,0.0000,0.0000,0.0000,0.0000,0.0000,0.0000,0.0000,0.0000,0.0000,0.0000,0.0000,0.0000,0.0000,0.0000,0.0000,0.0000,0.0000,0.0000,0.0000,0.0000,0.0000,0.0000,0.0000,0.0000,0.0000,0.0000,0.0000
0.0000,0.0000,0.0000,0.0000,0.0000,0.0000,0.0000,0.0000,0.0000,0.0000,0.0000,0.0000,0.0000,0.0000,0.0000,0.0000,0.0000,0.0000,0.0000,0.0000,0.0000,0.0000,0.0000,0.0000,0.0000,0.0000,0.0000,0.0000,0.0000,0.0000,0.0000,0.0000,0.0000,0.0000,0.0000,0.0000,0.0000,0.0000,0.0000,0.0000,0.0000,0.0000,0.0000,0.0000,0.0000,196.6056,199.9362,220.5069,234.7084,287.4975,354.6048,344.4706,413.6465,461.9494,541.8249,598.6726,626.4977,704.6628,809.8519,906.2600,942.3427,1034.3088,1096.9517,1128.7335,1136.8206,1166.9933,1170.0287,1174.4663,1236.6381,1302.3782,1262.7096,1269.3176,1337.3885,1330.0337,1346.9408,1318.0201,1270.0826,1233.9795,1301.3070,1278.7975,1315.4365,1267.5042,1289.7047,1235.9188,1258.4594,1255.0165,1196.0601,1306.7484,1318.0608,1331.9889,1390.5615,1435.5063,1397.1011,1469.7466,1499.3256,1591.5658,1646.1445,1678.1476,1761.2439,1821.1293,1840.6740,1759.4242,1820.3541,1784.4963,1832.7633,1824.9628,1791.4473,1810.4540,1816.4980,1846.7355,1927.9493,1952.4269,1875.9050,1979.1263,2010.5654,2040.5020,2050.5195,2087.0713,2128.8481,2103.6177,2085.1348,2053.1692,1951.5928,1925.2404,1890.4901,1866.6630,1884.4540,1905.8384,1965.4186,2093.3718,2049.7478,2054.4241,2140.9529,2105.8103,2250.6023,2282.8445,2243.4011,2261.3433,2213.2751,2232.6279,2173.1179,2101.9011,2109.6729,2097.6875,2167.8779,2205.2302,2218.1025,2169.9792,2276.3223,2291.7778,2367.3027,2399.9985,2221.7026,2416.3630,2478.9438,2518.6868,2562.5063,2446.7502,2343.1670,2404.7976,2332.8350,2315.9058,2334.3069,2223.4951,2332.4626,2371.9111,2477.3000,2422.2634,2390.0608,2371.1245,2355.2825,2388.5789,2398.0833,2321.3811,2391.6350,2533.3689,2489.7986,2495.4905,2465.9485,2489.6655,2614.3862,2640.6213,2601.2795,2688.6826,2637.6704,2642.9395,2721.8877,2511.9790,2413.1602,2352.1187,2311.3413,2396.2678,2463.7642,2483.4951,2510.1567,2567.9229,2623.2361,2538.2981,2524.6616,2540.3621,2590.7139,2637.2764,2681.3005,2581.3599,2640.6995,2656.2231,2626.1868,2545.8455,2591.1118,2577.1560,2664.4292,2748.9104,2709.3733,2871.5720,2827.3794,2839.4895,2972.2148,2745.6995,2702.7197,2728.4712,2740.7539,2752.3174,2782.7458,2657.5251,2628.0022,2602.6067,2604.5322,2482.7397,2458.3833,2485.1145,2427.2341,2562.3594,2548.6809,2425.5601,2390.1870,2513.3354,2537.7891,2584.0547,2480.2549,2403.5806,2473.6619,2404.0828,2445.3708,2423.8147,2288.8528,2242.0232,2243.5098,2137.6135,2036.7483,2027.3990,1991.2916,2112.5137,2124.5759,2097.4919,2098.5513,2013.1338,2044.8926,2056.7317,2096.5635,2032.5308,2042.1216,2107.2087,2118.8352,2007.4700,2024.7717,1993.0911,1990.0676,2135.9946,2078.7065,2063.9687,2112.9033,2169.2988,2133.6252,2212.6272,2141.2861,2090.0745,2195.5359,2149.0095,2139.1692,2111.6819,2052.0786,2007.6118,2028.8185,1927.2823,1898.6432,1891.3278,1822.8671,1731.8140,1706.0327,1728.2590,1624.2570,1644.5959,1617.8854,1630.5341,1609.5505,1612.5360,1611.7542,1630.0968,1626.5162,1530.9855,1556.3544,1511.1636,1476.7614,1479.0762,1369.8278,1332.2799,1389.7260,1364.9094,1340.4208,1256.6686,1183.3558,1099.7588,1119.6952,1066.1107,1008.6544,978.0605,957.4922,996.0220,963.0014,1011.6102,956.4767,909.2775,948.5234,895.4606,934.9406,888.8246,869.6729,896.8547,852.6951,822.5008,878.8066,796.9594,797.9183,789.7419,737.6075,680.3115,610.9401,577.8130,640.1985,594.3296,571.7271,489.6742,490.3151,435.6078,439.7947,395.2429,389.4247,419.6609,380.1619,429.3708,389.6413,405.7327,412.8437,426.2391,389.5516,0.0000,0.0000,0.0000,0.0000,0.0000,0.0000,0.0000,0.0000,0.0000,0.0000,0.0000,0.0000,0.0000,0.0000,0.0000,0.0000,0.0000,0.0000,0.0000,0.0000,0.0000,0.0000,0.0000,0.0000,0.0000,0.0000,0.0000,0.0000,0.0000,0.0000,0.0000,0.0000,0.0000,0.0000,0.0000,0.0000,0.0000,0.0000,0.0000,0.0000,0.0000,0.0000,0.0000,0.0000,0.0000
0.0000,0.0000,0.0000,0.0000,0.0000,0.0000,0.0000,0.0000,0.0000,0.0000,0.0000,0.0000,0.0000,0.0000,0.0000,0.0000,0.0000,0.0000,0.0000,0.0000,0.0000,0.0000,0.0000,0.0000,0.0000,0.0000,0.0000,0.0000,0.0000,0.0000,0.0000,0.0000,0.0000,0.0000,0.0000,0.0000,0.0000,0.0000,0.0000,0.0000,0.0000,0.0000,0.0000,0.0000,0.0000,188.7316,213.0665,244.7937,284.3965,313.7377,364.8272,409.4952,425.9355,503.8423,591.9378,590.3260,706.9348,769.3790,881.4317,855.3526,1008.5917,1058.8413,1081.3127,1110.4423,1086.1525,1172.3766,1235.2572,1291.4159,1270.8909,1301.5170,1281.9949,1259.8708,1265.1545,1246.7415,1308.5017,1379.1051,1316.8807,1320.9436,1251.9517,1315.4523,1268.6497,1277.3264,1280.0580,1206.7712,1254.4907,1303.7814,1309.1758,1322.2130,1292.3319,1341.1635,1455.2958,1466.2048,1439.8744,1578.5896,1586.4664,1626.5970,1733.6281,1697.0715,1701.0848,1779.2299,1790.0195,1774.2111,1765.1295,1782.4337,1833.0063,1876.4462,1872.3221,1818.5806,1837.0388,1822.2799,1869.7883,1949.7632,1990.9379,1966.9294,1990.1143,2057.6597,2076.5315,2120.7288,2092.5706,1992.2487,2081.0193,2079.4309,2021.9650,2001.6482,1822.7255,1881.7915,1996.1831,1950.2721,2018.9445,2007.3644,2080.1919,2127.1592,2217.6162,2238.5134,2227.6479,2285.0393,2332.9580,2281.3254,2301.8650,2183.0234,2146.8530,2174.3264,2220.6316,2170.4810,2282.6321,2282.9641,2169.4175,2315.5371,2282.1023,2182.4050,2263.1096,2285.2266,2451.3047,2515.4216,2447.8242,2488.8621,2482.1704,2437.2512,2340.6641,2311.5718,2353.9919,2359.2683,2330.2454,2347.2253,2294.6633,2331.9805,2357.9661,2323.4778,2384.4927,2372.8218,2293.8838,2355.2485,2449.8059,2318.3479,2446.9109,2509.8103,2439.2825,2550.6565,2620.3347,2553.5784,2602.8459,2608.0137,2758.0547,2818.7551,2710.1646,2587.7751,2570.1704,2512.2363,2428.2578,2321.1548,2298.1775,2396.8313,2517.8857,2532.0564,2500.7778,2432.6211,2461.9993,2470.7830,2568.4509,2596.9128,2525.3538,2717.1533,2739.5540,2649.3684,2649.0608,2542.5063,2483.9084,2684.5627,2754.2964,2662.9983,2684.7314,2679.4119,2787.1147,2854.7778,2824.4919,2811.5862,2755.5200,2774.4031,2800.9788,2821.9170,2812.2258,2766.1772,2749.8340,2729.6360,2666.4263,2503.5413,2516.3013,2444.3914,2517.6392,2592.4478,2467.6367,2475.0171,2462.5166,2394.9712,2472.8289,2438.1526,2456.2554,2529.2041,2479.1838,2486.2593,2479.0522,2339.5891,2376.1743,2428.5557,2336.3772,2313.9717,2186.4785,2158.5146,2162.6323,2070.3000,2071.9307,2046.2645,2026.3967,2086.6877,2045.6990,2026.8682,2065.5637,2089.2192,2106.0950,2156.1814,2034.7600,2002.2612,2065.1858,2055.3406,2072.8906,2041.1881,2051.4687,2144.3457,2168.7358,2172.2253,2166.3303,2084.8755,2112.5095,2182.0405,2184.1228,2159.6106,2174.5151,2192.8115,2284.6587,2211.8284,2136.1465,2005.9528,1943.9242,1971.4253,1885.3867,1928.9258,1927.4620,1844.4894,1823.6299,1788.0468,1639.7822,1666.7650,1575.2648,1572.1227,1633.8457,1671.0743,1645.0662,1694.4242,1618.3884,1595.1171,1589.9574,1521.7295,1463.5907,1456.5662,1469.0919,1419.9417,1456.9159,1408.6481,1351.1616,1259.6693,1248.7236,1143.0869,1083.5288,1060.6230,966.2145,1024.6638,992.1671,969.4241,1025.1033,1043.3270,861.2116,903.1224,961.3694,916.9872,996.6219,1009.8671,926.3612,906.0804,874.8030,835.4503,841.4420,791.6402,828.1205,796.7525,765.4910,714.6463,730.6573,658.7103,612.7986,599.2244,580.0546,528.2657,499.2628,472.5982,465.4343,461.6379,443.4973,387.5542,375.0589,381.7641,404.7331,442.6460,418.1165,433.7868,475.6170,0.0000,0.0000,0.0000,0.0000,0.0000,0.0000,0.0000,0.0000,0.0000,0.0000,0.0000,0.0000,0.0000,0.0000,0.0000,0.0000,0.0000,0.0000,0.0000,0.0000,0.0000,0.0000,0.0000,0.0000,0.0000,0.0000,0.0000,0.0000,0.0000,0.0000,0.0000,0.0000,0.0000,0.0000,0.0000,0.0000,0.0000,0.0000,0.0000,0.0000,0.0000,0.0000,0.0000,0.0000,0.0000
0.0000,0.0000,0.0000,0.0000,0.0000,0.0000,0.0000,0.0000,0.0000,0.0000,0.0000,0.0000,0.0000,0.0000,0.0000,0.0000,0.0000,0.0000,0.0000,0.0000,0.0000,0.0000,0.0000,0.0000,0.0000,0.0000,0.0000,0.0000,0.0000,0.0000,0.0000,0.0000,0.0000,0.0000,0.0000,0.0000,0.0000,0.0000,0.0000,0.0000,0.0000,0.0000,0.0000,0.0000,195.5589,191.0010,243.7518,244.4988,321.0059,348.0040,363.6302,395.9753,456.8214,529.2680,536.2467,633.0994,692.0621,785.1935,872.4366,888.8281,965.4471,1022.6908,1084.9099,1168.2261,1149.4556,1178.0267,1195.7051,1249.1152,1231.9712,1243.4648,1261.6570,1236.5511,1302.9399,1340.9170,1360.3887,1305.1370,1270.9415,1241.9521,1269.3524,1283.2448,1199.7284,1331.7397,1318.8687,1261.1832,1266.4059,1300.4388,1237.1655,1357.7705,1330.0143,1348.3169,1430.1852,1430.4418,1582.3041,1631.0887,1654.3328,1675.1533,1641.7885,1688.9755,1747.2775,1685.3260,1765.8149,1753.8624,1820.3793,1868.8285,1772.9308,1793.6591,1845.8392,1828.0492,1870.7026,2004.6234,1899.1221,2047.7144,1867.3656,1894.0233,2146.6172,2076.6650,2108.3447,2107.8770,2125.0027,2089.6804,2060.5752,2056.2334,2046.0341,2014.1884,1961.3896,1900.3423,1839.4816,2025.6266,2069.9006,2110.5010,2242.4128,2213.2546,2282.9685,2354.6672,2295.6313,2221.7187,2307.2681,2261.7812,2320.7825,2296.0715,2225.2375,2209.2336,2194.9202,2279.0110,2268.2158,2213.6584,2193.9634,2262.9399,2256.0898,2321.9973,2348.2302,2329.4890,2390.2842,2408.3828,2479.5183,2444.2058,2375.9741,2415.7690,2372.5962,2381.5161,2459.4941,2363.7793,2318.7427,2359.9905,2316.3574,2359.2427,2344.5513,2323.6440,2457.1440,2503.8640,2401.8247,2316.6292,2304.1973,2262.2546,2458.5649,2478.6060,2502.7087,2585.6677,2587.0979,2662.8474,2680.9216,2652.5105,2668.5259,2653.3362,2759.7720,2595.7483,2515.0552,2511.6394,2434.9531,2393.6326,2402.9138,2337.7183,2351.4563,2475.9373,2390.6057,2447.0466,2467.6565,2447.5815,2525.1609,2633.0000,2560.8293,2618.7063,2598.2229,2498.0869,2608.9460,2640.8240,2670.4312,2635.9561,2683.8823,2734.6089,2764.2490,2762.0295,2731.6555,2740.7888,2818.3164,2818.4822,2799.6943,2827.3052,2836.8713,2787.6750,2856.1052,2751.5017,2701.3445,2703.7622,2624.7366,2637.9053,2657.9915,2503.1387,2573.2405,2605.7068,2544.6130,2484.9121,2373.8196,2395.3970,2393.2773,2475.0928,2542.4983,2431.3770,2409.5308,2429.1753,2413.0269,2371.6897,2335.6716,2318.7864,2400.6550,2388.1270,2293.3218,2222.3967,2110.9915,2023.8784,2135.1941,1993.5334,2020.2968,2066.3533,2056.2561,2093.6582,2180.1157,2130.0684,2089.7153,2056.8120,2017.9835,2099.8860,2076.1787,2055.4736,2111.0190,2099.2002,2152.2866,2126.3174,2092.8564,2107.6646,2144.1208,2179.3716,2170.3145,2133.2966,2208.0281,2250.3228,2222.1448,2271.1311,2157.2114,2104.8149,2138.9060,2020.0909,2001.6206,2052.8245,1905.0065,1985.3595,1998.3320,1857.3240,1801.6799,1710.6405,1651.9563,1640.3171,1593.8495,1559.6560,1640.4629,1661.5507,1669.6387,1672.3486,1550.3335,1620.9619,1584.0287,1604.2919,1574.2118,1533.4999,1541.7592,1459.9683,1478.0822,1487.4687,1374.5946,1248.4974,1263.4846,1258.1077,1173.5520,1095.9988,1068.4559,1057.6470,1038.4312,997.8751,995.3232,904.8251,973.6968,984.9268,945.1087,999.5452,944.4653,965.1084,929.5132,924.0046,883.6474,882.6720,881.3439,845.2688,834.8450,781.7408,792.7175,711.6865,708.5950,703.4384,624.1968,643.7425,612.0046,628.1373,561.6466,529.5469,440.0454,447.3533,444.3825,355.9198,347.8877,394.6621,385.7383,442.3996,442.0599,437.7814,417.1402,431.3481,0.0000,0.0000,0.0000,0.0000,0.0000,0.0000,0.0000,0.0000,0.0000,0.0000,0.0000,0.0000,0.0000,0.0000,0.0000,0.0000,0.0000,0.0000,0.0000,0.0000,0.0000,0.0000,0.0000,0.0000,0.0000,0.0000,0.0000,0.0000,0.0000,0.0000,0.0000,0.0000,0.0000,0.0000,0.0000,0.0000,0.0000,0.0000,0.0000,0.0000,0.0000,0.0000,0.0000,0.0000
0.0000,0.0000,0.0000,0.0000,0.0000,0.0000,0.0000,0.0000,0.0000,0.0000,0.0000,0.0000,0.0000,0.0000,0.0000,0.0000,0.0000,0.0000,0.0000,0.0000,0.0000,0.0000,0.0000,0.0000,0.0000,0.0000,0.0000,0.0000,0.0000,0.0000,0.0000,0.0000,0.0000,0.0000,0.0000,0.0000,0.0000,0.0000,0.0000,0.0000,0.0000,0.0000,0.0000,0.0000,208.6462,213.6584,209.5529,280.3288,304.1398,326.3479,377.1550,428.9181,449.0940,478.8572,596.2845,640.7339,721.4507,715.0695,811.0243,855.5508,989.4092,1025.4163,1073.6261,1098.2411,1181.7109,1205.8143,1166.5482,1268.3098,1159.6013,1268.3800,1354.7505,1265.2480,1277.9918,1303.3934,1311.4052,1208.1846,1284.1838,1170.8903,1263.7031,1262.6569,1267.7335,1256.5504,1253.7338,1302.6598,1342.8750,1320.5092,1295.6217,1301.6617,1384.5999,1462.4779,1454.3130,1543.0828,1574.8058,1619.8331,1694.4547,1693.0458,1650.4540,1726.4481,1707.5994,1754.1187,1859.4010,1793.5045,1740.1080,1770.7737,1781.4528,1855.9066,1869.7002,1812.4609,1972.1055,1940.7632,1954.1090,1691.7286,1549.1173,2037.9388,2038.3116,2156.5576,2101.1497,2066.0969,2100.3015,2129.0012,2049.6130,2052.2024,1943.4651,1833.9543,1906.9370,1866.0652,1970.3550,2065.0886,2048.8779,2219.5581,2317.4478,2264.1235,2239.2405,2264.9609,2205.0635,2295.5361,2336.9529,2293.8550,2302.4373,2256.7439,2190.7144,2233.9431,2209.9299,2135.6960,2236.5618,2285.6252,2380.8513,2215.7283,2279.3071,2310.5271,2296.8970,2376.2981,2384.2507,2348.5918,2465.6550,2438.8582,2474.8818,2507.3511,2362.7820,2359.3984,2438.9260,2337.2119,2265.0745,2346.1948,2298.0330,2374.3611,2435.6648,2370.3376,2394.6765,2353.1311,2320.1179,2330.4641,2265.8672,2307.6555,2395.4241,2520.0520,2630.1987,2517.1316,2509.5784,2513.6113,2562.9600,2669.1399,2646.2913,2559.8843,2632.4590,2666.5383,2585.6841,2625.9932,2358.9788,2315.5217,2398.5439,2422.4119,2419.0977,2476.9617,2410.4939,2476.1816,2451.9446,2395.7104,2362.7859,2394.8450,2411.4812,2548.5776,2614.0552,2620.0315,2614.8953,2585.8081,2703.8347,2670.1907,2716.3931,2698.0276,2701.3835,2782.4097,2774.2959,2772.9446,2785.4888,2799.9016,2798.5779,2877.3511,2725.1013,2735.0583,2720.6948,2703.4602,2741.1943,2680.7351,2622.6294,2650.6484,2618.8479,2525.0327,2561.6653,2481.0876,2465.8870,2495.3845,2451.0640,2468.8748,2399.4597,2352.6201,2470.8655,2409.5962,2438.3018,2379.5720,2383.5879,2459.3618,2397.8420,2332.4106,2329.4495,2261.5854,2239.7119,2272.7139,2171.7959,2113.8677,2065.6748,2023.8247,2086.5637,2109.6562,2010.2272,2042.9874,2096.9285,2091.7412,2082.7480,2069.8237,1997.9738,2046.7657,2145.8191,2153.9392,2051.9849,2074.5078,2053.2185,2050.4685,2169.0476,2149.4683,2111.2419,2225.9575,2259.0498,2180.8037,2176.2720,2090.1394,2144.1138,2259.8518,2244.5383,2206.6135,2171.2534,2014.2498,2060.4180,2070.7620,2014.9414,1940.7557,1846.5240,1881.1317,1844.9220,1790.8508,1696.0026,1609.6482,1666.4130,1670.4199,1576.4518,1595.0327,1629.1729,1554.4869,1689.3678,1660.4917,1654.3021,1650.7302,1569.7003,1550.1166,1602.0784,1490.0348,1526.3976,1467.2603,1429.1591,1393.9266,1315.2198,1187.7637,1194.6219,1103.1263,1097.0745,1016.8075,998.1522,1004.5956,1014.8706,989.3076,1021.4214,978.7934,968.1743,972.0779,919.3739,1048.6494,965.4000,908.6049,908.0231,866.4894,830.6412,836.7084,793.8123,802.5336,812.3817,750.6667,703.1920,708.2384,685.8802,636.8613,585.4655,539.7307,547.8456,517.3713,477.9467,419.7872,422.4754,421.6670,372.4613,417.5398,401.9517,393.5835,403.5266,421.3914,402.4821,414.8012,0.0000,0.0000,0.0000,0.0000,0.0000,0.0000,0.0000,0.0000,0.0000,0.0000,0.0000,0.0000,0.0000,0.0000,0.0000,0.0000,0.0000,0.0000,0.0000,0.0000,0.0000,0.0000,0.0000,0.0000,0.0000,0.0000,0.0000,0.0000,0.0000,0.0000,0.0000,0.0000,0.0000,0.0000,0.0000,0.0000,0.0000,0.0000,0.0000,0.0000,0.0000,0.0000,0.0000,0.0000
0.0000,0.0000,0.0000,0.0000,0.0000,0.0000,0.0000,0.0000,0.0000,0.0000,0.0000,0.0000,0.0000,0.0000,0.0000,0.0000,0.0000,0.0000,0.0000,0.0000,0.0000,0.0000,0.0000,0.0000,0.0000,0.0000,0.0000,0.0000,0.0000,0.0000,0.0000,0.0000,0.0000,0.0000,0.0000,0.0000,0.0000,0.0000,0.0000,0.0000,0.0000,0.0000,0.0000,156.3478,192.0660,265.3636,304.3270,273.8468,315.8489,327.8633,381.1906,414.6660,490.5739,545.5020,575.1943,694.3564,769.3755,801.9897,881.6693,919.7520,961.8112,1082.8329,1063.2273,1069.1741,1201.7231,1153.7738,1239.9240,1276.7325,1229.9803,1252.9550,1321.6333,1274.9215,1286.1788,1279.2828,1242.7264,1229.8234,1216.3672,1312.6110,1230.5576,1144.5573,1222.8521,1247.8518,1243.2751,1284.5165,1265.2882,1320.1305,1422.0004,1330.0221,1408.9225,1425.0216,1437.2206,1622.4608,1673.6191,1648.3024,1676.2126,1696.1931,1729.6487,1811.4443,1739.6553,1704.4784,1763.8414,1774.9421,1779.9664,1751.9994,1782.3242,1846.6764,1919.5452,1916.8533,1940.1183,2017.9930,1813.5664,1584.1824,2406.1887,1732.6304,1938.3466,2173.3447,2090.5625,2030.8813,2026.5400,2008.6638,1935.9607,1991.3735,1959.3263,1909.4105,1889.4382,1888.6442,1969.1666,2117.4998,2117.5906,2206.9551,2266.7649,2320.3242,2359.6982,2360.6045,2286.8630,2312.9399,2339.9329,2360.2798,2287.3018,2140.6519,2221.1633,2130.7805,2244.7107,2385.1292,2202.3369,2226.1206,2313.7517,2289.4255,2345.6562,2261.6262,2279.6248,2425.6062,2455.2744,2487.8425,2486.3525,2448.1672,2412.9050,2496.9177,2455.2212,2381.6228,2360.8184,2353.0203,2450.1782,2365.5513,2312.6328,2298.5173,2266.3875,2348.3206,2353.4397,2408.5942,2372.1206,2338.4687,2405.5806,2469.4436,2390.4863,2426.2141,2411.7812,2455.5046,2597.3127,2629.4883,2526.9329,2619.2185,2618.4158,2656.1423,2719.0879,2623.9775,2507.9419,2477.0476,2401.4111,2384.9209,2312.2285,2421.3621,2506.3677,2476.3577,2467.9753,2383.1157,2344.9888,2451.6501,2358.1084,2420.1570,2483.8306,2461.9131,2579.0701,2627.5190,2511.4785,2550.7117,2600.3682,2647.0337,2836.7078,2833.5825,2701.1008,2756.0481,2785.1235,2716.1431,2818.2554,2750.4763,2727.8196,2733.0566,2805.9946,2823.2671,2701.3125,2690.3779,2728.0847,2704.3799,2731.0005,2541.4851,2535.4055,2603.2952,2580.3035,2658.2820,2619.2251,2467.9646,2451.8008,2416.5310,2404.8213,2392.6685,2378.6147,2362.0000,2521.6279,2483.6765,2410.6672,2339.3848,2288.5898,2275.9773,2362.7290,2263.6594,2206.3926,2133.5317,2113.2380,2242.3452,2160.7114,2089.2197,1972.3799,2009.8995,2035.1771,2021.7018,2062.2056,2099.6492,2048.0947,2146.5198,2131.6848,2083.1428,2102.2852,2130.0242,2087.0896,2179.9351,2153.3689,2106.0986,2167.9502,2131.7297,2137.4868,2180.9282,2112.9019,2079.7944,2183.9946,2206.0835,2149.2017,2177.7251,2197.6721,2229.2344,2174.6313,2111.3999,2044.3711,2011.5303,2026.3621,1986.0306,1984.7001,1895.8043,1803.6508,1876.9880,1851.5201,1668.9098,1650.1772,1709.1677,1632.9066,1701.9097,1645.0211,1612.6360,1653.9084,1675.1208,1656.5544,1642.7502,1555.7684,1548.7194,1562.7754,1583.2710,1576.4722,1490.1650,1430.9470,1383.1334,1348.4324,1289.8788,1157.5208,1145.5404,1107.2461,1063.3136,1015.0180,1050.9860,984.2905,1036.8523,1011.2326,981.6362,1048.7626,1008.6683,955.2168,1034.4346,997.9811,944.9639,913.9257,852.7301,814.7158,847.1633,820.9542,844.8693,797.5292,753.7919,772.1351,670.8082,667.8220,615.0078,626.5537,619.8548,563.7255,565.2906,499.8128,467.5536,479.9683,418.7404,404.9268,426.0528,386.1575,424.6639,399.2733,402.9951,443.3640,444.4389,424.9122,0.0000,0.0000,0.0000,0.0000,0.0000,0.0000,0.0000,0.0000,0.0000,0.0000,0.0000,0.0000,0.0000,0.0000,0.0000,0.0000,0.0000,0.0000,0.0000,0.0000,0.0000,0.0000,0.0000,0.0000,0.0000,0.0000,0.0000,0.0000,0.0000,0.0000,0.0000,0.0000,0.0000,0.0000,0.0000,0.0000,0.0000,0.0000,0.0000,0.0000,0.0000,0.0000,0.0000
0.0000,0.0000,0.0000,0.0000,0.0000,0.0000,0.0000,0.0000,0.0000,0.0000,0.0000,0.0000,0.0000,0.0000,0.0000,0.0000,0.0000,0.0000,0.0000,0.0000,0.0000,0.0000,0.0000,0.0000,0.0000,0.0000,0.0000,0.0000,0.0000,0.0000,0.0000,0.0000,0.0000,0.0000,0.0000,0.0000,0.0000,0.0000,0.0000,0.0000,0.0000,0.0000,0.0000,202.2110,261.2812,253.0987,302.2678,381.0013,380.5357,446.4872,406.9830,459.6546,537.8272,620.2859,637.3481,735.6599,790.2800,824.9288,874.8046,937.7389,979.1770,1052.8669,1122.1515,1217.0605,1227.4177,1220.8833,1247.4819,1215.9188,1269.1439,1183.0679,1236.6107,1245.3894,1289.7554,1265.4501,1277.2616,1257.3715,1214.4105,1252.0243,1183.6770,1255.2102,1228.6769,1209.7925,1287.3881,1353.7300,1304.2888,1393.5178,1397.6102,1323.8379,1464.6735,1490.1450,1538.9014,1583.9510,1704.1790,1778.3091,1805.1737,1728.7721,1755.7006,1717.9592,1757.6112,1719.8262,1752.3755,1754.1271,1827.6940,1870.4764,1900.4657,1823.2854,1804.5212,1889.6238,1926.3560,2039.3983,2094.6289,1973.8099,1687.1663,2066.5544,2135.9487,2109.9824,1990.2950,1941.7262,2055.0503,2027.0376,1989.2823,1960.4193,1929.2151,1980.3136,1974.0081,2014.0901,2059.1653,2042.3289,2229.0437,2333.0923,2388.0852,2410.7671,2373.5491,2373.9104,2434.9927,2286.6411,2253.8059,2299.3083,2267.8140,2340.9478,2354.6733,2248.6506,2282.6091,2277.2280,2244.6606,2293.8286,2298.0173,2245.8296,2364.7598,2407.4050,2451.2209,2448.1431,2414.8499,2450.6270,2504.3979,2480.9543,2483.7253,2445.5044,2484.8501,2499.6780,2429.8108,2437.7161,2384.3396,2363.0793,2385.8894,2332.3618,2267.5742,2341.7273,2431.8247,2461.1509,2445.8113,2350.5410,2346.7969,2443.6780,2383.1584,2449.1746,2462.2507,2501.8406,2507.3582,2572.3528,2622.8230,2582.5039,2514.6943,2557.6650,2621.6497,2655.6758,2661.0269,2457.9580,2461.6648,2466.4001,2372.8564,2464.4524,2352.8584,2414.3572,2402.5801,2389.4277,2418.6318,2428.5652,2305.6675,2418.5093,2427.5264,2382.9519,2408.3313,2499.5186,2544.9890,2678.9172,2764.6787,2765.2092,2798.4771,2716.7024,2781.0293,2765.6040,2744.9753,2711.1360,2718.5481,2864.7947,2844.9431,2716.0156,2775.6797,2753.3972,2744.6895,2760.1111,2620.2471,2644.7695,2615.3413,2576.0725,2638.3462,2622.3972,2594.2227,2587.1536,2624.0671,2561.1089,2436.3901,2402.9912,2376.6497,2466.5312,2466.9905,2353.1738,2395.5984,2412.7334,2422.4111,2394.7268,2342.5571,2285.3164,2245.9062,2329.4207,2306.7751,2222.1680,2174.1948,2155.3157,2171.6499,2194.7432,2068.8464,2016.7417,2085.9644,2028.5315,2133.1309,2145.4941,2043.5292,2064.1362,2099.1462,2082.1150,2123.4753,2115.6121,2124.6011,2252.1230,2249.1321,2198.8704,2154.2410,2121.6719,2126.0908,2197.1487,2218.2322,2203.6201,2148.6802,2197.1384,2221.5525,2226.3997,2215.5452,2176.1907,2156.7654,2176.9243,2121.1685,2072.5869,2081.8494,1958.6334,2012.1714,1983.3096,1880.9585,1817.9260,1829.9927,1741.2271,1743.8473,1712.8582,1666.9572,1654.8359,1638.8663,1610.5664,1664.8961,1607.5403,1653.6149,1685.5117,1681.3650,1664.6406,1606.1821,1546.0039,1560.3740,1474.8104,1513.0345,1420.9812,1401.8079,1363.2526,1249.8732,1224.5156,1127.8645,1039.7933,1073.7802,1052.0253,975.7333,1011.5396,1045.6918,1065.1067,1070.6775,1068.2502,994.2763,980.6132,940.6929,935.7472,908.3404,894.9109,815.3823,823.2783,869.9137,852.4801,800.3441,777.2841,697.3532,702.0289,672.8995,661.1704,627.5981,655.1297,647.3110,591.3518,566.5133,470.3308,472.8734,401.4321,409.8868,438.7973,344.2496,407.1382,401.9146,407.4323,455.8755,417.0025,419.4257,0.0000,0.0000,0.0000,0.0000,0.0000,0.0000,0.0000,0.0000,0.0000,0.0000,0.0000,0.0000,0.0000,0.0000,0.0000,0.0000,0.0000,0.0000,0.0000,0.0000,0.0000,0.0000,0.0000,0.0000,0.0000,0.0000,0.0000,0.0000,0.0000,0.0000,0.0000,0.0000,0.0000,0.0000,0.0000,0.0000,0.0000,0.0000,0.0000,0.0000,0.0000,0.0000,0.0000
0.0000,0.0000,0.0000,0.0000,0.0000,0.0000,0.0000,0.0000,0.0000,0.0000,0.0000,0.0000,0.0000,0.0000,0.0000,0.0000,0.0000,0.0000,0.0000,0.0000,0.0000,0.0000,0.0000,0.0000,0.0000,0.0000,0.0000,0.0000,0.0000,0.0000,0.0000,0.0000,0.0000,0.0000,0.0000,0.0000,0.0000,0.0000,0.0000,0.0000,0.0000,0.0000,205.2227,200.2011,237.0242,289.7180,347.9340,368.8105,354.5011,409.0156,429.9284,485.5078,564.4404,598.6458,660.1905,749.3453,763.4840,807.2734,923.4388,930.7538,999.4056,1043.2520,1086.0543,1166.3828,1185.9570,1215.5870,1243.8970,1185.7657,1258.0483,1227.3550,1221.6392,1263.0623,1242.1562,1216.2041,1231.5842,1229.1487,1191.1036,1182.5472,1145.7987,1237.9158,1253.9854,1301.1780,1270.2520,1264.4559,1244.9207,1352.4146,1394.3575,1455.6742,1458.1770,1506.0392,1653.0283,1656.9692,1704.5919,1753.0457,1727.7722,1766.1866,1742.1113,1725.3411,1724.7334,1748.1152,1791.6439,1868.0924,1778.9937,1825.8641,1816.2729,1789.6421,1893.0822,1957.2584,1930.8276,2053.8914,2096.6294,2022.4270,1959.3182,2145.1868,2069.9248,2052.0444,2057.1650,2037.0365,1996.6270,2008.3038,2027.2534,1959.1083,1989.4873,2035.0656,1970.0884,2131.0061,2172.5474,2211.4697,2354.3066,2384.6133,2452.4199,2487.7407,2329.0662,2314.5322,2370.9971,2321.0703,2419.4165,2387.6038,2277.4790,2322.3660,2417.7217,2297.6440,2282.6465,2235.0393,2257.7351,2312.4656,2401.6375,2418.0295,2362.5312,2358.0200,2412.4390,2423.7751,2410.3335,2403.2712,2334.6443,2438.0354,2542.2654,2480.3689,2478.7878,2450.0173,2405.1006,2477.9741,2333.9214,2354.0945,2321.4622,2262.5388,2380.4482,2455.0784,2360.0276,2377.0151,2355.3960,2382.5908,2372.0771,2326.7317,2377.9941,2474.9590,2467.8440,2541.2271,2538.4534,2495.9182,2442.0317,2446.5203,2577.0740,2628.5994,2635.5603,2651.9636,2621.2324,2533.3635,2488.8567,2355.8472,2346.7014,2451.5706,2401.2944,2490.7512,2457.2993,2386.6199,2438.8582,2411.9753,2307.8086,2298.3669,2315.1946,2338.8796,2472.2024,2514.1802,2593.3652,2694.6567,2712.3723,2753.5127,2678.4158,2676.8967,2699.2717,2658.9883,2823.3284,2844.0286,2768.3252,2823.4736,2774.6211,2781.7737,2786.2378,2621.9941,2631.3052,2716.7346,2612.1531,2634.4683,2546.2942,2453.8567,2508.8481,2549.0635,2523.8774,2509.3889,2480.5593,2491.2637,2482.5273,2446.4504,2392.9690,2311.6897,2297.1484,2368.7981,2274.4231,2347.0598,2369.7856,2266.9067,2460.3501,2367.6484,2299.5811,2279.4563,2194.3865,2212.5791,2259.3728,2172.1963,2127.3577,2146.9138,2106.9517,2129.4329,2109.3401,2056.5894,2016.9434,2072.0237,2054.4448,2094.4729,2099.8042,2173.1135,2189.2920,2198.3845,2223.7754,2121.7036,2148.5430,2181.7458,2183.9055,2164.2471,2236.3313,2136.5989,2276.5415,2208.7864,2109.2825,2087.1140,2146.0435,2166.3252,2232.6150,2177.4763,2177.0449,2206.3711,2121.8816,2122.9795,2078.0210,1972.6504,1947.9343,1973.7407,1945.7139,1922.5750,1829.0051,1765.1045,1744.2523,1758.3336,1664.2285,1614.0559,1604.0365,1598.2355,1601.8901,1702.2043,1752.4280,1595.1111,1643.3685,1675.3926,1619.3208,1625.1030,1544.9480,1480.1511,1555.9384,1497.4772,1437.8903,1371.0267,1269.1251,1236.7263,1196.6724,1073.9314,1064.3873,991.0745,1007.8373,1019.4405,1012.0826,1020.6402,1013.7574,982.8301,1027.8905,958.4371,1011.2976,954.0360,935.1838,893.8024,868.4211,749.3921,748.6649,791.5028,827.2704,783.5397,786.6735,721.5282,731.3579,710.0541,682.6877,636.6517,615.9171,618.3832,541.9495,489.6306,485.5870,395.6826,430.7682,433.6475,407.4984,403.7511,410.6406,404.2439,463.6413,418.7298,408.5808,432.5876,0.0000,0.0000,0.0000,0.0000,0.0000,0.0000,0.0000,0.0000,0.0000,0.0000,0.0000,0.0000,0.0000,0.0000,0.0000,0.0000,0.0000,0.0000,0.0000,0.0000,0.0000,0.0000,0.0000,0.0000,0.0000,0.0000,0.0000,0.0000,0.0000,0.0000,0.0000,0.0000,0.0000,0.0000,0.0000,0.0000,0.0000,0.0000,0.0000,0.0000,0.0000,0.0000
0.0000,0.0000,0.0000,0.0000,0.0000,0.0000,0.0000,0.0000,0.0000,0.0000,0.0000,0.0000,0.0000,0.0000,0.0000,0.0000,0.0000,0.0000,0.0000,0.0000,0.0000,0.0000,0.0000,0.0000,0.0000,0.0000,0.0000,0.0000,0.0000,0.0000,0.0000,0.0000,0.0000,0.0000,0.0000,0.0000,0.0000,0.0000,0.0000,0.0000,0.0000,187.7221,226.9373,248.1472,273.5551,258.0669,326.4051,342.1755,385.0587,448.1658,480.2806,494.9348,527.9167,636.4342,678.7810,723.4587,828.3694,891.9206,964.6752,991.2280,1062.1960,1085.3933,1089.5188,1178.6189,1180.7175,1239.1713,1237.6746,1225.7753,1236.8207,1207.9579,1200.8601,1279.4646,1217.2789,1187.6874,1225.3663,1221.5990,1173.2919,1221.9044,1206.5774,1212.5100,1222.7618,1247.0310,1259.4237,1284.8527,1365.6686,1432.9540,1486.5464,1553.3308,1484.0724,1552.2654,1621.1304,1712.1624,1801.9225,1828.7072,1750.1173,1818.9448,1771.5115,1772.5686,1780.9191,1758.4437,1774.3738,1861.4897,1831.2062,1877.5463,1825.8928,1847.4030,1921.7179,1965.4702,1999.4359,1986.8037,1999.1001,2116.2258,2125.1367,2140.9854,2178.9243,2068.7510,2097.6511,2113.7898,1976.3597,2019.2229,1978.1012,1873.3105,2097.1179,2206.7678,1765.2372,2032.4474,2263.5610,2237.4065,2421.0801,2331.8335,2412.5039,2314.7629,2395.5127,2441.9392,2394.6228,2349.6389,2323.4883,2309.0762,2361.7290,2333.6365,2340.9199,2344.5771,2373.3823,2426.2876,2448.2222,2304.9927,2354.6260,2407.8298,2333.2351,2326.7996,2400.9978,2367.6501,2526.5535,2472.0537,2433.8186,2462.2742,2414.6067,2436.3137,2487.3586,2421.1533,2459.3196,2462.0134,2420.8237,2486.6516,2325.2417,2314.3484,2360.8665,2422.2383,2412.7444,2384.1675,2379.0574,2403.4148,2351.9473,2500.6904,2577.5991,2405.6108,2466.1494,2463.7227,2490.0159,2508.7476,2499.3447,2475.0857,2612.5178,2708.8313,2638.7544,2674.6812,2506.2058,2410.0532,2494.2485,2449.1824,2396.7344,2405.3789,2380.9973,2466.3215,2514.4634,2463.8540,2348.0234,2339.4331,2351.9497,2347.8398,2355.9905,2346.6865,2406.4834,2490.1917,2614.9712,2622.8198,2643.9219,2637.9141,2653.6042,2796.8252,2799.0525,2753.5273,2819.8528,2824.7524,2771.7866,2887.1909,2833.9409,2765.7256,2824.7803,2699.6948,2718.2314,2629.7219,2502.2048,2564.2200,2496.3040,2477.4097,2420.2568,2419.8816,2552.7642,2594.7502,2575.5779,2592.0852,2438.1072,2400.9468,2377.3328,2301.4937,2301.8464,2283.1538,2284.2192,2418.3123,2376.5508,2331.6370,2399.2463,2352.7126,2352.6553,2395.8293,2321.0432,2253.2688,2294.7966,2266.1086,2245.5303,2139.4280,2118.1477,2117.1748,2083.9832,2098.4658,2048.5205,2023.3853,2085.4290,2082.2351,2174.2458,2242.1487,2108.3376,2157.5757,2186.4170,2166.9807,2254.4102,2197.5000,2166.9045,2272.4541,2294.0161,2223.1909,2257.1697,2103.9954,2111.7493,2190.2407,2216.2117,2211.1516,2159.7356,2179.7351,2230.2805,2146.5249,2126.8208,2053.3789,2025.6416,2079.0227,2055.8479,1980.8687,1973.6528,1889.5978,1875.7152,1847.3303,1708.3562,1729.4355,1672.7676,1648.9401,1716.2681,1649.9244,1656.0541,1699.2748,1682.0367,1602.5941,1647.6769,1603.9784,1574.3137,1546.7375,1597.3699,1519.0929,1491.9731,1505.0255,1440.7982,1368.5168,1299.9351,1260.8276,1190.9230,1157.5140,1113.2546,1081.3145,1043.0190,1038.9951,1056.4705,1059.3353,1028.0996,1057.1633,1035.0574,1007.4935,1054.5009,967.8494,929.8102,913.5657,866.1292,823.8210,893.5869,849.3038,780.7889,814.1041,777.6314,809.0052,750.5178,676.5029,725.2058,719.4492,700.1600,617.3262,552.7508,533.3442,459.3298,410.1484,385.3150,340.2932,395.0097,426.5334,426.1516,464.1285,484.8743,456.8057,430.0180,443.6216,371.6051,0.0000,0.0000,0.0000,0.0000,0.0000,0.0000,0.0000,0.0000,0.0000,0.0000,0.0000,0.0000,0.0000,0.0000,0.0000,0.0000,0.0000,0.0000,0.0000,0.0000,0.0000,0.0000,0.0000,0.0000,0.0000,0.0000,0.0000,0.0000,0.0000,0.0000,0.0000,0.0000,0.0000,0.0000,0.0000,0.0000,0.0000,0.0000,0.0000,0.0000,0.0000
0.0000,0.0000,0.0000,0.0000,0.0000,0.0000,0.0000,0.0000,0.0000,0.0000,0.0000,0.0000,0.0000,0.0000,0.0000,0.0000,0.0000,0.0000,0.0000,0.0000,0.0000,0.0000,0.0000,0.0000,0.0000,0.0000,0.0000,0.0000,0.0000,0.0000,0.0000,0.0000,0.0000,0.0000,0.0000,0.0000,0.0000,0.0000,0.0000,0.0000,0.0000,189.2016,213.6656,259.2577,291.1247,344.0439,354.7691,366.3643,461.5560,508.2624,469.8713,558.1630,610.5643,645.7377,746.0053,735.8458,837.6102,894.1295,900.9790,1028.7480,1044.6431,1036.5839,1141.2181,1209.8995,1181.6510,1204.8649,1169.3068,1212.4182,1253.9280,1245.9181,1193.9684,1214.4585,1217.3403,1209.4114,1229.9491,1172.7062,1172.7052,1139.7427,1212.4546,1239.6018,1269.4780,1255.3138,1273.6172,1409.0427,1456.4803,1438.1412,1466.6051,1491.6635,1480.0531,1610.4788,1694.2679,1718.2837,1844.1453,1822.9260,1811.7666,1774.8053,1718.0372,1669.3463,1763.2303,1765.6526,1767.8850,1811.0615,1887.0510,1897.8237,1834.7521,1904.9607,1852.5343,1866.7438,2033.4253,1986.3870,2126.3765,2100.9758,2144.5530,2176.3179,2220.6533,1969.3662,2021.3933,1961.1514,1929.1094,2049.7830,2028.7172,2006.7084,2078.0740,1785.5496,2148.9299,2247.1558,1913.1539,2292.2344,2383.5122,2410.5281,2427.7515,2334.3435,2339.2568,2435.1392,2365.0903,2436.1321,2249.9067,2202.5186,2338.5605,2349.1008,2475.2004,2475.2563,2318.8972,2409.3652,2442.2515,2313.9746,2355.3540,2280.3237,2324.8335,2407.6660,2460.9768,2378.6965,2426.6399,2342.6443,2335.6108,2415.5889,2423.9092,2476.6294,2442.8743,2449.3770,2473.3813,2410.4775,2364.1118,2326.3828,2290.9514,2385.2461,2311.5537,2377.2278,2423.6951,2376.5859,2472.7520,2461.7285,2323.7654,2355.1831,2418.2412,2480.7166,2532.7329,2528.4568,2509.2952,2556.9863,2520.4761,2498.4910,2554.9077,2561.5127,2512.9998,2504.8152,2475.0325,2487.5083,2404.3210,2462.0605,2414.7961,2379.3210,2339.9543,2372.2637,2393.1628,2489.2141,2413.0232,2391.2290,2374.3140,2324.6572,2447.4475,2487.7061,2417.0383,2477.8267,2542.4775,2582.0679,2691.0139,2662.3586,2615.4778,2739.9365,2802.2925,2731.1848,2769.0940,2719.9985,2798.3601,2901.4687,2949.0056,2847.8066,2759.8662,2702.6406,2721.6990,2576.6997,2496.9585,2426.3511,2365.9497,2446.3435,2504.8694,2517.9463,2508.2017,2426.1128,2544.4773,2561.5789,2492.7432,2368.6167,2294.5801,2278.6477,2391.4011,2341.7185,2218.0381,2283.1848,2240.2385,2244.5217,2322.0225,2344.0703,2379.8833,2362.9270,2417.8628,2389.6248,2243.0144,2182.1660,2130.5425,2122.6548,2215.7925,2142.0105,2104.7244,2193.3767,2151.8467,2100.9038,2033.5089,2046.7111,2149.9705,2154.5779,2160.7939,2198.1208,2221.1851,2203.8604,2259.4187,2245.9446,2212.7590,2209.5027,2201.7395,2228.7241,2241.6064,2222.2146,2188.0281,2192.2986,2206.1133,2217.2014,2139.8320,2184.2354,2119.5815,2154.6135,2204.7224,2145.9485,2086.5742,2097.5381,1996.0704,2036.7024,2016.9963,1892.3655,1819.5748,1837.3300,1822.1768,1785.4355,1652.7620,1676.5149,1678.6908,1648.0195,1678.2009,1633.4646,1619.7957,1673.4872,1676.3694,1656.8571,1649.7253,1517.8762,1499.0992,1516.3225,1467.1042,1447.6095,1434.0786,1421.5081,1393.5105,1304.0162,1224.3518,1179.0063,1105.9866,1064.5165,1045.7388,1014.6339,1036.8136,1050.6306,1034.8220,1074.5583,1087.6768,989.2698,989.1456,937.5604,926.3241,904.5360,868.2127,833.2177,776.5577,805.8071,830.3008,839.4183,819.9802,830.7004,797.5689,745.0872,706.4151,681.2683,694.0340,584.2349,538.5483,497.7018,489.3540,425.9962,397.5686,374.1203,368.9761,400.4591,409.2549,398.2472,424.4338,429.6471,433.3047,424.0093,451.2791,0.0000,0.0000,0.0000,0.0000,0.0000,0.0000,0.0000,0.0000,0.0000,0.0000,0.0000,0.0000,0.0000,0.0000,0.0000,0.0000,0.0000,0.0000,0.0000,0.0000,0.0000,0.0000,0.0000,0.0000,0.0000,0.0000,0.0000,0.0000,0.0000,0.0000,0.0000,0.0000,0.0000,0.0000,0.0000,0.0000,0.0000,0.0000,0.0000,0.0000,0.0000
0.0000,0.0000,0.0000,0.0000,0.0000,0.0000,0.0000,0.0000,0.0000,0.0000,0.0000,0.0000,0.0000,0.0000,0.0000,0.0000,0.0000,0.0000,0.0000,0.0000,0.0000,0.0000,0.0000,0.0000,0.0000,0.0000,0.0000,0.0000,0.0000,0.0000,0.0000,0.0000,0.0000,0.0000,0.0000,0.0000,0.0000,0.0000,0.0000,0.0000,147.9760,205.7869,247.3604,272.5449,337.6765,331.1328,410.9874,450.1628,430.4641,505.5107,573.0540,603.7780,594.1284,639.4154,710.6659,762.3918,809.6814,885.6266,944.9095,1026.2041,1060.9269,1096.8297,1096.6940,1174.6127,1178.2970,1187.1655,1177.5701,1167.0483,1171.3105,1241.8098,1199.5170,1152.2039,1203.5239,1246.6683,1171.6888,1217.9803,1106.8003,1116.8793,1187.5851,1219.1748,1263.7406,1358.0278,1337.6034,1425.0050,1472.0291,1464.0665,1477.8998,1553.8761,1594.1848,1724.8236,1833.6371,1850.2345,1808.3097,1757.6497,1724.2131,1767.7950,1810.0664,1814.8939,1740.9363,1799.8270,1901.7213,1798.4081,1899.5330,1816.9098,1849.1604,1949.0067,1939.0129,1955.8789,1993.5035,2050.0581,2194.3962,2254.3694,2162.6936,2138.8391,2078.8940,2058.0842,2089.6941,2058.7227,2039.9554,2045.3314,1998.8782,2105.9668,2098.9614,2113.9900,2101.5039,1743.6759,2219.1350,2407.5046,2369.4634,2421.7209,2415.1624,2352.1123,2406.2437,2359.1865,2354.1401,2499.1887,2367.8367,2435.3162,2493.1401,2362.3320,2455.2766,2483.8188,2357.1440,2381.8132,2365.9502,2372.2622,2396.9795,2405.3982,2464.9524,2391.5618,2391.4651,2423.2161,2432.3918,2443.5615,2397.5974,2405.6416,2508.6619,2516.7192,2424.5483,2458.7725,2375.5066,2413.4243,2465.7021,2299.9995,2341.0273,2419.7336,2410.0090,2508.9436,2509.8081,2356.0811,2339.1716,2409.5886,2392.4312,2404.8018,2419.5291,2451.2207,2530.1262,2577.5466,2530.6663,2411.9485,2391.0955,2493.4363,2517.7759,2536.9844,2574.4438,2472.2390,2518.5911,2566.6804,2454.7615,2339.5164,2239.8306,2320.6819,2425.9141,2417.3914,2489.7671,2516.8250,2395.8687,2516.8447,2469.6023,2359.1182,2355.9832,2454.5710,2477.3098,2572.6880,2561.1599,2549.8245,2594.4810,2664.0798,2722.2087,2671.7847,2725.1072,2739.1638,2787.2195,2904.6594,2872.6975,2876.5205,2920.4648,2825.7930,2753.3433,2718.8811,2592.8499,2608.3914,2576.9065,2522.9050,2466.7876,2430.3997,2410.8247,2439.1897,2499.6990,2487.5771,2504.6448,2485.6187,2449.4299,2491.8525,2367.6846,2307.1082,2275.3726,2253.8032,2272.7642,2157.7830,2210.1643,2261.5818,2367.9829,2447.3557,2468.8059,2322.4885,2393.5886,2315.8118,2279.6821,2319.2495,2188.6343,2157.9568,2211.3232,2164.1580,2179.3157,2176.1423,2084.1033,2075.9661,2136.3540,2073.0029,2089.4619,2072.7839,2192.8789,2198.2737,2219.8567,2177.3171,2183.9963,2195.4893,2294.8369,2307.5286,2338.0581,2317.0984,2255.5005,2368.2827,2275.6582,2180.0969,2214.5833,2137.1038,2149.1882,2267.4087,2181.6711,2203.4043,2178.1443,2135.3298,2098.8621,2078.9390,2022.7913,2061.0242,1982.4391,1964.0298,1993.3815,1863.6913,1744.2844,1773.0222,1732.9644,1681.8729,1645.8022,1632.3076,1691.6570,1655.7148,1709.4122,1692.0347,1674.6562,1662.0476,1601.3087,1508.3890,1520.8483,1465.1982,1497.9568,1562.6014,1494.6849,1439.6937,1389.3685,1319.8379,1266.5498,1239.2048,1146.2247,1133.0551,1107.4847,1056.3949,1089.5682,1047.1978,1089.3475,1056.5663,1020.9482,1054.3186,982.9637,971.2768,944.9594,905.1127,916.0790,835.1396,800.1627,850.6593,820.4754,883.5842,898.5202,830.4999,811.0157,795.2260,781.4138,736.3042,667.6573,630.4699,608.8845,545.8968,524.0154,477.4747,390.9261,397.4673,405.8880,397.9312,390.3944,453.3519,466.6552,437.3983,498.7472,466.3071,452.4722,432.9558,0.0000,0.0000,0.0000,0.0000,0.0000,0.0000,0.0000,0.0000,0.0000,0.0000,0.0000,0.0000,0.0000,0.0000,0.0000,0.0000,0.0000,0.0000,0.0000,0.0000,0.0000,0.0000,0.0000,0.0000,0.0000,0.0000,0.0000,0.0000,0.0000,0.0000,0.0000,0.0000,0.0000,0.0000,0.0000,0.0000,0.0000,0.0000,0.0000,0.0000
0.0000,0.0000,0.0000,0.0000,0.0000,0.0000,0.0000,0.0000,0.0000,0.0000,0.0000,0.0000,0.0000,0.0000,0.0000,0.0000,0.0000,0.0000,0.0000,0.0000,0.0000,0.0000,0.0000,0.0000,0.0000,0.0000,0.0000,0.0000,0.0000,0.0000,0.0000,0.0000,0.0000,0.0000,0.0000,0.0000,0.0000,0.0000,0.0000,0.0000,158.8363,253.3240,281.4541,288.8252,305.1364,376.5471,385.4623,507.3475,495.2778,494.3065,558.9918,617.8862,621.6744,647.9069,712.4735,774.4015,876.8370,922.7736,1023.5770,1021.5561,1023.5940,1101.4644,1089.4432,1150.9734,1135.3489,1128.6725,1201.0043,1213.8290,1178.7515,1184.6864,1131.2539,1133.5465,1216.8098,1172.0125,1130.0488,1156.3691,1200.0911,1262.4366,1221.9536,1229.0730,1218.2913,1285.3522,1371.8759,1391.7938,1471.2083,1535.2332,1624.1025,1651.7031,1690.0457,1695.7187,1762.9493,1851.9886,1793.4617,1860.0959,1790.2671,1762.4651,1843.5507,1810.8435,1805.2469,1817.1929,1781.7742,1844.1561,1914.6013,1878.0321,1904.9313,1969.2235,2018.8517,2075.2285,2157.8831,2102.0793,2098.9128,2117.2737,2166.2476,2099.0789,2111.3093,2035.8135,2056.7502,2022.5967,2047.9076,1936.2994,1978.7418,2074.7646,2141.3689,2295.1824,1993.7076,2206.3101,2368.2109,2412.7759,2384.0410,2414.7043,2333.1084,2368.1121,2446.1038,2463.8696,2507.6152,2429.5430,2411.8530,2479.3892,2527.6980,2445.2168,2359.1824,2332.3450,2385.9153,2477.2214,2423.6914,2501.5903,2369.2312,2412.1902,2473.1333,2420.0498,2437.9888,2463.6482,2509.4121,2531.0181,2498.0530,2354.1921,2400.2371,2374.5415,2354.8259,2444.3423,2357.6453,2357.7798,2355.5251,2362.1155,2410.5522,2432.7195,2379.0830,2393.7854,2411.3437,2418.8770,2346.1008,2304.1152,2373.0937,2427.4814,2404.7617,2484.1067,2414.5420,2471.2551,2480.1018,2341.4810,2471.4272,2419.0862,2468.7168,2593.7615,2512.4956,2472.7734,2479.7407,2419.2654,2444.8208,2452.1848,2359.8186,2362.0186,2428.7200,2396.7275,2506.0264,2458.0671,2386.5149,2390.4302,2382.6475,2500.9785,2503.7756,2463.5015,2467.1089,2500.8840,2529.1553,2566.0796,2482.5261,2563.1853,2681.6870,2763.0859,2842.0046,2820.1763,2744.5088,2848.5273,2827.4270,2799.7673,2813.1548,2754.6553,2789.7227,2830.9495,2732.7114,2636.0632,2493.2073,2419.1567,2428.9993,2384.5266,2404.9644,2391.7588,2454.2041,2610.0979,2655.3928,2579.1855,2525.9561,2394.8481,2353.9988,2389.6348,2280.7520,2319.1548,2236.1128,2206.2017,2357.6145,2366.1345,2271.6309,2370.8013,2319.2800,2360.4497,2465.0061,2344.5637,2318.7700,2353.5022,2278.2942,2250.0259,2175.1577,2116.3845,2175.1902,2221.4019,2238.8953,2126.9272,2098.9258,2124.1870,2162.3271,2166.5908,2182.4141,2181.4302,2251.1233,2207.9778,2190.6055,2294.7014,2298.9407,2343.2881,2410.0618,2356.9705,2308.1868,2347.2969,2277.0674,2258.3818,2253.5662,2188.8506,2112.2588,2195.2053,2185.0171,2123.4241,2114.8901,2097.0637,2085.7651,2093.8748,2113.7349,2091.5823,2021.5248,1976.9617,1945.3217,1957.8138,1854.6576,1732.8625,1693.8470,1725.5475,1693.6553,1717.9603,1686.3594,1619.5520,1715.1199,1730.7474,1633.1632,1622.4435,1486.7911,1515.4264,1546.6650,1554.7246,1534.5685,1473.1967,1425.3025,1474.2583,1370.4728,1352.9781,1260.3701,1215.7286,1161.0491,1113.3254,1065.0736,1057.4391,1078.8702,1076.5417,1132.8771,1065.4849,1087.7012,1053.8062,1029.9104,1035.8453,955.7173,907.3163,863.0948,797.5550,814.6052,877.5787,859.6862,847.0757,914.9056,857.4496,814.2431,790.0050,679.5651,666.2663,707.3322,642.3999,574.3622,520.3167,508.9189,476.9453,417.0629,394.9566,336.1702,408.1572,384.0266,431.9565,451.8867,441.7025,457.6328,473.4657,424.8557,450.1164,0.0000,0.0000,0.0000,0.0000,0.0000,0.0000,0.0000,0.0000,0.0000,0.0000,0.0000,0.0000,0.0000,0.0000,0.0000,0.0000,0.0000,0.0000,0.0000,0.0000,0.0000,0.0000,0.0000,0.0000,0.0000,0.0000,0.0000,0.0000,0.0000,0.0000,0.0000,0.0000,0.0000,0.0000,0.0000,0.0000,0.0000,0.0000,0.0000,0.0000
0.0000,0.0000,0.0000,0.0000,0.0000,0.0000,0.0000,0.0000,0.0000,0.0000,0.0000,0.0000,0.0000,0.0000,0.0000,0.0000,0.0000,0.0000,0.0000,0.0000,0.0000,0.0000,0.0000,0.0000,0.0000,0.0000,0.0000,0.0000,0.0000,0.0000,0.0000,0.0000,0.0000,0.0000,0.0000,0.0000,0.0000,0.0000,0.0000,227.0377,181.9884,262.4726,304.0833,322.3480,355.3222,396.1165,451.1918,504.9698,503.3377,562.9507,559.7861,650.9714,662.0325,643.6585,794.6236,812.1080,823.8115,910.4034,996.1680,958.0215,1036.1521,1043.6544,1088.4308,1160.2753,1133.8086,1156.0742,1206.3802,1168.7211,1151.9602,1222.2089,1155.0656,1173.8932,1172.5061,1200.3273,1175.5670,1141.7726,1197.2363,1190.5007,1224.7955,1236.8312,1274.9302,1303.0609,1450.3322,1479.5764,1600.4984,1645.4685,1558.5094,1649.9960,1680.7013,1772.0897,1833.7988,1821.7097,1798.5331,1866.3640,1810.9583,1782.3163,1755.0951,1738.1921,1762.1161,1829.9064,1852.0935,1933.5144,1859.3282,1958.1597,2037.9910,2049.5935,2117.8423,2058.3225,2059.9014,2207.3062,2150.3467,2172.0518,2191.5928,2032.3087,2103.4006,2113.4072,2015.7024,1974.9331,1976.1295,2009.0308,2141.0000,2200.5669,2228.7437,2290.3860,2345.1362,2246.1758,2246.4587,2389.6272,2340.4177,2368.7832,2380.4358,2463.6404,2398.0679,2425.3235,2522.7747,2543.9404,2539.1860,2442.9797,2433.2551,2562.5708,2507.3943,2416.1545,2444.8574,2394.2654,2472.1919,2507.2788,2329.0425,2389.8174,2477.4805,2459.3899,2603.4707,2526.9062,2474.4089,2496.2327,2426.6760,2397.9314,2388.7561,2373.4382,2357.5576,2408.6343,2407.9910,2444.9395,2332.8992,2261.9043,2297.2585,2333.4583,2454.3147,2430.3899,2393.3574,2457.2163,2397.2366,2404.5315,2397.8613,2334.9043,2261.2617,2421.6987,2393.1465,2448.0034,2408.2187,2306.1323,2452.2195,2480.7593,2388.3406,2437.0771,2382.4663,2445.3665,2509.5779,2566.5266,2489.2444,2352.8604,2359.3809,2386.5996,2415.3660,2387.4631,2427.3386,2411.6428,2550.9541,2532.7236,2471.6169,2489.5820,2433.0955,2551.3357,2519.8364,2334.9629,2437.9561,2526.5166,2536.4575,2743.2783,2803.9839,2762.7766,2870.2585,2822.7793,2772.5347,2747.7441,2753.4355,2787.6672,2865.4558,2879.5713,2860.9055,2728.3838,2696.3105,2663.5417,2559.3630,2562.5256,2482.9448,2501.1926,2569.7229,2523.5540,2546.8313,2588.2744,2587.1943,2615.7434,2595.2778,2416.3765,2425.5493,2391.8789,2395.9160,2431.1367,2314.7134,2203.1836,2260.4802,2299.5532,2323.7788,2325.6006,2307.8821,2382.6594,2481.6223,2421.3484,2412.3755,2333.8218,2297.0994,2212.1809,2224.1599,2265.2732,2169.4382,2202.2620,2262.3408,2243.4043,2155.2283,2132.5054,2031.4424,2162.2354,2237.2615,2224.5251,2278.2688,2224.0647,2259.1865,2326.9771,2395.8142,2386.3723,2364.2678,2399.5337,2435.5649,2461.1418,2400.8733,2279.9912,2248.2690,2237.9119,2216.9431,2144.2354,2128.7234,2093.4077,2148.7795,2174.2397,2124.2729,2064.2791,2154.8835,2092.2266,2038.5707,2036.4625,1940.8132,1990.2468,1944.0474,1823.3513,1768.7906,1687.2722,1629.7350,1672.2562,1723.0895,1630.3267,1678.5238,1656.8439,1657.8671,1615.2520,1530.6185,1575.8900,1507.9392,1499.5516,1440.8187,1445.3107,1481.0078,1431.9480,1475.9362,1427.5835,1265.3705,1208.3527,1161.9436,1081.3246,1120.9974,1124.6235,1015.1879,1088.6790,1089.5085,1124.0056,1138.4966,1087.7545,961.0142,1006.8436,983.2371,933.0718,883.2122,824.3647,826.4737,848.3248,856.8329,903.5541,878.2430,856.6515,818.9077,846.6416,767.3046,726.0251,668.8539,677.3058,606.3411,541.4980,519.5198,448.7509,455.2942,443.2207,400.2488,400.0986,408.6432,399.7500,442.2751,415.8563,421.4843,437.4806,413.4236,465.1248,421.4000,0.0000,0.0000,0.0000,0.0000,0.0000,0.0000,0.0000,0.0000,0.0000,0.0000,0.0000,0.0000,0.0000,0.0000,0.0000,0.0000,0.0000,0.0000,0.0000,0.0000,0.0000,0.0000,0.0000,0.0000,0.0000,0.0000,0.0000,0.0000,0.0000,0.0000,0.0000,0.0000,0.0000,0.0000,0.0000,0.0000,0.0000,0.0000,0.0000
0.0000,0.0000,0.0000,0.0000,0.0000,0.0000,0.0000,0.0000,0.0000,0.0000,0.0000,0.0000,0.0000,0.0000,0.0000,0.0000,0.0000,0.0000,0.0000,0.0000,0.0000,0.0000,0.0000,0.0000,0.0000,0.0000,0.0000,0.0000,0.0000,0.0000,0.0000,0.0000,0.0000,0.0000,0.0000,0.0000,0.0000,0.0000,0.0000,228.2650,248.5436,264.0273,323.8371,374.1176,425.9702,394.0263,511.7248,479.8732,486.2800,599.0823,574.3242,670.9838,696.7590,730.5212,770.9965,850.1202,857.9690,931.0684,970.1273,989.9978,1106.0812,1095.5554,1069.9796,1071.7533,1068.8815,1158.7837,1206.8861,1207.4413,1165.9353,1170.0470,1177.4672,1154.8499,1145.8484,1171.6387,1169.5419,1150.1121,1207.2980,1174.8431,1211.0925,1276.8751,1307.4077,1417.0714,1471.2120,1481.9286,1502.8336,1581.2170,1620.7275,1713.8204,1741.8854,1794.9958,1853.4879,1869.0576,1838.9495,1822.9980,1697.0513,1728.6139,1745.7891,1796.4161,1802.8014,1800.6370,1884.2517,1960.8304,1957.0929,1991.4875,1975.7999,2078.5867,2228.3696,2096.4460,2145.5042,2152.5500,2133.8369,2190.2112,2174.3833,2035.9866,1989.2061,2024.4242,2028.3630,2093.4795,2080.4753,2090.5759,2183.8916,2208.1343,2234.3691,2288.9780,2308.0474,2307.2026,2459.6201,2398.5713,2431.2009,2304.1338,2386.8945,2452.0667,2439.9463,2514.2561,2479.6804,2487.7363,2643.9656,2642.3174,2560.5317,2567.3115,2408.0513,2406.1509,2412.7607,2385.1860,2468.1951,2319.1929,2402.6794,2586.0891,2558.4202,2450.1877,2417.5549,2511.3584,2491.4521,2473.0637,2403.6829,2391.9373,2339.1873,2428.5320,2407.7395,2314.3777,2330.6729,2339.9783,2366.4612,2437.8850,2400.3628,2397.1399,2541.5596,2421.9941,2481.9316,2524.4373,2304.3921,2355.5920,2323.5740,2310.8784,2329.2971,2343.0027,2356.4111,2423.3247,2404.3748,2278.4773,2306.3738,2390.4158,2402.4651,2416.3599,2439.8655,2488.4238,2485.4685,2480.5498,2459.6350,2283.5171,2334.7839,2271.0186,2406.5352,2544.4470,2527.6807,2433.6187,2542.0686,2481.9153,2581.7161,2520.6582,2403.9309,2424.2415,2449.1960,2522.8113,2593.8784,2520.8142,2597.4663,2734.1780,2780.5459,2822.5078,2761.4648,2695.2310,2785.1306,2781.3477,2822.3643,2813.9878,2689.9272,2795.9248,2870.6382,2824.5796,2814.3357,2688.9651,2598.5178,2725.7446,2636.1257,2514.4053,2543.8901,2517.1567,2609.1533,2658.1912,2627.7815,2624.3069,2568.0850,2567.9087,2622.8616,2434.1538,2363.3691,2361.8198,2332.8525,2323.9792,2288.5042,2269.6870,2339.3040,2296.1523,2372.1282,2312.4639,2261.3467,2410.3555,2319.4834,2308.2927,2329.7070,2283.3413,2258.5911,2312.9578,2239.5691,2195.5339,2241.5527,2146.3984,2124.4819,2179.6038,2170.2979,2137.4761,2129.8660,2234.3591,2304.6992,2277.5637,2217.9150,2280.2073,2356.8982,2453.2793,2401.1782,2447.5278,2445.6775,2482.1262,2427.5342,2309.2297,2163.8213,2162.0061,2153.0010,2218.0579,2234.5132,2141.0291,2132.9536,2192.1194,2160.1157,2098.2920,2071.8801,2002.2467,2036.5133,2073.6455,2067.8447,2064.2983,1918.1217,1853.9617,1806.7749,1780.6426,1677.5537,1617.4739,1694.2798,1730.1898,1726.9800,1719.3735,1696.0179,1567.4827,1572.3989,1506.8340,1518.7692,1476.8707,1476.2235,1533.7611,1553.9504,1568.0199,1470.0844,1352.6371,1308.8335,1237.7659,1172.4835,1158.2246,1129.4122,1134.8331,1087.6498,1144.7125,1090.4755,1134.1193,1117.3981,1062.4373,1013.7083,980.3911,939.8961,988.9281,932.5574,892.2059,865.6034,866.2725,915.5225,926.1015,874.4816,976.2951,908.5256,868.1844,846.8659,742.7131,723.1412,655.1702,656.0107,547.4889,577.7326,501.5297,473.0202,456.4498,403.4172,405.2856,425.9296,444.7827,436.9368,422.9503,497.3199,489.4202,474.2834,476.8753,430.4600,0.0000,0.0000,0.0000,0.0000,0.0000,0.0000,0.0000,0.0000,0.0000,0.0000,0.0000,0.0000,0.0000,0.0000,0.0000,0.0000,0.0000,0.0000,0.0000,0.0000,0.0000,0.0000,0.0000,0.0000,0.0000,0.0000,0.0000,0.0000,0.0000,0.0000,0.0000,0.0000,0.0000,0.0000,0.0000,0.0000,0.0000,0.0000,0.0000
0.0000,0.0000,0.0000,0.0000,0.0000,0.0000,0.0000,0.0000,0.0000,0.0000,0.0000,0.0000,0.0000,0.0000,0.0000,0.0000,0.0000,0.0000,0.0000,0.0000,0.0000,0.0000,0.0000,0.0000,0.0000,0.0000,0.0000,0.0000,0.0000,0.0000,0.0000,0.0000,0.0000,0.0000,0.0000,0.0000,0.0000,0.0000,201.3052,205.5842,234.2409,275.3987,328.4319,346.0190,393.5081,384.8109,448.7242,474.2956,533.6869,568.1186,583.0151,670.9665,689.4094,732.0414,770.3545,861.6993,906.0225,947.1148,1024.2269,1064.5276,997.0664,1050.3427,1069.4891,1059.0651,1133.6138,1140.0640,1171.3658,1240.5018,1209.6875,1117.0265,1141.5051,1154.3541,1142.8787,1169.3480,1178.8741,1193.9822,1216.7876,1223.9648,1275.0654,1309.0674,1291.9918,1387.3723,1479.6531,1505.7933,1568.3575,1620.7050,1748.7898,1808.1163,1865.3469,1844.7100,1747.3618,1804.3473,1807.9819,1737.4576,1859.7838,1777.4749,1691.2111,1817.3152,1824.1174,1811.3063,1921.3597,1940.5813,1982.6580,2120.3235,2108.0945,2140.9971,2125.9438,2076.4517,2128.1685,2154.0706,2076.4265,2068.2361,2046.2965,2099.8293,2086.3315,2050.4729,2053.2209,2108.2842,2117.9822,2226.9036,2222.9158,2278.3232,2305.2173,2314.7661,2494.0996,2441.2981,2323.3252,2433.6433,2417.4778,2318.4717,2371.6953,2364.0559,2451.5916,2559.2217,2593.5073,2615.0891,2641.4946,2584.9097,2554.4937,2486.8513,2420.2625,2444.5850,2498.7859,2461.5273,2343.5461,2512.2397,2412.5251,2414.3005,2537.7053,2535.9543,2450.5139,2556.3445,2550.7197,2535.0796,2574.2803,2407.7334,2242.8792,2354.2563,2313.2673,2316.3928,2367.4819,2309.0627,2353.5264,2426.6418,2458.8755,2451.9021,2411.7390,2369.6077,2340.0000,2499.6245,2408.9458,2417.8293,2304.1340,2344.7717,2361.4878,2380.3113,2375.3306,2231.6162,2299.5342,2333.3989,2337.6423,2435.1179,2397.1211,2321.8254,2423.7676,2470.3682,2418.2532,2441.8738,2318.7617,2384.9927,2472.9407,2377.0916,2424.0984,2467.5659,2367.3560,2396.0864,2475.6477,2523.5630,2521.9089,2577.7351,2537.5713,2511.5120,2443.2185,2464.6179,2508.6487,2582.9243,2687.2285,2688.4846,2763.9099,2825.0520,2700.7991,2782.1069,2750.8557,2638.7468,2778.3113,2718.2837,2694.6951,2792.4443,2813.1855,2896.1147,2933.1702,2786.4373,2677.8408,2703.1423,2601.6619,2603.0930,2622.1475,2587.4465,2674.6169,2687.6367,2640.3901,2686.9480,2579.2153,2565.5146,2549.2673,2535.2151,2521.5872,2346.0461,2282.5349,2359.6521,2370.5977,2367.6328,2316.7292,2165.4641,2251.6184,2256.6030,2288.1848,2350.6548,2259.6038,2301.0295,2468.1970,2351.8635,2246.2192,2164.5120,2153.8843,2195.6682,2305.0916,2274.6052,2213.7876,2169.5518,2192.4255,2205.0747,2152.1648,2177.8879,2122.4263,2281.5195,2354.1096,2325.8213,2387.3755,2435.0161,2403.3181,2513.8105,2445.6826,2347.4736,2378.3340,2285.1572,2308.0981,2315.2295,2180.5327,2194.7678,2215.5090,2113.1985,2119.5039,2091.5281,2046.6520,2083.7244,2066.1904,2098.7517,2047.7325,1990.8645,2056.4282,2037.3926,1964.2770,1915.8958,1760.2146,1781.0043,1746.5892,1699.4952,1709.8744,1708.0447,1687.7780,1739.8230,1682.8748,1576.7032,1598.1667,1511.4984,1523.2567,1563.0250,1443.1616,1498.3098,1500.6177,1476.0681,1447.2733,1405.9539,1320.2159,1309.6189,1242.5237,1194.0474,1119.0323,1088.6935,1057.0637,1120.8398,1143.5879,1171.5488,1019.9778,1077.3278,1055.9420,979.1175,952.9412,939.1376,913.9282,915.8987,978.9527,935.4135,906.1755,908.4665,914.4259,996.3572,978.7902,882.6418,850.9673,785.9246,757.7388,690.8803,673.4749,637.6434,552.5916,538.8969,501.9584,428.5385,432.5939,411.9789,418.5602,475.4352,452.2939,492.4478,490.0669,461.0808,448.3577,450.9872,407.2006,429.6737,0.0000,0.0000,0.0000,0.0000,0.0000,0.0000,0.0000,0.0000,0.0000,0.0000,0.0000,0.0000,0.0000,0.0000,0.0000,0.0000,0.0000,0.0000,0.0000,0.0000,0.0000,0.0000,0.0000,0.0000,0.0000,0.0000,0.0000,0.0000,0.0000,0.0000,0.0000,0.0000,0.0000,0.0000,0.0000,0.0000,0.0000,0.0000
0.0000,0.0000,0.0000,0.0000,0.0000,0.0000,0.0000,0.0000,0.0000,0.0000,0.0000,0.0000,0.0000,0.0000,0.0000,0.0000,0.0000,0.0000,0.0000,0.0000,0.0000,0.0000,0.0000,0.0000,0.0000,0.0000,0.0000,0.0000,0.0000,0.0000,0.0000,0.0000,0.0000,0.0000,0.0000,0.0000,0.0000,0.0000,206.3022,182.1674,278.1863,275.7588,290.7256,345.5811,416.4663,458.7805,494.0911,518.1092,557.2153,602.3403,654.5491,645.7942,699.3323,835.9068,821.1556,876.3893,951.1627,969.0861,966.3917,1069.2716,1078.3063,1033.2499,1064.9161,1108.9672,1146.3525,1200.1846,1134.5029,1203.3837,1146.8236,1117.9604,1118.5919,1146.9926,1073.5817,1129.6127,1143.2393,1226.3572,1233.4064,1243.3340,1305.8724,1333.7124,1412.9547,1503.8191,1517.3519,1608.9850,1662.9298,1763.5664,1772.9324,1763.6816,1823.8895,1828.1704,1880.1406,1859.2916,1887.0671,1831.5988,1907.0179,1809.2168,1706.8479,1813.0116,1853.7310,1862.3450,2037.9001,2032.4702,2082.9460,2137.0532,2114.2830,2077.4517,2047.8243,2043.2616,2045.5842,2107.7568,2169.9692,2116.3359,2025.8412,2091.9983,2060.8162,2063.0669,2118.2686,2036.6967,2135.4502,2251.4382,2316.3013,2446.5015,2423.4700,2310.1985,2389.9949,2420.7219,2357.0947,2372.7546,2355.1782,2428.2578,2517.5254,2521.7297,2602.0540,2480.4265,2528.4028,2617.8113,2615.4104,2570.1580,2496.2593,2451.3206,2574.7732,2445.6877,2417.9343,2065.7598,2046.4492,2206.1853,2545.3806,2379.3909,2505.8833,2539.4900,2536.1526,2638.3176,2588.4995,2430.8914,2409.1392,2329.6187,2339.6096,2380.6223,2314.6121,2280.0930,2341.5889,2351.7808,2374.0706,2403.1003,2401.1143,2393.4709,2352.8628,2472.2646,2466.5237,2452.4873,2492.6504,2382.9673,2342.1099,2329.4819,2187.1223,2345.1030,2336.3037,2259.6858,2281.2302,2244.9565,2319.6587,2398.1123,2326.6226,2239.7539,2313.6187,2371.1719,2446.1899,2511.9968,2414.1414,2428.7344,2503.8835,2548.8623,2451.4893,2349.8340,2372.7427,2381.1919,2442.3801,2600.7351,2554.0671,2540.5085,2571.0737,2517.0056,2515.7869,2517.4453,2508.4854,2608.0249,2842.1465,2824.1409,2930.2935,2806.9998,2748.2534,2779.9492,2777.4995,2668.4519,2700.4836,2713.1289,2832.0061,2863.2056,2957.6414,2937.1394,2863.9497,2791.5120,2792.4456,2683.5842,2654.1851,2668.0085,2702.6367,2773.6384,2704.9727,2658.3088,2637.8115,2558.0027,2624.3733,2630.1138,2576.0413,2572.3625,2613.5835,2443.4053,2492.4666,2360.2180,2332.8604,2298.1667,2264.2473,2249.0125,2213.0957,2204.2698,2266.3918,2269.6926,2275.1858,2310.7158,2294.3982,2262.8218,2286.5994,2287.4065,2238.0937,2217.0571,2254.5417,2383.1448,2231.5691,2211.7063,2237.8235,2144.4517,2182.7432,2248.2590,2203.3391,2303.6128,2241.8262,2303.7942,2417.5969,2357.8098,2306.8867,2391.5593,2450.6807,2460.9324,2506.2053,2308.1687,2267.8916,2265.0537,2242.8237,2142.4211,2127.9004,2091.1460,2116.8345,2197.3779,2127.8882,2065.3896,1979.0579,2058.0847,2037.4153,2087.7395,2072.8899,2003.3889,1995.2454,2023.9412,1878.8879,1800.6213,1743.3641,1606.1868,1744.6500,1703.3054,1673.6700,1698.9281,1706.1904,1602.6470,1596.6592,1536.3655,1483.1752,1430.6345,1491.8828,1502.3684,1454.3195,1496.3510,1456.6233,1430.8136,1389.4591,1318.0051,1224.0315,1169.2827,1134.6830,1133.5752,1128.5524,1077.5695,1087.0389,1153.6211,1068.0969,1086.9706,1039.8026,951.3411,982.0021,926.3900,956.7206,962.2617,918.4114,991.4703,945.1079,924.0996,985.2323,953.1174,946.9208,905.7258,874.8428,782.6208,751.5138,712.5177,709.9243,617.7957,596.2237,566.5042,542.0979,522.5209,491.7777,406.5021,456.3453,474.8264,429.1879,457.8511,455.1531,461.4534,453.3155,429.5110,423.4225,407.4659,0.0000,0.0000,0.0000,0.0000,0.0000,0.0000,0.0000,0.0000,0.0000,0.0000,0.0000,0.0000,0.0000,0.0000,0.0000,0.0000,0.0000,0.0000,0.0000,0.0000,0.0000,0.0000,0.0000,0.0000,0.0000,0.0000,0.0000,0.0000,0.0000,0.0000,0.0000,0.0000,0.0000,0.0000,0.0000,0.0000,0.0000,0.0000
0.0000,0.0000,0.0000,0.0000,0.0000,0.0000,0.0000,0.0000,0.0000,0.0000,0.0000,0.0000,0.0000,0.0000,0.0000,0.0000,0.0000,0.0000,0.0000,0.0000,0.0000,0.0000,0.0000,0.0000,0.0000,0.0000,0.0000,0.0000,0.0000,0.0000,0.0000,0.0000,0.0000,0.0000,0.0000,0.0000,0.0000,0.0000,223.3876,242.7996,263.6287,338.9838,351.5731,418.9424,448.1811,490.4846,531.4861,593.4091,595.2544,625.6695,690.4324,697.8846,771.1315,849.1823,875.5129,916.1489,942.4592,970.1188,1003.6730,1047.4471,1042.7761,1156.4913,1113.8635,1074.1945,1159.9520,1178.6631,1116.2130,1191.4618,1175.5367,1195.3800,1119.3983,1196.6044,1192.5367,1146.5487,1179.5039,1177.7865,1213.9125,1282.3040,1270.1112,1367.6877,1438.1245,1476.2971,1575.1504,1601.5220,1621.0055,1720.0979,1801.6478,1831.3833,1873.7561,1824.3258,1835.8711,1946.9526,1901.2839,1850.2562,1767.1649,1720.8159,1745.9279,1844.9357,1903.0239,1951.1469,1961.7806,2107.7380,2092.6133,2094.8433,2091.1436,2033.8925,2057.7151,2205.9517,2113.5847,2114.9438,2088.7720,2052.8008,2050.0601,2089.8601,2005.0129,2109.5803,2109.3335,2206.5056,2258.6863,2287.3948,2303.2805,2420.3533,2394.2637,2373.5415,2305.2046,2345.5063,2346.5867,2416.0767,2470.1765,2528.3787,2442.7798,2592.2612,2488.1060,2608.1755,2632.7502,2648.8408,2661.8884,2732.5615,2511.2285,2492.9631,2388.0747,2437.4336,1844.7511,2549.9685,2163.6597,2034.5098,2315.5959,2484.9409,2630.1531,2476.8613,2491.0398,2596.1440,2559.6426,2441.6663,2397.2334,2288.9346,2386.1375,2383.0935,2427.2874,2422.0168,2305.3013,2346.5574,2358.2683,2424.6641,2542.4800,2460.0654,2377.2620,2586.9182,2525.0498,2402.7576,2407.2468,2307.4744,2378.8293,2377.3896,2367.8936,2332.8594,2317.2498,2259.2717,2350.9529,2307.0767,2272.3457,2186.5166,2261.7412,2318.1033,2366.0928,2365.2583,2445.6809,2423.1853,2465.3906,2508.5928,2494.9468,2524.4382,2496.9604,2526.5803,2583.3999,2499.8418,2483.3464,2585.0049,2522.3259,2520.1177,2548.9216,2406.2295,2493.0134,2559.8701,2580.7292,2728.2051,2763.2566,2744.1177,2847.7515,2831.2659,2709.9409,2699.0642,2761.3916,2796.4033,2804.3933,2765.9905,2827.8069,2763.9578,2885.5632,2876.7217,2766.7881,2845.5149,2826.3518,2843.0383,2957.1733,2734.6262,2689.7920,2674.6477,2606.7869,2659.6045,2643.9705,2527.2468,2621.9631,2662.4038,2620.5879,2616.5044,2541.0220,2409.6575,2465.5613,2483.8796,2457.6895,2342.0945,2305.2068,2324.9204,2329.5200,2273.6389,2244.7715,2190.8726,2212.4863,2262.2065,2363.1941,2405.8474,2270.3623,2295.5854,2315.9985,2278.1667,2217.2053,2305.9268,2246.2529,2345.1978,2348.7544,2243.4973,2223.4531,2183.3933,2175.8728,2246.2751,2268.5610,2256.1287,2332.6121,2390.3230,2419.6138,2401.3906,2444.9194,2489.0959,2431.4385,2428.3521,2259.1226,2220.2622,2218.3936,2144.2073,2161.4971,2208.4187,2134.3035,2082.0972,2114.8975,2049.5950,2036.1738,2066.0322,2042.1859,2103.2627,2173.9009,2074.5198,2050.0327,1984.2770,1861.5308,1843.9587,1763.1301,1730.0953,1720.0818,1722.5880,1727.2393,1696.1671,1633.7313,1567.2772,1559.9827,1540.4948,1504.8267,1444.0470,1510.8712,1433.2120,1510.9233,1526.6202,1463.1423,1431.2845,1344.8054,1275.9175,1245.0543,1210.0236,1135.6447,1174.4843,1150.2354,1138.0934,1112.5699,1079.5134,1104.5366,1098.0251,1052.8408,991.3984,978.9314,991.1436,1042.5303,950.3025,957.6962,952.6758,938.8647,970.2700,994.1910,983.9397,1033.4258,914.3358,901.3460,846.2891,737.8843,713.8806,671.0070,658.7153,638.4467,622.0496,545.5801,550.7224,488.0588,476.8724,395.9175,442.3560,418.6993,507.6252,495.0070,481.2101,477.4144,450.9592,403.3028,382.5833,0.0000,0.0000,0.0000,0.0000,0.0000,0.0000,0.0000,0.0000,0.0000,0.0000,0.0000,0.0000,0.0000,0.0000,0.0000,0.0000,0.0000,0.0000,0.0000,0.0000,0.0000,0.0000,0.0000,0.0000,0.0000,0.0000,0.0000,0.0000,0.0000,0.0000,0.0000,0.0000,0.0000,0.0000,0.0000,0.0000,0.0000,0.0000
0.0000,0.0000,0.0000,0.0000,0.0000,0.0000,0.0000,0.0000,0.0000,0.0000,0.0000,0.0000,0.0000,0.0000,0.0000,0.0000,0.0000,0.0000,0.0000,0.0000,0.0000,0.0000,0.0000,0.0000,0.0000,0.0000,0.0000,0.0000,0.0000,0.0000,0.0000,0.0000,0.0000,0.0000,0.0000,0.0000,0.0000,234.4140,234.7058,266.4705,294.6531,336.4330,348.8633,396.9451,470.2610,490.0438,536.8869,571.5092,645.1985,632.9348,698.7398,714.3431,837.0845,869.5135,949.5110,929.2600,978.3931,1017.0994,1060.4603,1090.3876,1118.9440,1075.6793,1055.8639,1117.3368,1128.0251,1208.4756,1209.2151,1134.2274,1202.1947,1185.9503,1139.6892,1145.2865,1153.5436,1180.1449,1244.2323,1170.7795,1283.0577,1341.9327,1378.2709,1402.9041,1448.1962,1427.3203,1562.6117,1621.7784,1662.8655,1818.4961,1807.3798,1846.0939,1917.2451,1925.5210,1882.2771,1829.3872,1826.6478,1830.0308,1809.3337,1812.4430,1829.0917,1839.5441,2009.1001,2021.0881,1933.0974,2034.9449,2016.3938,2131.4175,2193.7046,2085.5476,2079.8350,2118.5349,2077.1331,2122.9966,2064.6335,2012.4252,2065.6631,2101.2014,2163.4878,2143.0791,2113.7520,2188.1062,2245.6060,2293.6965,2290.3528,2275.4900,2336.4575,2412.7676,2345.7725,2373.5681,2401.4714,2295.2646,2416.3274,2433.1519,2470.1399,2553.0454,2524.8579,2646.4932,2800.4785,2711.0298,2722.6611,2645.7781,2433.9260,2449.1165,2425.1567,2396.8977,2404.3384,1964.2898,1923.4581,2306.0603,2218.2175,2414.8152,2458.1763,2519.1345,2515.5366,2438.2288,2426.4443,2483.7349,2440.0535,2426.7778,2382.9097,2299.7383,2412.7334,2404.1487,2368.0154,2458.4790,2395.2700,2439.3171,2594.9773,2482.4412,2400.5393,2467.5085,2409.7261,2466.4456,2541.1135,2366.9927,2380.1763,2346.0061,2384.8870,2342.7017,2273.3074,2274.0376,2235.5425,2273.2769,2309.8293,2152.2454,2232.1582,2302.3750,2301.1248,2398.8684,2419.2102,2324.9307,2388.5935,2499.3511,2543.6948,2652.4795,2495.2122,2489.3899,2621.8462,2525.1028,2520.2712,2503.9048,2475.1931,2527.0557,2518.1052,2564.0356,2518.8508,2495.4304,2506.5261,2655.7012,2704.1057,2813.3569,2697.0835,2736.2256,2829.0015,2808.2065,2788.1973,2779.8594,2703.5393,2832.1609,2771.2556,2788.3875,2879.6257,2800.5918,2924.1218,2967.3826,2889.7947,2826.3074,2745.6125,2732.6860,2737.8713,2752.9319,2598.9609,2625.9460,2617.6245,2537.1523,2562.7971,2550.1062,2511.5564,2464.4504,2582.0630,2550.3184,2490.6133,2520.0308,2508.8909,2395.2495,2466.7612,2321.2278,2224.1350,2267.4331,2206.9792,2231.2383,2253.0020,2234.1504,2299.7817,2373.5479,2333.8823,2279.9895,2262.7300,2252.6716,2338.4641,2364.8152,2347.5112,2367.6516,2335.8000,2342.8325,2219.8850,2121.9160,2159.4434,2175.1699,2354.8745,2332.9116,2323.9014,2320.3748,2399.0415,2402.7800,2487.0208,2440.4016,2321.2942,2446.1475,2373.4141,2296.9221,2312.8931,2129.1450,2113.0154,2154.2053,2104.0859,2085.6863,2057.7966,2093.7151,2083.9097,2096.3145,2080.7795,2116.0801,2105.2842,2094.9917,2002.5376,2041.7084,1949.9073,1867.5975,1820.5558,1841.9792,1759.4806,1717.9092,1723.1428,1663.7280,1679.9241,1648.9987,1608.1130,1501.4880,1516.1155,1500.6971,1526.2906,1486.0402,1524.1143,1462.6835,1415.4825,1372.6808,1400.5840,1313.3610,1339.8210,1268.8191,1219.5233,1139.6115,1113.0400,1120.9128,1112.1378,1162.9500,1170.3014,1098.8311,1065.6989,1039.9624,1011.3381,950.8498,962.2567,984.8041,1034.0975,1012.8700,1022.2351,977.0518,983.3777,1025.5775,946.7329,949.0695,895.7641,793.7234,739.3611,734.4374,724.7344,664.6169,625.1765,674.9536,594.6720,538.9622,465.2429,486.7219,448.8119,473.1929,475.2498,492.5751,486.4170,475.2201,478.6373,503.2635,441.6689,396.6162,377.9915,0.0000,0.0000,0.0000,0.0000,0.0000,0.0000,0.0000,0.0000,0.0000,0.0000,0.0000,0.0000,0.0000,0.0000,0.0000,0.0000,0.0000,0.0000,0.0000,0.0000,0.0000,0.0000,0.0000,0.0000,0.0000,0.0000,0.0000,0.0000,0.0000,0.0000,0.0000,0.0000,0.0000,0.0000,0.0000,0.0000,0.0000
0.0000,0.0000,0.0000,0.0000,0.0000,0.0000,0.0000,0.0000,0.0000,0.0000,0.0000,0.0000,0.0000,0.0000,0.0000,0.0000,0.0000,0.0000,0.0000,0.0000,0.0000,0.0000,0.0000,0.0000,0.0000,0.0000,0.0000,0.0000,0.0000,0.0000,0.0000,0.0000,0.0000,0.0000,0.0000,0.0000,0.0000,263.4639,259.0899,303.8557,284.2894,293.9777,355.7205,449.3582,520.2109,504.6539,573.1998,618.0498,646.4443,690.2056,738.3204,836.8992,848.5967,910.9529,1005.7519,1049.5221,1024.0865,1044.6259,1043.9850,1064.5161,1096.9055,1057.4897,1078.1178,1157.6593,1149.4536,1151.5012,1148.3872,1142.8333,1151.1061,1154.0841,1118.5276,1163.3062,1137.5811,1222.1116,1250.4210,1262.9121,1316.6431,1351.3845,1323.5076,1425.3058,1513.8488,1597.3306,1627.8582,1649.5935,1752.7772,1810.8058,1821.5947,1852.3717,1795.9519,1881.7153,1918.3198,1896.1624,1942.6982,1851.4429,1801.6130,1985.4586,1951.6387,1924.9193,2013.8739,2008.6927,2043.7635,2115.7583,2121.6060,2085.5984,2175.2517,2090.9385,2105.6926,2063.0637,2144.4663,2100.5391,2086.8000,2142.2000,2100.3572,2090.5427,2071.2512,2062.8569,2122.7729,2224.8169,2144.0049,2310.0713,2326.8074,2304.0303,2398.4231,2329.4658,2300.3025,2327.9072,2300.4856,2288.6526,2386.0261,2423.5923,2502.3887,2633.0937,2614.7063,2695.8032,2704.8518,2761.2144,2735.4014,2630.9966,2520.5374,2451.1006,2399.0754,2470.9795,2452.6465,2208.1514,2264.9978,2243.8225,2706.7522,2572.0120,2454.4492,2544.3713,2587.8225,2531.8005,2524.0635,2449.8696,2377.8052,2440.8367,2411.4167,2390.5535,2426.0859,2400.0471,2445.3469,2426.4951,2443.2278,2450.0671,2374.5010,2353.5852,2419.9973,2453.7424,2493.7524,2422.5625,2422.1814,2503.0283,2514.7729,2309.2981,2283.6372,2282.2842,2354.0771,2432.9536,2268.8582,2249.9592,2178.8167,2124.7397,2282.0588,2324.0537,2281.6260,2310.3491,2334.0732,2459.0129,2487.9385,2508.1345,2531.9780,2631.2690,2603.2053,2504.5320,2589.8379,2633.8489,2629.5125,2643.6177,2580.6272,2524.3469,2420.0881,2479.0154,2546.9644,2546.1572,2579.7920,2538.3071,2710.3896,2842.6040,2734.8958,2837.9341,2812.1663,2769.8752,2916.0527,2850.7227,2732.5830,2822.3220,2815.3940,2865.9224,2858.2126,2786.3193,2884.0703,2886.9534,2864.7175,2811.4412,2719.5906,2722.3035,2740.0378,2695.9780,2708.8879,2570.8000,2448.7373,2490.1926,2459.9897,2542.9480,2618.1873,2510.9905,2535.2454,2626.4214,2596.6323,2556.6797,2492.6785,2431.0337,2458.0391,2481.5466,2320.3416,2283.8633,2169.9546,2300.0906,2290.8486,2257.3579,2268.1802,2292.2869,2319.4919,2369.4597,2335.8396,2348.4165,2284.0613,2287.7993,2393.1270,2384.8464,2349.5464,2345.8374,2213.6606,2253.8687,2286.7100,2264.9033,2315.4448,2408.5718,2291.3142,2429.9937,2337.7615,2396.9033,2433.8347,2441.0996,2478.4333,2503.6155,2377.8511,2353.2849,2284.3877,2133.0051,2133.2344,2120.0986,2143.7158,2233.6455,2150.2070,2096.6841,2094.4741,2129.0312,2052.8926,2118.7305,2082.4319,2129.0493,2039.9781,2082.9951,1984.0743,1848.4401,1836.8401,1728.3427,1700.2155,1777.7212,1701.7200,1690.9371,1708.0579,1633.4713,1592.7855,1494.8109,1432.9529,1451.7096,1532.3770,1498.8293,1495.9913,1416.2246,1393.2072,1384.9355,1398.5198,1367.5072,1254.7592,1190.0284,1168.3319,1166.9919,1206.9937,1138.8445,1113.9006,1192.6576,1183.8767,1113.3695,1118.4221,1084.9755,988.2254,1023.3499,1028.2603,982.4462,1000.1168,985.9616,1003.8080,990.1728,954.3203,1002.1961,922.7090,943.4216,926.7330,854.4558,775.5661,766.7087,746.5331,699.5466,675.8313,612.9608,539.9100,539.5489,534.3182,457.2401,466.0825,446.9928,449.3045,445.1701,433.8601,431.6653,444.6631,413.4630,394.7451,378.2997,396.1257,0.0000,0.0000,0.0000,0.0000,0.0000,0.0000,0.0000,0.0000,0.0000,0.0000,0.0000,0.0000,0.0000,0.0000,0.0000,0.0000,0.0000,0.0000,0.0000,0.0000,0.0000,0.0000,0.0000,0.0000,0.0000,0.0000,0.0000,0.0000,0.0000,0.0000,0.0000,0.0000,0.0000,0.0000,0.0000,0.0000,0.0000
0.0000,0.0000,0.0000,0.0000,0.0000,0.0000,0.0000,0.0000,0.0000,0.0000,0.0000,0.0000,0.0000,0.0000,0.0000,0.0000,0.0000,0.0000,0.0000,0.0000,0.0000,0.0000,0.0000,0.0000,0.0000,0.0000,0.0000,0.0000,0.0000,0.0000,0.0000,0.0000,0.0000,0.0000,0.0000,0.0000,210.0813,212.2287,292.2529,293.3928,327.0616,396.2370,395.1279,468.0431,484.1799,522.0696,559.4148,631.1824,705.8816,714.1198,763.8203,877.1602,912.9614,972.9119,1031.7217,1004.4596,1045.8840,1089.1558,1086.8058,1113.7518,1128.8857,1142.0671,1178.8494,1180.2283,1093.6155,1140.4681,1188.6908,1118.8804,1130.9602,1125.8845,1158.8829,1163.0883,1222.6013,1261.1151,1298.8779,1254.7571,1324.4990,1419.7264,1473.1666,1418.7465,1510.9392,1620.6368,1675.3545,1720.1091,1744.5652,1678.5648,1837.7147,1914.1807,1870.8309,1967.6025,1966.5558,1856.8427,1951.6121,1895.6639,1836.2061,1889.3722,1932.8807,2050.0547,2094.6272,2051.3989,2070.5159,2036.7852,2102.0125,2112.3120,2089.8042,2113.2759,2095.2000,2082.9133,2173.1040,2132.8762,2105.4141,2120.7590,2045.7644,2086.5317,2116.3010,2002.8184,2108.3918,2198.2517,2208.2185,2255.3086,2235.6309,2258.0383,2298.3999,2348.7478,2290.0872,2251.8115,2261.7385,2327.3359,2423.4946,2474.6509,2532.6138,2498.7258,2608.9731,2628.1211,2697.5840,2738.8142,2694.2571,2648.8899,2748.7817,2527.5737,2389.1453,2340.9534,2318.0903,2551.1316,2527.5095,2582.8362,2577.4531,2550.0776,2585.4675,2629.0193,2530.1709,2455.4949,2462.5454,2442.7456,2542.6055,2448.6631,2412.9023,2494.8625,2492.8616,2550.2893,2460.8171,2422.7368,2459.5322,2423.3857,2392.8625,2454.8049,2410.9802,2507.4104,2575.9775,2458.6123,2426.0195,2510.4724,2396.7861,2476.8018,2471.2847,2353.6431,2369.4460,2361.1482,2286.4321,2271.0562,2199.8306,2132.0691,2262.5740,2373.3848,2389.6487,2385.0786,2322.3474,2373.6753,2501.1958,2497.9282,2446.8042,2422.3733,2586.1213,2627.4761,2706.7502,2719.5315,2628.5115,2571.4409,2603.8987,2549.2815,2468.6365,2481.5889,2438.6523,2596.1787,2658.2571,2566.2742,2659.6914,2628.6072,2687.4314,2817.3533,2890.7207,2822.0381,2826.4053,2827.0835,2935.6294,2902.7705,2820.3572,2763.4143,2735.0740,2876.3601,2835.4958,2790.4001,2822.4590,2800.1514,2802.2275,2873.0117,2744.6389,2566.2139,2585.6611,2500.0791,2498.0718,2542.1216,2484.9050,2591.3899,2577.3496,2520.4866,2497.5574,2484.1501,2433.0161,2524.8396,2567.3049,2582.5684,2520.4941,2409.7000,2482.5320,2328.7559,2265.9956,2214.9502,2233.4280,2290.3120,2328.9873,2303.4805,2296.8979,2331.9519,2374.2112,2443.2109,2297.1543,2316.6951,2368.5981,2385.8792,2486.1904,2444.8425,2262.4333,2230.4788,2295.3352,2289.3735,2375.8997,2352.6221,2292.3982,2339.8132,2396.3660,2482.4729,2438.0615,2408.7078,2489.8315,2527.7583,2498.5774,2436.1089,2272.4731,2281.8386,2223.6545,2214.2178,2272.2000,2101.2395,2159.5720,2172.4783,2046.8318,2045.2234,2022.9238,2043.1934,2134.5862,2224.5847,2111.7961,2049.1472,1960.8907,1802.3223,1796.6049,1804.6757,1700.2260,1809.8054,1732.9800,1746.6130,1673.0513,1594.0673,1573.2020,1521.5729,1490.0507,1529.3900,1533.5487,1486.1808,1432.5527,1473.1738,1445.6827,1375.5638,1343.9772,1331.3188,1260.2451,1286.6167,1241.2544,1200.3412,1242.5587,1218.8676,1152.6525,1111.0586,1141.8105,1150.9553,1184.4159,1124.8124,1057.7698,1088.4452,1066.5670,1039.8186,1005.4737,978.2903,1020.1589,985.5675,995.8535,973.7167,988.3199,999.0355,954.4031,898.8093,853.7620,758.0729,736.1503,699.2945,696.6434,686.4316,600.3237,584.4545,506.9856,518.9335,459.3916,437.7033,461.2873,436.4314,481.3668,496.0153,480.8123,482.4619,403.3660,409.3045,365.6944,368.0814,0.0000,0.0000,0.0000,0.0000,0.0000,0.0000,0.0000,0.0000,0.0000,0.0000,0.0000,0.0000,0.0000,0.0000,0.0000,0.0000,0.0000,0.0000,0.0000,0.0000,0.0000,0.0000,0.0000,0.0000,0.0000,0.0000,0.0000,0.0000,0.0000,0.0000,0.0000,0.0000,0.0000,0.0000,0.0000,0.0000
0.0000,0.0000,0.0000,0.0000,0.0000,0.0000,0.0000,0.0000,0.0000,0.0000,0.0000,0.0000,0.0000,0.0000,0.0000,0.0000,0.0000,0.0000,0.0000,0.0000,0.0000,0.0000,0.0000,0.0000,0.0000,0.0000,0.0000,0.0000,0.0000,0.0000,0.0000,0.0000,0.0000,0.0000,0.0000,0.0000,189.4174,234.7344,242.6629,335.6892,329.8003,363.3270,395.2514,436.3680,524.9359,543.9214,517.4673,553.7340,692.2540,802.4696,794.9747,926.9586,956.2962,980.5016,1018.8285,1035.4117,1044.0685,1095.9639,1120.9474,1125.9841,1103.7111,1073.5339,1100.1389,1137.6198,1145.3632,1098.9982,1117.6718,1141.9895,1183.4030,1142.9031,1150.2236,1188.4764,1179.9310,1207.0228,1298.6608,1327.3333,1356.7319,1385.3868,1497.9761,1512.0770,1570.7847,1592.4792,1651.2705,1760.5299,1781.2533,1757.8875,1885.2336,1889.7313,1963.6827,1990.3306,1918.8555,1862.2141,1844.9075,1865.9490,2003.2906,1968.0132,2018.1616,2104.1890,2077.5796,2108.8899,2097.3652,2052.3020,2121.0979,2175.1467,2192.2568,2264.2371,2190.4712,2100.4563,2141.0259,2092.1599,2065.4009,2080.9907,2040.5692,2133.9143,2115.1997,2142.8750,2203.5513,2183.5229,2187.0022,2187.9417,2194.3904,2242.1626,2239.8411,2278.7014,2318.6882,2292.7769,2281.3540,2330.1074,2361.4819,2443.2024,2498.2776,2496.8372,2632.1858,2644.6963,2767.2983,2904.0044,2693.3733,2591.1843,2655.0647,2558.5483,2503.8638,2462.3567,2413.8923,2426.5649,2629.7603,2655.9995,2578.9722,2585.9377,2508.4158,2609.2202,2594.1150,2606.0593,2423.3259,2479.9614,2540.7405,2495.2366,2503.8806,2466.5789,2428.6008,2505.3398,2479.7175,2465.6169,2538.3049,2378.1013,2451.6150,2536.8020,2421.8535,2402.3000,2418.2195,2401.8467,2511.9302,2513.6064,2480.5547,2405.7559,2364.2747,2415.7463,2358.0813,2317.3120,2222.3813,2211.5566,2253.8088,2338.0381,2249.8577,2282.3057,2351.2944,2288.8992,2348.7029,2320.6011,2295.9595,2416.5364,2470.2434,2497.5044,2615.2263,2633.1704,2620.6536,2755.0085,2649.3240,2621.9417,2549.4922,2450.1504,2524.3569,2541.8452,2515.1611,2566.9082,2496.5957,2514.5625,2502.5593,2599.1650,2718.7412,2705.1929,2933.0024,3050.4888,2906.2959,2902.2429,2868.0576,2808.3916,2870.6816,2770.3494,2671.0378,2790.2019,2814.7686,2848.6289,2895.5256,2788.9207,2714.9951,2757.9648,2704.1389,2565.6899,2517.3574,2459.0942,2503.1716,2550.9980,2500.8054,2494.0837,2513.9839,2427.7288,2473.8865,2530.4729,2592.9468,2533.3591,2592.5999,2646.8669,2564.9546,2485.1121,2394.3821,2305.4653,2337.8313,2346.3955,2301.5916,2351.1970,2264.2314,2306.8210,2411.4800,2320.6741,2321.6611,2358.0251,2335.4153,2418.8818,2384.5999,2432.3108,2422.2219,2427.8730,2320.5710,2266.1340,2245.8435,2259.5095,2328.6714,2393.9612,2414.2268,2316.5095,2408.1589,2418.8508,2385.6663,2495.0571,2466.6069,2469.8464,2624.6235,2495.1328,2371.2712,2357.6985,2215.5098,2296.2051,2328.3328,2221.5613,2149.1453,2173.9238,2139.7100,2164.2209,2082.1235,2099.9187,2079.7820,2081.5747,2076.3484,2065.1582,1994.0593,1870.3853,1858.8381,1825.3101,1810.6862,1736.1938,1728.7537,1706.2944,1708.8785,1701.7709,1609.5730,1506.7078,1549.7990,1543.9104,1460.8490,1497.3793,1367.1492,1401.5444,1425.1323,1344.7783,1315.1418,1305.5591,1289.1445,1275.7799,1302.4224,1214.5194,1191.9856,1193.6331,1190.7574,1202.8168,1185.2833,1183.4373,1149.0608,1162.1073,1117.1821,1047.9114,1052.2506,1004.9465,1060.5052,1067.9391,1013.1825,998.2978,992.0491,1016.3478,894.6756,954.9841,925.4786,855.9861,864.1641,778.5916,773.4130,781.9802,736.2118,675.3501,650.9484,596.6781,589.5638,531.0944,451.6231,402.9809,463.4673,453.7640,461.2596,448.8781,469.6830,423.9608,473.1535,403.8092,415.4060,405.0117,0.0000,0.0000,0.0000,0.0000,0.0000,0.0000,0.0000,0.0000,0.0000,0.0000,0.0000,0.0000,0.0000,0.0000,0.0000,0.0000,0.0000,0.0000,0.0000,0.0000,0.0000,0.0000,0.0000,0.0000,0.0000,0.0000,0.0000,0.0000,0.0000,0.0000,0.0000,0.0000,0.0000,0.0000,0.0000,0.0000
0.0000,0.0000,0.0000,0.0000,0.0000,0.0000,0.0000,0.0000,0.0000,0.0000,0.0000,0.0000,0.0000,0.0000,0.0000,0.0000,0.0000,0.0000,0.0000,0.0000,0.0000,0.0000,0.0000,0.0000,0.0000,0.0000,0.0000,0.0000,0.0000,0.0000,0.0000,0.0000,0.0000,0.0000,0.0000,161.9565,259.1536,220.3827,315.3772,310.9157,315.6284,383.3476,417.6799,464.6748,522.8684,594.9501,612.0142,703.1304,745.9888,730.5958,893.4429,882.1871,954.2224,1028.5962,1070.8544,1081.2682,1095.6501,1067.6604,1101.3330,1109.1292,1184.5278,1156.0620,1097.3325,1122.2054,1177.2231,1135.5463,1142.5723,1150.0874,1122.0995,1119.4091,1187.8459,1220.7435,1270.9076,1247.4062,1314.8196,1419.7219,1412.5085,1415.9553,1435.6555,1547.3926,1637.5016,1655.0099,1763.8784,1726.7990,1791.7125,1871.4523,1920.6351,1948.3698,1910.0793,1918.2534,1958.7777,1941.1224,1952.6849,1992.8594,2038.1467,2031.8534,2098.0388,2077.5894,2007.2036,2068.7534,2135.0173,2186.5049,2211.5271,2201.1143,2230.1335,2282.8333,2221.1079,2084.8025,2062.8813,2029.1310,2062.1946,2165.1702,2130.3059,2122.5266,2071.1799,2186.7346,2183.2825,2197.7510,2213.9097,2197.1245,2263.9380,2356.3296,2275.2361,2301.9956,2252.8687,2228.3032,2300.1665,2393.2561,2387.9980,2466.4209,2449.8333,2571.5962,2731.2659,2669.3845,2681.9766,2722.7532,2699.8057,2684.5283,2655.4277,2557.6145,2549.1357,2569.2703,2589.4363,2561.0830,2491.6008,2587.1497,2535.5627,2630.6328,2685.4412,2590.5891,2687.8047,2673.9907,2512.6497,2513.3262,2533.2932,2437.0901,2541.4165,2497.4883,2481.7620,2553.7588,2500.7185,2558.8743,2583.8328,2461.2417,2420.5388,2480.9766,2446.6367,2553.1326,2466.4370,2466.3396,2451.1353,2475.3506,2526.5327,2374.9463,2350.6545,2397.3545,2336.5955,2402.6699,2412.6316,2227.0884,2334.9412,2341.4067,2279.1064,2296.9558,2303.7388,2224.3484,2341.0110,2340.2952,2435.2043,2404.5474,2330.6531,2437.1304,2583.8057,2615.7693,2617.6323,2580.6370,2598.3870,2680.7866,2559.0808,2576.3394,2488.0232,2548.8284,2528.7417,2556.5830,2539.3350,2602.8596,2488.8530,2660.8694,2829.8411,2872.2244,2910.4204,2915.7024,2886.6426,2998.1038,2923.7256,2781.8296,2833.1394,2802.7349,2802.3391,2785.3386,2724.3484,2756.3250,2795.0652,2792.2502,2768.8647,2737.9407,2700.5361,2573.3162,2562.0393,2558.3210,2443.4731,2498.9031,2570.2573,2497.3877,2490.3828,2522.4124,2456.2891,2524.3645,2587.9600,2495.3833,2581.3242,2550.4961,2540.9490,2631.9553,2551.1887,2470.0281,2421.1965,2378.8962,2353.6091,2358.7500,2287.9595,2297.9961,2347.1267,2362.1018,2451.1909,2350.7612,2338.4675,2363.0281,2432.7297,2492.3484,2419.5781,2389.1580,2369.4822,2331.5947,2387.7808,2388.7590,2283.0791,2353.0959,2441.8660,2404.3955,2346.7363,2352.4705,2374.1990,2526.9077,2586.9031,2539.9648,2618.9705,2485.4229,2418.1204,2431.3657,2398.0076,2365.4692,2293.1357,2343.9263,2343.2881,2273.7642,2146.7888,2075.8486,2049.6614,2133.2415,2089.8467,2085.0681,2134.6519,2099.8574,2072.0916,2057.3342,1950.1877,1837.4966,1791.2736,1788.5836,1782.9553,1735.4388,1704.1434,1673.0981,1619.6687,1606.9387,1506.5942,1467.5779,1473.1187,1453.4800,1429.3196,1421.0751,1375.5948,1357.0724,1349.5216,1324.2864,1282.3102,1226.3894,1258.5403,1285.9310,1175.9790,1247.7155,1225.3588,1249.5387,1252.6512,1234.1348,1191.0225,1101.0970,1126.7928,1067.4176,1132.8103,1087.9055,1006.8818,1049.0276,961.8079,959.1362,989.5178,927.9314,902.1740,933.7435,954.3882,911.6226,807.8215,817.1910,772.1214,773.9207,714.6146,690.3364,657.2642,622.6788,584.1118,489.6231,479.4737,458.6721,465.0872,472.5406,432.4908,493.2090,453.9724,421.7528,444.4642,425.1974,400.8647,410.9905,414.4575,0.0000,0.0000,0.0000,0.0000,0.0000,0.0000,0.0000,0.0000,0.0000,0.0000,0.0000,0.0000,0.0000,0.0000,0.0000,0.0000,0.0000,0.0000,0.0000,0.0000,0.0000,0.0000,0.0000,0.0000,0.0000,0.0000,0.0000,0.0000,0.0000,0.0000,0.0000,0.0000,0.0000,0.0000,0.0000
0.0000,0.0000,0.0000,0.0000,0.0000,0.0000,0.0000,0.0000,0.0000,0.0000,0.0000,0.0000,0.0000,0.0000,0.0000,0.0000,0.0000,0.0000,0.0000,0.0000,0.0000,0.0000,0.0000,0.0000,0.0000,0.0000,0.0000,0.0000,0.0000,0.0000,0.0000,0.0000,0.0000,0.0000,0.0000,209.3960,196.8808,267.2838,272.9600,306.3700,355.8125,387.0885,447.4536,484.9597,518.5662,549.0289,641.2304,663.8113,724.5118,793.0820,855.1425,888.8425,1004.3022,997.2556,1029.4832,1053.4957,1111.4852,1082.4513,1184.6846,1085.9779,1118.6011,1112.3728,1053.3696,1104.7178,1063.5654,1065.9025,1082.4347,1108.7367,1138.7098,1134.7925,1121.1636,1233.4388,1261.2812,1314.4221,1316.0349,1318.9008,1385.5176,1463.0537,1523.6016,1609.4214,1687.9468,1687.4956,1790.4968,1750.1398,1766.3134,1844.5131,1875.5288,2009.1421,2027.8040,1882.3959,1952.9822,1935.4985,1929.0699,2035.4269,2015.7615,1993.1731,2011.1875,2077.7603,2134.3953,2120.5811,2166.5386,2252.9622,2219.6204,2278.2058,2217.7881,2150.2527,2159.6599,2118.8013,2096.2859,2121.2925,2065.9839,2096.4004,2075.7444,2079.6125,2176.6389,2178.0671,2229.5461,2313.7810,2299.5608,2226.2771,2290.4338,2221.7798,2196.2070,2227.0586,2274.0864,2232.7341,2347.4143,2448.8162,2492.7708,2493.4285,2431.7825,2508.6279,2613.0676,2701.4563,2658.3369,2583.0674,2666.9363,2639.0347,2718.1011,2775.6758,2605.0029,2544.3462,2593.9734,2553.1067,2660.5476,2671.2344,2568.1775,2750.2795,2754.5618,2679.7002,2669.3015,2606.4236,2543.5374,2586.7112,2628.0486,2545.4951,2536.5750,2448.0940,2539.2527,2616.2886,2474.2712,2449.2190,2435.6956,2524.9304,2582.8938,2565.7607,2522.3247,2441.3745,2484.1301,2499.2227,2439.8657,2390.5032,2398.5317,2367.6460,2458.1353,2495.7434,2369.2161,2331.7847,2310.3096,2271.0015,2315.7407,2291.2859,2293.3708,2363.3999,2295.3577,2328.1616,2313.8330,2238.5798,2268.7805,2288.2673,2303.8970,2359.8022,2438.6277,2594.1846,2583.3835,2584.5469,2584.6614,2508.3674,2553.4585,2610.0317,2521.0937,2526.8169,2541.3970,2522.5193,2682.0337,2630.1812,2576.3816,2602.5828,2722.5002,2794.1602,2893.8608,2936.1831,2960.1982,2961.5803,2947.5369,2934.2227,2799.5586,2665.9202,2644.7053,2735.1545,2795.5408,2833.9558,2695.5515,2754.9792,2812.3918,2775.6182,2706.0100,2537.3206,2452.2981,2572.6169,2503.0686,2580.8809,2553.7361,2449.2766,2524.7976,2522.2385,2448.2651,2437.5178,2389.7629,2484.3518,2638.0796,2596.2312,2578.9812,2564.2107,2579.4099,2542.1064,2501.4783,2400.7253,2305.5452,2283.6985,2348.6975,2411.7451,2336.6401,2318.7520,2396.3225,2414.4927,2377.7153,2310.2070,2354.8342,2402.0315,2400.7314,2462.7603,2413.5283,2354.4231,2349.4373,2332.7744,2300.3560,2401.1919,2340.9575,2341.3582,2393.1223,2441.1091,2461.2417,2529.0393,2505.0427,2520.6191,2544.1794,2533.6379,2524.6245,2475.1516,2547.7180,2475.9666,2418.3879,2372.3428,2289.0310,2236.7971,2220.2317,2118.0405,2065.2190,2118.5566,2048.3987,2166.8123,2144.2290,2045.0458,2038.7377,2052.7854,1957.2672,1846.9258,1752.1517,1735.8103,1734.6351,1741.5315,1685.0658,1636.9862,1592.0795,1570.1840,1530.5662,1496.0696,1450.9125,1336.5474,1399.1925,1411.3560,1359.9401,1362.9364,1329.3925,1278.0244,1336.2151,1294.9469,1276.1177,1272.0692,1265.1433,1308.3749,1345.9475,1229.7292,1212.0914,1233.2122,1237.7786,1270.9099,1153.5602,1091.3839,1131.5081,1051.1637,1017.9293,1013.3388,990.8058,944.9536,976.5643,937.1086,946.1396,885.7266,931.5438,923.9893,848.9738,858.6055,810.7538,788.0339,758.0257,708.0654,689.2706,633.5087,590.5916,523.1655,515.0102,481.3148,442.7469,459.9187,491.2857,473.0957,493.1011,480.8772,450.7453,441.3475,439.2634,367.1857,438.1284,0.0000,0.0000,0.0000,0.0000,0.0000,0.0000,0.0000,0.0000,0.0000,0.0000,0.0000,0.0000,0.0000,0.0000,0.0000,0.0000,0.0000,0.0000,0.0000,0.0000,0.0000,0.0000,0.0000,0.0000,0.0000,0.0000,0.0000,0.0000,0.0000,0.0000,0.0000,0.0000,0.0000,0.0000,0.0000
0.0000,0.0000,0.0000,0.0000,0.0000,0.0000,0.0000,0.0000,0.0000,0.0000,0.0000,0.0000,0.0000,0.0000,0.0000,0.0000,0.0000,0.0000,0.0000,0.0000,0.0000,0.0000,0.0000,0.0000,0.0000,0.0000,0.0000,0.0000,0.0000,0.0000,0.0000,0.0000,0.0000,0.0000,0.0000,244.0032,273.6131,269.2090,314.3618,368.3229,357.9196,414.0117,452.9358,523.8306,559.9527,612.9269,658.1597,716.2795,774.8960,848.6935,860.0891,919.7700,960.5973,1006.9019,1077.8729,1076.2787,1084.9907,1151.7784,1155.4867,1102.4196,1154.6721,1085.3892,1131.3663,1071.8986,1064.7416,1096.7274,1078.5768,1126.4388,1164.4017,1165.8815,1203.2535,1216.5764,1248.2512,1332.9127,1365.9352,1405.6685,1465.5602,1523.2981,1612.0173,1757.3832,1669.1785,1678.6937,1732.5664,1766.0316,1892.2593,1942.4454,1935.0587,2039.8906,2010.8007,1968.7784,1950.2548,1904.6024,1903.8728,1995.0670,2077.4458,2169.8088,2141.3125,2114.3357,2248.3291,2236.1948,2326.6829,2239.1909,2188.3347,2359.2549,2273.2231,2235.4919,2240.3000,2053.9807,2063.1028,2111.2024,2054.0063,2074.1492,2099.3262,2059.7859,2249.8997,2372.8303,2323.0835,2293.1191,2270.5554,2212.3083,2283.4336,2269.4153,2335.3193,2268.4360,2354.3391,2480.2166,2442.1829,2441.9822,2436.6565,2464.5959,2560.9641,2575.8428,2478.9685,2668.7842,2580.9441,2660.6814,2717.5828,2584.8154,2600.8364,2658.1001,2641.8579,2652.8025,2697.7070,2621.0605,2688.9121,2755.4980,2625.9548,2694.2939,2674.1870,2718.6748,2742.3350,2713.7031,2703.2507,2624.7637,2606.8582,2658.0525,2550.0623,2599.0759,2512.6602,2473.4314,2576.1384,2551.2722,2560.8704,2593.6538,2571.2903,2535.9612,2628.7407,2467.9177,2413.9836,2442.0208,2447.5854,2468.0669,2393.8572,2299.9897,2472.3882,2409.9910,2349.5444,2336.8611,2277.8779,2281.3848,2345.3049,2395.0730,2375.2632,2302.7673,2189.7024,2264.0872,2247.1023,2300.6003,2247.4187,2185.7449,2305.6150,2411.4810,2525.4619,2585.8943,2488.0767,2469.8708,2533.9287,2471.7080,2458.7520,2568.5891,2570.9409,2746.1016,2673.6902,2604.9546,2589.9375,2569.9612,2597.3235,2695.4529,2735.0378,2836.9175,2942.6621,2995.2703,3092.4941,2899.4656,2794.4675,2754.0039,2662.4265,2821.1780,2748.2395,2740.3101,2836.1597,2773.6611,2769.6377,2777.3323,2660.2495,2658.0435,2661.1023,2582.1641,2616.3201,2631.4021,2574.5305,2619.2424,2560.7974,2490.8066,2444.6311,2431.6658,2441.5374,2422.5242,2508.1558,2507.5005,2541.5637,2639.2510,2699.3501,2535.4622,2513.2251,2476.5549,2460.9395,2479.4697,2449.8921,2356.2539,2387.9246,2342.9448,2322.0608,2441.8452,2317.2205,2329.5256,2360.9009,2381.2986,2397.4202,2387.8782,2351.8611,2496.5750,2484.8159,2415.8152,2344.4512,2296.4768,2334.7839,2443.7122,2482.5728,2471.1895,2331.2854,2372.3828,2462.3774,2453.1978,2531.4270,2568.1267,2574.4917,2657.0178,2710.7227,2577.9124,2544.8855,2471.1636,2431.8381,2469.3367,2364.7463,2276.3052,2221.2151,2151.9644,2144.7925,2128.6348,2112.0308,2064.6721,2119.3823,2116.8374,2109.8823,2049.3118,1959.5740,1976.5659,1895.4005,1845.4192,1718.0736,1688.1846,1670.6412,1675.5458,1646.7655,1589.1014,1518.1171,1510.1176,1483.5106,1387.0356,1376.6102,1350.4650,1384.1614,1370.3480,1388.7031,1334.7533,1349.6703,1345.4135,1329.1924,1328.0688,1285.8962,1280.3744,1293.0181,1298.3190,1278.8612,1240.9023,1243.9816,1202.1044,1221.8796,1174.3118,1067.5519,1066.9061,1084.8215,1049.6003,1063.6544,978.3375,926.8105,929.0902,925.8350,954.4909,950.7318,850.5383,853.3980,887.9717,813.5704,822.5698,771.6974,702.5950,704.1166,679.6607,613.6091,583.4756,558.7411,520.5225,486.9021,484.8468,499.4312,512.0369,497.0633,494.9190,488.6831,502.1591,482.6507,425.0444,473.5262,0.0000,0.0000,0.0000,0.0000,0.0000,0.0000,0.0000,0.0000,0.0000,0.0000,0.0000,0.0000,0.0000,0.0000,0.0000,0.0000,0.0000,0.0000,0.0000,0.0000,0.0000,0.0000,0.0000,0.0000,0.0000,0.0000,0.0000,0.0000,0.0000,0.0000,0.0000,0.0000,0.0000,0.0000,0.0000
0.0000,0.0000,0.0000,0.0000,0.0000,0.0000,0.0000,0.0000,0.0000,0.0000,0.0000,0.0000,0.0000,0.0000,0.0000,0.0000,0.0000,0.0000,0.0000,0.0000,0.0000,0.0000,0.0000,0.0000,0.0000,0.0000,0.0000,0.0000,0.0000,0.0000,0.0000,0.0000,0.0000,0.0000,188.8031,213.2055,271.5860,279.3600,332.6143,338.1148,384.6484,407.7910,462.1018,540.1961,578.3555,659.2055,724.9640,731.5247,821.9048,833.1475,856.7977,911.0391,959.2543,965.9579,1058.5131,1069.9763,1153.6040,1091.1769,1067.1846,1094.7970,1110.9574,1158.3003,1078.9812,1025.7906,1067.2102,1175.3196,1110.3842,1092.4489,1090.4323,1090.3787,1187.6390,1234.1304,1296.4919,1371.9813,1368.2662,1402.2604,1541.9211,1521.1088,1544.3219,1638.5773,1696.5073,1748.5546,1791.9637,1833.3282,1898.0057,1942.5264,1971.4646,1969.5166,1869.3890,1872.8190,1913.0944,2008.8804,2071.1230,2005.5317,2108.6226,2069.5950,2114.6594,2224.4993,2225.5198,2269.6157,2327.6636,2341.9871,2369.6521,2343.7295,2222.8660,2215.7922,2198.9912,2057.0120,2007.7374,1991.0745,1996.6820,2159.2634,2167.5161,2194.7761,2202.7202,2284.6614,2321.7134,2293.0088,2222.3816,2267.2092,2245.0461,2333.7368,2425.8081,2252.8020,2316.5596,2358.6667,2366.5149,2513.0591,2487.1182,2433.1565,2549.0500,2528.5020,2566.0710,2609.5439,2506.7483,2504.9243,2616.4080,2607.7075,2636.9211,2615.0176,2666.1323,2757.2136,2824.3562,2771.1628,2731.9331,2697.8684,2695.6521,2710.2024,2806.3430,2847.1060,2735.5259,2815.5662,2834.4517,2636.1531,2583.7866,2498.5515,2488.1787,2626.3618,2593.8462,2602.6697,2567.0574,2552.7463,2579.8542,2674.1709,2557.9019,2452.5762,2493.5449,2535.6091,2498.6785,2477.6147,2403.4685,2408.2595,2423.7539,2388.8516,2374.9160,2333.4856,2344.5864,2368.4141,2333.3320,2394.0361,2267.3689,2246.0139,2257.1985,2202.3059,2229.4072,2244.5176,2198.6436,2333.8242,2329.1558,2264.7415,2336.9387,2295.4978,2443.2759,2541.5239,2454.2642,2375.2769,2411.0149,2440.9512,2534.7073,2554.4817,2524.8879,2606.5613,2609.0012,2695.8025,2603.3005,2574.2012,2673.8440,2746.3945,2913.3206,3003.0396,2787.3999,2888.0984,2896.7251,2813.0000,2805.1357,2758.2234,2670.9233,2747.7664,2850.4985,2706.6021,2723.9050,2671.5374,2659.0950,2760.4888,2709.5713,2695.0796,2615.0073,2534.9832,2653.1404,2642.5515,2559.1460,2497.4844,2460.3997,2457.2219,2453.0461,2452.0066,2467.4114,2412.6702,2465.2290,2547.3181,2496.1479,2500.5312,2558.1853,2514.3599,2674.7053,2529.9629,2454.4309,2496.0854,2376.9741,2354.6821,2415.9219,2289.2061,2306.8762,2351.4202,2355.8354,2446.4763,2372.1072,2317.3347,2275.5266,2309.0386,2389.5361,2397.2356,2436.1189,2502.6824,2447.4673,2393.8367,2423.8767,2347.8723,2469.3591,2467.7561,2349.5112,2423.7268,2412.9768,2415.3589,2654.9165,2602.6333,2593.8054,2646.4939,2650.0496,2569.4658,2638.2224,2474.4880,2513.2712,2480.5090,2456.5347,2438.6814,2227.9563,2155.9680,2142.3848,2059.1453,2156.8186,2134.1338,2090.8208,2166.9475,2141.5500,2117.6277,1969.9922,1854.3566,1943.6876,1827.5621,1765.9631,1740.0500,1699.5815,1665.3781,1711.3550,1628.8270,1473.8036,1505.6520,1364.1375,1329.9933,1391.8668,1347.7535,1420.4281,1375.3020,1360.0757,1344.8728,1349.7729,1323.2775,1260.6053,1251.1748,1301.1615,1339.7036,1324.3705,1373.1466,1285.1028,1305.8965,1284.2673,1186.3063,1165.3099,1106.8700,1082.2760,1119.1920,1033.0702,981.9303,1026.2167,967.3513,952.8578,935.5287,886.4565,873.3803,956.4381,933.6407,896.3154,893.9737,820.7349,819.9736,789.7147,725.3304,704.5245,652.3647,634.4440,559.6779,574.3777,495.0337,470.1997,487.9688,470.8970,499.2578,492.1418,500.2493,481.4692,486.2377,472.1668,453.0628,467.5203,449.6144,0.0000,0.0000,0.0000,0.0000,0.0000,0.0000,0.0000,0.0000,0.0000,0.0000,0.0000,0.0000,0.0000,0.0000,0.0000,0.0000,0.0000,0.0000,0.0000,0.0000,0.0000,0.0000,0.0000,0.0000,0.0000,0.0000,0.0000,0.0000,0.0000,0.0000,0.0000,0.0000,0.0000,0.0000
0.0000,0.0000,0.0000,0.0000,0.0000,0.0000,0.0000,0.0000,0.0000,0.0000,0.0000,0.0000,0.0000,0.0000,0.0000,0.0000,0.0000,0.0000,0.0000,0.0000,0.0000,0.0000,0.0000,0.0000,0.0000,0.0000,0.0000,0.0000,0.0000,0.0000,0.0000,0.0000,0.0000,0.0000,198.3835,240.8750,248.4333,323.0642,354.4987,398.8469,393.1177,431.9048,473.0875,516.8599,574.4632,630.7856,712.6672,734.3513,784.7025,838.0093,909.0883,956.3520,937.3896,999.1989,1058.4207,1022.4757,1047.3698,1031.0826,1110.1908,1133.4709,1107.0864,1087.8134,1146.3142,1009.3831,1096.8506,1088.4816,1013.3192,1065.4103,1072.6263,1106.0343,1164.2737,1218.3169,1252.5470,1365.4122,1370.4977,1406.5917,1480.8213,1542.0079,1608.2942,1695.1085,1742.7570,1711.4861,1811.7288,1884.2334,1882.2448,1885.5664,1891.1881,1878.1716,1920.2437,1976.5424,1995.7612,1967.5417,2086.9180,2052.2712,2097.9717,2075.7727,2120.2937,2306.6184,2340.1831,2368.8706,2358.7285,2300.8887,2342.0195,2370.1631,2254.8374,2140.9199,2014.6400,1984.5359,2049.3000,2020.0820,2119.3857,2003.0356,2077.2637,2208.5996,2240.6580,2311.5139,2305.5393,2278.0090,2375.0137,2400.2488,2298.7493,2314.9895,2332.6970,2339.3872,2399.0884,2438.6670,2457.6848,2506.8420,2495.3899,2502.9282,2530.9375,2411.2930,2416.7708,2482.8911,2569.0627,2627.9370,2579.5173,2639.5681,2662.8105,2671.2107,2727.8618,2716.1362,2729.1941,2826.2778,2739.4246,2805.6777,2860.2800,2724.2695,2834.6460,2920.4878,2740.6072,2788.6377,2735.7861,2677.5684,2681.3733,2552.0332,2542.0620,2611.4351,2579.5452,2624.2720,2573.5981,2638.5095,2582.2373,2532.6304,2646.6021,2607.4893,2470.4175,2538.1975,2505.3652,2492.0208,2532.3074,2352.8547,2297.3955,2383.0310,2382.7378,2463.0542,2400.6301,2271.1230,2311.4512,2402.7046,2248.2617,2250.5415,2186.8093,2157.2671,2300.1440,2302.8699,2313.3667,2263.6851,2236.5356,2260.1736,2333.5449,2425.9370,2387.9272,2424.6650,2469.6448,2469.3865,2400.9216,2398.5095,2423.1396,2525.4141,2642.3950,2557.4419,2570.6406,2581.7896,2590.8289,2733.6414,2808.5615,2719.0149,2828.8777,2889.7961,2866.8503,2914.0266,2820.9395,2793.4829,2813.8086,2749.9458,2720.7065,2732.2490,2618.6721,2649.1069,2746.0269,2737.5239,2753.0110,2674.3530,2724.2251,2689.4131,2603.6079,2585.4077,2534.0952,2580.1660,2631.9119,2486.8735,2488.8203,2537.3582,2415.3374,2555.6689,2496.5876,2376.7861,2444.1401,2428.6265,2479.7129,2653.3701,2635.3149,2509.7461,2580.3281,2555.8230,2482.5227,2466.8806,2346.3105,2376.6768,2363.0691,2443.0244,2429.0027,2335.2908,2306.2424,2342.1223,2341.4810,2342.3176,2198.1072,2202.4058,2401.7905,2448.5142,2511.9382,2493.6326,2382.5110,2395.7422,2498.1750,2415.8906,2467.5720,2446.3789,2398.0979,2537.9480,2454.5410,2469.5732,2511.7126,2544.2332,2584.0452,2701.0159,2617.5857,2655.4878,2581.2039,2652.5256,2668.2227,2494.0947,2469.8169,2355.2283,2272.4719,2284.1006,2139.7715,2141.1582,2171.1240,2154.0740,2191.8323,2185.2964,2094.3035,2075.1140,1992.9919,1920.5596,1918.8181,1818.3521,1823.1610,1770.9012,1741.1732,1690.0009,1686.7914,1600.4806,1542.8979,1503.6390,1426.8588,1363.6094,1354.5476,1402.2947,1387.3025,1380.1348,1368.5424,1384.8092,1382.5211,1404.7078,1298.1469,1293.7317,1326.6975,1307.5511,1269.0219,1352.6549,1267.1254,1244.8628,1298.4421,1216.7379,1171.8696,1141.4171,1100.5341,1071.7302,1049.9656,1020.3638,985.5306,928.6349,957.9704,973.5835,943.8896,947.6623,955.8580,884.8209,889.3701,876.5323,850.9932,786.4540,760.1327,782.3721,716.1669,625.9313,642.0923,594.6215,583.1647,554.9398,447.8798,499.7492,482.0688,505.3458,517.9022,490.2347,501.5025,498.7785,505.9982,433.1323,516.5593,445.3427,0.0000,0.0000,0.0000,0.0000,0.0000,0.0000,0.0000,0.0000,0.0000,0.0000,0.0000,0.0000,0.0000,0.0000,0.0000,0.0000,0.0000,0.0000,0.0000,0.0000,0.0000,0.0000,0.0000,0.0000,0.0000,0.0000,0.0000,0.0000,0.0000,0.0000,0.0000,0.0000,0.0000,0.0000
0.0000,0.0000,0.0000,0.0000,0.0000,0.0000,0.0000,0.0000,0.0000,0.0000,0.0000,0.0000,0.0000,0.0000,0.0000,0.0000,0.0000,0.0000,0.0000,0.0000,0.0000,0.0000,0.0000,0.0000,0.0000,0.0000,0.0000,0.0000,0.0000,0.0000,0.0000,0.0000,0.0000,240.2671,239.0303,264.1786,281.4730,356.3336,389.4408,406.8346,440.8910,484.9215,489.4266,542.4192,560.8937,652.4443,714.7726,794.6218,813.3223,872.3088,939.5353,905.9789,946.9074,986.9131,1059.0999,1069.1443,1047.4757,1078.9602,1118.5387,1124.7780,1112.9767,1079.0508,1064.4637,1053.5221,1078.6405,1109.8358,1103.5250,1050.7744,1069.3361,1147.6423,1206.4037,1236.4467,1244.3903,1316.6254,1415.8160,1499.4713,1524.5515,1612.9351,1650.4272,1719.0889,1853.5607,1795.6082,1812.2614,1852.1213,1886.1453,1970.8390,1916.6729,1874.3916,1932.2681,1891.9646,1983.4865,2025.0558,2043.0302,2032.1370,2140.8384,2223.6245,2329.1643,2292.5103,2291.1128,2342.1809,2369.1396,2344.9844,2324.2000,2253.6353,2304.1338,2255.2466,2073.3506,2073.4126,2011.4620,2055.3289,2133.1802,2123.4236,2187.3804,2234.2927,2289.2856,2406.2197,2444.1077,2317.0149,2293.1709,2379.8850,2306.4473,2318.5872,2278.7581,2373.3376,2445.7056,2532.7532,2553.9463,2525.0918,2464.6284,2459.7253,2472.1387,2521.7063,2463.7676,2469.8313,2556.0002,2653.2871,2658.2197,2654.9221,2650.3813,2647.3728,2793.6799,2771.7417,2882.4902,2801.7710,2806.0439,2948.2981,2978.8169,2874.3762,2793.0281,2795.1440,2806.9707,2910.5747,2846.4412,2804.5361,2705.9172,2608.7014,2685.5107,2602.1204,2621.3391,2604.0498,2584.7500,2674.0461,2716.6833,2600.2463,2609.3892,2501.1548,2473.3130,2582.6030,2426.7571,2456.2544,2460.9622,2400.5520,2495.2104,2450.4197,2412.3494,2406.4329,2415.2500,2331.4456,2345.7075,2281.7686,2306.6919,2308.0415,2215.1033,2176.6924,2165.8616,2168.8152,2284.2104,2274.1289,2343.4170,2336.1675,2362.0471,2530.5701,2495.2700,2383.8560,2427.3718,2418.9612,2409.1372,2510.2275,2469.2197,2514.7590,2583.4849,2535.7566,2598.1833,2587.9424,2525.6836,2656.3757,2780.8799,2801.2908,2931.2749,2881.4231,2905.5759,2943.8140,2916.7812,2856.4829,2644.3174,2584.8435,2649.7021,2657.3389,2756.5652,2781.0779,2665.9814,2799.3689,2756.9216,2694.9663,2692.7527,2574.2151,2604.7329,2722.7771,2673.2063,2618.6504,2577.3491,2461.1541,2506.1243,2529.1499,2458.6663,2431.4482,2415.2170,2441.1799,2448.6201,2458.5090,2456.1960,2476.3340,2551.2214,2550.1145,2510.9622,2509.9741,2455.1377,2470.2742,2512.0637,2506.1350,2386.2402,2424.0022,2349.8081,2331.9766,2396.3320,2327.2483,2318.1357,2347.6204,2271.9268,2287.2102,2396.6069,2429.3401,2525.8081,2551.4905,2468.7654,2478.6296,2460.5867,2516.1797,2579.7581,2530.4990,2472.2412,2448.4617,2469.7778,2493.3276,2477.6484,2573.6348,2724.5283,2708.8665,2824.4668,2751.0337,2577.5952,2598.4075,2639.6631,2543.4348,2565.9902,2382.1985,2254.5349,2295.3704,2189.2388,2200.9619,2125.1272,2088.8396,2104.8279,2137.4309,2141.4258,2062.8469,1937.6024,1938.3777,1937.6383,1901.9655,1830.7167,1743.3416,1740.4652,1731.3073,1718.1864,1663.8716,1568.4489,1510.3781,1482.4355,1409.4838,1358.2214,1408.8109,1365.4629,1407.8315,1502.6821,1407.7300,1397.6007,1362.4720,1341.1067,1325.4435,1322.8657,1300.2750,1262.0652,1272.8589,1293.6208,1328.4906,1308.9238,1243.3975,1195.3168,1147.8322,1126.1313,1021.5336,1065.0463,1048.6862,1015.8248,1004.0508,961.8525,895.8216,942.5416,884.9328,914.7856,890.7939,836.5919,886.9857,896.4293,836.6923,761.8430,760.3137,718.1091,693.8256,658.3420,577.9222,567.1878,565.0326,524.0844,494.1068,478.3340,461.3495,501.8436,574.3367,518.9177,498.9614,510.4934,539.0000,491.9578,491.2287,475.9377,0.0000,0.0000,0.0000,0.0000,0.0000,0.0000,0.0000,0.0000,0.0000,0.0000,0.0000,0.0000,0.0000,0.0000,0.0000,0.0000,0.0000,0.0000,0.0000,0.0000,0.0000,0.0000,0.0000,0.0000,0.0000,0.0000,0.0000,0.0000,0.0000,0.0000,0.0000,0.0000,0.0000
0.0000,0.0000,0.0000,0.0000,0.0000,0.0000,0.0000,0.0000,0.0000,0.0000,0.0000,0.0000,0.0000,0.0000,0.0000,0.0000,0.0000,0.0000,0.0000,0.0000,0.0000,0.0000,0.0000,0.0000,0.0000,0.0000,0.0000,0.0000,0.0000,0.0000,0.0000,0.0000,0.0000,219.0165,240.9420,269.4105,323.0377,351.6840,394.8658,383.8812,401.0192,474.2513,505.3467,513.4398,590.7467,673.0143,732.9893,821.1323,818.5104,908.4951,984.3550,985.3813,998.1210,1011.7266,1012.9071,1056.6123,1109.0302,1099.7643,1055.9840,1108.7429,1119.9889,1088.4390,1121.8871,1121.0503,1068.5675,1059.8044,1097.1698,1077.9935,1072.5800,1124.0959,1175.3818,1262.7736,1315.1891,1443.0461,1453.0623,1518.0323,1591.1467,1633.1317,1677.3463,1721.6542,1815.3492,1817.3403,1882.5378,1910.1001,1902.9915,1890.8693,1861.5375,1905.5669,1893.3020,1886.9275,1956.5284,2078.9954,2145.3242,2207.7925,2112.8354,2197.6113,2315.8296,2366.2810,2371.6003,2341.4355,2311.9924,2488.3904,2393.1470,2303.5356,2243.7766,2128.2441,2059.4912,2160.5186,2047.1604,2048.3652,2147.6235,2154.0339,2303.7656,2352.7969,2315.0671,2326.3667,2329.8577,2339.3701,2353.5085,2299.0120,2330.6284,2338.5813,2405.2034,2510.0483,2420.7473,2432.2935,2482.9854,2481.7861,2606.4937,2605.1616,2478.2866,2487.8809,2521.9001,2484.9246,2595.3406,2611.4827,2647.7971,2717.3198,2626.6123,2679.6711,2713.6152,2815.4897,2875.5605,2952.9636,2922.8899,2839.1968,2888.6833,2930.9795,2895.3635,2877.5959,2918.0947,2836.6140,2939.8213,2912.9812,2677.5249,2617.7834,2618.6855,2645.3047,2750.0715,2745.3604,2618.6875,2658.5107,2677.1160,2602.4829,2589.8181,2456.8745,2446.5591,2519.4346,2511.4939,2553.1597,2505.8237,2397.6641,2392.7422,2449.2581,2425.7000,2329.3059,2312.0435,2418.0913,2433.2258,2384.8049,2323.4248,2159.3125,2176.6179,2182.6038,2141.5964,2208.6594,2244.8708,2278.1902,2500.3799,2451.8762,2427.7151,2415.6162,2420.9014,2379.8818,2449.5940,2439.8081,2505.1123,2526.2769,2532.8115,2628.1035,2565.4998,2481.4575,2384.3518,2470.0791,2598.4680,2673.4353,2728.8064,2878.4299,2986.0085,3017.3499,3040.2830,2799.4631,2784.8613,2806.2312,2663.5334,2740.2161,2671.8889,2602.9775,2769.0129,2793.3413,2668.0339,2674.2461,2684.3086,2706.4072,2717.4001,2644.9636,2677.7483,2698.1638,2624.7351,2602.4763,2517.2136,2456.3362,2402.5688,2448.9807,2455.1179,2473.5911,2424.6755,2464.7146,2460.9443,2476.9697,2541.0444,2415.8127,2423.6946,2496.7737,2539.3486,2672.1494,2503.8159,2452.3760,2480.8376,2505.8738,2478.3384,2456.5417,2318.8413,2382.1304,2483.0891,2500.9114,2431.8030,2348.7312,2248.1917,2273.9883,2411.4082,2464.1809,2440.0396,2466.0127,2551.6030,2566.4399,2562.8894,2524.9658,2494.3503,2554.3086,2521.7388,2482.9265,2542.0332,2498.1011,2522.4087,2713.8496,2767.6799,2701.4771,2734.0132,2695.3921,2661.8281,2594.4473,2555.8474,2542.6638,2545.0847,2481.1001,2351.7632,2268.3674,2183.7532,2137.6367,2093.4373,2115.3564,2087.1975,2074.5645,2126.5439,2071.5212,1986.1058,1971.4994,1919.5092,1887.3578,1868.2028,1794.8876,1843.5000,1717.3579,1725.0466,1668.3694,1605.0251,1471.6691,1423.6564,1366.6370,1361.4926,1416.4498,1406.8213,1378.3390,1469.7170,1414.1875,1421.9663,1450.7108,1338.6573,1334.0289,1312.3710,1368.3895,1311.1824,1312.4410,1286.9928,1243.4783,1254.8981,1277.5828,1182.6416,1174.2581,1210.4458,1132.1002,1117.2223,1063.7886,1010.4213,981.9735,988.8032,942.7034,885.9030,920.8622,899.3450,924.5483,977.7430,904.6608,792.9998,861.8844,835.7828,754.7985,710.8094,670.1421,673.0800,659.3586,590.6934,561.8683,527.4323,477.8864,493.5029,489.2937,526.5468,545.9786,558.6199,525.5142,570.3394,537.2334,501.0775,452.5734,505.8197,0.0000,0.0000,0.0000,0.0000,0.0000,0.0000,0.0000,0.0000,0.0000,0.0000,0.0000,0.0000,0.0000,0.0000,0.0000,0.0000,0.0000,0.0000,0.0000,0.0000,0.0000,0.0000,0.0000,0.0000,0.0000,0.0000,0.0000,0.0000,0.0000,0.0000,0.0000,0.0000,0.0000
0.0000,0.0000,0.0000,0.0000,0.0000,0.0000,0.0000,0.0000,0.0000,0.0000,0.0000,0.0000,0.0000,0.0000,0.0000,0.0000,0.0000,0.0000,0.0000,0.0000,0.0000,0.0000,0.0000,0.0000,0.0000,0.0000,0.0000,0.0000,0.0000,0.0000,0.0000,0.0000,0.0000,283.8550,254.8662,274.0478,300.4151,319.7349,431.1002,409.5636,461.2511,490.7385,572.2432,578.5695,607.6979,657.3096,696.0238,809.9709,883.3298,901.9941,904.1971,948.0554,1025.4327,1008.0048,1060.0576,1005.6859,1031.9640,1093.3375,1059.4031,1132.5734,1132.7324,1062.4663,1029.8800,1089.5547,1042.0378,987.9536,1045.9187,1038.7975,1122.6532,1130.7721,1192.3271,1296.8583,1310.5022,1377.9924,1496.8118,1474.5013,1561.4218,1651.8602,1733.4681,1764.5831,1813.8202,1863.4779,1852.2845,1886.1824,1843.9532,1777.1725,1783.1072,1833.1244,1869.1128,1926.2250,2095.4924,2000.5691,2090.7131,2167.7336,2073.3560,2195.7690,2273.1050,2326.4907,2477.4148,2381.7146,2380.0000,2380.7046,2282.1592,2218.1133,2184.6499,2129.7837,2151.1960,2061.3181,2201.8267,2286.9619,2190.7153,2297.8359,2329.0479,2345.9434,2428.1086,2312.3118,2353.2510,2447.5559,2344.3386,2444.1562,2456.9463,2244.5273,2305.3481,2400.6248,2407.3386,2543.9512,2461.5137,2525.5149,2602.1719,2587.4756,2537.9751,2530.6887,2359.2822,2538.5049,2650.9883,2663.1201,2685.7896,2614.7776,2643.7964,2761.9712,2768.2690,2842.1711,2716.9268,2804.8235,2982.4844,2940.0437,2942.5151,2988.6401,2922.5203,2950.2756,3002.5137,2820.6919,2875.1206,2812.5393,2782.6980,2815.0994,2778.5637,2693.7795,2759.6270,2691.4634,2670.5837,2620.2183,2563.1262,2558.1892,2605.0759,2595.8887,2570.7512,2480.3704,2492.3228,2496.1592,2478.8931,2518.6208,2410.4480,2336.2878,2439.4368,2399.7627,2365.1934,2469.2468,2324.2007,2386.7349,2350.9272,2201.2214,2195.4551,2167.0029,2143.6096,2318.7903,2272.0293,2300.4905,2386.1899,2439.8027,2388.0498,2432.9460,2365.1287,2393.6426,2414.9426,2516.6006,2554.2913,2461.2175,2452.3491,2482.3228,2507.0725,2471.9658,2349.0676,2412.6589,2609.7332,2661.8696,2847.2170,2966.9802,2907.6047,2920.1997,3003.7273,2882.2979,2872.5242,2682.2842,2628.3318,2725.1536,2743.4807,2685.0764,2652.2051,2616.8313,2691.3599,2796.7000,2806.8201,2798.4082,2727.2649,2797.5813,2796.4460,2748.3975,2619.5073,2502.7590,2446.5627,2550.7610,2480.8999,2422.9294,2457.9036,2399.4890,2471.8782,2489.8135,2343.4507,2450.1680,2409.5039,2450.0381,2516.6411,2463.6917,2467.6055,2507.9248,2541.2991,2454.9858,2447.4851,2478.7090,2471.1218,2503.7849,2505.4121,2450.3203,2458.3660,2445.5774,2389.5464,2355.7939,2263.5503,2267.6353,2351.5481,2489.1609,2512.5171,2488.5747,2550.7651,2480.4204,2525.0740,2560.0247,2507.0803,2550.7786,2558.8645,2564.0815,2655.0330,2526.2649,2590.0278,2622.9482,2761.1770,2747.6482,2755.5793,2704.8826,2655.1604,2661.5461,2682.6355,2569.9167,2445.6565,2414.8955,2383.4353,2234.3953,2251.7585,2149.3750,2092.0579,2125.5764,2141.2483,2147.9270,2116.2661,1995.8363,1958.7604,1982.1790,1906.9786,1871.0203,1823.7966,1770.0750,1843.5709,1811.4438,1725.1769,1645.9429,1566.9463,1571.2842,1539.0914,1445.3396,1406.2728,1407.0085,1455.2280,1500.1012,1443.2644,1451.9305,1426.5396,1431.6172,1421.8079,1380.3934,1399.4467,1371.0668,1305.4050,1289.1061,1338.4388,1250.1725,1292.5057,1295.5894,1282.7997,1251.3149,1203.1536,1152.8717,1099.6088,1074.9685,1064.7091,991.1463,951.5299,975.0915,948.4495,887.0723,877.0051,925.9982,931.3858,878.5240,854.7753,823.8978,790.2328,787.6837,745.4096,704.5969,626.5801,666.2979,573.3796,535.3169,523.3980,495.4424,501.0582,499.9016,509.8990,544.0576,517.9515,535.7623,525.1094,525.6414,512.1122,488.3845,454.9548,0.0000,0.0000,0.0000,0.0000,0.0000,0.0000,0.0000,0.0000,0.0000,0.0000,0.0000,0.0000,0.0000,0.0000,0.0000,0.0000,0.0000,0.0000,0.0000,0.0000,0.0000,0.0000,0.0000,0.0000,0.0000,0.0000,0.0000,0.0000,0.0000,0.0000,0.0000,0.0000,0.0000
0.0000,0.0000,0.0000,0.0000,0.0000,0.0000,0.0000,0.0000,0.0000,0.0000,0.0000,0.0000,0.0000,0.0000,0.0000,0.0000,0.0000,0.0000,0.0000,0.0000,0.0000,0.0000,0.0000,0.0000,0.0000,0.0000,0.0000,0.0000,0.0000,0.0000,0.0000,0.0000,224.9031,272.4805,306.4314,306.9618,335.1842,367.5953,397.9371,459.0589,519.7553,554.2418,558.8659,569.4439,632.7908,702.4028,713.4131,863.9653,868.7118,901.3857,935.4853,998.4756,1003.8069,978.6488,1046.5927,1012.8741,1114.8927,1142.0837,1077.1864,1134.7881,1117.9248,1069.1357,1077.5319,1029.4812,1052.4001,1050.3882,1037.5529,1051.1284,1125.0909,1196.0408,1198.6177,1270.0212,1313.2725,1400.8372,1492.1187,1608.9128,1678.0238,1702.7930,1783.3215,1810.3959,1791.0391,1884.2744,1845.3650,1781.8221,1832.4658,1797.7471,1838.9640,1821.5281,1845.2992,1938.8004,2054.2871,2054.3503,2060.3423,2093.4646,2206.3855,2355.2102,2410.5935,2421.3745,2354.4062,2351.5779,2282.9163,2288.6555,2297.1301,2202.5225,2204.8882,2245.9568,2277.1018,2208.4324,2255.9128,2206.6899,2293.6331,2386.3333,2403.0908,2397.6089,2446.2500,2366.1824,2444.7534,2500.6790,2357.8386,2407.5381,2339.2061,2307.7405,2452.2341,2398.8491,2452.5637,2508.4307,2550.6453,2533.7703,2500.5823,2502.1284,2476.5320,2545.9612,2584.8044,2665.4414,2632.5852,2703.6692,2690.6760,2610.3538,2687.8147,2613.0359,2689.6221,2926.4597,2821.5813,2921.4802,2974.0642,2967.5034,3084.9092,2994.2869,2905.8506,2925.9849,2936.9487,2912.9194,2973.2007,2873.7820,2806.7603,2787.3232,2796.3762,2800.4824,2682.7563,2680.7710,2735.9495,2711.1282,2717.2317,2657.0742,2498.9011,2550.8313,2527.3003,2470.9343,2543.9751,2496.8813,2530.9473,2581.4070,2448.0891,2424.8479,2412.0981,2295.3779,2396.3513,2485.1643,2366.2490,2379.0081,2318.0254,2324.4587,2388.3059,2266.2720,2148.9595,2098.7971,2235.9089,2294.2327,2313.9050,2413.8696,2366.1729,2386.8284,2459.0488,2426.6838,2422.5405,2402.9861,2421.6699,2508.2139,2581.0269,2467.1946,2470.0115,2483.2397,2396.3596,2466.9778,2551.3645,2622.9998,2773.1187,2921.8347,2979.2693,3076.7722,3017.5757,2935.6133,2881.7476,2767.2065,2663.0598,2559.0083,2573.8696,2689.4353,2682.5679,2801.0312,2751.5391,2773.9641,2819.8887,2849.4116,2733.7810,2804.7249,2750.6089,2702.9980,2722.7566,2574.4661,2475.8567,2529.1116,2474.7686,2509.4883,2405.5190,2326.6079,2397.9763,2443.4282,2492.2876,2491.3357,2393.0410,2402.6677,2468.3535,2521.6606,2452.7019,2417.6169,2413.1938,2492.3354,2571.3381,2566.5569,2601.3005,2430.7976,2468.2234,2563.8301,2441.0820,2514.0811,2452.3347,2450.8401,2493.9238,2355.3198,2358.5356,2424.1685,2393.3242,2541.0801,2548.5266,2497.4622,2515.0171,2522.9036,2559.3354,2722.8550,2626.5225,2546.3833,2530.5400,2580.2527,2595.6250,2574.3088,2705.0464,2727.7725,2741.6458,2709.9817,2679.8296,2511.7078,2528.0305,2492.1458,2464.0891,2553.5320,2430.0208,2360.9138,2325.4941,2206.5835,2058.0720,2082.8245,2023.7811,2120.6682,2111.9636,2048.1216,2023.2390,1932.0713,1907.7472,1875.5314,1831.6301,1728.3566,1781.0132,1784.7722,1747.1394,1687.4575,1608.2412,1611.0497,1482.1270,1497.8936,1484.7729,1462.0072,1487.4846,1493.3110,1499.5558,1581.4917,1425.9647,1445.4550,1443.6981,1378.3884,1367.3140,1302.6880,1288.7050,1298.7133,1369.5974,1350.5488,1295.9094,1265.3673,1297.8195,1269.1981,1233.6851,1132.2875,1091.5321,1091.8933,1077.3213,1065.8635,1021.2618,950.5001,963.9247,948.1661,954.7108,875.0799,902.7775,841.7234,871.5518,951.0408,834.0098,773.6997,705.9629,681.2131,673.7679,639.4519,568.5303,552.0815,537.3998,493.7716,540.3903,521.2420,493.0558,478.1020,510.3969,544.1890,564.1262,541.7356,577.6940,522.3740,498.0329,441.4173,0.0000,0.0000,0.0000,0.0000,0.0000,0.0000,0.0000,0.0000,0.0000,0.0000,0.0000,0.0000,0.0000,0.0000,0.0000,0.0000,0.0000,0.0000,0.0000,0.0000,0.0000,0.0000,0.0000,0.0000,0.0000,0.0000,0.0000,0.0000,0.0000,0.0000,0.0000,0.0000
0.0000,0.0000,0.0000,0.0000,0.0000,0.0000,0.0000,0.0000,0.0000,0.0000,0.0000,0.0000,0.0000,0.0000,0.0000,0.0000,0.0000,0.0000,0.0000,0.0000,0.0000,0.0000,0.0000,0.0000,0.0000,0.0000,0.0000,0.0000,0.0000,0.0000,0.0000,0.0000,266.3578,272.6708,255.7394,295.5207,377.4128,418.6854,404.0693,469.6191,523.2471,564.3375,576.2193,667.8581,650.2213,765.1675,761.6644,856.2838,916.9767,923.2216,923.3799,1049.3447,1073.1862,1023.5225,1040.3641,1042.7316,1090.6376,1144.7761,1085.3242,1082.7483,1031.3424,1052.8197,1039.2472,1043.6763,1005.5944,992.2776,1086.7479,1112.2952,1081.9576,1176.2511,1185.3517,1212.9609,1388.3307,1512.1930,1525.2308,1609.8541,1670.5209,1690.9558,1823.6266,1747.5450,1816.2007,1869.0083,1888.3164,1909.5800,1813.2865,1689.6718,1815.2648,1833.5551,1895.2441,1880.3726,1959.4462,2050.0232,2178.8733,2224.4778,2246.6985,2275.3123,2432.7773,2391.2405,2316.3711,2334.7749,2340.0249,2217.7473,2371.4121,2312.1235,2173.9045,2268.8489,2245.1145,2277.2554,2359.2661,2395.8589,2379.5479,2450.5837,2432.8232,2463.4495,2469.7693,2341.5090,2380.2642,2437.9475,2439.0596,2391.4807,2384.5129,2453.8855,2535.0427,2584.8669,2603.2019,2434.4744,2412.3435,2478.3569,2492.9883,2588.4026,2577.4558,2529.9412,2693.3472,2734.0371,2618.5381,2719.5857,2546.3403,2599.4885,2734.5647,2656.4312,2743.5945,2801.5078,2805.0312,2964.2185,3004.6406,2924.1692,2956.7566,3014.2822,3082.5496,3018.6111,3014.0059,2977.2561,2957.1960,2945.0894,2900.7942,2771.1990,2754.0098,2784.6038,2755.0923,2888.4236,2841.0525,2692.8591,2707.4500,2615.3679,2535.3809,2480.2788,2474.6333,2475.6816,2650.4277,2657.2754,2579.4124,2523.3052,2413.7273,2451.2874,2383.0972,2387.6484,2334.7026,2385.8318,2543.5994,2464.9487,2441.8367,2481.7397,2370.3237,2343.3542,2242.7844,2191.8054,2222.5281,2294.8582,2344.2241,2405.4929,2367.7144,2264.6343,2382.2051,2364.4275,2417.5918,2482.9087,2415.3147,2543.6570,2645.8992,2641.7131,2541.0090,2409.1421,2311.5916,2377.4797,2625.4653,2761.9534,2826.9175,2920.0825,3019.5151,3146.2905,3122.0242,2974.5332,2745.2056,2698.5771,2762.4250,2680.8354,2774.9939,2682.5688,2739.0027,2864.4219,2858.2920,2804.1003,2797.3049,2803.9883,2838.0078,2922.0435,2826.6855,2676.3789,2714.8735,2606.7563,2600.6262,2623.2261,2480.8101,2465.9678,2468.3276,2463.9121,2512.4150,2468.1340,2431.6724,2479.5718,2418.0459,2467.4546,2383.6089,2438.1506,2484.6262,2398.1028,2540.1921,2542.9854,2452.0488,2559.4631,2527.7500,2449.4453,2504.9863,2489.7612,2576.7505,2613.1465,2510.4099,2507.9722,2437.1936,2361.1865,2378.3347,2377.3184,2456.8057,2514.4182,2542.0037,2656.1980,2576.6985,2455.8210,2593.0815,2611.0435,2647.9185,2702.2759,2582.9050,2594.0591,2705.7993,2677.9878,2785.3281,2719.6113,2616.7202,2689.0437,2607.0540,2580.5706,2543.2849,2516.0615,2513.7996,2519.5242,2485.3340,2355.9272,2216.4504,2071.3047,2099.4692,2144.0295,2109.4541,2117.8237,2106.3052,2172.2314,2063.9983,1985.2205,1881.6133,1802.9263,1826.2638,1819.3136,1829.5015,1813.7957,1822.1188,1713.4448,1675.4452,1669.3994,1531.1593,1551.5365,1486.4438,1497.1525,1537.0781,1577.1259,1551.5018,1546.5651,1541.3313,1519.1458,1436.7568,1439.4642,1426.4041,1444.8165,1409.9094,1388.7909,1312.8804,1287.1456,1344.4899,1263.0438,1319.8403,1277.7914,1273.4650,1233.5937,1135.9182,1121.6602,1101.9691,1078.5854,1046.1971,986.9036,984.0502,918.9791,942.9606,901.7484,907.5674,903.0104,845.6639,835.9298,824.7562,787.6768,694.0400,738.2584,664.8954,643.0110,609.7168,585.4097,501.6512,498.3111,518.4899,494.8370,480.0698,506.5925,497.3775,564.9383,576.3726,524.1330,549.9838,447.1300,504.8071,486.3220,0.0000,0.0000,0.0000,0.0000,0.0000,0.0000,0.0000,0.0000,0.0000,0.0000,0.0000,0.0000,0.0000,0.0000,0.0000,0.0000,0.0000,0.0000,0.0000,0.0000,0.0000,0.0000,0.0000,0.0000,0.0000,0.0000,0.0000,0.0000,0.0000,0.0000,0.0000,0.0000
0.0000,0.0000,0.0000,0.0000,0.0000,0.0000,0.0000,0.0000,0.0000,0.0000,0.0000,0.0000,0.0000,0.0000,0.0000,0.0000,0.0000,0.0000,0.0000,0.0000,0.0000,0.0000,0.0000,0.0000,0.0000,0.0000,0.0000,0.0000,0.0000,0.0000,0.0000,258.6499,236.1830,275.8723,364.3168,341.2240,378.5475,425.9451,461.4431,515.7375,534.6969,527.0161,587.0994,652.5944,688.8625,784.6595,817.1889,854.5629,921.0549,968.4509,1005.8207,1020.1286,1056.3812,1080.3501,1076.9790,1073.2023,1071.2543,1055.6735,1089.5090,1058.0110,1032.3365,1061.6298,982.8209,1093.0665,1064.7297,1034.9519,1035.3365,1091.2965,1152.4774,1240.0798,1241.6864,1281.9624,1424.1189,1465.8309,1527.2886,1637.5920,1620.9032,1712.9756,1809.0765,1788.0741,1842.0839,1800.7084,1761.2924,1864.9224,1821.4136,1799.8718,1788.9645,1782.3458,1890.7974,1959.9825,2064.2964,2096.1160,2096.0229,2219.8269,2288.4578,2262.0693,2396.5364,2360.0732,2350.3606,2473.2671,2338.1250,2239.1570,2234.8853,2210.7129,2262.1770,2322.3086,2336.2351,2392.3247,2501.6804,2533.6477,2568.9011,2482.8457,2421.0142,2399.2229,2498.8926,2498.7883,2458.5027,2445.9124,2576.3955,2465.8076,2481.7842,2583.0208,2520.3733,2582.2734,2577.9724,2496.8708,2575.9817,2477.4998,2500.0532,2628.0054,2610.9421,2505.5847,2583.1067,2610.9294,2689.3823,2713.3303,2690.3171,2642.4714,2700.0376,2707.0498,2870.7896,2829.1499,2809.8826,2846.5684,2967.1873,3058.1633,3054.1611,2971.0728,3148.6375,3155.3228,3103.4727,3087.2029,2855.1196,2862.4497,2932.0215,2857.0525,2937.4883,2811.0835,2808.1873,2897.0715,2841.9749,2775.9741,2742.8789,2562.3164,2637.4687,2683.5747,2620.1089,2664.5903,2499.3330,2520.9656,2629.9631,2530.3904,2481.3137,2385.5154,2355.6145,2470.6370,2512.9358,2425.2288,2437.5176,2466.9067,2554.5769,2547.7041,2422.9568,2386.7883,2298.5361,2246.0295,2328.4006,2271.8979,2237.4502,2294.9138,2294.7605,2346.2146,2350.2200,2355.3269,2437.6099,2499.6582,2554.1597,2568.5532,2608.7910,2570.5779,2547.8982,2457.5334,2483.8989,2485.5149,2613.5466,2860.1877,2909.0420,2988.2517,3058.6428,3013.8462,3039.7053,3032.8735,2823.0571,2858.2622,2695.8396,2721.9792,2789.8679,2761.6421,2708.6636,2811.1934,2770.9275,2890.3477,2923.4768,2854.8628,2854.6604,2880.1619,2811.7795,2727.8247,2602.2241,2578.4841,2609.0259,2638.0957,2739.9436,2568.2419,2468.0776,2533.1731,2513.4573,2484.6262,2495.3865,2420.2971,2468.0234,2507.8655,2442.2439,2525.0205,2495.8127,2427.0759,2481.5681,2543.7620,2471.0164,2484.4153,2491.7715,2515.3425,2637.0166,2522.9917,2543.1094,2539.4976,2596.9456,2528.0461,2493.0710,2406.1218,2368.0098,2452.5425,2575.2859,2549.8789,2462.6394,2535.4504,2482.2285,2567.9648,2683.4478,2576.8296,2679.9854,2736.9666,2707.3167,2777.9189,2699.8513,2598.8687,2699.9875,2650.4126,2687.7695,2659.3174,2550.7451,2602.2261,2603.5110,2555.4443,2519.4575,2460.0000,2451.2290,2339.9187,2241.9744,2240.5920,2120.8799,2126.0115,2197.9558,2118.0874,2119.2205,2067.9983,2027.3904,2011.6190,1966.0059,1857.0525,1866.2604,1917.0204,1842.4213,1884.8508,1876.2880,1727.0903,1744.5574,1713.9158,1638.1851,1605.1156,1500.6908,1495.9561,1575.4839,1628.1931,1580.3539,1538.3502,1560.5787,1542.1071,1521.5791,1535.4559,1435.6011,1427.6206,1407.4562,1378.1340,1397.5795,1369.5094,1315.6997,1344.5695,1381.1627,1350.5680,1307.9901,1224.3136,1130.9388,1141.7062,1091.7687,1007.0916,1034.0966,966.5300,1016.5455,1003.6610,930.4548,902.3730,889.7513,918.7343,866.8977,851.2957,837.6136,806.8432,756.9141,725.1501,626.8390,616.0936,610.8483,622.2612,582.9509,538.9792,494.9656,467.2937,537.4081,497.5128,536.1764,531.5106,567.5775,538.0533,554.8821,536.6525,500.0266,490.0395,455.5736,0.0000,0.0000,0.0000,0.0000,0.0000,0.0000,0.0000,0.0000,0.0000,0.0000,0.0000,0.0000,0.0000,0.0000,0.0000,0.0000,0.0000,0.0000,0.0000,0.0000,0.0000,0.0000,0.0000,0.0000,0.0000,0.0000,0.0000,0.0000,0.0000,0.0000,0.0000
0.0000,0.0000,0.0000,0.0000,0.0000,0.0000,0.0000,0.0000,0.0000,0.0000,0.0000,0.0000,0.0000,0.0000,0.0000,0.0000,0.0000,0.0000,0.0000,0.0000,0.0000,0.0000,0.0000,0.0000,0.0000,0.0000,0.0000,0.0000,0.0000,0.0000,0.0000,296.7554,286.3530,311.4301,330.2135,380.1757,398.3958,448.6654,510.1692,558.0165,575.7696,622.4080,636.7926,669.7947,751.4674,720.7903,819.7976,886.5340,905.5558,1004.4465,1000.1554,1058.5168,1073.9277,1060.0050,1036.9609,1104.9926,1085.4766,1083.0483,1097.7986,1049.3003,1083.8884,1091.0111,1030.0219,998.7983,1042.4639,1081.1504,1158.6831,1109.1116,1155.1968,1196.0276,1225.7915,1278.8351,1396.3350,1386.9132,1503.6664,1603.3894,1739.1672,1835.9312,1751.3949,1716.4381,1767.8699,1780.3977,1808.2678,1815.4298,1712.0801,1844.7874,1812.2871,1891.2222,1899.7748,1889.7000,2005.7502,2130.6204,2143.5371,2197.4453,2312.1729,2361.3208,2476.4846,2426.7869,2328.5061,2305.4858,2274.6770,2268.4966,2209.5781,2257.9968,2299.4609,2293.6504,2486.5427,2486.3508,2439.6462,2558.4585,2480.6768,2517.5820,2572.1721,2490.3325,2419.2239,2532.0339,2497.8462,2538.3218,2554.2207,2427.3823,2515.8252,2654.7476,2669.9526,2680.7307,2572.4448,2545.9438,2570.3958,2548.9543,2455.8774,2412.1846,2472.5947,2558.4429,2660.0613,2736.3196,2729.0063,2680.8677,2771.8184,2740.0776,2705.0464,2714.8845,2724.4888,2825.9712,2995.6687,2958.5903,2964.7947,3037.8328,3051.0671,3142.6321,3184.4409,3066.6504,3093.7742,3038.5825,3008.8652,3040.6174,2917.8408,2872.7080,2936.2175,2837.7295,2792.6277,2822.0916,2787.3162,2833.3855,2794.8206,2783.3616,2679.0300,2602.6567,2640.7842,2511.9426,2542.7712,2604.2505,2538.4338,2508.1519,2631.4255,2494.2427,2417.7249,2426.9634,2340.2476,2394.9014,2548.1733,2461.8521,2571.6594,2559.9666,2516.5989,2495.4639,2295.1030,2213.3464,2296.9961,2237.6846,2253.0657,2192.0796,2237.1018,2302.8096,2336.3352,2462.0779,2392.4277,2345.1799,2447.1497,2543.3276,2628.3792,2706.2495,2473.8962,2478.2537,2628.1377,2584.5007,2718.9016,2770.9128,2742.8364,2969.3501,3062.4143,3096.5505,2988.6147,2872.0417,2783.8167,2832.3618,2727.3604,2706.8005,2705.2483,2717.1873,2850.8516,2815.8225,2811.6357,2846.2112,2901.8838,2878.5161,2899.5859,2791.6316,2798.9563,2685.3757,2712.9966,2818.8552,2747.6135,2661.2717,2691.3252,2581.2771,2630.0139,2523.8374,2471.2986,2537.2644,2499.2361,2513.3633,2537.3262,2407.6152,2412.1775,2493.9775,2518.4993,2514.7087,2492.0100,2449.8286,2551.0400,2530.6960,2454.5476,2506.3635,2461.5403,2531.9014,2504.5662,2513.5544,2600.7092,2508.7136,2527.4912,2526.4954,2394.0198,2372.1228,2524.1782,2489.9263,2485.6143,2553.7505,2482.8811,2610.2852,2635.4495,2705.3491,2767.8569,2670.4304,2585.8813,2711.8647,2693.7063,2663.7297,2596.1514,2644.1384,2702.6353,2692.5154,2647.4158,2554.9666,2471.1216,2540.7322,2496.8359,2531.4888,2495.5996,2351.1238,2286.7415,2305.6309,2196.2922,2130.4573,2130.0942,2098.9631,2121.9553,2151.0908,2050.1423,2007.9578,1910.5853,1898.0933,1833.9152,1834.8749,1815.3640,1843.8335,1892.3060,1886.5391,1836.5031,1753.6372,1691.2202,1630.3037,1573.5188,1564.3859,1568.7155,1631.6073,1649.2452,1640.8688,1605.9685,1526.2532,1529.1156,1529.6945,1413.0837,1380.3239,1423.8950,1368.2252,1472.0159,1443.1809,1399.6287,1366.5190,1299.6208,1351.7852,1299.2930,1262.3716,1253.9983,1118.3650,1093.1377,1078.6038,1010.5663,1005.6357,983.8270,950.6459,989.5898,922.2008,872.7128,867.4683,900.3466,893.9194,837.4684,768.4627,704.6553,730.4111,660.2299,653.8073,582.0130,592.7604,551.4909,565.1547,500.1701,465.6263,465.4368,516.1691,556.1931,534.4840,555.0184,526.6513,523.9868,523.4579,502.7709,485.1484,465.4998,0.0000,0.0000,0.0000,0.0000,0.0000,0.0000,0.0000,0.0000,0.0000,0.0000,0.0000,0.0000,0.0000,0.0000,0.0000,0.0000,0.0000,0.0000,0.0000,0.0000,0.0000,0.0000,0.0000,0.0000,0.0000,0.0000,0.0000,0.0000,0.0000,0.0000,0.0000
0.0000,0.0000,0.0000,0.0000,0.0000,0.0000,0.0000,0.0000,0.0000,0.0000,0.0000,0.0000,0.0000,0.0000,0.0000,0.0000,0.0000,0.0000,0.0000,0.0000,0.0000,0.0000,0.0000,0.0000,0.0000,0.0000,0.0000,0.0000,0.0000,0.0000,0.0000,288.1497,282.8219,313.1790,353.7702,424.3022,417.1544,449.1102,531.5676,544.7932,591.8643,591.3137,651.4232,676.4896,722.7420,766.2949,889.8733,919.2886,940.1354,982.5406,1008.9294,1038.4584,1118.1340,1082.7371,1119.9768,1086.6934,1131.4850,1122.4818,1065.8781,1037.5006,1021.6504,1066.7821,1027.9506,1080.9801,1039.4017,1073.7535,1075.0465,1120.3923,1087.1625,1149.0183,1206.1669,1307.4706,1441.8618,1558.6205,1598.5750,1603.9930,1744.8029,1734.5637,1759.5509,1756.8896,1655.5256,1744.1608,1821.4435,1781.1039,1838.1902,1825.1770,1745.6122,1811.1213,1999.6962,1939.9882,1981.0496,2089.7871,2202.6323,2335.0061,2368.1777,2398.4641,2381.8723,2373.7683,2314.7576,2236.3074,2245.7876,2193.6179,2243.0029,2393.0122,2353.4346,2287.3625,2429.3215,2467.7368,2518.3965,2634.7688,2513.0547,2572.8420,2634.8240,2488.5542,2465.6353,2430.7771,2426.1235,2470.4275,2625.3457,2555.6655,2659.0491,2635.0923,2699.1196,2742.6555,2616.3945,2563.2617,2411.3972,2465.5281,2460.9121,2462.3496,2548.6956,2592.6135,2573.6047,2726.3608,2649.7268,2611.8748,2719.2739,2705.4390,2793.1372,2912.1414,2846.0769,2862.1089,2918.9758,2960.8535,2976.7568,2986.9624,2911.9871,3076.7983,3244.8811,3358.8640,3227.7371,3041.8398,3037.3843,2988.9885,3062.1802,2943.0989,2815.1130,2858.6506,2890.9170,2885.3635,2979.9595,2901.1655,2768.0403,2709.5593,2703.1724,2528.3064,2534.2288,2495.6187,2557.4219,2667.0239,2616.0908,2527.1528,2486.1719,2426.3452,2453.6843,2452.3406,2467.5706,2430.0366,2511.2815,2556.6084,2611.0139,2526.4543,2455.6812,2385.7563,2396.4380,2375.9087,2226.1460,2240.3247,2249.2390,2240.7639,2245.6377,2302.3914,2193.2356,2325.9221,2253.2151,2400.0603,2501.9009,2596.4951,2591.1138,2683.6931,2619.5815,2498.8406,2482.1833,2572.9595,2726.6140,2850.8635,2839.8845,2990.5583,3052.4387,3091.3523,3043.8691,2872.3140,2780.8538,2713.3511,2702.9548,2822.0847,2711.9243,2836.7734,2849.1892,2845.9304,2958.6143,2837.7603,2704.3689,2787.8171,2788.4260,2874.3784,2869.6667,2755.4587,2725.6921,2806.3867,2805.9714,2697.8425,2695.6909,2566.6646,2621.9109,2621.2588,2534.1685,2535.4927,2440.0012,2490.1304,2502.2808,2499.3770,2501.4641,2481.4270,2557.8901,2653.8357,2549.5518,2628.4365,2498.7993,2390.7695,2520.7820,2470.5691,2430.3435,2537.0388,2436.3113,2609.2759,2719.7800,2567.4556,2502.3804,2414.0171,2400.3621,2388.2090,2471.1777,2480.7178,2519.1602,2545.6931,2616.1541,2636.1399,2644.1694,2639.3420,2648.4758,2751.5493,2701.4189,2639.1028,2678.3704,2741.9128,2670.5752,2712.0527,2637.7400,2602.0669,2616.9485,2530.0828,2585.7639,2621.6279,2561.5266,2514.2087,2553.4192,2387.8594,2281.3179,2234.2991,2129.7432,2198.6963,2172.0813,2174.4778,2165.6777,2151.1658,2126.6985,1987.9633,1898.0891,1868.3297,1836.8888,1868.7413,1910.1565,1838.4358,1895.1986,1947.5819,1845.5016,1823.6371,1772.1400,1629.6283,1700.9093,1637.8104,1681.0032,1718.0984,1618.0863,1622.4987,1665.8112,1594.5868,1520.7843,1491.9312,1439.4355,1457.9554,1492.0979,1436.2477,1420.2297,1428.9934,1403.8489,1357.7748,1389.9193,1361.1825,1325.8652,1331.2092,1310.2291,1156.1993,1128.0006,1058.4138,1077.3507,1073.2316,1062.2164,980.8427,967.9633,929.3049,940.3252,941.6884,905.0206,865.2255,843.0775,779.3489,729.4168,738.2620,690.3604,661.1960,621.2383,612.3152,588.4993,514.6516,521.4120,467.7388,493.2643,546.4890,498.4839,553.7780,572.3239,574.2144,560.9650,492.0033,535.9155,468.3373,481.7290,0.0000,0.0000,0.0000,0.0000,0.0000,0.0000,0.0000,0.0000,0.0000,0.0000,0.0000,0.0000,0.0000,0.0000,0.0000,0.0000,0.0000,0.0000,0.0000,0.0000,0.0000,0.0000,0.0000,0.0000,0.0000,0.0000,0.0000,0.0000,0.0000,0.0000,0.0000
0.0000,0.0000,0.0000,0.0000,0.0000,0.0000,0.0000,0.0000,0.0000,0.0000,0.0000,0.0000,0.0000,0.0000,0.0000,0.0000,0.0000,0.0000,0.0000,0.0000,0.0000,0.0000,0.0000,0.0000,0.0000,0.0000,0.0000,0.0000,0.0000,0.0000,296.4038,302.1470,319.9050,367.2943,346.1877,445.5132,417.2940,462.4801,526.2062,522.0093,655.5332,632.3633,710.0533,754.9623,833.6423,820.6064,893.1352,911.5483,897.9996,1053.0479,1033.8041,1046.5979,1071.5524,1097.9037,1073.5590,1088.7853,1070.7080,1053.9644,1065.9398,1088.6906,1088.7469,1084.8071,1090.3417,1043.1167,1137.6609,1078.9690,1067.3264,1083.9099,1182.0367,1230.9844,1357.0759,1359.4558,1387.4138,1486.4221,1565.9447,1627.2747,1749.4335,1720.4833,1721.3157,1799.0441,1762.6914,1765.2360,1768.0688,1748.5354,1728.1342,1783.3289,1834.4779,1839.7850,1937.4308,2040.2391,2101.9729,2149.1233,2251.3604,2240.7332,2431.5872,2422.3625,2327.6382,2355.3013,2303.7666,2253.2312,2312.9475,2260.7866,2123.4084,2236.0610,2288.4497,2389.3723,2459.3635,2509.5491,2565.4944,2665.1208,2608.6086,2592.8130,2520.8574,2419.7798,2468.9067,2472.1140,2504.6404,2545.1978,2549.7725,2725.8657,2698.9893,2735.5671,2724.6067,2565.6650,2636.0911,2652.3823,2501.4297,2487.9568,2489.5918,2472.5664,2624.6594,2633.2942,2562.0564,2595.2573,2608.6733,2683.9187,2832.1328,2802.3188,2855.5664,2861.8569,2944.8315,2894.0500,2924.3748,2846.6489,2956.0911,3025.0503,3173.3796,3267.9766,3254.5146,3230.0771,3183.7537,3126.6643,3068.1194,2897.9775,2971.1926,3080.7073,2950.8933,3031.3428,2906.6528,2849.7378,2909.0908,2900.3296,2751.8003,2716.8584,2622.4268,2652.8206,2675.2595,2608.1387,2586.0903,2627.8921,2562.3691,2511.2288,2490.9065,2437.0127,2385.8889,2472.2617,2599.2273,2497.6448,2496.3750,2435.9216,2497.9822,2557.6965,2552.5295,2410.4087,2352.0918,2359.7222,2350.3838,2397.8242,2238.9897,2135.5593,2194.0361,2302.7959,2302.5544,2361.4868,2259.2327,2388.6553,2518.0701,2597.4443,2592.9150,2542.7708,2477.9116,2523.5706,2618.4507,2714.2053,2737.5898,2786.5039,2852.4727,3060.2981,2986.7185,2950.9089,2883.4026,2887.8093,2959.2070,2767.4629,2781.2371,2767.3909,2739.4434,2873.9434,2835.0911,2748.2859,2806.5635,2786.5862,2817.0620,2863.5847,2827.4136,2788.0986,2802.0708,2778.9929,2813.6272,2763.3477,2711.0159,2748.6670,2765.3481,2746.4724,2653.3916,2492.8467,2562.4084,2535.9590,2439.7000,2457.5720,2455.4790,2515.7366,2613.9548,2605.1243,2650.9861,2655.4980,2540.3059,2594.5815,2572.3757,2397.8647,2435.8376,2461.3213,2509.6865,2538.5676,2483.5203,2566.4180,2574.7598,2529.0894,2491.5295,2394.3352,2367.5410,2436.4829,2497.2175,2565.5549,2536.0586,2459.5181,2560.2632,2533.7927,2613.7695,2690.0144,2643.2900,2760.1672,2853.0049,2723.6389,2716.9119,2614.1545,2527.7031,2692.8010,2677.3372,2703.0325,2657.2407,2540.2642,2601.4473,2651.7854,2558.4661,2490.4761,2386.2144,2392.6428,2348.1494,2302.5872,2220.6997,2181.6587,2162.0286,2193.9641,2111.2539,2070.4419,2044.3835,1947.9482,2018.8226,2000.7546,1890.2467,1861.8518,1927.6447,1889.6606,1923.6360,1908.5006,1794.8728,1832.2969,1802.5095,1727.5754,1753.7949,1683.2832,1632.9814,1619.1320,1655.6436,1586.5369,1597.3683,1602.8545,1528.2177,1507.6123,1512.4639,1469.8600,1424.1729,1471.3057,1415.9271,1433.8997,1423.6884,1428.4698,1432.8298,1435.3970,1322.9999,1344.8257,1286.3075,1203.5156,1181.6250,1066.2548,1042.6986,1076.6415,1060.4458,1039.2931,990.1577,911.1948,897.4839,905.6779,902.6966,889.9502,822.1849,823.6478,715.5554,727.4084,651.8559,591.1469,539.9211,605.5965,546.6451,580.5239,528.4529,538.4513,467.3509,561.8438,532.1577,537.4930,532.9312,553.8008,547.9297,537.2910,479.9096,516.8535,474.1034,491.8465,0.0000,0.0000,0.0000,0.0000,0.0000,0.0000,0.0000,0.0000,0.0000,0.0000,0.0000,0.0000,0.0000,0.0000,0.0000,0.0000,0.0000,0.0000,0.0000,0.0000,0.0000,0.0000,0.0000,0.0000,0.0000,0.0000,0.0000,0.0000,0.0000,0.0000
0.0000,0.0000,0.0000,0.0000,0.0000,0.0000,0.0000,0.0000,0.0000,0.0000,0.0000,0.0000,0.0000,0.0000,0.0000,0.0000,0.0000,0.0000,0.0000,0.0000,0.0000,0.0000,0.0000,0.0000,0.0000,0.0000,0.0000,0.0000,0.0000,0.0000,244.9275,306.3543,345.5376,338.5818,359.6907,404.0592,434.4443,482.8240,514.0715,552.3442,626.7684,670.9705,698.2529,771.1481,799.4418,816.8560,879.3992,936.7067,1007.7179,1012.6562,1080.1740,1079.7716,1062.7141,1053.1356,1076.0999,1101.4357,1129.1472,1135.1970,1086.9512,1111.1836,1130.2852,1060.3302,1075.1123,1077.2206,1081.4139,1081.9044,1082.0059,1187.0454,1176.8324,1210.7163,1347.9792,1444.3770,1413.8151,1448.3448,1539.6105,1666.6812,1707.1392,1758.9574,1745.5752,1662.6108,1725.4839,1738.5496,1749.8997,1718.8116,1701.0668,1761.3711,1966.8606,1922.3422,1954.2954,2087.8748,2000.2593,2179.1836,2323.1440,2365.5400,2381.2012,2407.2979,2370.2517,2421.0046,2274.4341,2155.8379,2124.4697,2199.8513,2255.6108,2300.4827,2349.6157,2410.1340,2515.6758,2576.4292,2555.8843,2525.3779,2565.2097,2502.4771,2533.4958,2585.9238,2442.2012,2443.0337,2624.2417,2567.5999,2678.6309,2725.4412,2637.2373,2708.4087,2866.3984,2688.5562,2644.2185,2647.5835,2540.0850,2596.8325,2489.3345,2459.8606,2538.6404,2626.1250,2670.7849,2682.0845,2651.3674,2758.4800,2723.0144,2871.5840,2848.3203,2795.9045,2853.6353,2928.0769,2999.5837,3096.3945,3073.3716,3041.4578,3215.9534,3227.8201,3271.6797,3329.1348,3105.5898,3160.9919,3136.6160,3047.7295,3028.5884,2946.8284,2866.1865,3011.6584,2975.8096,2917.6846,2776.8613,2850.4468,2914.0828,2844.2009,2744.4485,2648.3545,2560.4255,2548.7273,2592.8838,2591.7529,2602.9626,2582.4641,2570.3462,2620.2988,2542.0879,2426.4685,2569.4319,2489.4153,2568.2361,2582.1602,2486.9927,2488.0571,2483.1035,2448.6326,2397.7849,2357.0415,2307.6565,2289.5957,2238.5020,2269.8420,2285.6128,2316.8542,2459.8003,2424.2927,2395.9966,2381.4504,2413.7249,2512.4089,2514.9756,2524.5178,2611.9111,2582.2991,2611.0850,2826.0740,2749.8069,2727.2690,2854.1687,2898.2578,2996.0105,3047.9490,2945.9082,2897.8154,2894.1382,2775.4141,2786.6321,2705.0134,2642.9495,2744.2175,2800.3848,2822.6653,2822.0618,2730.2932,2738.5562,2838.7258,2835.1357,2722.5107,2712.4702,2766.9199,2794.5437,2889.5051,2850.6541,2689.2236,2655.3928,2681.2671,2619.7996,2641.9644,2454.4114,2425.1052,2451.6118,2573.1809,2574.7065,2608.5300,2510.9568,2574.0034,2686.8933,2637.6531,2693.5012,2583.8694,2535.5608,2595.7720,2532.5139,2469.7041,2483.4424,2490.1731,2568.6665,2560.9751,2534.4866,2606.3628,2537.6074,2461.8044,2516.8499,2447.1890,2384.2959,2489.2952,2410.6638,2470.5452,2595.2642,2508.2739,2674.6743,2706.2825,2631.4097,2707.9529,2713.7854,2687.6260,2713.8694,2689.0020,2684.3794,2675.5439,2602.1155,2715.6667,2727.5437,2663.1609,2626.0662,2532.5896,2644.8052,2604.2849,2496.9849,2480.2187,2423.0288,2387.9155,2336.1279,2185.4736,2152.5581,2166.8745,2128.7375,2166.9941,2095.2703,1988.2953,1996.7094,1943.5601,1960.3400,1906.7694,1931.1017,1862.5259,1936.1835,1963.1375,1975.0321,1839.1422,1780.3751,1767.1719,1781.1721,1775.8313,1660.2366,1542.2179,1691.9801,1632.8801,1650.5615,1637.5132,1527.6726,1447.9807,1535.1420,1441.6907,1443.9875,1435.3083,1439.4681,1485.3837,1567.8961,1487.4313,1423.9257,1415.9639,1365.5375,1338.9756,1329.5620,1200.1267,1176.5249,1143.6038,1130.8900,1064.4346,1028.4843,983.3057,982.3044,990.4086,936.3597,923.9803,869.3665,896.6701,865.1603,827.4718,734.3074,673.5538,671.6603,609.4188,595.6406,603.3348,564.8846,569.9781,552.5424,575.8441,519.9180,520.0026,537.2896,575.8911,570.9897,541.9716,547.5447,559.8367,558.4913,538.3418,480.7814,448.0860,0.0000,0.0000,0.0000,0.0000,0.0000,0.0000,0.0000,0.0000,0.0000,0.0000,0.0000,0.0000,0.0000,0.0000,0.0000,0.0000,0.0000,0.0000,0.0000,0.0000,0.0000,0.0000,0.0000,0.0000,0.0000,0.0000,0.0000,0.0000,0.0000,0.0000
0.0000,0.0000,0.0000,0.0000,0.0000,0.0000,0.0000,0.0000,0.0000,0.0000,0.0000,0.0000,0.0000,0.0000,0.0000,0.0000,0.0000,0.0000,0.0000,0.0000,0.0000,0.0000,0.0000,0.0000,0.0000,0.0000,0.0000,0.0000,0.0000,0.0000,297.5048,330.4060,316.4120,368.1136,403.5371,431.5663,477.3845,504.6206,568.5707,637.3214,595.6179,706.9728,739.2296,783.5371,886.3358,875.2341,899.7346,964.8103,995.4546,1016.7515,1100.4152,1062.6934,1110.4971,1119.0599,1053.7170,1065.2616,1124.2258,1058.6713,1104.9675,1133.0830,1120.4728,1102.7897,1118.8480,1040.4065,1118.0472,1086.2396,1062.9774,1204.3625,1234.5101,1296.4829,1343.1301,1397.8279,1529.5148,1560.4349,1678.0653,1689.0212,1667.1262,1690.4874,1645.3318,1673.6727,1748.5795,1643.6929,1706.8982,1746.5186,1712.9064,1771.1549,1835.6709,1933.5024,1996.6686,2032.4027,2052.1472,2217.0872,2306.2068,2338.3923,2445.8762,2398.0811,2312.2417,2292.4531,2223.3401,2165.9941,2086.7429,2187.0435,2272.0608,2340.2209,2469.9619,2445.7158,2419.0325,2539.2690,2507.2993,2586.7708,2600.6370,2586.0596,2576.4985,2670.6960,2591.6658,2499.3391,2538.2717,2558.6135,2684.0549,2897.5759,2801.1565,2840.3999,2711.8320,2709.7412,2780.6631,2664.4121,2599.1848,2520.2214,2594.3384,2655.1838,2679.7715,2636.0247,2641.1213,2584.9768,2701.1631,2750.3003,2670.6416,2819.6453,2839.9167,2948.5984,3104.3970,3020.4861,3015.3787,3085.8210,3023.0310,2986.3499,3210.6780,3168.3689,3408.5405,3363.2917,3261.0879,3234.6980,3033.8069,2968.9460,3049.6274,2940.6309,2939.3989,2967.6604,2981.6179,3035.1506,2856.3237,2866.1411,2846.7373,2718.3345,2807.0889,2668.4048,2591.6792,2637.4849,2623.1301,2703.8501,2757.5415,2586.4146,2417.8994,2543.6985,2416.4951,2533.7964,2518.9514,2558.1321,2619.2561,2635.4375,2505.9456,2481.4402,2275.7568,2334.8428,2376.0715,2412.6567,2464.6980,2276.9919,2294.3525,2387.6091,2354.3948,2438.0347,2401.3518,2384.0603,2493.5073,2480.8066,2441.7520,2503.7461,2454.4846,2571.9641,2667.2544,2588.1531,2564.9192,2643.8235,2671.9207,2759.1841,2880.4302,2966.3994,3022.8579,2954.2754,2966.3008,2855.9270,2757.6277,2701.7656,2661.0269,2748.6130,2776.1914,2714.2419,2709.3887,2768.1169,2710.1587,2776.3025,2692.8440,2663.5430,2740.0073,2784.2148,2813.3564,2885.4456,2786.0085,2757.2581,2775.9788,2721.0789,2616.9543,2648.3972,2565.4480,2648.3586,2575.2510,2367.1597,2466.4341,2469.9089,2482.0955,2427.3989,2606.0605,2574.2034,2668.0840,2736.6904,2764.5007,2694.2644,2523.3582,2523.6094,2415.8591,2499.1694,2524.4568,2417.5583,2510.9883,2533.3528,2603.5935,2618.3831,2499.8228,2418.5918,2432.9536,2464.3994,2445.2019,2514.6143,2453.4678,2517.2583,2592.1975,2547.8647,2562.6296,2572.1570,2587.5376,2670.5649,2755.9939,2760.2966,2680.4504,2666.7676,2745.2063,2713.7356,2698.4917,2644.1594,2559.6218,2658.3472,2663.2183,2624.1667,2650.9421,2557.1633,2551.6631,2612.4443,2406.8611,2336.9097,2319.1572,2260.9001,2269.5803,2219.0310,2161.2161,2159.8655,2115.1609,2043.4921,1979.8480,1933.2742,1977.7520,1916.2391,1930.2925,1987.4436,1929.9189,1919.6099,1935.6560,1830.7596,1871.8414,1788.3708,1749.7227,1763.6063,1710.9839,1669.8387,1706.4386,1645.5720,1589.9188,1585.6711,1527.4769,1461.4861,1520.2026,1490.9500,1500.6025,1513.4043,1455.1693,1469.3795,1511.3087,1483.2438,1498.3602,1463.1150,1408.6661,1371.6073,1374.8082,1305.4703,1144.6366,1119.0566,1107.0719,1052.1826,1090.1287,1048.1075,938.9016,1030.6671,965.7935,969.9460,953.4140,875.9935,829.6690,805.2059,753.0179,694.4661,669.4579,573.3345,622.7503,627.2445,578.5029,570.2776,499.4002,521.7625,556.7034,537.4487,545.6472,525.0668,536.1472,561.9170,573.2097,559.2991,542.7418,478.7155,474.6270,484.9793,0.0000,0.0000,0.0000,0.0000,0.0000,0.0000,0.0000,0.0000,0.0000,0.0000,0.0000,0.0000,0.0000,0.0000,0.0000,0.0000,0.0000,0.0000,0.0000,0.0000,0.0000,0.0000,0.0000,0.0000,0.0000,0.0000,0.0000,0.0000,0.0000,0.0000
0.0000,0.0000,0.0000,0.0000,0.0000,0.0000,0.0000,0.0000,0.0000,0.0000,0.0000,0.0000,0.0000,0.0000,0.0000,0.0000,0.0000,0.0000,0.0000,0.0000,0.0000,0.0000,0.0000,0.0000,0.0000,0.0000,0.0000,0.0000,0.0000,256.3069,306.9483,325.4267,287.8751,307.9194,386.2365,389.8367,474.3894,521.0786,535.1474,598.4684,604.5468,699.4277,741.5737,777.0480,864.2681,900.9703,887.2759,901.2307,1006.4810,1064.8064,1112.2697,1075.4456,1094.7892,1087.0492,1076.2993,1043.5540,1048.3810,1021.0163,1061.5889,1115.2601,1136.9779,1072.0261,1044.8416,1034.0657,1100.6589,1079.1229,1092.5879,1088.8589,1220.4584,1339.9705,1421.8676,1545.8546,1528.9758,1489.1284,1601.8383,1651.7019,1598.3787,1663.9276,1609.3596,1689.4283,1776.6932,1661.4427,1669.7664,1628.5924,1692.0721,1746.2491,1847.6868,1955.2086,1966.5632,2036.0039,2171.3162,2201.9343,2232.3877,2305.5605,2303.8301,2357.6707,2343.9377,2233.1721,2207.4961,2167.0383,2147.8848,2284.4565,2244.7534,2270.2285,2384.1528,2476.6099,2518.8250,2573.8318,2531.7395,2577.4028,2673.4375,2612.5862,2556.2544,2553.0029,2491.0999,2529.0950,2638.6094,2674.7783,2791.7388,2891.9529,2929.1536,2760.3713,2747.4585,2719.3486,2612.1428,2731.2822,2713.4744,2604.9829,2632.1433,2651.7339,2623.4763,2714.2830,2674.8672,2578.7693,2664.2883,2683.6836,2779.5688,2897.3513,2807.9524,2851.1621,3032.0569,3012.9297,2963.9690,3008.2849,3022.4717,3116.9795,3268.0251,3327.3403,3322.7500,3202.7983,3232.3093,3147.5417,3115.9070,3004.8894,2973.1851,3008.5676,3119.4990,3007.5476,3026.5747,2907.7305,2800.6089,2872.8254,2864.9617,2735.9663,2755.2825,2715.6987,2733.2048,2778.1035,2642.8638,2645.4590,2626.3391,2523.0161,2487.0024,2462.9036,2445.2695,2465.0566,2568.7375,2680.3345,2644.7522,2524.5063,2475.0906,2325.7937,2378.0183,2472.1399,2369.9297,2400.1462,2480.4111,2311.0493,2339.2068,2352.8579,2312.8359,2428.7354,2523.4753,2484.5417,2564.3765,2490.1799,2473.9475,2531.2791,2461.2473,2461.8091,2530.2417,2564.0779,2590.6345,2678.5212,2682.6941,2767.7163,2873.6831,2996.7510,2940.8826,2851.4436,2926.3118,2809.7253,2869.3052,2861.1841,2623.6230,2619.2803,2695.3059,2607.3726,2635.3491,2614.8921,2571.7522,2717.8718,2725.8562,2766.0999,2767.1521,2620.3203,2744.4763,2791.6445,2763.9082,2735.0256,2654.4690,2698.7502,2746.5461,2757.7766,2675.0371,2540.7378,2401.0703,2434.4910,2417.0630,2396.0811,2453.1948,2458.1074,2579.6189,2711.7686,2578.8184,2709.5813,2737.6333,2614.8816,2612.9717,2474.7410,2493.6658,2431.0193,2472.1155,2560.6716,2565.6765,2443.4419,2495.1768,2556.3040,2487.7205,2473.1213,2461.9788,2460.6331,2515.1711,2566.2332,2545.3137,2446.4546,2473.3770,2453.7400,2519.0051,2626.3511,2657.5601,2642.8467,2751.4980,2741.5422,2671.6282,2649.0940,2660.5537,2665.1770,2733.3604,2718.2732,2715.2957,2711.8889,2628.0583,2610.3157,2600.0674,2539.9089,2521.2043,2489.4165,2486.2893,2455.8728,2323.7979,2254.6016,2319.5291,2247.6016,2253.1375,2147.4436,2095.2820,2086.0037,2012.9636,2048.8022,2073.1362,1931.9812,1974.3485,1970.3259,1928.0287,1903.3491,1900.0850,1780.8312,1902.3895,1863.3806,1824.0150,1781.8657,1700.5597,1637.6780,1693.8071,1612.6067,1582.0916,1494.9521,1551.0675,1574.5868,1530.8060,1494.9756,1443.6208,1511.9185,1554.0396,1495.6899,1515.1066,1563.8351,1512.6533,1521.1646,1476.9099,1372.1356,1385.1370,1272.4481,1184.2682,1200.5729,1149.4410,1104.2833,1078.8798,1101.9652,1014.1542,1018.1851,966.2774,915.3712,941.4885,879.7144,875.7440,765.5848,768.9969,717.4485,653.8479,645.5833,591.1788,560.5676,586.4759,593.2829,612.0858,520.2025,523.6460,529.0437,559.5070,535.2816,490.9366,536.5372,609.4042,596.2585,543.3956,516.3588,489.1281,499.7606,388.9243,0.0000,0.0000,0.0000,0.0000,0.0000,0.0000,0.0000,0.0000,0.0000,0.0000,0.0000,0.0000,0.0000,0.0000,0.0000,0.0000,0.0000,0.0000,0.0000,0.0000,0.0000,0.0000,0.0000,0.0000,0.0000,0.0000,0.0000,0.0000,0.0000
0.0000,0.0000,0.0000,0.0000,0.0000,0.0000,0.0000,0.0000,0.0000,0.0000,0.0000,0.0000,0.0000,0.0000,0.0000,0.0000,0.0000,0.0000,0.0000,0.0000,0.0000,0.0000,0.0000,0.0000,0.0000,0.0000,0.0000,0.0000,0.0000,264.9192,309.9836,315.4010,355.7074,355.2457,365.0632,438.2907,496.0764,534.0023,613.4213,618.4901,659.9941,770.5317,799.0687,796.8358,855.0856,876.6342,958.9408,977.3553,1023.4001,1071.1677,1111.7225,1087.3218,1113.7998,1066.0341,1111.3700,1095.4750,1090.5251,1118.9670,1158.2939,1105.0278,1110.2341,1081.1173,1086.4017,1087.3214,1036.6230,1121.7535,1183.0492,1235.6132,1329.7133,1372.7753,1423.9347,1561.4448,1623.6753,1618.0927,1616.9672,1666.4912,1713.6312,1724.2540,1632.6871,1613.0303,1627.6161,1594.6981,1601.4755,1564.3362,1682.7006,1741.2194,1872.8820,2039.4681,2038.6906,2029.9402,2127.4062,2137.1042,2215.3262,2287.2000,2272.1409,2356.1045,2309.0198,2231.1499,2255.7273,2153.1450,2109.1438,2211.9165,2276.6633,2422.0127,2437.8979,2449.6484,2589.7363,2612.0571,2625.7664,2527.6755,2462.0461,2523.0413,2514.0959,2670.9604,2692.7632,2631.7432,2631.3271,2869.2407,2878.8040,2803.2578,2778.9958,2790.4878,2824.0261,2827.3528,2737.6345,2712.9253,2664.9727,2640.1331,2645.6733,2634.1843,2581.5117,2634.2661,2627.8525,2706.1675,2750.5674,2744.7451,2747.6003,2784.6929,2875.8464,2859.0422,2893.6882,3027.0923,2999.9761,3136.3789,3176.3657,3175.4929,3122.7141,3231.4531,3155.9187,3215.8174,3186.8494,3085.6917,3148.4707,3122.3430,2993.8970,2954.3860,2934.1699,2943.9644,3020.8989,2960.5815,2938.9648,2866.3992,2886.5540,2902.8550,2839.8457,2749.2637,2640.8699,2677.3181,2699.4563,2643.1257,2533.5911,2593.8955,2600.5852,2550.8733,2593.1399,2434.8491,2390.0034,2557.2473,2528.0771,2573.4463,2466.1809,2404.9778,2471.4878,2522.4785,2424.4900,2425.6489,2330.9287,2280.6177,2345.0967,2321.5151,2405.7380,2488.8774,2450.4910,2592.1792,2598.2212,2561.4475,2466.6780,2431.8889,2486.2290,2576.3535,2572.2754,2609.8328,2608.1602,2608.6384,2765.7771,2721.3147,2767.5764,2915.2954,2956.9766,3067.5068,3135.2590,2847.4233,2844.0315,2797.7651,2642.9634,2679.0818,2619.5950,2532.9751,2685.0994,2675.6086,2724.2021,2691.9771,2675.5266,2768.2266,2729.8545,2762.7307,2731.2676,2655.9507,2776.6177,2788.5215,2762.3391,2800.1111,2713.3672,2653.1777,2694.9309,2490.6299,2461.3254,2367.2417,2427.5237,2592.0557,2515.4695,2476.0986,2516.9124,2655.5303,2607.5793,2736.3135,2677.0425,2621.9417,2581.3220,2547.4607,2512.0120,2547.9036,2427.5664,2471.6924,2509.0945,2581.5376,2521.1812,2474.4929,2474.9775,2496.8074,2500.0356,2511.3809,2457.6030,2444.0549,2568.6919,2493.4917,2528.7603,2517.3906,2481.8274,2627.1799,2638.1677,2682.2163,2637.4797,2626.9856,2615.0381,2721.8269,2676.8479,2737.5908,2736.1936,2655.9202,2756.7163,2656.0310,2623.4358,2597.0652,2582.8918,2633.2195,2614.4431,2495.4775,2458.8650,2420.6426,2327.6733,2361.4502,2209.6531,2145.6677,2239.4009,2182.3967,2181.7175,2142.3638,2001.0587,2002.0757,2080.4834,1964.2600,1920.8936,1943.4838,1888.0656,1984.9443,1937.1318,1911.2089,1857.1716,1832.2939,1797.7390,1765.3391,1682.1149,1651.9438,1660.0793,1685.3152,1627.9355,1567.9851,1578.9294,1540.6084,1581.1208,1556.9491,1457.9569,1468.4935,1510.3638,1501.9323,1606.7322,1577.1875,1504.8994,1460.5996,1416.0670,1440.5376,1419.2832,1273.2115,1193.3236,1252.4420,1197.3741,1161.2190,1123.5330,1042.4167,1023.3321,1014.8605,1034.9635,983.1506,917.7204,917.8536,873.4719,795.2563,832.7197,730.2676,633.2838,676.2947,636.3143,579.9575,620.0496,542.9065,573.2054,533.2547,536.3821,513.2765,554.0914,554.4980,576.3804,556.8337,535.1453,555.3713,541.7633,538.6021,462.4482,480.0853,446.3676,0.0000,0.0000,0.0000,0.0000,0.0000,0.0000,0.0000,0.0000,0.0000,0.0000,0.0000,0.0000,0.0000,0.0000,0.0000,0.0000,0.0000,0.0000,0.0000,0.0000,0.0000,0.0000,0.0000,0.0000,0.0000,0.0000,0.0000,0.0000,0.0000
0.0000,0.0000,0.0000,0.0000,0.0000,0.0000,0.0000,0.0000,0.0000,0.0000,0.0000,0.0000,0.0000,0.0000,0.0000,0.0000,0.0000,0.0000,0.0000,0.0000,0.0000,0.0000,0.0000,0.0000,0.0000,0.0000,0.0000,0.0000,0.0000,270.6472,304.7842,352.7484,336.5266,390.9592,433.9565,463.7794,514.1166,574.6457,627.8947,630.7590,726.9921,752.7142,816.0844,872.9324,876.7002,924.4058,988.9425,1031.7782,1022.8875,1099.9016,1075.8130,1130.2762,1083.1825,1152.0320,1155.6135,1131.1699,1109.6937,1086.5234,1135.6932,1086.3544,1098.2799,1070.5999,1085.5299,1138.0062,1132.2821,1118.1598,1157.7450,1238.5247,1353.0208,1414.5006,1433.2852,1473.9056,1558.6207,1653.3763,1676.7549,1705.3612,1668.9972,1588.3534,1651.9955,1597.9241,1582.0442,1646.7433,1585.2119,1605.7000,1691.0759,1749.4878,1769.6759,1922.1523,2003.7145,2070.8479,2147.7847,2112.1211,2288.2141,2297.7256,2273.7908,2312.3071,2169.3450,2119.2820,2118.0176,2184.4995,2243.3184,2246.7627,2336.3770,2505.5249,2505.3293,2527.6633,2529.0044,2507.7258,2595.3623,2536.7090,2505.0269,2596.0137,2597.4114,2709.7988,2783.9771,2756.0220,2700.1616,2760.0872,2789.7280,2936.1611,2937.2607,2813.2517,2892.2927,2886.9509,2820.0208,2814.6184,2659.1147,2591.4663,2650.8347,2746.1360,2787.3862,2713.2256,2660.3711,2727.1897,2675.5757,2791.8694,2688.2356,2689.8081,2826.0535,2893.2512,2957.3738,3149.1370,3003.1548,3036.2947,3206.5930,3102.0847,3058.3638,3074.9805,3066.1978,3223.0796,3271.1045,3170.8005,3094.0540,3012.5044,2991.9683,2995.1011,2965.7959,2961.3423,2947.1685,2944.7910,3049.4229,2939.1638,2881.2705,2808.7993,2751.2507,2853.7476,2782.9724,2631.5239,2685.2612,2693.5767,2646.2500,2718.4756,2498.1365,2442.8752,2490.8494,2410.2817,2458.1804,2556.2520,2505.5090,2613.8628,2580.9607,2541.0051,2397.8704,2404.3389,2400.4990,2453.7327,2432.3362,2335.6543,2304.3716,2293.1079,2353.5361,2432.3550,2453.4646,2470.2119,2420.5278,2518.8230,2513.8069,2465.4919,2556.3020,2566.7190,2646.1423,2745.9871,2584.3091,2522.8101,2674.8196,2763.7974,2941.3401,2972.2429,2982.6340,3038.6001,3061.8413,2950.8726,2802.9546,2675.0688,2643.0449,2677.0615,2662.0203,2689.8447,2576.9275,2616.0518,2706.0000,2706.6387,2766.7637,2703.3848,2693.2744,2849.0762,2810.9651,2780.5381,2797.9814,2687.5400,2717.6641,2798.6013,2643.3604,2623.5459,2554.9978,2436.3220,2511.5283,2543.0569,2375.4822,2505.1094,2425.0398,2441.7195,2538.7744,2587.3945,2658.4065,2617.1580,2704.8264,2759.7109,2548.7676,2508.5513,2477.2791,2485.0076,2673.8232,2526.9768,2520.2048,2618.9519,2553.1943,2450.5425,2588.3037,2483.3953,2471.8608,2568.0088,2510.1106,2537.5525,2566.4236,2470.2346,2582.4363,2545.6921,2510.5063,2455.6567,2515.4468,2568.5669,2668.6609,2685.4133,2747.6963,2685.7524,2728.0063,2773.0220,2648.4478,2622.2688,2669.2754,2670.3311,2708.1719,2607.1292,2482.7056,2561.1731,2563.1494,2519.2095,2531.7190,2411.5403,2334.9509,2309.1558,2275.3328,2321.3442,2274.7644,2204.2429,2250.6589,2227.8235,2122.8789,2034.8826,1916.3702,1942.3525,1978.0868,1994.2509,2013.4099,1899.2894,1861.1085,1890.5818,1869.8623,1859.3716,1783.7489,1729.5757,1818.8364,1788.5281,1710.5200,1676.5135,1622.1652,1604.3604,1636.2877,1634.2600,1582.9958,1502.2043,1526.4534,1600.6248,1545.8684,1506.5029,1544.4941,1541.8508,1511.5730,1469.2046,1450.3114,1430.6180,1422.1982,1334.7987,1296.4122,1205.5936,1204.5039,1179.4562,1135.6697,1075.1442,1076.6165,1022.5615,1010.0858,1014.4373,917.3960,872.5051,862.9597,799.2413,829.8749,669.7253,705.3313,656.0918,577.9307,628.3824,559.3187,601.5641,528.2784,546.0101,559.7582,530.2421,546.8065,575.4628,588.4298,559.6318,585.0092,514.5856,487.9877,502.3210,509.9263,485.1984,458.4732,0.0000,0.0000,0.0000,0.0000,0.0000,0.0000,0.0000,0.0000,0.0000,0.0000,0.0000,0.0000,0.0000,0.0000,0.0000,0.0000,0.0000,0.0000,0.0000,0.0000,0.0000,0.0000,0.0000,0.0000,0.0000,0.0000,0.0000,0.0000,0.0000
0.0000,0.0000,0.0000,0.0000,0.0000,0.0000,0.0000,0.0000,0.0000,0.0000,0.0000,0.0000,0.0000,0.0000,0.0000,0.0000,0.0000,0.0000,0.0000,0.0000,0.0000,0.0000,0.0000,0.0000,0.0000,0.0000,0.0000,0.0000,0.0000,281.4389,293.5153,307.8085,346.6478,403.8720,439.9230,512.7974,473.7579,560.2267,662.3992,708.2372,767.5922,772.0009,872.2803,865.5040,890.7302,988.7324,947.9922,983.2473,1017.1450,1052.5878,1120.2043,1119.4282,1111.0748,1149.5393,1133.0216,1117.5564,1104.0808,1112.7819,1146.6088,1131.7811,1097.8135,1142.3433,1119.8547,1124.2855,1120.1437,1144.3345,1204.6733,1292.1492,1335.0646,1471.6255,1559.6813,1552.7798,1573.5798,1656.6558,1623.3783,1690.5558,1659.7792,1620.4019,1572.9314,1573.7065,1589.4950,1595.2848,1576.7361,1582.6932,1648.7642,1740.1196,1860.1566,1948.9618,1958.8589,2124.7976,2239.7622,2215.7693,2216.7302,2182.0652,2193.3521,2178.2351,2146.5903,2205.8745,2070.9297,2180.2485,2319.4875,2325.4609,2418.7573,2429.7788,2393.3806,2517.2922,2582.6350,2558.1978,2607.6624,2466.2241,2531.4714,2662.3958,2631.1694,2575.5491,2686.4419,2758.5225,2908.0889,2867.4937,2876.0505,2904.7341,2871.3027,2910.8188,2866.4922,2878.3257,2820.8127,2786.3059,2810.8213,2854.3076,2681.6519,2751.3342,2757.1001,2682.8181,2749.9990,2711.7356,2611.0884,2854.4915,2740.0986,2800.5688,2895.5132,2831.0115,2935.8523,3050.9368,3007.1172,3039.1616,3073.8301,3083.9885,3164.0615,3155.9104,3128.7915,3088.7439,3111.6826,3094.3977,3063.4421,2993.4380,3007.6045,2921.4102,3061.3398,3051.5081,2932.8210,2930.3792,3001.1711,2891.4673,3004.6060,2862.5884,2751.2817,2802.6941,2779.4773,2775.6296,2751.2634,2627.7495,2561.3601,2577.7434,2619.9463,2506.5671,2442.9253,2433.4563,2515.1865,2563.3196,2544.7700,2555.9995,2460.8838,2513.4912,2534.9082,2542.0547,2466.8169,2382.5371,2416.0583,2433.9910,2309.4363,2236.1987,2253.4592,2293.8853,2434.3528,2441.9639,2428.1721,2422.1389,2407.5984,2468.6770,2589.1558,2531.5681,2538.6497,2550.7666,2637.3716,2738.5005,2778.3105,2780.7107,2865.2524,2952.1902,3059.2883,2966.3606,2993.4165,2928.8689,2862.2317,2843.9009,2846.2173,2604.8923,2653.1594,2706.0322,2612.7974,2654.1213,2690.1382,2700.3562,2783.5967,2834.1885,2756.4111,2833.6267,2762.9751,2688.0044,2742.9978,2724.3845,2704.3755,2680.6802,2678.3066,2687.8088,2595.6951,2463.0723,2449.0898,2459.0139,2453.4880,2401.0415,2459.3059,2462.4402,2547.9189,2666.5854,2699.1438,2594.1377,2614.7461,2682.7627,2559.7715,2547.1487,2544.9314,2428.9385,2675.9033,2684.3745,2648.5857,2520.1973,2436.1951,2472.0408,2478.8342,2561.1006,2513.2837,2535.3672,2488.3962,2619.2744,2606.0095,2541.4307,2443.3455,2443.7571,2467.1211,2536.0610,2549.2869,2583.2153,2678.7195,2733.3110,2767.4390,2657.6289,2641.2295,2644.1902,2666.0845,2740.1235,2720.7285,2684.8113,2671.1675,2528.6023,2545.7781,2526.5315,2487.8584,2488.0330,2514.7119,2425.1155,2486.7729,2350.1211,2279.3313,2308.6245,2283.1033,2286.6494,2211.1050,2203.4653,2187.7668,2064.6240,2068.7251,2024.7350,1891.8948,1969.6188,1945.5520,1849.3323,1911.9355,1878.2057,1866.8314,1921.0264,1846.2976,1751.6682,1740.0745,1706.8149,1671.3857,1726.8398,1620.4662,1659.7762,1636.1725,1631.4501,1626.3785,1578.1886,1545.0553,1537.8359,1580.2367,1582.1387,1552.4674,1504.1589,1521.5562,1535.3469,1537.3698,1500.2887,1363.0459,1286.8145,1301.3737,1271.7595,1224.6025,1126.3549,1151.6412,1151.9384,1122.4404,1037.0345,979.9684,917.5375,922.9419,903.4205,882.5732,826.7504,787.7912,703.3259,675.8805,614.5098,608.6504,611.7403,596.4581,621.1548,573.8790,553.1632,588.4323,562.6489,542.9290,585.0966,549.5106,545.4051,553.2012,576.6935,584.5143,542.4304,548.3985,521.8615,496.5118,0.0000,0.0000,0.0000,0.0000,0.0000,0.0000,0.0000,0.0000,0.0000,0.0000,0.0000,0.0000,0.0000,0.0000,0.0000,0.0000,0.0000,0.0000,0.0000,0.0000,0.0000,0.0000,0.0000,0.0000,0.0000,0.0000,0.0000,0.0000,0.0000
0.0000,0.0000,0.0000,0.0000,0.0000,0.0000,0.0000,0.0000,0.0000,0.0000,0.0000,0.0000,0.0000,0.0000,0.0000,0.0000,0.0000,0.0000,0.0000,0.0000,0.0000,0.0000,0.0000,0.0000,0.0000,0.0000,0.0000,0.0000,238.0079,279.6702,312.6523,340.3078,344.3558,413.8265,470.4326,482.1982,571.6585,676.5585,628.8659,708.1239,825.5620,805.4248,917.3622,861.4953,881.9599,971.6933,1043.3076,1034.0516,1033.7032,1109.2097,1091.2336,1113.9781,1083.7334,1127.0292,1089.6122,1113.1099,1112.9459,1145.7102,1148.0294,1049.4042,1046.2513,1074.1049,1107.8660,1129.2251,1172.9546,1130.0032,1315.7135,1400.8300,1428.5857,1458.6342,1490.8005,1515.8237,1648.2334,1610.4376,1612.2578,1661.3843,1603.4114,1640.7094,1616.0892,1575.3561,1519.3939,1518.2079,1585.0021,1593.7211,1662.0674,1751.2517,1881.6721,1991.6788,2116.0435,2091.1189,2092.3101,2140.1985,2152.5425,2245.9463,2246.2119,2126.4971,2210.6453,2241.9221,2089.0691,2207.8137,2273.5251,2348.9976,2452.9292,2552.8596,2569.9458,2564.9751,2561.5198,2572.0081,2610.0564,2533.0708,2490.9751,2528.9792,2682.8638,2730.4841,2766.0374,2838.7944,2847.1804,2883.2891,2905.2068,2848.9458,2787.8545,2824.5750,2901.1313,3058.4304,3025.0217,2861.7407,2881.0881,2849.0000,2813.5042,2815.9622,2714.1345,2678.5852,2752.8552,2773.3616,2803.8240,2777.5249,2692.1501,2757.8650,2901.0171,2893.4033,2890.5540,2913.3718,3017.2300,3131.2954,3092.7261,3141.9490,3043.9758,2998.4067,3100.5598,3012.9836,3126.3491,3074.5222,3015.1321,3136.5239,3188.7593,2909.3706,2890.1555,2920.5654,2905.2825,3066.6572,2948.8596,2960.8989,3015.1423,2873.9019,2843.3020,2841.7151,2682.4519,2668.5288,2627.8687,2687.8040,2688.4216,2593.7686,2577.2800,2545.9060,2502.0693,2494.9065,2458.8196,2466.9980,2608.7021,2483.6453,2557.2092,2603.3418,2510.8433,2624.0205,2545.0808,2398.9177,2388.0398,2345.1794,2295.9009,2347.1279,2286.7363,2309.4033,2368.4573,2375.7429,2439.2891,2411.5117,2405.5193,2427.8269,2569.6599,2642.1384,2706.4050,2647.6753,2654.0593,2708.6250,2829.6787,2886.5247,2836.3738,2875.2668,3045.6589,3072.2090,3204.8733,3071.3716,2919.5444,2932.3064,2866.2029,2721.7109,2709.2983,2577.9109,2554.4114,2746.7615,2799.5549,2770.8157,2794.2563,2714.6660,2802.6074,2806.7783,2773.8362,2677.6948,2632.4578,2741.9998,2727.6816,2698.5974,2650.1089,2512.7754,2556.0142,2612.4333,2425.7932,2453.9336,2541.5713,2464.9431,2595.3025,2661.1594,2469.1221,2566.5525,2595.7485,2604.1096,2690.4321,2593.5117,2537.9070,2555.1064,2562.1738,2704.1331,2598.6843,2649.3708,2488.5857,2552.9551,2519.8928,2571.9226,2416.9023,2468.1245,2605.6738,2514.7737,2543.1360,2506.4495,2517.3442,2535.9976,2480.5642,2519.9812,2563.0937,2503.7283,2561.1697,2671.5527,2586.7146,2652.5374,2676.5767,2641.8669,2764.4741,2705.0840,2656.7566,2716.8154,2703.6824,2589.2571,2544.7288,2493.2129,2422.6702,2495.3096,2521.2551,2458.7468,2405.8464,2437.6221,2452.9116,2372.3918,2366.6318,2298.7808,2252.4058,2303.4033,2340.4441,2265.0239,2178.6863,2014.5630,1977.8639,2004.1073,1906.3726,1941.7285,1884.5038,1896.9570,1988.2776,1959.5796,1858.3990,1854.6040,1834.6852,1806.3477,1710.6837,1753.1879,1718.0122,1705.7888,1734.9265,1746.9492,1670.3102,1604.1060,1562.1416,1546.1007,1557.2206,1590.8522,1616.9285,1615.2848,1547.0580,1585.5587,1587.8950,1476.2493,1506.9740,1414.0560,1386.0574,1353.9275,1314.5626,1239.1509,1253.3436,1180.7537,1121.0260,1080.0035,1088.8373,1057.1140,1003.7277,977.9579,943.5018,872.8459,915.5519,827.5412,748.4872,703.8771,706.9557,643.9709,640.8026,638.1402,599.3644,601.9954,606.7415,618.4858,564.7786,544.1625,579.3348,588.4460,549.7614,594.3633,580.7686,545.9199,517.7361,582.5045,546.0494,502.7854,474.3878,453.3017,0.0000,0.0000,0.0000,0.0000,0.0000,0.0000,0.0000,0.0000,0.0000,0.0000,0.0000,0.0000,0.0000,0.0000,0.0000,0.0000,0.0000,0.0000,0.0000,0.0000,0.0000,0.0000,0.0000,0.0000,0.0000,0.0000,0.0000,0.0000
0.0000,0.0000,0.0000,0.0000,0.0000,0.0000,0.0000,0.0000,0.0000,0.0000,0.0000,0.0000,0.0000,0.0000,0.0000,0.0000,0.0000,0.0000,0.0000,0.0000,0.0000,0.0000,0.0000,0.0000,0.0000,0.0000,0.0000,0.0000,271.3100,278.0143,335.3207,367.2769,342.6168,434.6754,518.5580,520.2388,564.3246,641.9181,662.3439,732.9177,804.2480,781.0845,840.8979,930.9985,986.4177,1001.6818,1036.7024,1074.2729,1103.9860,1128.2999,1100.8735,1084.4080,1120.2668,1101.5557,1118.5533,1176.9874,1091.1947,1138.7404,1131.0367,1067.4755,1059.4889,1054.7980,1072.3687,1210.4136,1242.7448,1186.9939,1291.0096,1357.0421,1421.3218,1492.7228,1514.9891,1627.4900,1606.5973,1635.2008,1671.2844,1617.6938,1614.6118,1541.2823,1527.7238,1540.2731,1521.4479,1540.1077,1632.6409,1620.6156,1741.4935,1863.0498,1795.5950,1915.4279,2048.2246,2087.8472,2174.1812,2164.6614,2150.5732,2186.3022,2233.2187,2147.0049,2072.0195,2073.5178,2108.6418,2240.7600,2350.5312,2413.9673,2440.0371,2523.1057,2651.1311,2593.9685,2604.6414,2550.4446,2491.6274,2582.8081,2560.3228,2643.1494,2684.3955,2740.6511,2803.4360,2939.9358,2844.1296,2834.8394,2854.9309,2858.0176,2912.6787,2929.5305,2951.7310,2957.9067,3045.8572,2964.1240,2860.5283,2852.3560,2862.7993,2900.7639,2891.9282,2818.1211,2790.0486,2703.7439,2743.5376,2734.6865,2799.0564,2788.8135,2793.4353,2996.3096,3022.4214,3046.5171,3065.4868,3029.7788,3044.5317,3093.9763,2959.1255,2978.9724,3079.6064,3014.6868,3153.2915,3161.4238,3019.1812,3023.0330,2970.8279,2936.4824,2849.0317,2861.0562,2887.6912,2972.0745,2999.0967,3094.5068,2943.5896,2854.9321,2791.2744,2744.1401,2713.1121,2763.0056,2627.0681,2721.3535,2658.5613,2658.2129,2629.4238,2488.2786,2451.1091,2476.7908,2486.8328,2543.6602,2601.7649,2485.0874,2560.3960,2613.9700,2467.8140,2446.6204,2352.4282,2389.1157,2445.5713,2426.7898,2459.6130,2360.4319,2319.9919,2406.8237,2367.6846,2363.4641,2308.3955,2307.7664,2459.1807,2509.0796,2510.0894,2703.1045,2699.4827,2645.3257,2857.0042,2747.5396,2766.4221,2846.5193,2867.5564,3077.9226,3111.8799,3106.4541,3203.0098,3148.0496,3016.2954,2949.1648,2850.4985,2846.3147,2773.0366,2711.7727,2721.3047,2736.6450,2740.5110,2785.4497,2754.7688,2770.1348,2707.9453,2720.2827,2812.1255,2738.0718,2565.0237,2642.3049,2607.3618,2559.2671,2681.8677,2541.7773,2504.6218,2562.3711,2554.8586,2621.6006,2573.1663,2506.4746,2494.8735,2683.7661,2667.2651,2554.2705,2641.3186,2571.0037,2672.8865,2678.2500,2513.9680,2503.2131,2436.8455,2630.4419,2671.7363,2728.0449,2713.6409,2548.3125,2534.2451,2538.7612,2493.6052,2498.1753,2396.5898,2494.4841,2651.3433,2520.8931,2575.4766,2516.1206,2560.8792,2599.2893,2554.2476,2458.3755,2487.0266,2544.3491,2636.0884,2672.7102,2702.1560,2637.8628,2634.5613,2595.9360,2661.1411,2648.7349,2605.5349,2571.5981,2573.4553,2574.2590,2488.0684,2392.4937,2496.1057,2489.7061,2410.6252,2436.8853,2365.5229,2361.0029,2435.7505,2373.9758,2358.2451,2329.2888,2270.7690,2322.6135,2190.7170,2102.6206,2006.0601,1965.2406,1973.9082,2013.8976,1978.3983,1962.2356,1938.5225,1949.1975,1916.0898,1859.9041,1856.1946,1812.0540,1795.3376,1908.6388,1796.6151,1750.6678,1735.6807,1657.8134,1639.9583,1667.0310,1571.9407,1595.6128,1660.0450,1621.6195,1584.3622,1584.2733,1507.8110,1610.1335,1579.1718,1549.3239,1504.8307,1452.0167,1432.1038,1411.1300,1313.6482,1246.9436,1186.7889,1176.5193,1197.6082,1077.4781,1084.9869,1051.5425,993.9748,1062.6184,968.8174,890.7725,852.6757,805.6363,763.5633,751.1042,692.0575,640.8047,690.2695,587.1935,562.2312,593.9171,592.2177,558.1467,618.6772,566.8037,580.8082,572.3359,624.7980,553.4195,570.0334,605.3510,593.9946,538.2885,586.0355,479.0665,487.8760,495.8461,0.0000,0.0000,0.0000,0.0000,0.0000,0.0000,0.0000,0.0000,0.0000,0.0000,0.0000,0.0000,0.0000,0.0000,0.0000,0.0000,0.0000,0.0000,0.0000,0.0000,0.0000,0.0000,0.0000,0.0000,0.0000,0.0000,0.0000,0.0000
0.0000,0.0000,0.0000,0.0000,0.0000,0.0000,0.0000,0.0000,0.0000,0.0000,0.0000,0.0000,0.0000,0.0000,0.0000,0.0000,0.0000,0.0000,0.0000,0.0000,0.0000,0.0000,0.0000,0.0000,0.0000,0.0000,0.0000,0.0000,245.7701,293.5183,318.2162,340.6855,399.0134,441.3312,512.0375,546.4269,634.2201,687.1952,733.3108,714.7169,822.5466,886.3820,856.4195,959.0289,975.7059,1036.3711,1091.0123,1097.7898,1096.3287,1110.5558,1099.3308,1091.7874,1125.8744,1115.0566,1087.8759,1121.2786,1095.5740,1054.0632,1051.7041,1054.0012,1097.9130,1139.9785,1166.8329,1201.7932,1233.0052,1218.9305,1314.5662,1380.0381,1452.0450,1495.7544,1584.7233,1652.0494,1583.2745,1573.3381,1598.2744,1524.1449,1591.7097,1631.4207,1494.5229,1560.4449,1541.4817,1538.6223,1668.0415,1617.7340,1702.7659,1792.2517,1838.0176,1975.8437,2056.2458,2121.8777,2182.5068,2196.1907,2192.6052,2099.7026,2084.8804,2066.7588,2067.4072,2128.0779,2228.6536,2219.4031,2387.0620,2466.2393,2468.1714,2532.3108,2485.3464,2537.4236,2598.6289,2592.8442,2547.6011,2551.1199,2595.9280,2635.8975,2765.2041,2670.9746,2753.8716,2812.7388,2896.6597,2922.2314,2884.0740,2854.5295,2913.6248,2960.4839,2979.3604,2921.1892,2908.5125,2978.2158,2980.3201,3052.2429,3029.1738,2937.9951,2841.8811,2894.9250,2760.4407,2777.4761,2727.4883,2655.2791,2873.7253,2931.7388,2950.1267,2995.3618,2904.5327,2919.5833,3056.4795,2993.1282,3001.9976,2964.8372,2978.6890,3096.5256,3131.4717,3048.5920,3028.4324,2966.6226,3028.1953,2969.2021,2889.8464,2863.8274,2877.1836,2945.1135,3001.2908,2930.1245,2940.6458,2944.1890,2874.7625,2888.4773,2828.9482,2773.8472,2820.2068,2739.3733,2689.7979,2696.3997,2656.1882,2587.8435,2632.0317,2517.4250,2525.3699,2478.4348,2470.3640,2638.0920,2650.1101,2605.8171,2518.4663,2440.1206,2468.8901,2405.4199,2358.7009,2420.5261,2395.6072,2462.0928,2438.4055,2294.4658,2357.5078,2308.5535,2367.4910,2461.9976,2399.1572,2330.8086,2481.5593,2506.2651,2631.0654,2750.9680,2757.5164,2773.3196,2831.7637,2897.7881,2962.9543,2898.5312,2898.7639,3075.2942,3182.8936,3183.0161,3056.0205,3037.6597,3053.8896,3042.2146,3047.2712,2890.0518,2752.1069,2748.2681,2786.8845,2763.1343,2762.9385,2791.0906,2697.3596,2856.1208,2857.8538,2722.4893,2740.1768,2606.7683,2525.2830,2642.7915,2606.8750,2570.9011,2536.6541,2551.8931,2646.5449,2604.8665,2609.9602,2576.5259,2594.8328,2705.7231,2611.8142,2639.6335,2829.7471,2697.4785,2658.7048,2751.3330,2481.3167,2558.7507,2478.4155,2439.3694,2664.6143,2580.9622,2750.5356,2872.4392,2704.8875,2506.8013,2519.7805,2403.0854,2469.0842,2542.4277,2551.3230,2530.7432,2487.1509,2480.0178,2597.4233,2567.1997,2510.5903,2510.3782,2495.4077,2650.9175,2540.1265,2534.9141,2603.2292,2664.0598,2651.0676,2657.9966,2480.8398,2516.9365,2592.6968,2611.6448,2703.3567,2620.8894,2497.9441,2486.4817,2503.1707,2427.5088,2413.7112,2379.2439,2354.9299,2488.5762,2457.8096,2349.0266,2340.7715,2309.1689,2319.0879,2351.6091,2325.0835,2223.5764,2187.8149,2175.6113,2175.7820,2057.5427,1944.1710,1941.6870,1965.0106,2020.0607,1968.3416,1968.3544,1900.9882,1872.4469,1957.3615,1893.6943,1814.0249,1840.0299,1720.4142,1794.6460,1746.7617,1716.7096,1691.6936,1713.2987,1664.6827,1666.2800,1598.4498,1497.8512,1607.5729,1573.1107,1585.8979,1603.7416,1530.8784,1546.8492,1526.7849,1474.0043,1460.0813,1360.6696,1319.0315,1271.8492,1203.8003,1205.4799,1145.7711,1148.1044,1094.9896,1079.9615,1016.9084,977.0008,917.9579,871.8788,900.6813,818.5969,787.5594,760.5340,688.7447,665.0131,625.6138,599.0120,628.4096,602.4486,638.3098,572.4522,622.4154,627.0505,586.8791,600.4896,550.3584,600.7668,560.5928,577.8834,582.1484,650.3464,541.9558,488.6385,499.1185,483.3490,0.0000,0.0000,0.0000,0.0000,0.0000,0.0000,0.0000,0.0000,0.0000,0.0000,0.0000,0.0000,0.0000,0.0000,0.0000,0.0000,0.0000,0.0000,0.0000,0.0000,0.0000,0.0000,0.0000,0.0000,0.0000,0.0000,0.0000,0.0000
0.0000,0.0000,0.0000,0.0000,0.0000,0.0000,0.0000,0.0000,0.0000,0.0000,0.0000,0.0000,0.0000,0.0000,0.0000,0.0000,0.0000,0.0000,0.0000,0.0000,0.0000,0.0000,0.0000,0.0000,0.0000,0.0000,0.0000,239.4545,313.5195,309.7979,295.1608,315.5067,404.7205,476.1335,457.1431,567.9229,617.0955,713.0823,760.9150,788.2078,805.3141,879.6579,915.1562,902.3652,973.9530,1003.6423,1065.1631,1076.7546,1078.8104,1121.8125,1089.5117,1084.2700,1156.4528,1094.3778,1094.8705,1122.0817,1093.3701,1124.6571,1152.1917,1114.3237,1072.5078,1112.0707,1169.8936,1216.3444,1273.0037,1312.9075,1343.7715,1474.7443,1562.5405,1502.8730,1567.4285,1593.8452,1564.8492,1587.3464,1547.0198,1525.1593,1572.4315,1517.3483,1511.8654,1530.1353,1515.6736,1511.7700,1576.8893,1666.1573,1732.4338,1777.1022,1862.0577,2024.0792,2074.1445,2101.2502,2027.5532,2114.5115,2155.9844,2117.1946,2089.0601,2103.1633,2012.4242,2118.4446,2234.5139,2196.1309,2279.5330,2378.3860,2452.8667,2584.6001,2621.6208,2593.1787,2603.4700,2528.3125,2526.9941,2578.6575,2523.8669,2628.6653,2668.6841,2786.8162,2959.2568,2845.2620,2826.0464,2865.8938,2832.2998,2960.0918,2860.4158,2919.0376,2973.8770,2954.8228,3082.8384,3160.5950,3000.9614,3062.9548,3075.8911,2936.0503,2929.2686,2867.6433,2731.3403,2848.6101,2779.2166,2782.7612,2820.3708,2848.7727,2859.6638,2980.5618,2908.7610,2864.5935,2916.2820,3006.4312,3022.5879,3007.8174,2940.4829,2912.1252,3020.4307,3129.5876,2986.7429,3012.6709,2969.1677,2909.4307,2997.8308,2941.6169,2761.7620,2811.2878,2855.2957,2921.9312,2939.1401,2890.1934,2817.8811,2941.0164,2882.6641,2775.2283,2739.8147,2649.5747,2630.9900,2681.2253,2632.6699,2591.8540,2567.8660,2505.3450,2616.9788,2622.1902,2479.4756,2539.6025,2569.0901,2658.2458,2590.7795,2479.9700,2417.1641,2368.3813,2366.2205,2425.9067,2276.7615,2233.4683,2305.6128,2305.4153,2454.1401,2390.2974,2386.6790,2390.9150,2398.1279,2390.4036,2391.2603,2515.2261,2617.8955,2754.9065,2829.1077,2973.5527,2929.0266,2960.5620,2950.5864,2943.2393,3012.1707,3010.7888,3109.7688,3228.7568,3098.0867,3180.2783,3159.4465,2969.6777,3039.5164,2924.5698,2780.5200,2806.0413,2738.0107,2776.1926,2869.5647,2825.5452,2703.7961,2735.3091,2689.4922,2674.0193,2659.9636,2535.1592,2599.8887,2554.5667,2650.8911,2690.5439,2566.8137,2480.5251,2549.7129,2645.5518,2716.2729,2625.2163,2583.1580,2713.9424,2833.9272,2831.0266,2763.7351,2761.7366,2580.4976,2683.3198,2638.0725,2509.4507,2590.0254,2438.9761,2721.7676,2829.4653,2768.1997,2650.0627,2632.3772,2619.3074,2556.8054,2591.8486,2459.5674,2428.4307,2530.3872,2587.2151,2438.7820,2510.4304,2414.1165,2516.3652,2616.4138,2587.2361,2563.8047,2602.8528,2526.2971,2592.5024,2681.4165,2567.5459,2567.2122,2513.4260,2537.5840,2618.5571,2589.1614,2561.4583,2601.2988,2546.8823,2448.9048,2409.8115,2369.8545,2365.1106,2410.2620,2358.6360,2411.2505,2350.9365,2400.1641,2334.4507,2353.1968,2344.5051,2297.9629,2293.7681,2407.9419,2359.2805,2252.7244,2182.8936,2060.0144,2003.5476,2039.4735,1954.5693,2000.5353,2003.5630,1983.5308,2038.3040,1974.3458,1891.0170,1932.0612,1887.5392,1838.1045,1793.9938,1770.4336,1757.4386,1780.2941,1801.4902,1731.9730,1676.3384,1617.6177,1613.2710,1574.2096,1623.5575,1552.0525,1566.7335,1626.0011,1607.8304,1567.6061,1520.5955,1470.8682,1482.7072,1461.5435,1402.2992,1400.1246,1264.3798,1181.0481,1197.2065,1122.1407,1048.4814,1030.6412,1015.8333,994.7241,980.5588,929.2522,850.8232,862.5615,830.0143,813.6924,723.2649,691.5167,677.7141,629.7842,703.4183,575.7929,585.6679,627.9633,587.4264,598.5182,627.0123,606.6274,601.7363,608.1485,570.3298,635.3728,627.6570,557.8720,601.7430,599.3545,548.8109,479.8015,503.5223,444.4420,0.0000,0.0000,0.0000,0.0000,0.0000,0.0000,0.0000,0.0000,0.0000,0.0000,0.0000,0.0000,0.0000,0.0000,0.0000,0.0000,0.0000,0.0000,0.0000,0.0000,0.0000,0.0000,0.0000,0.0000,0.0000,0.0000,0.0000
0.0000,0.0000,0.0000,0.0000,0.0000,0.0000,0.0000,0.0000,0.0000,0.0000,0.0000,0.0000,0.0000,0.0000,0.0000,0.0000,0.0000,0.0000,0.0000,0.0000,0.0000,0.0000,0.0000,0.0000,0.0000,0.0000,0.0000,236.2900,265.8974,324.3708,313.9959,395.3647,397.6924,458.0658,549.1027,561.6636,608.1313,688.2695,762.5602,758.7727,818.2927,821.7277,831.1596,915.0256,990.3198,1035.4935,1007.7962,1025.9991,1101.9260,1085.8881,1068.1007,1065.5491,1051.2042,1087.3405,1092.2585,1096.6542,1144.4061,1080.7181,1073.6736,1088.9288,1097.3035,1150.8892,1211.1293,1213.2987,1316.3964,1434.4556,1408.5255,1453.6168,1496.1560,1554.7932,1569.3990,1625.3943,1575.5642,1588.5918,1619.2438,1551.6271,1530.5354,1538.6106,1422.6874,1428.6155,1530.2559,1637.2710,1624.7576,1715.3998,1771.5348,1870.8352,1957.6501,1935.4995,2027.6985,2131.8691,2062.4661,2053.4775,2123.9622,2068.2715,2055.1445,2153.6902,1987.0472,2031.4674,2059.0911,2147.4482,2359.6133,2393.9204,2470.9587,2557.5156,2635.6619,2637.6914,2506.1614,2509.3770,2554.6560,2548.8140,2710.9211,2743.9309,2672.8865,2779.7427,2873.3997,2882.1470,2863.7683,2778.5674,2723.4041,2878.4492,2920.7571,3018.3303,3085.7300,2936.8369,3035.3792,3127.7512,3017.2151,3005.1711,2986.4609,2884.6758,3006.4133,2928.8391,2871.1919,2751.4146,2713.4336,2794.4805,2800.3301,2862.3948,2854.8237,2839.1985,2979.6963,2959.0840,2911.8379,2893.2385,2830.9912,2888.9299,2979.7432,2960.2832,3035.7874,3022.5159,2979.5010,2980.9390,2933.8027,2793.1509,2781.5349,2862.5647,2830.4687,2893.0166,2849.6355,2860.2354,2933.0793,2961.6519,2841.5234,2784.7498,2733.3733,2770.6882,2673.0396,2777.6011,2699.7297,2571.9597,2682.5410,2607.4519,2522.2393,2525.5886,2489.5667,2547.5613,2687.1658,2567.2332,2604.2002,2577.5525,2497.4500,2486.5825,2506.6094,2303.2617,2324.2307,2312.7810,2272.4397,2373.1992,2291.3213,2323.1843,2376.0459,2451.8682,2456.9646,2351.9507,2326.4626,2447.7861,2489.0095,2624.7297,2635.8984,2693.0703,2887.0317,2985.8079,2937.6016,3037.9778,2963.8804,2966.8833,3082.6775,3108.1294,3127.8003,3122.0669,3008.7151,3068.6680,3116.9436,2997.8894,2922.4226,2866.5017,2900.0779,2909.1501,2824.5576,2777.3057,2753.9487,2689.9927,2712.5908,2590.7649,2609.9709,2596.7639,2595.6096,2614.0994,2621.2576,2508.5676,2550.2664,2531.4453,2511.8494,2634.6963,2542.3201,2601.8521,2741.1497,2732.9072,2737.5901,2770.1826,2719.1882,2891.1978,2836.1787,2750.4033,2814.1897,2511.6536,2717.6677,2660.8225,2481.7441,2614.5669,2526.1211,2726.9687,2778.8394,2814.6980,2802.7715,2713.2908,2463.6860,2453.7109,2502.3318,2367.1907,2409.9502,2430.3203,2400.8025,2493.2712,2506.2598,2563.9631,2647.5415,2627.5847,2720.9563,2610.6729,2464.0127,2557.2166,2601.6821,2655.4612,2618.2698,2513.9041,2526.4446,2548.0295,2593.8647,2552.3511,2483.1975,2482.4609,2519.7949,2457.6230,2503.0891,2409.9939,2337.9128,2372.1416,2361.4685,2368.7476,2403.2812,2234.6621,2301.6956,2399.3040,2416.5508,2378.3501,2393.9648,2305.0479,2281.4006,2249.5466,2136.7957,2052.0740,1975.3699,2072.3848,2051.6389,2016.3590,2002.1880,1954.7698,1964.7919,1985.1766,1940.2061,1895.1838,1858.3381,1855.9655,1860.2351,1762.9321,1740.6300,1756.0312,1723.5521,1682.3208,1730.5632,1618.2103,1609.7026,1648.5175,1616.2034,1603.8304,1532.8331,1507.7496,1541.2446,1528.9734,1508.7833,1516.8334,1421.4694,1386.7589,1395.0166,1283.4810,1188.8480,1160.5270,1065.5513,1129.4462,1020.9788,1053.7273,1058.7231,962.6192,929.0828,873.6628,831.9172,790.8463,820.5295,776.3731,754.2220,639.9209,645.7529,642.9396,602.3473,605.7605,614.9041,635.5292,580.8243,614.1163,638.9089,618.6753,588.5330,602.7839,605.8856,589.8239,559.5806,543.7433,543.4881,535.0732,514.1807,479.2151,436.5813,0.0000,0.0000,0.0000,0.0000,0.0000,0.0000,0.0000,0.0000,0.0000,0.0000,0.0000,0.0000,0.0000,0.0000,0.0000,0.0000,0.0000,0.0000,0.0000,0.0000,0.0000,0.0000,0.0000,0.0000,0.0000,0.0000,0.0000
0.0000,0.0000,0.0000,0.0000,0.0000,0.0000,0.0000,0.0000,0.0000,0.0000,0.0000,0.0000,0.0000,0.0000,0.0000,0.0000,0.0000,0.0000,0.0000,0.0000,0.0000,0.0000,0.0000,0.0000,0.0000,0.0000,0.0000,255.3359,296.3302,334.9471,382.5023,426.7852,472.0350,497.7239,553.1102,593.9467,651.3948,679.5604,727.3787,731.9056,828.9508,867.4161,915.8487,883.0861,892.7314,1035.9836,979.0790,1023.3274,1034.9766,1029.9844,1090.7244,1064.9301,1040.5271,1111.8395,1066.9880,1127.2504,1082.1630,1010.0033,1108.0857,1116.4674,1129.1238,1189.6138,1283.2145,1268.1357,1339.2946,1310.2158,1417.6458,1416.4468,1528.1726,1558.6707,1602.6199,1691.7166,1658.2297,1540.3297,1527.3306,1524.1449,1553.2775,1535.5270,1506.2402,1493.8624,1609.5696,1674.6793,1702.3890,1765.6912,1693.8632,1827.1685,1992.1909,2061.7520,2148.8394,2133.4883,2044.1840,2102.9612,2145.4551,2018.5806,1981.3676,2011.7620,1997.7260,2105.5581,2107.3501,2154.1099,2235.7192,2390.7847,2518.6294,2477.9805,2494.6172,2543.3684,2504.4641,2673.7859,2652.9951,2608.7749,2689.5205,2655.6792,2725.2729,2858.2424,2761.4363,2777.8323,2837.6667,2816.3491,2931.8413,2953.4478,2932.6362,2999.4360,3053.3845,3075.6089,2971.2534,3010.9346,3120.2998,3096.3735,2972.6831,2973.8359,2896.8289,2881.5691,2816.7063,2692.8127,2783.4543,2855.7104,2832.2446,2991.1138,2990.7891,2831.8633,2919.4023,2862.4988,2869.9585,2907.9441,2852.6887,2894.0051,2976.3838,2981.1021,3142.6494,3019.3821,2863.2266,2860.3015,2839.5662,2811.7517,2736.4143,2792.7527,2866.3813,2946.7549,2988.1138,2885.9111,2752.6038,2808.1394,2765.9336,2745.3120,2802.1221,2707.4763,2663.6531,2846.5088,2781.6355,2632.7661,2539.0400,2399.0537,2467.4880,2666.0955,2560.8472,2610.2810,2614.0610,2528.4766,2591.8755,2466.7397,2371.2942,2362.6411,2313.6907,2420.7910,2406.3748,2348.9077,2372.1953,2277.0215,2309.7998,2395.2981,2359.0669,2393.1479,2460.3523,2428.0266,2531.6292,2569.1479,2459.3240,2561.2258,2650.6362,2632.4229,2684.8669,2825.2136,2930.4990,3047.9910,3052.7122,3060.1543,3010.4397,2877.6289,2984.3918,2984.2566,2980.1162,2960.5332,2966.7168,2989.7583,2995.5403,2897.0239,2928.4336,2798.9575,2831.4556,2810.1890,2679.9434,2713.2764,2665.1602,2638.0886,2724.1921,2644.3955,2554.6721,2577.5046,2563.2844,2525.3613,2614.7590,2494.9673,2507.3069,2625.8499,2677.7070,2696.5232,2702.3713,2632.5476,2773.1785,2801.5374,2861.8667,2918.6140,2994.1157,2829.2683,2903.2151,2827.5710,2494.3687,2553.4707,2443.7649,2709.6931,2701.3286,2785.7341,2844.8906,2881.4465,2818.5776,2646.0566,2500.8943,2473.5081,2311.7639,2425.7891,2537.8704,2439.5166,2482.2793,2466.9963,2498.9326,2520.1265,2635.9019,2612.9812,2603.6875,2549.4019,2637.5847,2632.7615,2586.1704,2616.2937,2580.5222,2520.0935,2517.2197,2450.7485,2522.5051,2614.1985,2578.1438,2685.5405,2572.7173,2473.4397,2467.4277,2363.4458,2294.7668,2368.5503,2283.1108,2370.3774,2416.7119,2379.8887,2357.2251,2293.2969,2353.2571,2370.0386,2327.2361,2301.9663,2297.7705,2278.7197,2208.0911,2106.2065,2027.7233,2028.1086,1966.1517,1999.5660,2049.1362,1890.0006,2011.3790,2007.5457,1993.1178,1979.4059,1872.8455,1807.9974,1866.9470,1836.9077,1780.7888,1764.2402,1718.1947,1721.5551,1743.1523,1659.8796,1606.0911,1557.8324,1573.5063,1543.1499,1522.0293,1551.7191,1511.6938,1515.8711,1546.2194,1504.9467,1421.2217,1381.5521,1286.3450,1244.5181,1247.0627,1162.2090,1190.3688,1094.4235,1046.7130,1068.5557,1073.0405,938.7393,896.1356,845.1267,854.8005,874.1727,804.1015,820.7975,738.3276,673.0646,648.1404,623.3132,576.8597,608.5520,659.4438,632.6393,618.8074,626.4217,608.0485,606.8644,611.4638,583.4442,556.3264,579.3262,599.2380,609.2452,533.6318,510.5937,459.5530,490.7387,480.0257,0.0000,0.0000,0.0000,0.0000,0.0000,0.0000,0.0000,0.0000,0.0000,0.0000,0.0000,0.0000,0.0000,0.0000,0.0000,0.0000,0.0000,0.0000,0.0000,0.0000,0.0000,0.0000,0.0000,0.0000,0.0000,0.0000,0.0000
0.0000,0.0000,0.0000,0.0000,0.0000,0.0000,0.0000,0.0000,0.0000,0.0000,0.0000,0.0000,0.0000,0.0000,0.0000,0.0000,0.0000,0.0000,0.0000,0.0000,0.0000,0.0000,0.0000,0.0000,0.0000,0.0000,0.0000,318.0267,333.4390,314.8027,365.6956,411.6141,499.5920,519.0087,584.8845,615.1811,618.8990,716.8250,735.5643,812.8309,823.9435,795.5695,924.1564,914.4691,917.3083,931.7416,946.9888,1069.1295,1006.7977,1020.2711,1014.3466,1006.9752,1033.6710,1069.1151,1046.7666,1076.1842,1064.2998,1032.5887,1145.1273,1106.9528,1159.0452,1137.7737,1190.2373,1275.3685,1320.2720,1386.5939,1424.6779,1452.9955,1530.9922,1570.7631,1595.9359,1547.7631,1602.9266,1533.7631,1495.4169,1508.0569,1496.7695,1532.0824,1509.9465,1552.2931,1631.5780,1624.7391,1703.5674,1716.2726,1868.5828,1897.1877,1973.8340,2118.0088,2166.1265,2110.3982,2080.7449,2024.3761,2004.9961,2035.1738,1986.9166,2007.4440,2017.3402,2023.1481,2144.9673,2226.8450,2192.8228,2293.8147,2382.9556,2457.5439,2636.3726,2566.2607,2489.6323,2604.9805,2580.6477,2616.9363,2624.4419,2619.7429,2682.7983,2798.8423,2879.1499,2871.7388,2673.6719,2668.0859,2915.5115,2899.7300,2944.0903,2927.4097,2981.5195,3068.2366,3117.9604,3099.4131,3087.5439,2955.0647,2972.8301,2944.4814,2792.3750,2804.5007,2721.0256,2776.5784,2944.5520,2995.3435,2868.7512,2894.2341,2849.5779,2809.2385,2927.6001,2855.5496,2814.6643,2844.5046,2915.2019,2977.4055,2947.5007,2945.2415,2958.4485,3002.8176,2972.6052,2863.0273,2773.2183,2783.5154,2804.6843,2881.7126,2897.5403,2839.1155,2880.6558,2852.3730,2723.8723,2788.5093,2726.6963,2691.3623,2791.9065,2732.0496,2665.4080,2739.5645,2650.6411,2551.4939,2561.6123,2525.8462,2526.0925,2560.0696,2580.9128,2572.8691,2538.7642,2493.3320,2451.9146,2436.5073,2484.8796,2442.1953,2330.9312,2460.8110,2384.0947,2429.9736,2399.0530,2243.3259,2293.8711,2336.7556,2359.6790,2487.2068,2451.4333,2474.3157,2545.9988,2555.3855,2535.5056,2492.3306,2454.1367,2599.0100,2849.0781,2843.5854,2931.3928,2904.4517,2894.8059,2895.6973,2883.1990,2935.1748,2806.1326,2825.9402,3044.9417,3063.0303,2986.7671,2992.5425,2806.1777,2911.1816,2955.5039,2816.0503,2859.8774,2822.0435,2767.3015,2882.6379,2723.5190,2563.1128,2592.9111,2572.7190,2478.4846,2558.3784,2561.8191,2609.3972,2581.2170,2571.4714,2580.9832,2544.2656,2594.3777,2628.2129,2666.7903,2819.5325,2748.5464,2823.2253,2948.9058,2919.1482,2956.6257,3148.5737,2608.4167,2790.0444,2630.6631,2495.8459,2716.8733,2543.4692,2727.8325,2929.1833,2897.0728,2703.3152,2793.0356,2491.5325,2520.1289,2473.8120,2414.9736,2344.2969,2448.9526,2540.7168,2449.9968,2334.5706,2365.3335,2520.2832,2673.2952,2737.0442,2621.2483,2517.1943,2601.1067,2602.9973,2604.3279,2620.0125,2499.0215,2515.1426,2547.5693,2560.8372,2604.5771,2595.2786,2570.5317,2606.3870,2583.3887,2489.2874,2368.6006,2354.3188,2321.4722,2407.7253,2367.0369,2404.7908,2298.6741,2314.1687,2256.6990,2276.8728,2317.0251,2323.0310,2330.6392,2422.4009,2294.7520,2242.1099,2190.1389,2109.0288,2038.6129,2104.4492,1978.3099,2035.5812,1991.6770,1946.5341,2051.6057,2000.4849,1925.7560,1952.1952,1921.8696,1852.2126,1855.0950,1805.3478,1834.2679,1771.1434,1715.9305,1733.4706,1693.0171,1659.7161,1605.9803,1561.6281,1587.2975,1560.8048,1544.3219,1575.0477,1487.5309,1524.9622,1476.5167,1392.4292,1373.0126,1374.2427,1329.3633,1296.0967,1264.0078,1180.9075,1192.6683,1102.9436,1073.5641,1049.4969,1055.9930,983.0144,968.1853,891.1070,851.8008,866.4875,797.9952,730.1440,719.2748,691.1690,636.8246,637.3068,658.2697,585.3922,608.8308,590.7560,653.3221,604.7969,639.9492,557.0128,599.2859,581.7047,580.7966,562.9786,542.2602,526.4294,555.8354,531.7555,499.4777,495.4749,422.9002,0.0000,0.0000,0.0000,0.0000,0.0000,0.0000,0.0000,0.0000,0.0000,0.0000,0.0000,0.0000,0.0000,0.0000,0.0000,0.0000,0.0000,0.0000,0.0000,0.0000,0.0000,0.0000,0.0000,0.0000,0.0000,0.0000,0.0000
0.0000,0.0000,0.0000,0.0000,0.0000,0.0000,0.0000,0.0000,0.0000,0.0000,0.0000,0.0000,0.0000,0.0000,0.0000,0.0000,0.0000,0.0000,0.0000,0.0000,0.0000,0.0000,0.0000,0.0000,0.0000,0.0000,296.2272,322.7737,308.5655,355.4439,414.2056,424.0547,448.8052,496.8785,569.6672,655.3788,668.9574,725.1623,752.5950,801.1860,829.0680,777.3798,898.7411,898.4732,969.8753,979.9695,993.8862,1025.8068,993.0809,964.0502,962.6667,1011.3199,1036.7637,1017.0234,1106.5869,1099.5613,1097.2804,1110.3042,1060.4984,1137.3994,1191.7059,1162.7218,1233.3535,1344.3669,1367.5092,1461.4338,1468.8857,1439.4720,1503.5358,1513.5764,1590.0259,1610.9373,1598.5193,1588.1218,1626.3723,1610.4905,1575.4806,1559.7528,1473.2312,1526.3313,1665.3660,1710.4879,1794.8912,1736.8055,1930.4435,1998.0730,2038.3392,2030.0649,2095.2561,2017.3334,2075.1443,2000.6893,1958.8900,1966.9622,1915.9696,2018.1742,2083.8540,1951.5702,2027.3280,2117.2898,2220.1409,2351.4797,2405.0959,2445.0876,2510.7859,2462.4143,2555.5549,2486.3555,2596.7402,2625.3176,2646.3601,2751.4048,2778.2310,2701.9797,2853.9653,2725.3374,2750.4507,2874.5774,2699.3767,2919.4705,3078.0315,3019.6360,3079.3855,3111.2214,2987.0295,3109.1853,3039.5071,2896.5051,2836.0713,2831.4968,2842.0020,2863.3684,2788.6692,2804.5725,2871.4165,2907.0032,2887.5078,2825.6865,2878.4561,2864.8760,2888.5215,2972.9329,2926.4875,2774.6704,2854.3059,2896.4812,2944.0459,3095.5408,2915.8208,2933.4563,3019.3662,2885.2861,2775.4814,2762.6213,2688.2400,2811.9529,2893.8743,2902.6038,2868.6858,2736.1960,2675.4006,2826.2014,2770.1460,2677.9658,2683.7158,2712.4148,2705.1721,2732.7654,2694.8494,2663.7136,2504.3030,2585.7854,2579.8887,2529.9448,2504.7073,2475.4929,2500.1111,2582.3093,2505.3052,2427.6780,2444.9016,2348.4502,2332.8354,2384.4470,2356.6895,2365.1938,2361.5801,2372.7058,2369.6887,2340.3005,2394.9434,2492.3000,2517.7129,2520.0112,2470.3005,2522.0762,2605.7871,2644.6741,2659.8794,2673.3787,2591.6479,2779.0400,2863.3491,2781.5222,2893.8564,2866.6555,2898.2209,2998.1321,2855.3787,2904.0103,3017.8167,2938.5474,2950.0784,2992.9170,2834.8777,2831.0876,2909.4116,2898.0269,2908.0273,2830.8933,2788.5037,2758.7666,2756.9834,2637.5569,2575.1987,2550.4717,2619.4453,2585.7319,2630.9536,2603.4719,2478.2581,2603.8794,2623.2815,2605.5334,2775.3772,2593.9717,2705.6238,2844.8640,2802.3816,2813.9241,2889.7795,2885.0801,2842.6199,2964.4016,2941.1765,2536.1282,2710.5479,2555.2244,2572.2119,2628.7395,2853.5859,2714.2983,2867.8093,2766.7290,2663.5024,2701.0754,2515.4021,2422.8359,2470.3662,2494.0093,2374.0076,2367.2439,2324.3140,2458.2952,2571.7070,2506.1716,2551.5791,2629.4983,2586.8535,2634.4460,2529.9021,2516.8501,2610.2139,2606.5818,2616.4148,2605.4404,2537.3962,2539.9946,2628.9338,2569.6924,2607.4805,2578.1736,2577.6453,2591.3120,2504.6799,2440.8914,2376.0198,2351.1538,2426.7676,2406.1934,2307.7827,2332.8892,2241.6138,2333.9167,2394.1951,2298.9885,2291.6604,2361.1013,2257.8979,2233.0259,2220.3501,2109.2625,2031.2714,2035.3932,2040.9513,2012.4841,1990.8097,1925.3904,2012.9524,2008.4382,2054.3569,1906.8083,1915.6788,1891.6072,1929.4558,1873.1012,1878.2451,1750.9474,1758.4250,1793.7189,1709.6025,1665.4607,1650.1476,1631.1678,1619.6718,1603.0330,1528.6948,1503.3998,1448.7827,1473.1744,1496.9042,1416.1273,1420.9767,1397.9399,1344.6724,1276.5106,1256.3704,1198.0403,1137.1058,1131.6083,1116.1683,1116.5759,1053.7299,1027.9282,948.6866,983.5623,848.7966,827.3062,805.3855,756.3420,782.0016,746.8508,695.4885,658.3594,657.4778,612.7484,639.6525,616.7502,595.4071,602.1282,673.5397,609.8617,655.6244,599.8245,576.0495,569.1001,558.0138,578.9224,547.6362,547.6141,551.3865,505.5577,433.7945,458.6753,0.0000,0.0000,0.0000,0.0000,0.0000,0.0000,0.0000,0.0000,0.0000,0.0000,0.0000,0.0000,0.0000,0.0000,0.0000,0.0000,0.0000,0.0000,0.0000,0.0000,0.0000,0.0000,0.0000,0.0000,0.0000,0.0000
0.0000,0.0000,0.0000,0.0000,0.0000,0.0000,0.0000,0.0000,0.0000,0.0000,0.0000,0.0000,0.0000,0.0000,0.0000,0.0000,0.0000,0.0000,0.0000,0.0000,0.0000,0.0000,0.0000,0.0000,0.0000,0.0000,297.0303,333.1735,330.0175,333.5466,400.6558,453.3780,500.6209,545.5985,571.3004,606.2991,681.9742,740.4954,726.7228,789.9142,782.9913,865.6162,891.4000,904.5608,947.9147,950.8323,943.2638,969.5262,966.6038,972.9114,989.8063,1049.2413,1015.4208,1006.7830,1056.9803,1042.9393,1093.8778,1058.3461,1117.3601,1121.0640,1193.8083,1216.4926,1342.8793,1343.3856,1358.0186,1396.1716,1469.4037,1524.7803,1508.7373,1540.0924,1628.7052,1643.2906,1670.9996,1621.8667,1562.8177,1572.2211,1564.3214,1527.1725,1586.2042,1650.5182,1664.5510,1781.6820,1842.9104,1823.5981,1956.2146,2018.3292,2065.7427,2174.0776,2082.9141,2080.3899,2015.3254,1957.1628,1976.6930,1975.6620,1889.3701,1957.0488,1941.4897,2087.7026,2141.9158,2120.1562,2206.7808,2318.0020,2342.4172,2431.4277,2391.2595,2466.3528,2524.7737,2543.9495,2680.2178,2715.4841,2570.4534,2703.2615,2742.5718,2708.7422,2785.3259,2772.5212,2720.9771,2672.4443,2798.6218,2915.8828,3034.4265,2861.3660,3034.5713,3079.3513,3025.7241,2898.7922,2920.8564,2955.1899,2935.0725,2851.9851,2761.3464,2722.1545,2816.9255,2838.4319,2874.3000,2929.0454,2926.5122,2843.0039,3040.5952,2953.1165,2810.4006,2864.2187,2803.8499,2855.1746,2964.4839,2924.9421,2998.3223,3047.7505,2958.5337,3038.3076,2922.5649,2827.0139,2755.1453,2806.3901,2836.6208,2874.1118,2875.3926,2906.7307,2941.4055,2796.5837,2714.4048,2552.9922,2737.1038,2763.1096,2706.5217,2785.7883,2795.1970,2789.6721,2829.8572,2658.2788,2496.9092,2512.4524,2528.6807,2532.4653,2580.9736,2537.4355,2478.3662,2447.1809,2455.5940,2436.3083,2394.3044,2277.9707,2318.7649,2428.1917,2493.3745,2499.9729,2360.6067,2355.3933,2354.1255,2400.9822,2435.0828,2455.3745,2452.1274,2532.6460,2583.9810,2648.2925,2671.4187,2578.0801,2672.6138,2674.9822,2659.6111,2676.4023,2638.5405,2741.2681,3009.6697,2917.2942,2831.1501,2869.1467,2883.5869,2924.2029,2991.0857,2921.1780,2912.1580,2874.8950,2920.4182,2943.5186,2845.2937,2872.7136,2874.2339,2934.3811,2964.6458,2815.4585,2800.6545,2711.9521,2627.3723,2687.0427,2609.3435,2467.7080,2570.8123,2532.0781,2673.3708,2719.7341,2657.3105,2702.8906,2837.6548,2780.9644,2775.0708,2773.7739,2792.5916,2756.8149,2887.4783,2867.3948,2909.1533,2659.8459,2916.5225,2743.2981,2474.3713,2470.0425,2581.8943,2692.0852,2769.4036,2802.6526,2642.0288,2875.6953,2654.0667,2581.9185,2446.4133,2472.0930,2417.5071,2442.5466,2470.2759,2523.5298,2345.4907,2429.8467,2499.5396,2550.9548,2493.6443,2532.2661,2466.8865,2554.3569,2599.0984,2690.1138,2575.9907,2581.0122,2591.5940,2626.2463,2632.4143,2599.3413,2550.4878,2646.0315,2674.0837,2676.5076,2615.3274,2570.9387,2421.0469,2489.4209,2457.7429,2420.7466,2415.4194,2365.9160,2337.9387,2405.4595,2294.2864,2255.5117,2215.8027,2271.2241,2291.4497,2331.6284,2265.4465,2220.4687,2198.9670,2252.2156,2106.4282,2017.3137,2007.0007,1975.9199,2009.1212,2081.8513,2016.0739,2051.3635,2051.7837,2039.3831,1949.1564,1934.7201,1837.8545,1898.8521,1911.4232,1861.7002,1840.9996,1709.3042,1741.6189,1748.3988,1676.3489,1599.5861,1598.9819,1587.3865,1566.5488,1553.7446,1510.3027,1484.0482,1488.0795,1486.9618,1404.4015,1309.1465,1278.7262,1239.2427,1299.9733,1230.2557,1107.3075,1131.9745,1109.4863,1070.1292,1059.8174,1019.8309,941.3987,968.8745,897.2372,839.3267,856.3378,823.5787,745.6017,728.3220,742.2233,639.3815,625.0616,634.3456,626.1606,672.8195,643.2888,633.1971,609.5192,610.4971,611.6547,603.7564,613.6930,552.6107,569.7679,606.3434,598.9791,551.0336,565.7126,516.1627,429.0193,495.2307,0.0000,0.0000,0.0000,0.0000,0.0000,0.0000,0.0000,0.0000,0.0000,0.0000,0.0000,0.0000,0.0000,0.0000,0.0000,0.0000,0.0000,0.0000,0.0000,0.0000,0.0000,0.0000,0.0000,0.0000,0.0000,0.0000
0.0000,0.0000,0.0000,0.0000,0.0000,0.0000,0.0000,0.0000,0.0000,0.0000,0.0000,0.0000,0.0000,0.0000,0.0000,0.0000,0.0000,0.0000,0.0000,0.0000,0.0000,0.0000,0.0000,0.0000,0.0000,0.0000,304.5332,340.8234,390.0165,382.6156,395.3869,463.8824,473.7916,534.3184,553.4380,618.4522,715.1864,766.9165,766.1389,847.5338,887.6650,868.4813,909.3502,935.1762,913.4569,963.9707,994.2534,921.5646,1014.7849,960.5178,959.6092,1021.3136,980.3154,967.3078,987.0312,1011.3326,1018.8990,1057.1713,1064.4512,1160.5172,1151.6617,1220.4727,1222.7507,1338.4934,1446.3793,1439.0387,1481.0679,1573.9333,1565.8615,1565.1971,1666.0828,1569.7382,1599.1897,1607.7974,1580.0022,1592.7657,1563.2797,1540.7394,1658.9037,1716.3031,1654.9525,1773.3624,1832.7476,1852.2946,2098.1521,2072.1057,2161.6267,2145.3369,2059.5764,2076.2253,1979.6848,1921.5681,1875.8948,1940.2662,2024.0529,2012.5920,2016.2504,2101.5659,2056.0386,2144.7090,2256.5835,2251.3752,2349.6904,2361.4053,2410.0283,2562.7634,2534.7134,2502.4775,2683.4497,2610.9221,2601.8081,2663.2017,2639.5598,2749.2947,2891.6760,2828.5813,2740.0803,2806.0063,2865.4727,2869.2480,2915.3313,2984.1951,2943.6641,3047.8994,3099.0601,3037.5781,2863.6189,2896.4055,2748.2830,2783.3513,2775.5728,2680.7756,2775.5010,2884.1069,2891.2305,3076.7659,2961.8140,2789.6191,2842.4534,2819.5547,2892.8845,2847.7803,2796.1318,2959.6946,3043.3518,3072.3396,3044.2903,3013.4756,2916.5923,2961.8901,2963.3225,2953.7720,2879.7852,2793.1978,2925.4409,2948.8850,2900.2532,2872.6113,2710.5417,2771.1824,2764.1406,2737.0364,2831.0911,2785.1306,2800.1648,2921.1072,2873.5251,2749.6235,2669.3511,2630.4214,2654.4209,2669.8264,2587.6602,2464.6934,2462.0640,2481.3147,2441.2141,2400.8057,2436.3325,2419.6565,2417.9512,2495.6306,2422.3462,2345.5696,2486.0461,2452.7649,2486.0176,2423.7366,2295.4949,2407.8264,2475.7463,2487.3386,2595.5759,2520.1565,2531.2588,2672.9956,2633.4619,2618.7708,2634.8184,2622.1560,2596.9353,2778.9680,2728.5103,2718.5962,2778.3469,2777.0271,2850.4055,2888.2771,2918.6047,2941.3818,3039.6982,3120.1082,2960.2400,2781.9009,2888.4924,2820.7783,2890.3091,2926.2542,2853.8789,2923.9421,2976.6326,2905.5354,2916.8708,2777.4331,2676.0073,2707.7839,2663.2285,2579.6399,2653.4443,2578.5007,2729.4446,2844.0737,2881.5537,2757.3865,2734.8162,2746.0945,2781.2690,2834.9998,2911.6221,2775.3862,2701.5315,2759.5732,2875.2678,2815.5095,2528.8889,2567.5813,2481.1230,2756.7876,2597.2437,2854.5171,2578.4683,2782.4016,2820.5879,2660.3354,2514.7129,2558.5129,2501.5151,2516.3760,2552.7192,2524.0474,2500.4729,2429.7048,2473.6252,2425.3071,2394.4656,2418.4307,2529.4360,2578.0117,2619.1450,2575.9355,2574.6252,2586.9480,2538.5078,2568.1038,2666.7678,2518.9146,2594.1968,2662.4182,2640.4697,2664.2656,2643.2495,2601.8967,2669.1406,2599.7905,2472.7744,2452.2495,2411.5139,2454.1375,2474.8657,2389.7842,2291.4609,2238.7117,2295.5186,2223.5735,2179.6460,2218.0984,2272.0139,2356.6562,2349.4705,2276.9687,2138.6643,2163.8301,2107.8682,2118.3379,2087.1011,2006.9382,2109.3291,2125.8291,2052.7085,2097.8245,2016.9293,1952.3483,1998.3118,1957.9432,1908.6417,1948.1738,1859.9938,1872.0620,1902.2491,1790.4036,1726.0564,1659.4088,1691.1396,1652.6661,1581.0729,1603.8604,1593.5780,1521.9266,1572.2208,1526.9056,1475.2899,1436.7777,1369.1342,1346.2167,1377.4161,1230.6718,1249.3987,1265.7797,1145.2891,1090.2537,1106.3794,1099.6847,1056.9086,981.3718,1017.1815,986.9142,859.7400,877.8730,870.3414,742.8360,756.4941,721.4917,703.0068,687.9731,656.7416,616.6189,662.8965,665.1106,649.8864,666.0082,631.6238,639.5811,656.2878,657.3041,619.4478,561.0735,561.4195,549.4928,571.8198,521.0548,499.4052,462.7626,499.6062,445.6721,0.0000,0.0000,0.0000,0.0000,0.0000,0.0000,0.0000,0.0000,0.0000,0.0000,0.0000,0.0000,0.0000,0.0000,0.0000,0.0000,0.0000,0.0000,0.0000,0.0000,0.0000,0.0000,0.0000,0.0000,0.0000,0.0000
0.0000,0.0000,0.0000,0.0000,0.0000,0.0000,0.0000,0.0000,0.0000,0.0000,0.0000,0.0000,0.0000,0.0000,0.0000,0.0000,0.0000,0.0000,0.0000,0.0000,0.0000,0.0000,0.0000,0.0000,0.0000,0.0000,296.3084,318.0212,299.2676,403.1436,456.4369,500.3961,491.3805,518.2833,596.8156,650.1330,648.7870,771.1965,768.8331,811.6314,917.3912,891.5161,890.2330,902.8337,926.6155,973.1618,1004.1663,965.5496,905.2407,889.9978,962.6115,930.1729,954.0109,1005.3228,1032.6639,1058.1290,1050.9740,1036.5092,1115.5740,1096.5978,1159.5720,1231.2887,1287.2761,1348.7345,1455.2344,1454.4053,1500.2128,1533.0417,1556.2651,1596.8281,1642.3649,1631.8833,1662.6024,1651.7512,1636.6617,1691.5371,1614.5436,1569.7454,1604.4332,1684.4010,1731.8528,1850.1708,1920.4791,1988.8437,2072.6179,2186.8909,2156.4851,2094.5872,2050.2703,1971.1978,1987.9012,1996.9893,1934.7339,1939.5663,2019.1804,2055.3584,2081.2747,2113.8560,2031.0687,2132.9004,2245.2527,2305.6555,2421.9287,2405.2222,2406.3037,2546.6279,2592.0823,2567.6414,2556.2546,2585.0537,2728.4431,2717.5476,2706.1914,2726.2373,2668.1501,2767.3811,2732.3840,2772.9929,2886.8604,2791.5684,2856.4231,3055.3984,3059.1167,2963.9736,3003.8884,2810.3911,2841.2739,2848.1470,2706.6321,2745.7529,2702.1638,2800.9336,2904.8064,2879.9480,2821.0308,2835.0515,2862.5447,2862.8225,2838.7214,2878.6321,2865.0271,2903.9729,2998.9270,2993.4861,2919.5674,3013.2869,2927.3293,2978.9424,3111.1875,3007.5139,2958.0818,3078.4868,2900.5430,2811.8047,2809.8333,2780.5671,2854.8840,2893.4275,2765.2900,2792.6370,2784.9766,2864.6072,2887.0771,2862.0447,2845.6890,2873.3416,2790.1057,2808.5903,2793.1497,2751.7163,2656.0962,2615.5332,2596.8191,2495.2131,2361.8108,2409.7983,2390.6235,2497.5437,2525.2349,2404.1333,2382.0225,2445.4707,2317.7983,2375.9043,2442.8960,2378.3904,2450.4744,2468.7302,2390.7922,2488.7903,2428.8235,2454.3208,2558.1458,2512.4001,2509.5793,2495.8206,2607.1758,2735.8955,2765.7729,2720.3320,2770.7935,2613.8145,2690.8276,2772.1218,2705.5127,2846.8008,2824.8950,2909.2686,3086.7915,3012.5381,2897.6919,3017.3491,2863.8870,2848.8591,2921.6379,2845.1948,2893.5945,2911.7664,2927.7607,2982.9670,2913.4512,2813.3655,2848.6987,2869.3635,2783.2412,2713.2700,2625.7063,2689.1672,2712.4719,2790.3389,2768.6277,2771.5820,2828.2959,2862.2395,2841.0444,2940.8696,2844.6975,2888.4421,2879.2571,2776.0139,2616.9944,2674.6863,2580.8433,2771.6670,2605.3577,2425.9106,2702.0569,2840.3679,2568.9795,2695.8289,2826.6392,2553.4973,2704.6633,2651.5283,2624.4045,2454.3379,2563.3337,2520.4915,2502.1372,2568.3308,2557.3354,2354.1453,2348.6775,2387.7766,2505.8733,2576.9480,2541.5405,2422.3699,2521.3203,2505.3308,2551.1562,2509.0801,2475.4348,2620.3562,2689.3340,2654.9333,2667.4141,2557.1753,2547.3201,2613.1233,2621.9277,2635.2097,2612.5659,2587.9673,2592.4836,2523.1899,2442.6316,2434.2263,2371.3203,2380.1001,2326.9167,2280.3921,2258.4729,2194.8081,2245.1167,2340.5349,2277.7815,2242.1567,2266.6428,2190.9900,2245.4827,2179.7427,2109.9551,2091.7664,2178.5388,2092.0515,2172.0271,2072.7246,1993.4344,2057.5220,2010.0204,2057.0940,2020.8447,1932.4025,1972.5663,1934.2410,1894.9932,1855.5142,1809.9687,1818.7733,1803.7870,1725.2966,1739.0583,1630.5103,1640.4769,1627.5408,1495.7642,1503.7897,1502.7825,1451.2998,1485.8033,1435.7916,1342.2131,1296.1115,1335.7101,1272.1697,1231.1724,1182.8293,1130.4984,1161.8436,1120.4675,1081.2533,1055.1362,1050.6877,985.2534,922.8478,924.3204,799.1758,797.7431,842.4722,797.4529,774.2901,693.2189,643.1343,690.1986,688.3568,665.8026,668.5792,731.8438,650.1979,688.4401,665.2930,625.4849,590.5772,563.8333,599.1395,556.7018,604.9045,592.4905,514.9969,497.4413,496.6481,450.2602,451.5747,0.0000,0.0000,0.0000,0.0000,0.0000,0.0000,0.0000,0.0000,0.0000,0.0000,0.0000,0.0000,0.0000,0.0000,0.0000,0.0000,0.0000,0.0000,0.0000,0.0000,0.0000,0.0000,0.0000,0.0000,0.0000,0.0000
0.0000,0.0000,0.0000,0.0000,0.0000,0.0000,0.0000,0.0000,0.0000,0.0000,0.0000,0.0000,0.0000,0.0000,0.0000,0.0000,0.0000,0.0000,0.0000,0.0000,0.0000,0.0000,0.0000,0.0000,0.0000,284.7447,289.2492,307.1944,376.4587,380.4820,408.3685,492.7146,558.0718,540.2233,574.0464,597.3871,697.5755,689.8834,756.3467,832.6735,836.7631,876.1668,931.9069,914.4661,931.0552,943.8459,956.2088,925.0612,917.1531,867.1213,854.2341,921.7539,984.0893,954.2569,937.6675,1008.1403,998.4985,1087.8993,1085.4443,1082.9622,1147.9434,1211.1595,1326.2579,1407.5454,1399.6930,1393.9840,1471.2302,1591.7684,1627.2358,1634.9397,1650.9878,1655.9351,1683.8619,1685.8362,1654.3958,1599.9960,1584.4095,1659.4508,1663.5011,1788.2090,1767.0499,1823.1747,2037.3392,2094.1191,2060.7534,2093.5046,2058.3152,2114.4863,2140.3284,1993.8572,1973.0529,2040.2531,1906.4687,2051.3645,2061.7922,2041.9138,2095.2749,2146.3872,2183.5603,2239.3679,2209.7759,2307.9204,2325.3752,2359.8271,2396.8420,2386.4148,2528.1382,2629.3376,2648.6418,2720.7390,2719.9397,2640.7976,2698.2769,2682.1370,2714.9639,2753.3665,2710.9897,2826.9956,2910.0122,2856.5295,2824.6133,2924.3403,2932.5466,2941.9773,2967.5269,2802.5178,2828.7122,2772.7517,2796.7268,2790.7200,2732.7034,2757.8860,2830.5876,2836.6660,2909.1797,2840.2751,2816.2449,2994.3713,2960.9397,3017.0530,2914.2307,2816.2646,2921.0952,2944.1138,3010.1921,3075.0518,3000.6787,3047.5449,3167.3938,3110.3386,3100.0098,2989.6438,2836.4841,2869.7864,2930.0330,2832.1748,2836.2595,2769.4673,2794.5569,2804.4968,2815.4575,2824.1475,2817.6633,2910.3020,2985.5432,2876.2974,2916.2927,2870.0420,2750.7939,2813.7886,2678.7229,2460.0681,2539.1440,2416.1003,2448.7302,2460.0117,2523.1023,2503.2756,2506.5383,2420.2639,2388.2292,2389.0964,2313.9194,2386.5923,2429.1494,2430.3213,2482.2937,2333.0894,2368.5896,2468.9563,2396.1626,2504.6309,2454.2341,2617.4258,2642.7881,2580.3062,2651.8188,2696.6799,2699.3005,2848.9958,2632.5227,2654.4600,2761.5791,2643.1711,2818.0190,2935.7441,2843.7209,2901.6550,2959.4353,2944.3047,2976.1318,2908.8477,2826.8523,2861.0359,2895.7498,2938.8196,2844.6697,2751.8386,2831.0674,2842.1980,2953.6675,2914.6323,2818.7288,2860.3467,2896.5422,2782.8188,2807.0105,2734.1340,2701.5137,2868.9578,2883.2378,2950.4700,2973.5835,2866.4771,2933.2427,3036.3611,2906.5879,2751.3401,2788.0552,2590.4385,2680.3843,2622.2361,2527.3992,2600.5762,2728.9736,2768.6062,2546.2476,2546.7253,2783.6138,2492.6382,2729.7571,2688.1418,2618.2085,2398.1804,2629.0811,2524.9565,2578.8921,2526.4893,2546.5674,2419.4795,2414.7146,2415.8264,2601.0879,2472.9709,2490.5017,2510.3938,2479.9607,2458.6663,2458.6863,2445.2795,2499.1526,2589.4333,2566.6555,2611.8657,2596.7163,2614.5107,2542.8752,2517.0417,2536.7036,2502.3101,2630.5281,2688.6279,2623.0139,2527.7498,2519.1650,2457.3252,2468.2922,2411.1433,2308.2603,2361.1748,2320.7505,2303.3411,2316.5491,2174.0898,2148.0254,2207.5564,2284.7771,2234.2437,2257.0549,2165.8455,2268.4741,2273.8552,2242.4832,2159.7551,2103.7727,2029.2648,2105.4417,2176.4197,2106.4680,2048.1667,2052.7834,2077.9434,2007.1495,1971.6667,1886.0474,1833.2200,1878.2145,1877.8632,1855.5355,1811.4465,1751.1932,1749.1378,1756.7672,1602.1262,1586.1598,1570.8807,1511.1316,1485.1091,1509.1210,1457.8248,1459.9177,1427.9523,1397.0000,1335.6251,1323.3591,1269.3914,1268.0699,1232.6466,1246.9852,1141.4899,1185.3944,1067.6392,1047.5447,1020.4539,1007.7012,959.6187,962.2825,868.4402,839.6382,804.5279,788.8080,721.8983,731.3482,713.3735,669.9032,686.9178,640.7115,694.2556,672.0256,687.2753,699.2700,647.1509,602.2460,590.5186,563.6572,575.4360,590.1779,568.7845,584.3137,583.7413,512.4628,483.2710,456.6190,445.2282,407.2119,0.0000,0.0000,0.0000,0.0000,0.0000,0.0000,0.0000,0.0000,0.0000,0.0000,0.0000,0.0000,0.0000,0.0000,0.0000,0.0000,0.0000,0.0000,0.0000,0.0000,0.0000,0.0000,0.0000,0.0000,0.0000
0.0000,0.0000,0.0000,0.0000,0.0000,0.0000,0.0000,0.0000,0.0000,0.0000,0.0000,0.0000,0.0000,0.0000,0.0000,0.0000,0.0000,0.0000,0.0000,0.0000,0.0000,0.0000,0.0000,0.0000,0.0000,277.0694,279.1000,348.4667,352.2234,394.5279,450.8067,474.1192,510.2103,571.4615,592.7571,660.3912,691.9823,691.1948,783.8316,817.5992,917.1469,906.0068,921.9441,948.3129,973.7275,954.6092,923.3572,918.8413,900.8388,926.7127,869.6438,831.7786,921.0097,903.9522,913.0931,1003.2305,1002.7447,1029.0524,1121.8557,1137.4823,1195.3536,1255.0249,1285.7972,1310.4293,1420.1460,1484.6570,1525.8679,1574.1705,1664.7976,1665.2430,1631.6299,1642.0382,1611.4812,1672.5547,1669.7657,1612.5492,1723.5437,1681.7390,1767.5903,1841.8069,1882.1127,1856.9462,1954.0520,2027.1121,2114.9885,2176.4385,2133.8562,2099.9106,2087.8411,2057.6958,2014.4476,2000.1221,1945.6931,2058.6846,2141.2910,2222.3032,2183.9470,2115.4260,2165.9265,2187.9260,2232.6765,2273.8958,2218.0364,2320.3467,2469.5947,2487.0295,2622.2700,2637.4070,2618.0330,2739.6318,2737.9121,2602.6152,2604.5452,2571.9585,2681.9597,2796.1414,2762.2886,2730.5776,2765.8254,2751.9988,2814.2856,2860.8398,2890.7502,2975.3464,2927.6431,2953.0479,2821.7585,2763.4573,2711.6479,2724.4561,2777.3159,2857.3225,2749.0486,2844.6797,2902.9148,2882.9487,3010.1313,2907.0432,2869.2312,2882.7764,2945.0708,2860.4221,2929.4421,2938.8176,3039.3179,3126.7424,3122.8523,3048.7852,3116.7673,3152.0947,3100.2183,3068.7012,2994.7456,2914.8513,2890.1414,2904.3362,2784.4822,2748.4890,2708.8711,2724.5547,2894.4456,3038.3408,2952.1453,2968.7139,3028.1880,2902.4241,2966.6433,2877.8484,2670.7593,2675.0146,2614.3853,2656.6462,2581.6267,2396.7520,2428.4170,2516.7903,2550.7410,2549.9399,2500.9915,2446.3374,2488.1980,2450.8047,2475.7844,2358.5085,2308.9028,2366.0742,2453.5378,2428.6211,2462.4646,2363.8464,2491.5247,2622.7603,2678.7471,2668.4202,2644.0579,2538.2278,2764.1348,2739.1753,2830.6560,2754.1809,3071.8557,2832.9294,2847.5974,2872.9641,2710.3447,2843.8591,2805.8127,2906.4036,2919.2224,2971.3535,2959.8445,3032.6982,3010.7615,2914.2930,2779.3437,2802.3523,2781.2588,2841.7766,2889.2515,2796.6340,2863.5137,2892.5244,2869.2690,2888.2527,2831.3301,2796.0032,2839.8352,2785.4656,2865.1162,2898.2280,2907.3506,2951.5232,2975.0356,2927.6279,2909.5159,2859.8022,2888.7878,2780.7910,2743.4768,2751.5693,2664.3364,2641.4326,2742.3789,2580.7771,2508.3613,2491.1125,2872.0198,2690.1602,2810.3064,2798.3799,2583.9863,2562.0095,2567.0681,2685.5771,2445.3276,2436.8000,2557.5327,2559.6089,2459.7432,2537.1379,2423.5823,2532.2239,2469.4954,2602.5386,2391.5264,2354.9233,2435.8784,2542.7307,2460.9229,2559.1028,2472.6467,2544.3420,2578.1150,2583.3525,2602.8547,2643.6265,2461.3069,2578.3303,2640.1882,2528.7288,2554.2158,2588.5869,2484.7827,2578.2012,2514.0696,2392.0996,2408.2273,2383.0039,2418.7644,2501.5369,2296.6636,2254.3164,2250.9036,2181.4434,2174.1096,2218.1189,2189.0205,2295.4531,2265.9697,2334.7812,2276.8552,2220.6072,2202.0764,2155.2485,2162.8218,2198.8525,2174.7349,2175.1599,2186.3765,2096.5085,2049.2336,2040.1727,1897.8801,1950.2545,1918.1350,1944.9965,1925.4493,1854.1062,1815.8333,1804.5884,1704.7288,1675.8356,1722.6865,1661.2485,1610.6124,1546.6764,1533.0024,1502.6328,1526.4907,1488.1809,1388.8138,1370.7294,1385.0245,1329.7570,1337.2253,1340.7087,1205.3574,1224.7006,1222.6069,1155.5583,1106.6143,1066.7255,1032.1842,1028.6421,1027.0754,967.2225,931.8381,923.2515,832.9065,824.2236,784.1519,769.3033,714.8300,750.5693,741.3284,732.6849,686.4412,694.7640,684.5262,670.7723,648.8092,660.2615,665.3627,599.9613,651.6992,616.5999,567.1328,572.0984,574.8392,530.8043,544.9703,505.0309,470.3341,438.4481,386.2762,0.0000,0.0000,0.0000,0.0000,0.0000,0.0000,0.0000,0.0000,0.0000,0.0000,0.0000,0.0000,0.0000,0.0000,0.0000,0.0000,0.0000,0.0000,0.0000,0.0000,0.0000,0.0000,0.0000,0.0000,0.0000
0.0000,0.0000,0.0000,0.0000,0.0000,0.0000,0.0000,0.0000,0.0000,0.0000,0.0000,0.0000,0.0000,0.0000,0.0000,0.0000,0.0000,0.0000,0.0000,0.0000,0.0000,0.0000,0.0000,0.0000,0.0000,264.4529,343.3845,329.2790,342.6496,412.4698,444.2266,526.0696,498.4842,538.8817,611.7833,673.9777,698.1086,662.4398,776.7307,804.7842,842.0940,926.3348,893.7112,960.2578,943.3960,960.0885,1004.9659,930.9460,887.9965,890.5385,828.4180,868.0645,882.0671,855.9240,978.7836,1000.8342,1032.8912,1078.3933,1074.2881,1083.3330,1162.3347,1221.2032,1313.6158,1389.2444,1402.2007,1552.4308,1557.4526,1645.1848,1660.2272,1595.6614,1653.3490,1694.1678,1670.9250,1678.3044,1649.0337,1654.0079,1678.9421,1711.9163,1728.7252,1750.3658,1795.1025,1939.8400,2059.9011,2111.6726,2143.8872,2086.4121,2100.9238,2099.2468,2040.3066,2035.3208,2000.0986,2013.7438,2117.5725,2155.3328,2141.4207,2218.9626,2191.2930,2193.7041,2230.1169,2176.3123,2239.6365,2334.8779,2308.0088,2356.6699,2364.1958,2443.2107,2601.5881,2669.2664,2596.4399,2654.7527,2681.3787,2708.1653,2705.2891,2604.5522,2592.2532,2596.7002,2637.5793,2689.0393,2661.9192,2803.1599,2828.2019,2935.6748,3067.9321,2905.8579,2789.5322,2842.5222,2748.5552,2837.9382,2865.5183,2734.5312,2836.3538,2902.3831,2858.6760,2943.9958,2858.3059,2783.6218,2951.2556,2927.3340,2925.9407,2890.9644,2882.6548,2967.1448,3038.2063,2996.3237,2993.7737,2971.4644,3133.4089,3181.9897,3230.3047,3311.3267,3150.3784,3067.3726,3101.4946,2948.9282,2749.8047,2792.1128,2673.4583,2831.7849,2880.6140,2856.7986,2962.9590,3051.1663,2978.4651,3033.4570,3017.8962,2919.9871,2880.0991,2894.9246,2833.9380,2789.3362,2610.1294,2541.7419,2476.5312,2460.3669,2399.2568,2368.1655,2491.3279,2574.5540,2588.7388,2635.1702,2479.7795,2483.3962,2512.8694,2369.4751,2269.3831,2281.9399,2240.4031,2425.3933,2397.3862,2382.2275,2449.6782,2566.9470,2547.8999,2729.6785,2716.8052,2685.8088,2717.9863,2860.0352,2924.1177,3120.4312,2020.1852,1542.7910,2859.8445,2826.4346,2863.3181,2710.3638,2815.4419,2919.0842,2995.3577,3064.0732,2910.5415,2874.2561,2972.5364,2777.0513,2879.1846,2823.0564,2718.0532,2818.3176,2858.9358,2819.1826,2781.4143,2781.1750,2797.5962,2862.0818,2923.1548,2920.0474,2875.2344,2785.2654,2933.4795,2948.5046,2914.8293,2816.3899,2810.4214,2866.8621,2921.9080,2903.7683,2912.6362,2791.7349,2703.8958,2807.2163,2677.9377,2523.6990,2614.9941,2608.6011,2744.6807,2709.0488,2656.8435,2952.8291,2711.9534,2452.4333,2670.6006,2614.6216,2388.3594,2511.4216,2532.6006,2606.7676,2488.7288,2549.0867,2518.9729,2509.1548,2544.9233,2517.3640,2452.7449,2496.5879,2508.2063,2517.1746,2528.0469,2477.8989,2486.3823,2563.5366,2495.9290,2490.5139,2536.5850,2533.4309,2673.0618,2690.1455,2622.7783,2487.5342,2525.9797,2507.0994,2530.5254,2533.9944,2561.7556,2514.5859,2447.1455,2451.4302,2398.9836,2343.3979,2382.5303,2325.4753,2371.1533,2249.1646,2198.3254,2191.5383,2209.7703,2199.7761,2206.5859,2188.7556,2234.3760,2269.0742,2289.4055,2321.3762,2282.5398,2183.3958,2240.8838,2270.1655,2176.6152,2183.9668,2144.6553,2110.2717,2102.7651,2096.6255,1960.4607,1945.2614,1912.4102,1898.6741,1882.9486,1840.6906,1789.7012,1724.6665,1777.2905,1810.0487,1708.4728,1704.0999,1599.3761,1587.1460,1528.2883,1527.8684,1476.7240,1427.5454,1445.2979,1490.5151,1453.4340,1314.5724,1292.2759,1323.8915,1273.2062,1219.1071,1185.9153,1159.7717,1179.4183,1154.7035,1094.6823,996.4756,1018.6291,1007.6739,899.4998,899.7217,815.7661,810.5898,820.8528,738.3929,762.9548,798.5503,755.6993,722.7758,754.7544,681.8519,665.5413,723.1188,716.0226,686.2740,665.5615,653.9825,644.8381,622.4879,556.9529,567.3984,530.8928,551.2805,504.9950,472.2258,488.9289,442.9827,402.7698,0.0000,0.0000,0.0000,0.0000,0.0000,0.0000,0.0000,0.0000,0.0000,0.0000,0.0000,0.0000,0.0000,0.0000,0.0000,0.0000,0.0000,0.0000,0.0000,0.0000,0.0000,0.0000,0.0000,0.0000,0.0000
0.0000,0.0000,0.0000,0.0000,0.0000,0.0000,0.0000,0.0000,0.0000,0.0000,0.0000,0.0000,0.0000,0.0000,0.0000,0.0000,0.0000,0.0000,0.0000,0.0000,0.0000,0.0000,0.0000,0.0000,0.0000,284.7766,339.1330,348.6725,387.1279,465.7320,451.7591,472.2132,553.2538,578.0733,564.5931,663.3558,698.0250,719.5151,804.5493,827.5757,882.8044,929.5593,985.2188,986.2764,982.3063,924.0204,893.3247,879.9392,876.6882,871.1476,907.1920,819.7391,859.8828,916.0381,949.6100,956.0726,965.1069,1033.8535,1016.6949,1178.5510,1149.7592,1193.0360,1413.4324,1407.9475,1469.2412,1519.5897,1571.9424,1677.5322,1748.1503,1735.8168,1711.4861,1699.3152,1651.8868,1710.5498,1649.5348,1607.5217,1621.0331,1744.3412,1810.7042,1831.7036,1897.3405,1953.9637,2053.5059,2124.1790,2171.7632,2058.4341,2059.7219,2138.2529,2131.7363,2141.1792,2059.6863,2068.7024,2156.4077,2122.4548,2168.2974,2179.0295,2152.7068,2295.9194,2327.1345,2251.4946,2303.5444,2212.3198,2226.0291,2303.5903,2438.7385,2454.7720,2484.6270,2570.9246,2673.8213,2668.8323,2691.6643,2566.2000,2509.5144,2575.3040,2605.0469,2498.4407,2614.4121,2624.8091,2770.6931,2967.0408,2841.2903,2836.6382,2893.9763,2823.8691,2895.9910,2831.1721,2804.9773,2894.4419,2849.1577,2877.2566,2882.0901,2813.6179,2789.7991,2824.8081,2947.7622,3005.6602,2866.2737,2940.6917,2975.4788,2943.9302,2946.2683,2883.4026,2822.5054,3010.3069,3048.6204,3031.0125,3251.4983,3165.8357,3245.8762,3373.0105,3149.2856,2955.3713,2875.0300,2820.4644,2849.7888,2839.3203,2742.4453,2801.7671,2860.1267,2913.6982,2990.4482,3003.6104,2909.1143,2955.2981,3077.7725,3060.4736,2880.4788,2883.4758,2885.8193,2793.0327,2706.4968,2549.6394,2362.2854,2456.0879,2553.5239,2606.5239,2691.3811,2592.8494,2658.3699,2624.8699,2544.9917,2486.7925,2453.5767,2346.4297,2390.6389,2336.2693,2411.4080,2279.3237,2390.3518,2363.6284,2484.9390,2586.7078,2682.0295,2669.3447,2838.0020,2873.0952,2933.5173,2782.1365,3102.6655,2247.5576,1373.7428,3018.0388,2880.7764,2964.6487,2864.3325,2891.2390,2920.6855,2901.5813,2864.5881,2913.7991,2868.5361,2978.2725,2872.8706,2782.4734,2817.5237,2861.3157,2677.0701,2728.6963,2665.0764,2690.0955,2720.9495,2827.2102,2803.7158,2808.1787,2830.4612,2972.4487,2903.9719,2843.4971,2857.2539,2785.1396,2881.8159,2838.3613,2795.2917,2895.5293,2807.5613,2871.9536,2859.6682,2708.3538,2639.5166,2720.4221,2653.3909,2781.9045,2675.1233,2697.9651,2859.8645,2926.8074,2710.1895,2638.1843,2599.8096,2771.1597,2462.9231,2631.7075,2602.9451,2540.2622,2400.6016,2612.5493,2521.9778,2560.2441,2454.5049,2451.9185,2481.6824,2488.7119,2479.4082,2586.2034,2478.9119,2566.6616,2633.4460,2526.1360,2487.4961,2406.7600,2392.7981,2544.5281,2556.6389,2502.9414,2552.3774,2518.9399,2515.1990,2519.4922,2464.9426,2478.0774,2417.1667,2501.7493,2598.7776,2520.6306,2365.7534,2357.9924,2292.0562,2359.3240,2336.9165,2300.1587,2362.4417,2265.4639,2240.2659,2260.1182,2113.8013,2148.3201,2180.1738,2242.0220,2310.4934,2319.4932,2310.8179,2346.8767,2332.8950,2251.3899,2178.5400,2147.1672,2172.4175,2213.0007,2204.3269,2186.7957,2161.4504,2072.8992,2028.4866,1948.3140,1845.4125,1808.9167,1818.0813,1898.2838,1822.8391,1674.3807,1700.9249,1741.4231,1667.5653,1698.9507,1605.0896,1528.0508,1545.0177,1499.2628,1494.0374,1524.0602,1408.2538,1487.6268,1443.9622,1350.5775,1311.2799,1317.6467,1274.7080,1254.7109,1253.4098,1204.2928,1161.7040,1107.3070,975.3149,1025.6461,1020.6340,962.3622,894.6735,901.4050,898.9297,853.8309,807.3699,791.0446,734.5618,776.8107,748.8209,750.8388,712.9693,730.1552,739.0291,718.9531,703.7208,666.4625,653.1078,646.4083,605.6464,598.3470,616.0402,646.8624,553.0994,545.8217,545.0358,447.5279,448.3979,403.8198,371.1692,0.0000,0.0000,0.0000,0.0000,0.0000,0.0000,0.0000,0.0000,0.0000,0.0000,0.0000,0.0000,0.0000,0.0000,0.0000,0.0000,0.0000,0.0000,0.0000,0.0000,0.0000,0.0000,0.0000,0.0000,0.0000
0.0000,0.0000,0.0000,0.0000,0.0000,0.0000,0.0000,0.0000,0.0000,0.0000,0.0000,0.0000,0.0000,0.0000,0.0000,0.0000,0.0000,0.0000,0.0000,0.0000,0.0000,0.0000,0.0000,0.0000,0.0000,283.9362,331.3586,354.3309,393.3744,410.8332,424.7782,448.7478,535.9627,565.8537,604.6151,640.6991,676.1102,742.8635,780.1923,894.8154,896.5311,856.0600,910.1031,928.2398,903.9192,902.0248,922.5489,899.0646,900.4955,858.7045,915.4359,824.8516,775.9722,873.0983,927.1316,911.9738,981.5768,1021.5999,1083.6271,1170.2935,1217.8079,1198.9790,1302.2410,1387.0175,1463.5159,1575.9127,1639.2026,1644.1924,1709.9988,1742.8521,1651.0408,1688.4832,1657.8500,1638.9747,1677.6675,1689.4485,1655.0643,1796.4502,1806.4432,1782.2916,1960.0271,1970.7000,2017.9861,2130.8774,2146.5376,2126.7144,2239.5913,2092.8833,2082.4778,2211.1152,2074.2983,2101.8816,2102.1594,2099.9253,2169.6614,2237.0317,2340.1411,2262.6787,2247.1946,2269.2295,2240.1958,2270.8767,2250.1265,2277.3792,2441.9863,2524.5994,2531.8704,2532.2280,2537.8525,2468.5972,2672.2434,2524.4226,2453.4602,2511.7476,2479.0078,2558.6233,2632.4565,2627.7078,2708.8176,2784.8674,2785.7800,2793.5361,2852.2463,2777.7192,2884.1309,2991.3315,2985.5508,2894.4177,2771.7920,2809.1030,2847.7371,2906.7761,2937.4646,2810.2097,2939.9551,3047.7070,2980.4470,2937.1741,2847.1921,2725.7615,2955.2625,2926.5508,2894.4944,2965.8169,2991.0215,3122.2869,3261.2837,3193.6345,3104.0195,3154.0662,3030.7642,3050.9937,2964.5056,2866.0598,2886.3433,2840.2456,2901.3682,2804.3730,2793.2385,2898.8347,2905.6543,3048.2078,3115.5659,2978.7097,2957.6863,3003.8591,2909.8528,2935.3894,2888.0789,2729.7419,2727.9956,2560.9446,2545.2080,2547.1760,2491.9348,2582.0598,2692.4241,2667.5095,2621.1055,2555.2007,2542.1399,2551.6882,2522.8779,2438.6296,2422.5293,2305.9607,2331.7917,2286.1841,2391.1619,2443.6555,2460.0732,2656.9656,2800.0488,2781.8191,2884.5513,2920.9253,2880.8318,2928.4675,2911.4805,2753.0764,3091.9048,3001.9619,2880.8196,3007.8840,2836.3560,2823.2510,2846.4893,2922.9070,2827.3701,2848.6418,2822.1455,2935.8997,2889.0105,2824.0583,2691.6538,2602.5874,2679.4263,2613.1301,2746.1013,2729.0432,2681.1262,2790.5383,2864.7434,2827.2825,2856.5193,2803.4592,2738.4106,2912.3127,2870.2419,2851.0383,2784.0989,2666.1643,2710.6731,2800.7634,2690.5786,2676.3018,2661.9751,2726.9353,2795.7009,2791.0166,2748.4304,2830.9924,2822.7581,2846.1714,2650.2761,2739.6743,2827.9158,2774.5444,2709.1323,2698.5852,2782.8643,2641.9460,2588.4961,2542.0386,2703.4336,2460.4707,2430.6997,2516.7993,2570.4363,2391.5796,2481.8928,2528.7800,2573.0330,2573.5881,2521.8831,2493.6067,2560.9729,2547.9666,2525.7368,2390.9287,2387.9744,2391.5408,2457.4641,2558.2544,2527.2466,2456.6128,2519.5747,2477.8599,2577.2405,2530.1931,2415.3269,2401.6533,2495.6321,2456.5730,2434.8630,2327.7832,2282.9622,2335.8672,2387.1064,2332.3147,2380.0286,2194.9316,2174.5698,2188.6184,2193.2893,2221.0793,2168.3081,2264.1550,2380.3608,2387.2520,2412.9346,2354.1177,2251.8354,2262.9771,2210.5637,2245.2119,2228.7822,2153.1584,2257.1343,2240.9871,2109.2617,2040.1414,1946.2260,1916.8204,1889.7593,1954.2469,1834.1779,1886.1006,1815.5614,1808.6929,1763.3717,1717.9520,1708.1820,1667.4241,1593.7146,1608.1263,1545.2113,1525.2877,1522.1848,1485.3164,1497.8304,1428.8079,1395.9359,1375.2921,1346.1143,1312.8198,1319.9410,1217.2426,1241.7626,1223.4226,1171.2343,1073.9003,1059.9515,951.0527,1013.8453,943.4296,906.5900,892.0756,842.2767,796.4639,825.2852,796.7321,819.2275,806.2761,773.6025,762.2524,708.4885,687.1944,699.0333,692.7704,736.4983,683.9595,652.1738,641.7587,604.8867,607.4203,575.2715,539.0127,530.2961,521.7275,492.8907,468.1360,450.5920,388.1197,434.6144,0.0000,0.0000,0.0000,0.0000,0.0000,0.0000,0.0000,0.0000,0.0000,0.0000,0.0000,0.0000,0.0000,0.0000,0.0000,0.0000,0.0000,0.0000,0.0000,0.0000,0.0000,0.0000,0.0000,0.0000,0.0000
0.0000,0.0000,0.0000,0.0000,0.0000,0.0000,0.0000,0.0000,0.0000,0.0000,0.0000,0.0000,0.0000,0.0000,0.0000,0.0000,0.0000,0.0000,0.0000,0.0000,0.0000,0.0000,0.0000,0.0000,262.9541,261.9287,341.0466,419.8253,406.0732,398.6062,417.6924,465.6450,538.6827,622.5400,612.7991,642.1205,726.5549,734.2647,825.3798,860.5789,890.5081,899.3733,952.2475,928.0467,968.8776,921.4163,924.5084,940.7079,880.0303,827.9252,852.5731,831.9362,837.0597,847.9412,862.9042,989.9050,1025.6174,1025.7166,1074.9741,1077.5060,1129.4167,1211.5389,1305.3805,1426.3638,1518.3967,1559.4440,1652.7648,1697.0020,1682.7548,1705.2791,1657.3521,1714.1161,1667.4690,1614.9751,1681.4626,1664.0896,1684.2806,1784.5350,1782.2721,1829.4983,1867.3766,2057.6060,2120.6179,2165.7966,2165.0796,2144.7271,2142.0566,2165.3879,2059.6162,2065.0906,2130.3569,2151.8909,2179.1082,2269.4883,2200.1721,2213.5364,2366.5469,2294.4126,2291.8184,2294.9485,2233.8359,2357.3335,2426.0706,2414.3318,2500.2927,2476.5986,2474.7659,2490.8274,2543.6631,2512.6509,2567.8486,2492.2153,2575.4263,2595.9602,2500.7178,2500.7478,2546.9934,2699.6985,2749.4111,2810.5491,2849.1125,2853.4536,2972.6848,2977.4709,2936.2693,2883.8938,2944.7432,2865.8723,2962.4055,2962.0208,2807.9500,2938.1851,2933.1821,2973.3467,2957.4221,2876.9751,2845.4500,2937.7346,2997.2058,2879.5435,2922.5852,2845.4678,3015.2642,3010.2715,3058.7900,3040.6501,3062.7688,3217.7419,3241.2668,3108.2827,3064.5645,3008.1326,2849.4380,2984.1321,2801.6477,2777.6018,2880.5210,2869.2222,3071.2715,3128.0652,3007.4141,3072.8015,3158.4177,3008.1685,2971.0474,2898.7693,2883.3809,2938.0918,2887.8584,2855.1726,2760.4937,2587.5862,2595.9495,2609.0037,2649.4905,2629.8394,2618.5168,2708.8208,2764.7432,2659.3979,2637.2253,2485.9180,2437.5486,2581.2197,2371.7822,2343.4285,2335.0320,2321.4067,2534.2288,2659.5103,2608.2881,2615.8281,2717.0352,2753.0337,2895.2961,3012.4150,2923.6663,2938.1746,2901.1738,2976.7124,2773.6091,2900.5378,2881.4045,2792.8979,2946.0999,2942.6245,2846.3408,2909.9521,2940.2036,2883.2871,2923.9902,2825.8792,2728.1243,2796.4155,2688.8647,2702.7314,2747.0486,2611.7854,2776.4143,2819.8164,2602.4636,2716.3557,2704.4353,2774.1738,2861.0232,2896.3403,2845.6548,2805.6099,2780.3018,2807.5476,2771.5684,2638.5586,2560.9299,2591.2117,2725.7290,2676.8433,2730.3523,2705.8708,2778.4365,2820.7837,2947.5398,2780.3599,2798.0937,2880.0081,2839.9756,2782.4314,2730.5410,2696.3799,2750.4297,2749.0488,2540.9404,2675.7136,2709.0864,2503.0322,2597.2837,2678.1023,2611.4319,2429.5520,2358.8242,2428.1484,2517.3630,2583.9731,2562.5527,2523.7468,2622.3650,2565.4749,2492.3101,2492.3394,2397.2563,2307.0591,2422.6885,2384.9912,2449.3706,2486.9937,2458.9517,2594.8604,2606.2295,2444.8018,2397.8237,2491.9531,2439.9263,2494.2625,2483.4976,2458.9927,2502.5789,2437.4656,2353.5925,2308.0950,2297.5291,2283.6267,2293.9341,2279.5916,2214.1594,2195.6714,2220.0146,2273.7080,2275.8291,2301.2695,2318.7915,2346.4751,2431.4268,2312.2983,2268.0125,2325.2842,2204.2585,2244.4985,2214.5276,2143.7837,2135.4448,2142.4563,2079.7043,2107.6514,1961.7312,1900.3188,1933.3386,1877.3613,1873.9426,1795.1085,1753.0804,1740.5693,1737.7311,1794.3125,1731.9032,1689.3251,1602.1614,1602.4052,1569.1035,1604.5642,1455.4137,1456.5731,1527.7479,1463.6117,1461.0729,1447.3674,1335.2800,1348.9659,1297.3276,1245.4268,1267.9058,1173.2101,1162.5725,1176.0249,1096.7489,1041.9156,962.8481,927.6064,938.2649,915.4937,831.1766,852.5378,826.5233,850.5198,799.6178,759.7924,778.4286,754.0334,739.1869,750.2971,693.8702,726.6268,707.6197,704.5621,636.1521,636.2033,635.1748,589.8487,593.5385,567.8687,555.7341,513.1190,472.4855,476.2849,441.0994,411.7752,368.6163,359.5426,0.0000,0.0000,0.0000,0.0000,0.0000,0.0000,0.0000,0.0000,0.0000,0.0000,0.0000,0.0000,0.0000,0.0000,0.0000,0.0000,0.0000,0.0000,0.0000,0.0000,0.0000,0.0000,0.0000,0.0000
0.0000,0.0000,0.0000,0.0000,0.0000,0.0000,0.0000,0.0000,0.0000,0.0000,0.0000,0.0000,0.0000,0.0000,0.0000,0.0000,0.0000,0.0000,0.0000,0.0000,0.0000,0.0000,0.0000,0.0000,285.6772,333.9668,351.7133,392.5154,410.5158,429.6361,489.6646,550.4547,553.7791,622.9819,647.8840,636.9907,726.5562,746.8392,784.7140,825.2609,863.4738,930.5060,901.9062,947.4872,891.0597,902.3302,917.7505,948.1895,899.4437,909.3803,856.4225,809.8010,847.9459,841.9853,910.6182,935.9630,933.8267,1058.7844,1097.0146,1147.0614,1256.3057,1264.1515,1307.7859,1458.8263,1541.0331,1544.0847,1605.9009,1574.7567,1692.4851,1668.6675,1643.3188,1639.3910,1681.5858,1610.2878,1673.0439,1651.5258,1629.0045,1744.7003,1810.2461,1960.7522,1952.4528,1993.4132,2092.5723,2141.0310,2191.3618,2178.6257,2082.8650,2164.4482,2096.7634,2142.0435,2293.6587,2182.3430,2192.8901,2243.3025,2234.0847,2188.7761,2278.2671,2338.1377,2366.3557,2386.0576,2326.1711,2323.5203,2330.4668,2361.2546,2463.5942,2458.2312,2490.1792,2461.2131,2488.9824,2565.5791,2540.0415,2514.0334,2505.6982,2464.3882,2580.6824,2520.3450,2589.3828,2770.5894,2812.7104,2883.3374,3001.3635,2834.4055,2829.0447,2966.7922,2920.8025,3001.5112,3035.5579,2934.3313,3046.2478,3066.8491,2949.9006,2840.1479,2821.7771,2787.7729,2967.7209,2898.1287,2966.9441,2898.5005,2813.9368,2936.2693,2893.2930,2931.2620,2869.0767,2943.0288,3124.9211,3221.4629,3173.8635,3267.1187,3160.3005,3090.3201,3114.8982,2931.4792,2821.4744,2809.3120,2859.7861,2969.0566,3065.9832,2969.1777,3077.8494,3137.3684,3013.0305,3037.8047,2938.2847,2855.3479,2956.3950,2999.4973,3003.9333,2963.4917,2866.7134,2896.5613,2762.7131,2753.8870,2658.3628,2573.4736,2696.6606,2714.3516,2656.9668,2762.3179,2721.4941,2654.9155,2637.0664,2529.8997,2476.3074,2511.5334,2474.8625,2551.5095,2457.5686,2337.6890,2486.3071,2606.6997,2662.1882,2712.9514,2713.1921,2803.1475,2965.1235,3077.8240,3092.2874,2983.0679,2857.2185,2771.5759,2924.7195,2906.7563,2827.2307,2810.6741,2961.3254,2987.5256,2948.7449,2957.4436,2783.3376,2733.0898,2802.8010,2771.2595,2811.0505,2723.0144,2608.7292,2736.7866,2670.3164,2634.6665,2577.0483,2593.3340,2663.4961,2719.1121,2724.4326,2798.0364,2836.1899,2750.8191,2861.2791,2727.6526,2763.2961,2651.5156,2629.3828,2698.1604,2688.5669,2589.9829,2661.8513,2669.2019,2645.4944,2763.0933,2797.1729,2774.8040,2932.0081,2883.6975,2877.7654,2858.0386,2824.1299,2862.6006,2903.6399,2640.9866,2670.8267,2498.9133,2741.6252,2654.1877,2668.9255,2775.1519,2756.9666,2581.1548,2534.8003,2352.7236,2324.0806,2343.4692,2478.8567,2763.2036,2629.6328,2428.8523,2435.7297,2407.6582,2442.8999,2478.6252,2368.1089,2369.3477,2337.4731,2444.7788,2557.4561,2535.3696,2491.3484,2511.5393,2554.9148,2478.7322,2494.5488,2384.9319,2506.5518,2472.8782,2572.6968,2517.0359,2379.5498,2370.3181,2261.5867,2312.3542,2321.1348,2368.7058,2285.7285,2342.9287,2350.5288,2266.8679,2239.5159,2193.4487,2259.2659,2377.6455,2358.0222,2395.8762,2347.8115,2298.6543,2284.2314,2299.7744,2173.3442,2036.9991,2118.6165,2141.9744,2180.5186,2150.2200,2133.5752,2055.9534,1966.9730,1987.4565,1854.8668,1821.6373,1829.2697,1759.4742,1822.8624,1822.9431,1721.4755,1764.0859,1735.0095,1642.8416,1655.6877,1586.4137,1591.6656,1649.7794,1523.6760,1541.9447,1493.9958,1460.8997,1472.4185,1469.2057,1373.5116,1340.8739,1277.8141,1300.6744,1299.1084,1211.7247,1204.6107,1138.9077,1053.3032,997.1273,936.2677,901.0562,925.5065,900.5664,931.9227,823.2993,827.5711,799.7104,813.1016,803.4020,813.1863,777.1294,770.0194,784.8568,736.2292,738.6476,677.5057,662.5135,645.3560,610.1060,642.1961,602.6750,559.2740,554.5634,548.9030,516.3995,492.7713,476.4003,430.3878,355.0592,381.3049,374.0474,0.0000,0.0000,0.0000,0.0000,0.0000,0.0000,0.0000,0.0000,0.0000,0.0000,0.0000,0.0000,0.0000,0.0000,0.0000,0.0000,0.0000,0.0000,0.0000,0.0000,0.0000,0.0000,0.0000,0.0000
0.0000,0.0000,0.0000,0.0000,0.0000,0.0000,0.0000,0.0000,0.0000,0.0000,0.0000,0.0000,0.0000,0.0000,0.0000,0.0000,0.0000,0.0000,0.0000,0.0000,0.0000,0.0000,0.0000,0.0000,261.9510,303.3618,348.7624,378.0398,431.8242,472.8719,544.5424,544.0351,560.7493,608.3342,678.8489,728.7799,766.5408,784.1061,878.5289,920.4385,951.0430,930.9733,906.5179,913.5461,898.6512,944.8623,990.1591,900.2340,933.4290,957.0380,892.1909,880.1932,840.3531,841.3680,931.3918,949.0798,1035.2765,1062.2374,1143.9862,1150.9218,1261.7538,1316.1350,1327.0892,1422.7866,1509.3857,1556.5211,1592.3457,1619.3345,1642.8353,1648.1442,1626.6317,1587.8383,1565.7152,1591.7332,1616.2637,1740.5227,1804.0262,1724.6506,1856.5208,1937.1257,1980.5225,2111.1340,2089.6550,2104.3430,2224.3101,2242.5969,2237.6062,2242.5203,2083.9404,2163.7305,2240.7915,2253.9346,2197.8564,2207.0276,2237.9395,2403.2490,2430.3965,2366.2031,2302.6047,2257.9729,2281.0281,2278.2737,2317.9717,2385.0356,2460.5906,2468.8699,2574.9224,2497.0981,2486.8718,2477.0432,2454.4937,2620.7017,2548.8943,2508.0762,2593.5024,2607.6978,2708.4871,2941.6077,2837.6194,2801.4907,2910.0786,2853.8411,2939.7808,2985.9038,2974.8289,3088.5869,3093.0552,3014.5571,3014.7559,2853.6277,2910.4944,2861.0056,2878.1230,3016.7800,2901.5195,2990.6323,2967.0291,2806.9695,2816.6902,2854.3196,2881.5288,3041.7930,3010.8413,2982.3240,3183.9421,3189.3853,3198.5188,3282.0188,3074.0242,3026.0171,2940.6492,2951.6694,2982.4458,2886.6167,2874.6118,3018.4055,3076.5452,2989.8628,2988.8484,2992.6191,3069.9558,3070.6072,3105.1299,3037.1909,2866.5850,2949.5500,3008.3220,2924.6506,2884.4492,2812.7500,2726.7646,2834.7395,2835.2007,2728.8679,2734.2393,2649.9778,2647.4834,2775.2422,2706.0630,2634.5864,2602.9800,2542.8599,2656.5796,2626.0984,2520.7854,2466.0464,2472.1638,2482.1123,2572.9036,2637.4070,2771.4583,2710.8787,2821.7769,2908.0720,2855.3662,2916.4277,2960.3196,2875.8037,2895.1543,2865.9790,2687.4697,2842.2271,2867.1870,2790.1250,2947.8643,2760.1265,2865.8569,2866.8782,2852.2720,2795.3535,2741.5210,2685.9133,2732.5391,2694.5244,2602.9861,2565.5061,2601.7202,2716.6030,2596.2974,2645.8372,2741.9971,2761.5940,2786.5049,2879.6130,2816.1709,2725.5474,2741.1882,2681.5337,2844.7820,2776.5593,2701.0823,2693.5105,2679.5244,2610.6519,2657.9939,2560.8789,2607.4136,2730.8030,2787.6843,2914.2041,2880.5986,2870.6550,2849.7803,2889.0994,2823.9133,2569.8672,2724.6270,2884.0972,2725.6313,2480.6631,2608.7590,2917.7358,2775.5881,2858.5493,2586.8354,2580.7373,2308.0684,2267.5635,2493.5266,2560.5266,2587.1396,2574.3958,2375.2820,2297.3616,2379.3586,2411.9075,2418.5000,2450.9324,2478.9866,2551.5920,2527.6255,2414.0447,2506.4229,2502.6584,2542.4866,2563.2019,2510.2664,2562.1689,2526.8516,2517.5205,2540.5198,2446.9578,2481.0884,2442.5872,2404.0845,2423.0193,2363.4966,2337.1018,2434.4517,2336.6426,2311.6165,2285.9565,2255.8872,2257.7703,2275.2429,2264.6116,2297.9963,2284.2756,2362.3401,2451.6880,2341.7063,2308.8459,2217.2864,2204.0525,2265.5918,2170.6458,2121.8706,2144.8879,2132.7244,2155.3345,2160.6101,2026.3550,1930.1515,1939.1198,1891.6176,1932.0419,1844.1412,1764.6298,1838.8502,1853.6764,1821.5931,1814.1173,1685.1470,1694.6764,1682.7975,1650.4702,1636.7378,1567.4377,1485.4259,1562.3318,1536.1907,1488.2026,1460.0643,1436.1938,1475.2141,1433.3643,1340.8638,1335.5568,1272.4484,1245.9059,1219.4303,1137.9945,1119.8326,1057.8940,1002.4995,988.3339,959.4050,900.3497,874.2983,846.2097,874.9432,845.7776,884.8217,797.1046,858.2546,844.3468,805.8929,777.2949,734.3386,718.4808,648.9617,683.4461,657.3622,641.6719,644.9716,590.9969,526.6562,556.3654,501.7324,465.4646,487.3701,434.0519,435.9079,400.5737,357.3117,332.9505,0.0000,0.0000,0.0000,0.0000,0.0000,0.0000,0.0000,0.0000,0.0000,0.0000,0.0000,0.0000,0.0000,0.0000,0.0000,0.0000,0.0000,0.0000,0.0000,0.0000,0.0000,0.0000,0.0000,0.0000
0.0000,0.0000,0.0000,0.0000,0.0000,0.0000,0.0000,0.0000,0.0000,0.0000,0.0000,0.0000,0.0000,0.0000,0.0000,0.0000,0.0000,0.0000,0.0000,0.0000,0.0000,0.0000,0.0000,0.0000,300.5207,307.2534,349.5593,359.4767,429.3226,457.0294,532.7689,559.4820,600.4698,565.7894,655.8776,715.6746,753.0909,793.2682,792.4644,838.4382,923.4745,914.1636,951.8851,947.0457,916.0368,939.9966,978.6133,957.6979,917.0805,865.9135,870.1830,851.9060,863.3909,855.0598,935.3148,920.0958,989.0766,1075.4917,1144.2537,1195.9463,1225.7523,1262.6053,1387.0277,1420.7273,1503.4279,1554.9655,1598.4417,1579.5764,1571.2411,1571.6339,1536.4401,1531.2379,1631.9801,1669.3092,1621.8539,1722.9280,1766.7600,1759.3534,1896.4945,1902.5260,1895.5889,2059.8079,2101.3042,2181.0188,2212.8188,2230.6802,2192.8291,2229.1746,2164.4167,2169.6445,2218.7886,2307.3916,2353.7268,2324.3726,2335.8276,2313.9797,2358.3181,2423.3845,2315.7905,2289.4419,2323.4978,2295.8149,2413.6514,2515.1199,2406.0068,2421.6838,2454.4954,2393.7290,2505.6218,2458.6892,2500.7449,2553.0806,2589.8623,2570.4104,2651.4194,2576.0073,2710.2070,2910.7808,2880.7332,2938.5522,2861.2505,2930.0276,3002.5320,3059.5417,3105.6499,2972.1377,2914.7788,3007.6572,2942.0691,2966.2949,2949.8069,2852.6179,2958.4089,3030.8716,2873.8857,2869.7014,2793.6055,2806.8164,2975.5745,2934.8398,2934.7947,2924.2961,2908.4285,3020.7808,3164.2878,3103.2703,3084.2979,3036.2639,3142.3428,3124.1064,3005.6350,2980.1941,2921.8154,2928.0972,3028.7493,2983.6228,2991.8267,3067.6558,3075.1440,3143.4578,3199.0293,3046.7300,3064.6760,3036.1421,2912.6416,2951.8953,2931.5891,2906.1648,2929.9939,2923.3545,2910.0601,2865.3975,2699.6978,2677.3210,2706.4133,2694.5215,2664.9263,2748.2393,2776.7300,2818.2688,2626.0227,2643.3091,2564.9487,2606.2302,2625.8589,2567.2771,2550.1157,2642.5918,2659.0549,2826.0745,2882.3843,2767.8457,2753.4509,2829.5925,2847.3098,2915.4978,2862.3933,2837.4963,2924.2183,2905.2073,2888.3914,2743.7197,2621.0276,2702.6748,2822.0701,2857.1196,2817.2913,2788.4531,2847.5046,2854.9614,2782.8821,2714.7195,2571.6792,2608.3213,2668.2063,2646.7532,2628.8511,2660.2961,2624.8447,2794.9353,2892.8103,2717.6240,2709.0625,2802.3240,2751.9092,2801.0813,2784.4861,2730.1189,2788.2979,2764.7056,2757.3579,2712.2920,2612.4155,2611.2810,2577.9377,2719.9136,2753.3027,2685.4109,2766.6021,2807.2717,2869.5347,2862.9460,2767.5703,2712.6135,2824.6470,2662.7544,2682.0229,2439.1140,2238.9097,3172.5532,2500.3899,2540.5403,2761.5381,2749.8579,2528.6704,2560.6729,2416.7329,2480.0378,2565.4050,2543.7402,2503.3103,2419.7959,2250.3789,2297.2275,2331.3311,2527.5007,2571.1074,2548.9380,2502.0598,2436.6331,2504.2683,2593.1885,2548.6584,2496.5159,2663.4456,2578.6929,2611.6128,2542.6333,2431.1460,2444.2446,2483.6807,2450.3057,2484.1042,2392.4939,2354.7776,2418.7771,2384.4634,2342.1873,2330.3604,2286.6023,2261.9089,2321.6116,2324.3027,2350.7837,2250.4866,2267.3252,2357.9995,2372.0781,2336.7363,2307.1423,2325.5803,2343.2725,2227.8142,2192.2781,2148.3745,2101.7490,2133.5627,2136.7014,2027.8107,2077.7954,2031.4115,2055.8325,2061.9167,1970.6069,1919.1190,1860.9547,1814.8177,1746.0101,1753.8756,1773.8928,1853.1735,1802.2391,1782.7955,1788.4073,1696.6951,1673.5967,1627.7123,1557.2988,1563.5562,1566.3143,1520.6177,1568.9893,1502.9905,1486.8816,1473.9568,1361.2434,1326.8459,1378.3333,1282.2943,1279.2706,1221.7432,1169.8938,1174.2048,1051.3373,981.3846,926.9501,931.9041,906.1177,909.7109,886.1474,882.7559,864.4910,909.5217,887.3221,821.9037,885.2377,792.7916,835.9801,768.4881,705.6660,685.5839,736.8015,686.2740,633.0139,561.8895,568.1182,561.0035,540.4585,531.9933,502.1386,442.1555,459.6181,415.2437,400.1078,373.4388,325.3250,0.0000,0.0000,0.0000,0.0000,0.0000,0.0000,0.0000,0.0000,0.0000,0.0000,0.0000,0.0000,0.0000,0.0000,0.0000,0.0000,0.0000,0.0000,0.0000,0.0000,0.0000,0.0000,0.0000,0.0000
0.0000,0.0000,0.0000,0.0000,0.0000,0.0000,0.0000,0.0000,0.0000,0.0000,0.0000,0.0000,0.0000,0.0000,0.0000,0.0000,0.0000,0.0000,0.0000,0.0000,0.0000,0.0000,0.0000,0.0000,296.3430,358.2269,400.7489,379.6455,453.4455,489.5280,500.9090,551.3542,622.0446,635.4799,743.1885,729.0385,742.4786,782.8735,821.1499,863.4120,903.2997,901.7790,966.0601,970.6764,948.5953,946.2646,962.5134,924.1228,922.8950,856.4077,869.5546,841.0394,826.9639,864.6069,941.9043,981.6833,1005.5125,1062.4963,1168.5300,1202.3473,1247.8304,1360.1880,1326.6025,1376.6913,1468.7897,1457.0192,1496.5306,1527.7537,1506.4856,1597.8956,1636.7921,1582.2599,1574.4078,1663.1821,1649.3534,1721.5963,1712.2289,1795.5056,1874.6669,1931.3129,2019.0676,2013.8662,2022.1082,2138.6838,2150.2861,2191.0972,2152.5972,2088.8967,2226.0823,2246.9648,2266.8894,2344.9963,2295.2505,2299.1489,2426.2600,2413.1765,2379.0315,2372.2170,2357.2253,2397.3752,2464.3911,2365.4446,2400.2622,2355.0154,2401.5667,2416.6780,2405.2180,2433.4749,2424.7742,2462.2268,2528.5149,2475.2371,2498.2686,2547.2012,2582.7883,2794.5671,2806.6567,2888.0867,2920.4526,2969.1169,2955.7078,2998.2100,2872.3606,2972.6216,3035.9480,2975.5615,3033.3074,3045.9685,2917.2568,3036.9871,3022.3208,2802.4653,2875.7803,2870.3440,2870.2852,2922.8459,2888.2505,2842.0325,2847.5974,2880.9863,2935.7524,2854.2747,2923.5608,3000.9829,3069.3330,3208.2688,3152.0999,2998.9119,3050.3757,3038.3193,2995.3057,3057.5972,2905.6833,2906.2263,3037.6228,3058.4614,3154.2439,3093.8301,2959.7942,3117.1106,3145.9346,3046.1846,3059.1963,2953.8059,3002.9985,3152.3118,3067.4695,3021.0586,2958.1650,2845.0332,2881.5996,2885.9568,2805.5762,2680.5679,2647.0913,2766.1648,2863.4612,2786.2656,2816.3237,2672.9861,2639.0894,2735.2432,2648.5422,2654.2654,2678.7000,2632.5015,2771.5950,2836.4438,2683.6714,2782.0808,2787.6206,2788.5549,2809.4543,2788.2676,2871.5937,2872.9260,2868.9160,2876.3926,2812.0156,2811.2686,2707.2090,2698.5881,2820.8789,2680.6809,2658.9299,2748.4194,2762.5098,2697.1587,2803.7571,2690.0178,2714.8831,2748.7000,2658.6909,2623.8567,2600.8191,2568.2083,2674.1907,2687.5664,2673.8259,2713.5884,2756.3872,2796.7422,2830.8943,2770.5564,2821.7527,2796.2634,2747.0776,2790.7163,2727.8293,2743.4888,2761.1577,2724.9753,2831.8489,2785.1335,2600.6970,2639.6128,2648.8726,2624.8899,2766.5442,2577.8181,2733.4692,2825.0569,2824.9148,2733.7009,2674.6921,2593.4268,2689.5137,2895.7734,2729.3860,2285.8030,2579.5627,2848.8357,2837.4370,2605.5593,2557.1799,2577.7275,2572.3904,2509.5691,2536.5791,2505.8772,2416.1350,2349.1091,2343.5493,2448.0876,2424.1716,2493.0273,2567.9192,2530.5410,2597.1594,2551.5264,2509.9861,2534.4329,2523.7734,2576.5002,2651.7085,2544.3708,2549.1228,2527.1221,2487.1306,2489.2544,2434.8589,2441.5437,2511.4463,2458.2476,2345.2373,2301.8977,2274.6042,2317.1978,2334.3845,2410.3394,2364.2561,2313.5251,2441.3088,2379.6904,2230.8857,2305.6587,2257.1069,2321.1738,2471.1260,2370.8564,2295.4331,2323.8079,2197.3535,2255.3972,2116.5166,2036.9751,2061.9143,2029.0367,2084.9243,2172.2612,2048.6873,2040.8710,2047.7694,1984.2719,1951.0530,1799.3599,1802.0663,1810.4628,1859.5314,1871.5997,1826.6210,1773.5542,1814.9366,1725.6675,1713.4941,1669.0222,1625.8428,1600.6489,1748.0782,1657.2023,1612.0558,1542.0364,1466.3450,1463.4015,1461.1198,1454.7260,1434.8251,1374.7947,1337.1769,1355.3014,1219.6221,1150.0220,1132.9260,1071.3796,1013.3124,958.5714,953.7804,911.8719,925.6415,916.8663,881.7994,843.5983,896.7017,877.3153,866.5200,869.7126,819.8992,845.1299,783.0600,727.2703,709.3487,706.4905,636.1356,651.9005,644.4333,569.6545,533.8690,537.0335,474.2667,497.9618,501.8347,446.9573,450.1720,365.4237,364.3624,359.6597,0.0000,0.0000,0.0000,0.0000,0.0000,0.0000,0.0000,0.0000,0.0000,0.0000,0.0000,0.0000,0.0000,0.0000,0.0000,0.0000,0.0000,0.0000,0.0000,0.0000,0.0000,0.0000,0.0000,0.0000
0.0000,0.0000,0.0000,0.0000,0.0000,0.0000,0.0000,0.0000,0.0000,0.0000,0.0000,0.0000,0.0000,0.0000,0.0000,0.0000,0.0000,0.0000,0.0000,0.0000,0.0000,0.0000,0.0000,291.4267,332.0775,363.6765,365.6086,427.0674,427.6073,479.4696,505.6162,564.0688,595.7505,630.3720,679.5887,702.9856,769.4543,852.5599,838.7729,916.4365,969.9467,895.0010,909.0957,902.0165,897.6641,920.7205,917.2825,931.6625,889.0745,861.2339,895.1934,882.3271,821.4147,861.8882,852.5274,993.2384,1068.5214,1089.5250,1199.0999,1243.7346,1254.5602,1356.5344,1332.6005,1395.6158,1436.9437,1490.8540,1509.7979,1595.7079,1545.0305,1575.4775,1613.5756,1633.7379,1656.1680,1641.4662,1652.2687,1641.7201,1819.8923,1843.0874,1798.7704,1919.4321,1959.5389,1987.5311,2115.2227,2055.6631,2110.3379,2211.1157,2206.9846,2159.3162,2215.5356,2203.6133,2244.0117,2370.4204,2349.1985,2307.7104,2397.2312,2448.5090,2486.2612,2450.6626,2328.4197,2341.2539,2354.1257,2384.5601,2373.3086,2401.9766,2420.4907,2472.9805,2484.6287,2489.7251,2379.2219,2354.0889,2448.9438,2430.2463,2537.5825,2582.5293,2571.6907,2743.4048,2916.9836,2943.0935,3032.0557,2850.8032,2881.3459,2954.4768,2977.6016,3028.7551,3017.0308,2976.5518,3081.6843,3018.8904,2951.9229,2822.2424,2830.0879,2899.8818,2954.3853,2901.4714,2903.0288,2791.6699,2837.1362,2865.4385,2765.1833,2779.8921,2826.8743,2844.8979,3025.1931,3039.7427,3106.3989,3109.9246,3061.8113,3023.4658,3001.1182,2913.4221,2911.3289,3046.9326,3006.8408,3070.4065,3088.3433,2991.4902,3137.1299,3124.2478,3053.7373,2993.2397,2978.3057,3089.5859,3120.9431,3105.0027,3093.7761,3017.6855,3040.1997,3016.0266,2921.1680,2963.4504,2940.7761,2853.7607,2992.4194,2783.9478,2695.0535,2777.7388,2780.7786,2797.0066,2835.6545,2723.0825,2738.6511,2809.3813,2751.0000,2893.3003,2828.0642,2700.5845,2777.2246,2829.4536,2838.5483,2813.5964,2833.3005,2889.7612,2950.5754,2961.8318,2948.6096,2692.7271,2689.8928,2782.5923,2779.6152,2945.4043,2902.9258,2734.7119,2760.1438,2740.6853,2557.0376,2554.4431,2537.5959,2617.2439,2783.2231,2791.6035,2844.5962,2739.0779,2665.6155,2646.7788,2668.0212,2612.3806,2575.7036,2657.0244,2786.5415,2864.4924,2886.9136,2883.2842,2842.3096,2878.6570,2848.2187,2703.7231,2673.9819,2709.6707,2774.9910,2961.3135,2889.5090,2808.5415,2880.0923,2748.5718,2626.2166,2623.9609,2542.8062,2496.7395,2626.7388,2578.3882,2658.3169,2619.7632,2650.0073,2719.7864,2700.3750,2688.7097,2678.8118,2749.5842,2866.2161,2796.6096,2850.6472,2591.9551,2471.0977,2585.3000,2620.2378,2593.7217,2643.0239,2668.2849,2539.5801,2475.0957,2380.4551,2239.6912,2425.6843,2426.5417,2538.2515,2652.1077,2521.9746,2493.4468,2567.3496,2500.1621,2508.2166,2358.1289,2384.2834,2450.4604,2558.6184,2547.5818,2502.8660,2438.3840,2530.4575,2565.7480,2561.3884,2529.3274,2339.1826,2344.7466,2344.8625,2279.9204,2361.9255,2335.6746,2360.6392,2397.4265,2445.0698,2372.1167,2353.3870,2309.6858,2334.8169,2447.9841,2361.5483,2373.4468,2369.6038,2369.7993,2348.9116,2282.4910,2160.9084,2134.2285,2135.1074,2185.8704,2104.8013,2078.2227,2125.7705,2103.1802,2130.0696,2104.7786,1993.5682,2003.6484,1887.9320,1824.5680,1924.5974,1823.5482,1837.2174,1787.7866,1785.4573,1752.3700,1761.6063,1691.5059,1692.1964,1774.4114,1732.7303,1658.8951,1662.7081,1572.9561,1547.3271,1519.2319,1478.3412,1442.6101,1460.6589,1454.1716,1418.5978,1331.3293,1280.8448,1267.7571,1191.1493,1168.0404,1114.2261,1050.4608,1075.2582,977.4083,966.2353,947.7729,879.4268,889.5912,869.0815,879.8571,937.1937,874.4677,906.0071,942.2219,902.8585,835.1791,805.1015,726.1234,733.3792,673.0001,660.3745,640.0862,548.2006,623.6683,540.8711,482.3475,486.0763,478.4739,461.4402,451.6491,388.6690,388.9143,376.4650,304.2738,338.4077,0.0000,0.0000,0.0000,0.0000,0.0000,0.0000,0.0000,0.0000,0.0000,0.0000,0.0000,0.0000,0.0000,0.0000,0.0000,0.0000,0.0000,0.0000,0.0000,0.0000,0.0000,0.0000,0.0000
0.0000,0.0000,0.0000,0.0000,0.0000,0.0000,0.0000,0.0000,0.0000,0.0000,0.0000,0.0000,0.0000,0.0000,0.0000,0.0000,0.0000,0.0000,0.0000,0.0000,0.0000,0.0000,0.0000,292.7131,315.9843,368.6628,424.2051,420.1040,493.8405,479.1198,561.3219,580.1843,648.2612,650.7314,722.9335,691.9022,818.2627,809.7451,818.7949,862.1267,839.1732,923.5070,928.5480,929.1498,952.4092,942.4423,966.0649,926.9801,862.2206,868.3768,849.9324,866.1877,863.0175,925.1875,953.5822,994.1913,1067.6064,1117.5529,1244.1066,1243.1532,1258.7908,1296.6141,1333.4240,1369.6433,1374.9117,1417.6161,1415.0673,1521.3054,1501.3757,1498.5811,1496.6525,1568.8105,1603.0443,1680.7927,1689.4113,1678.6931,1754.4982,1858.3575,1785.1891,1902.8499,1947.6219,1925.2905,2040.9242,2091.4526,2109.3677,2160.3186,2087.3979,2113.9673,2217.3616,2173.6741,2236.6941,2219.9431,2373.5337,2418.9558,2476.3499,2407.1853,2363.1584,2317.2600,2387.8167,2308.6665,2331.7227,2431.6157,2380.0105,2524.1401,2561.1484,2375.4236,2368.1372,2380.5920,2323.5859,2419.1416,2405.8340,2395.0999,2606.0925,2647.9211,2597.2141,2769.3049,2816.0920,2819.9033,2934.2622,2966.4785,2922.5042,2849.2576,2950.7778,2998.2737,3063.3230,2998.8203,2884.4080,2930.1755,2967.4995,2898.7515,2964.1257,2936.2488,2919.2466,2961.4785,2927.8997,2739.7498,2727.7888,2760.9536,2718.0686,2921.7500,2957.9009,2828.7527,3030.5649,3140.7041,3007.7371,3009.0562,2943.0232,2897.7185,3021.7332,3055.6084,3099.6521,2955.9856,2983.9104,3093.7083,3066.6714,3170.4724,3028.3777,2987.9502,3127.4172,3098.2585,3068.0769,3131.4868,3002.2583,3139.1326,3178.0667,3003.2690,3041.3118,2903.7380,2914.0273,3092.5701,3046.3987,2904.3528,2829.7532,2689.6072,2694.4255,2744.2871,2847.4375,2869.8179,2857.1392,2890.0950,2919.1101,2851.8320,2879.2227,2884.2715,2833.2207,2894.9644,2918.0757,2911.8220,2926.8274,2841.5691,2896.2288,2946.7122,2860.7791,2901.5735,2898.5537,2781.3445,2851.3445,2781.8804,2794.7783,2969.7402,2824.2576,2770.6218,2660.7080,2655.7441,2600.9763,2644.4519,2602.7622,2654.5732,2727.0305,2770.3374,2881.8823,2681.7136,2662.1990,2699.1958,2658.4434,2839.5764,2751.1851,2664.2864,2805.3992,2849.6082,2951.6736,2942.5674,2711.6758,2783.7598,2809.9316,2762.1641,2835.7253,2766.2637,2788.9109,2909.0535,2914.3201,2881.1904,2793.5813,2676.5491,2627.7988,2692.8437,2666.2163,2607.2578,2485.3779,2538.2131,2611.6458,2654.4814,2673.5308,2582.4329,2579.6423,2767.0728,2750.4065,2699.6299,2608.4407,2505.7126,2506.4993,2605.5725,2548.3979,2603.8369,2710.8843,2853.2676,2757.5850,2622.3064,2312.6858,2343.2607,2307.5562,2462.1101,2590.6731,2579.5132,2611.6301,2657.1892,2608.5081,2534.2996,2408.9854,2297.2063,2318.3044,2335.7151,2416.4834,2410.1299,2416.1421,2512.5413,2511.7705,2500.7053,2526.0051,2420.2180,2465.7256,2497.0674,2424.6125,2440.2649,2370.6587,2315.2876,2402.0498,2349.3579,2346.5017,2333.3118,2378.6401,2449.3413,2438.8308,2379.3689,2353.5083,2357.9119,2381.4575,2401.1650,2365.0208,2317.5544,2293.5239,2231.3582,2330.5413,2195.2004,2141.3494,2123.3469,2133.5640,2123.6724,2132.1812,2044.1584,2114.1177,2154.6021,2065.8528,2048.9741,1954.6112,1907.5618,1839.3417,1813.7535,1747.1030,1706.8324,1668.3779,1751.2014,1834.7236,1792.5861,1761.7506,1752.8936,1752.9210,1658.3201,1666.9880,1613.3270,1535.9342,1569.0931,1591.0969,1512.4495,1477.4281,1431.4257,1365.2164,1393.2057,1427.6824,1242.8849,1216.2327,1175.8810,1129.7271,1149.6042,1027.7882,963.2142,965.6624,953.3870,946.7080,885.4444,860.5806,871.4814,944.2237,905.6825,897.1167,879.2192,862.0312,835.5482,811.2051,815.8279,754.0245,678.0441,732.9991,626.2821,620.0378,594.7794,536.2340,518.8683,526.5043,470.2040,469.0110,419.6896,394.1196,372.6095,328.9941,308.6832,310.1361,0.0000,0.0000,0.0000,0.0000,0.0000,0.0000,0.0000,0.0000,0.0000,0.0000,0.0000,0.0000,0.0000,0.0000,0.0000,0.0000,0.0000,0.0000,0.0000,0.0000,0.0000,0.0000,0.0000
0.0000,0.0000,0.0000,0.0000,0.0000,0.0000,0.0000,0.0000,0.0000,0.0000,0.0000,0.0000,0.0000,0.0000,0.0000,0.0000,0.0000,0.0000,0.0000,0.0000,0.0000,0.0000,0.0000,280.1640,318.3764,387.8958,400.9470,432.0104,466.1936,502.7007,549.3124,517.0162,610.8137,635.9423,690.4180,713.4661,770.4720,757.0438,831.5652,901.1653,899.4788,958.5840,881.9871,917.6014,1012.5476,900.4291,926.5180,902.1582,809.7238,886.9235,830.1392,877.1241,900.6859,916.1288,967.7463,1073.4268,1078.9547,1069.8035,1168.0681,1280.1149,1283.8049,1243.2052,1311.9857,1363.8630,1415.3009,1396.2958,1460.8335,1431.0685,1462.0927,1524.1023,1589.3881,1629.5343,1564.5800,1676.3158,1667.4952,1665.1082,1745.6650,1810.8658,1862.5015,1955.9048,2017.2845,1981.2550,2040.5660,2051.7783,2113.5647,2081.9165,2018.4138,2087.4199,2113.5977,2333.3289,2320.3069,2254.4753,2303.1543,2430.8896,2375.3892,2454.9939,2337.1624,2346.1536,2376.9038,2337.0701,2487.3193,2512.4402,2348.3689,2441.4780,2442.1436,2399.3040,2412.8855,2346.1592,2331.1667,2447.2263,2451.9336,2520.1892,2454.4182,2476.2117,2562.0750,2800.2378,2903.9395,2931.2505,2871.6819,2942.2703,2977.6223,2931.3315,2986.2891,2874.5337,2956.8276,3098.6580,2965.0090,3021.8647,2978.7898,2879.6462,2917.5012,3014.5583,2857.3303,2840.7646,2776.9619,2750.7542,2840.3760,2774.7424,2754.5759,2888.3176,2896.0330,2921.4463,2918.0432,2909.1990,2965.6709,3093.7703,3085.5193,3040.5393,2946.0085,3053.6804,3003.8987,2986.8999,3039.5078,2975.0859,3012.5024,3151.5449,3084.9600,3111.0586,3082.4741,3029.9468,3004.3699,3095.8970,3036.5439,3058.0681,3092.5413,3073.8071,3100.2510,2985.7004,2941.5342,2980.9329,2929.0273,2907.9265,2723.9871,2700.5776,2758.3931,2805.4917,2999.5181,2941.7373,2842.8047,2824.4348,2894.1089,2889.7195,3080.3428,2964.4353,2924.7495,3011.3845,3013.5684,2995.1416,2952.5808,2784.2788,2850.0239,2921.8230,2945.2673,2957.8013,2855.8816,2848.3513,2886.2832,2832.7534,2803.4949,2748.6145,2806.1050,2795.9668,2751.1924,2698.9048,2651.4031,2575.5186,2647.3833,2673.8096,2662.6809,2682.8718,2695.3386,2754.8301,2869.4119,2827.9033,2853.4680,2904.3689,2750.0994,2774.8276,2904.8523,2803.1448,2919.4817,2901.4377,2929.4692,2970.1577,2864.2419,2801.0571,2876.4810,2799.5540,2831.1199,2851.3872,2825.3945,2888.0503,2900.1091,2830.1401,2781.2207,2664.2107,2673.6484,2653.0759,2521.5195,2540.9287,2575.9028,2638.0757,2752.1536,2631.3254,2611.6921,2526.8154,2450.2461,2462.9595,2477.0151,2324.6279,2518.2864,2546.6858,2745.2209,2907.2854,2751.2717,2565.8721,2517.8125,2442.3167,2355.7317,2313.6982,2425.5833,2618.1350,2735.7227,2786.9856,2649.9458,2505.4966,2415.2043,2346.8333,2350.5330,2313.5852,2224.9790,2299.4175,2378.2463,2396.7646,2440.2678,2411.4661,2404.5859,2456.9885,2484.8491,2584.2068,2483.6204,2515.9187,2501.2585,2557.8494,2432.6924,2308.3699,2195.4910,2343.3071,2426.9399,2454.5044,2425.5937,2421.5586,2341.9912,2487.3330,2371.2566,2337.3857,2376.5625,2302.5422,2356.8447,2473.7300,2403.8174,2362.9412,2287.7200,2208.5771,2200.9023,2180.2312,2042.5311,2180.4480,2189.7847,2181.2097,2195.6943,2167.7720,2085.0608,2062.1670,1976.1897,1866.7372,1833.9084,1778.3390,1775.0873,1775.3042,1793.2534,1754.9097,1728.8429,1792.3937,1758.6803,1760.1650,1726.5654,1650.7507,1648.5271,1666.8369,1552.2783,1529.0619,1494.7914,1454.3859,1435.4342,1416.9530,1418.5045,1401.4730,1386.7552,1287.7061,1270.7031,1208.4188,1115.3977,1130.9634,1058.9550,1028.8188,946.7770,954.8856,941.9498,929.4851,898.9395,888.6823,853.5427,902.1852,890.2969,862.8832,905.7227,848.4374,805.8456,833.0377,780.6124,729.4075,693.8272,649.4939,659.6312,580.0999,538.8593,553.4161,467.0385,470.6872,435.2173,392.0357,425.2130,349.8426,335.5310,322.3127,295.9039,0.0000,0.0000,0.0000,0.0000,0.0000,0.0000,0.0000,0.0000,0.0000,0.0000,0.0000,0.0000,0.0000,0.0000,0.0000,0.0000,0.0000,0.0000,0.0000,0.0000,0.0000,0.0000,0.0000
0.0000,0.0000,0.0000,0.0000,0.0000,0.0000,0.0000,0.0000,0.0000,0.0000,0.0000,0.0000,0.0000,0.0000,0.0000,0.0000,0.0000,0.0000,0.0000,0.0000,0.0000,0.0000,0.0000,332.4277,359.1132,373.0139,434.4882,425.5887,477.8821,495.5706,576.2869,582.1452,621.9618,648.7992,701.6888,773.6499,752.6924,793.0653,832.1777,892.5246,876.9999,909.8668,878.6860,848.8216,905.4673,958.3620,907.1220,904.8723,882.0435,870.9082,858.1361,882.5195,890.8481,939.2477,981.0143,1019.9839,1164.8282,1199.1821,1250.8180,1292.9885,1330.6943,1361.2277,1368.1487,1345.6466,1348.2395,1435.3802,1437.2119,1451.0837,1463.3164,1493.0585,1551.4475,1599.1036,1586.6918,1564.8654,1609.2135,1677.3582,1848.3026,1880.1122,1895.2687,1895.4594,1958.1127,2021.9784,2016.2461,1953.5769,1994.3781,2014.9565,2238.5613,2259.0806,2173.7654,2201.6133,2118.2759,2245.1584,2335.1533,2361.8459,2376.5828,2391.2520,2322.2144,2356.6704,2385.9128,2243.4473,2319.7324,2378.1218,2399.0237,2470.2910,2435.1055,2375.6025,2431.3342,2368.2957,2395.4307,2292.8364,2298.6582,2350.1030,2446.0195,2635.8533,2751.3579,2770.0569,2894.0510,2918.3401,2838.0574,2900.0928,2864.4131,2846.3271,2990.7104,2953.0044,2954.5476,3011.4055,2906.7817,2934.3611,2944.5471,2871.1865,2870.8975,2873.6409,2941.0554,2937.9106,2755.4319,2815.8159,2778.0789,2746.9382,2807.6440,2730.7771,2866.4817,2935.2607,2957.7781,3062.2493,3052.1570,2911.5547,2971.4104,3006.4958,2958.8774,3054.5164,2881.2190,2951.4819,3159.9988,3105.9077,3144.0852,3079.3440,2989.4885,3072.3347,3088.7471,3058.2615,2984.0776,3037.4458,3148.7246,3256.2327,3121.6345,3105.6318,2900.4233,2945.2261,2995.1365,2917.5273,2941.4912,2871.5332,2862.1313,2906.5688,2871.4246,2802.2725,2895.2568,2880.3901,2952.7019,3025.8611,2931.1897,2954.7886,3163.4529,3115.4412,3052.0483,2977.4917,2858.9551,2910.1440,2940.6616,2901.5881,2943.2700,2929.7141,3052.3293,3061.6521,2960.7795,2863.6309,2764.1008,2836.3562,2811.7493,2762.0979,2745.4834,2763.6875,2737.5996,2786.5859,2820.4783,2657.3464,2647.4290,2631.9348,2648.9897,2844.0657,2770.9246,2792.0295,2923.8816,2926.5061,2946.3264,2906.2297,2782.3850,2853.9971,2930.6404,2987.1367,3018.9399,2865.8376,2942.1621,2981.6997,2952.5986,2902.7217,2789.7769,2784.6458,2934.8027,2901.4561,2928.0530,2892.8706,2783.3330,2849.5515,2822.9841,2737.2200,2704.8638,2585.0417,2620.3081,2798.4927,2656.9563,2602.9207,2700.1177,2606.8301,2617.3083,2711.1868,2632.0774,2525.4463,2427.3381,2448.9390,2573.5413,2666.9177,2702.9695,2626.1787,2675.5950,2533.2698,2382.2793,2309.4563,2419.8049,2458.4541,2699.3625,2769.6853,2737.5891,2650.2109,2550.9338,2478.9878,2415.7612,2343.9832,2253.6477,2353.2800,2248.0959,2258.1396,2273.3267,2269.9468,2359.1628,2363.4246,2411.8372,2448.2258,2471.9026,2552.1763,2585.7705,2516.8318,2485.2351,2485.8303,2451.4446,2445.0193,2339.8965,2384.9675,2390.2842,2425.1604,2555.9521,2466.6416,2340.1809,2371.1533,2327.1101,2397.6633,2436.6538,2325.4944,2407.5632,2428.3440,2399.2812,2348.7451,2311.1582,2200.6160,2222.9150,2225.3437,2292.5083,2206.1965,2172.5283,2150.1570,2140.5769,2161.9072,2141.1401,2025.8672,2028.4687,1987.8888,1873.3059,1821.0645,1758.6003,1721.2600,1801.5402,1775.8567,1760.8148,1811.0381,1756.9286,1769.6125,1874.0414,1701.8109,1637.9973,1632.1962,1581.9065,1620.0941,1612.6726,1527.5823,1460.1260,1473.6703,1455.3727,1442.4589,1425.9952,1366.4016,1290.8550,1243.7201,1239.5980,1108.8180,1121.7957,1092.2806,1019.7167,950.9854,917.1396,869.0977,911.6285,927.2089,859.8356,902.8716,865.2645,892.2347,924.3121,855.0906,786.9797,788.4401,744.1690,743.1237,722.8508,663.6558,621.8412,584.2409,579.8827,521.7991,528.9988,431.1134,422.5251,424.2697,403.7083,361.1734,319.9334,305.4292,296.0105,0.0000,0.0000,0.0000,0.0000,0.0000,0.0000,0.0000,0.0000,0.0000,0.0000,0.0000,0.0000,0.0000,0.0000,0.0000,0.0000,0.0000,0.0000,0.0000,0.0000,0.0000,0.0000,0.0000
0.0000,0.0000,0.0000,0.0000,0.0000,0.0000,0.0000,0.0000,0.0000,0.0000,0.0000,0.0000,0.0000,0.0000,0.0000,0.0000,0.0000,0.0000,0.0000,0.0000,0.0000,0.0000,0.0000,358.1891,359.8539,369.0695,446.5547,461.6612,482.9462,549.1156,539.2607,586.0038,646.3728,657.1018,736.2255,748.1968,770.1781,779.1795,828.9182,867.7588,878.3846,848.1218,891.7137,889.1481,958.3475,917.1711,898.9636,889.6275,888.0127,850.4456,841.5828,908.8309,897.2846,963.4844,1005.3818,1118.6465,1223.9989,1199.7222,1201.7394,1322.0167,1269.5863,1308.9202,1359.0222,1392.7524,1418.4252,1329.1075,1366.4762,1474.0032,1489.4139,1464.0781,1449.7542,1497.4193,1575.0613,1633.8810,1689.9846,1736.6429,1774.3137,1856.6648,1893.8749,1876.7203,1951.3184,1965.2061,1955.8351,2082.1741,2029.4602,2001.6414,2108.2805,2087.4600,2151.0056,2206.0691,2194.0356,2214.4441,2313.6052,2367.8896,2387.7578,2305.4385,2225.7859,2256.4492,2322.6375,2359.4146,2309.2166,2358.1450,2427.4253,2461.2639,2490.2998,2439.9861,2281.6235,2285.6147,2330.3762,2280.4695,2414.3687,2371.3921,2443.8608,2719.8723,2775.2051,2725.7644,2803.5923,2759.6035,2771.5664,2901.7751,2896.8513,2938.9866,2926.1941,2946.6797,2980.0598,2940.5083,2801.9600,2807.4128,2829.3560,2989.0439,2957.6030,2898.8872,2964.5564,2850.7312,2834.7141,2885.1807,2691.6902,2722.6487,2771.8193,2824.2625,3013.6367,2925.9463,2903.4556,3015.2017,2938.3506,2898.7976,2917.2566,2872.2786,3024.0193,3049.5317,3060.7390,3049.2283,3027.9194,3049.7791,3019.9812,3030.2273,3118.6726,3035.3401,3024.6594,3194.2498,3141.3450,3124.2520,3187.7485,3048.8054,3113.4363,3105.5352,2901.6470,2968.4436,3003.2263,2892.1814,3000.4766,2868.1045,2712.7849,2827.4233,2858.1882,2885.0757,2985.3801,2914.6812,3075.0352,3096.0474,3105.1533,3063.6216,2983.4080,3001.1233,3021.0618,3024.9399,2982.2187,2871.8003,2887.6960,3062.5139,3061.9868,3052.8296,2999.2737,2885.9768,2906.2422,3032.5281,2924.1458,2943.3728,2795.4771,2747.5210,2874.2749,2798.8040,2753.5339,2722.4124,2755.0984,2767.2173,2851.5095,2762.0393,2786.0173,2785.4077,2812.9473,2866.4253,2902.9541,2871.4653,2917.5842,2966.7488,3042.2939,2945.4270,2901.3552,2935.2363,2961.3091,2981.2397,2959.7976,2849.3882,2957.2986,2995.2065,2916.0205,2943.6208,2889.4873,2863.1045,2993.8369,2974.1335,2810.1851,2810.7988,2738.6794,2872.3269,2843.4407,2759.6443,2704.4990,2676.9438,2625.1599,2659.3440,2685.8328,2641.4028,2717.0266,2796.6677,2903.1833,2846.9387,2706.0381,2641.2788,2536.4717,2550.9553,2630.3020,2452.8933,2408.0181,2363.3953,2298.5176,2546.5537,2527.0630,2589.0625,2715.0444,2742.1687,2697.1084,2620.2444,2508.7278,2347.6150,2311.8931,2288.9824,2229.7478,2158.7419,2131.7561,2199.2410,2281.9658,2367.4976,2340.5042,2275.6870,2410.4265,2499.9265,2455.1743,2497.1714,2388.5186,2519.3538,2660.0640,2495.7522,2545.4651,2477.4412,2323.1565,2416.8721,2428.4663,2369.6204,2432.9211,2382.2952,2435.8809,2499.1169,2385.8359,2438.0503,2399.1423,2394.9687,2384.8872,2362.8999,2385.4746,2392.3125,2344.1255,2329.5881,2273.8940,2189.0449,2226.5283,2187.0579,2208.6819,2238.0020,2104.6790,2196.5715,2198.2219,2078.5159,2066.0125,1979.2513,1834.2230,1789.1873,1730.4227,1741.5492,1754.4746,1776.4401,1849.2294,1840.8704,1782.1874,1688.7393,1709.4885,1684.9229,1613.5176,1610.6271,1613.5861,1575.3613,1569.1144,1586.4982,1470.7103,1482.7438,1453.1184,1392.6542,1443.0667,1397.6083,1255.1580,1192.0845,1277.4822,1154.3938,1052.9718,1033.6786,998.2388,953.6268,961.5443,936.4587,897.8035,846.9940,916.7897,930.4841,872.7200,831.3247,853.4323,858.4411,858.6584,782.8024,772.2744,772.5743,707.4515,697.0440,657.7188,604.5457,566.6834,511.9782,523.3594,495.2847,466.3078,414.6972,379.1660,362.0417,320.9475,305.3003,286.7633,0.0000,0.0000,0.0000,0.0000,0.0000,0.0000,0.0000,0.0000,0.0000,0.0000,0.0000,0.0000,0.0000,0.0000,0.0000,0.0000,0.0000,0.0000,0.0000,0.0000,0.0000,0.0000,0.0000
0.0000,0.0000,0.0000,0.0000,0.0000,0.0000,0.0000,0.0000,0.0000,0.0000,0.0000,0.0000,0.0000,0.0000,0.0000,0.0000,0.0000,0.0000,0.0000,0.0000,0.0000,0.0000,0.0000,330.1286,397.1399,394.3664,391.3241,444.5128,483.1433,524.3243,573.3661,600.9429,670.9291,692.3210,757.7578,680.2380,731.0464,754.0331,771.7163,833.5933,875.0602,902.2625,924.3831,891.7988,913.8908,926.1124,863.7883,904.0625,844.8306,841.4604,880.6991,855.3766,973.4738,1017.2995,1046.0293,1074.4658,1131.9835,1140.7476,1215.6210,1278.4073,1349.5024,1373.6257,1301.4731,1380.1464,1391.9507,1399.5297,1451.1228,1435.1227,1395.6268,1517.9031,1493.7906,1542.5023,1567.0680,1550.0662,1635.7473,1745.6272,1752.9376,1807.3191,1831.2917,1898.1921,2024.9301,2007.9094,1963.9358,1873.9706,1931.5441,1956.1548,2066.6924,2062.2190,2154.7415,2222.6682,2258.0574,2318.5100,2253.7061,2259.7002,2216.7334,2223.9727,2321.9033,2251.9758,2232.9565,2358.3245,2339.8611,2361.7922,2421.0769,2343.0232,2452.2380,2453.7349,2356.9392,2333.5662,2315.8203,2296.6042,2368.8672,2445.5439,2425.2798,2521.4666,2651.1121,2696.3987,2803.3684,2786.8547,2803.0229,2858.2107,2951.2041,2936.3408,2869.0122,2833.5549,2818.5557,2856.0776,2939.4673,2869.4878,2824.2944,2896.2178,2876.9539,2957.1570,2887.9080,2779.2646,2781.5989,2770.7183,2842.7625,2782.2742,2759.1306,2797.9890,2914.7400,2923.0552,2832.1230,2833.4019,2827.6650,2869.9270,3031.6462,3024.7576,3091.2407,2959.9321,3020.1331,3101.7578,3005.0183,3108.3855,2969.5835,3024.3538,3211.2661,3095.2678,3033.2031,3054.9634,3008.5427,3159.6392,3256.8994,3090.2749,3110.0630,3060.4995,3022.4907,3038.3132,2914.8237,2832.7588,2774.3977,2766.7058,2779.5703,2815.9912,2872.5688,2917.3831,3064.6909,3048.7131,3137.6628,3013.9641,3085.4583,3084.5491,3048.1833,3164.0442,3059.5964,3016.4568,3110.4993,2978.1067,2900.1152,3089.5117,2983.5269,3035.6116,3093.2312,2997.2021,3008.9695,2938.5769,2969.6357,3005.8789,2866.2827,2708.7957,2618.6968,2770.5300,2862.9487,2866.4648,2898.9458,2919.0173,2881.8972,2976.8613,2880.8459,2787.6108,2829.3437,2766.7004,2959.5991,3051.1133,2969.5579,2993.9722,3019.7791,2966.4783,2970.6709,2961.9521,2822.4871,2913.3525,3003.1377,3033.1130,3026.7893,2950.1250,2951.3643,3029.2156,2965.2266,2904.3115,2898.8323,2916.8835,2870.7651,2932.1121,2859.7153,2849.4487,2768.8843,2802.0583,2780.5720,2724.1936,2691.6140,2621.2324,2685.3318,2804.1060,2798.2041,2761.5083,2779.5891,2701.9392,2678.1548,2594.9885,2509.8411,2443.8403,2422.3416,2356.0645,2447.4998,2384.6331,2394.5312,2531.4585,2631.2493,2681.1240,2629.9480,2684.5669,2595.2485,2506.7161,2391.8108,2205.1125,2166.9812,2157.1982,2173.8901,2139.8010,2241.1360,2219.2610,2258.5291,2370.2996,2299.2600,2273.2610,2385.8337,2320.7466,2480.1045,2547.8403,2545.7456,2621.7690,2608.2375,2626.5093,2565.1873,2443.6980,2356.4329,2351.5759,2443.9668,2444.8250,2431.3464,2390.6851,2423.2942,2438.4841,2428.2229,2368.1821,2324.7375,2362.1631,2447.9124,2453.6440,2493.4431,2347.4224,2342.7524,2366.7966,2226.1414,2185.4614,2213.9944,2146.6213,2227.0967,2330.5403,2303.5886,2210.4067,2105.2407,1995.6730,2078.5996,1961.7510,1876.9775,1791.7200,1810.6432,1881.2814,1784.3887,1812.9238,1827.5056,1774.3564,1783.7656,1755.9762,1663.5625,1650.1246,1627.8101,1627.4769,1697.2643,1615.8552,1593.9369,1576.0640,1493.8593,1509.8645,1472.3342,1367.8655,1453.6644,1430.6616,1330.6968,1286.1934,1205.8127,1147.5988,1098.0962,1038.1112,953.6597,970.8533,915.2473,936.7416,888.8381,912.1252,881.6720,850.1712,905.5609,898.5442,900.5677,894.6318,834.1713,795.4221,777.4445,781.4782,718.8509,702.1895,633.4224,661.7788,611.3935,552.6317,527.7684,502.7356,443.2280,414.9765,352.6001,348.4225,301.3283,316.6462,274.9221,0.0000,0.0000,0.0000,0.0000,0.0000,0.0000,0.0000,0.0000,0.0000,0.0000,0.0000,0.0000,0.0000,0.0000,0.0000,0.0000,0.0000,0.0000,0.0000,0.0000,0.0000,0.0000,0.0000
0.0000,0.0000,0.0000,0.0000,0.0000,0.0000,0.0000,0.0000,0.0000,0.0000,0.0000,0.0000,0.0000,0.0000,0.0000,0.0000,0.0000,0.0000,0.0000,0.0000,0.0000,0.0000,0.0000,343.1171,383.8899,375.4501,396.0660,501.2327,517.0887,557.6930,640.1736,676.9490,638.7309,711.5922,677.2961,722.4612,793.3728,782.2484,820.0115,824.5546,836.4001,896.2839,918.5442,916.8576,877.2086,903.6250,905.9339,956.4843,902.0729,868.8728,858.8317,933.4466,944.5442,940.0526,1045.5054,1097.3109,1141.6270,1294.5181,1347.4091,1355.5455,1393.2209,1380.2703,1393.4720,1365.2766,1393.9584,1406.1982,1484.9392,1442.5688,1458.4856,1519.1530,1509.4664,1510.8390,1562.7175,1639.8451,1611.0347,1648.8549,1778.9628,1896.7900,1870.3030,1875.4047,1867.0735,1928.2454,1977.9235,1891.9421,1934.9705,1962.9976,2050.7471,2252.0835,2191.0559,2117.7117,2230.8823,2246.2187,2218.5342,2306.5081,2184.1443,2189.2405,2271.6484,2235.5452,2323.6160,2291.7583,2182.4307,2272.5315,2382.4690,2451.4451,2418.9651,2383.2764,2402.4143,2420.0005,2342.8672,2300.3188,2294.1938,2394.5620,2542.7573,2618.2708,2737.2517,2778.1733,2776.3672,2785.3660,2883.5312,2767.5906,2883.5071,2818.6101,2922.2922,3063.0032,2972.5808,2930.0652,2896.0088,2826.1255,2884.9119,2958.3496,2873.8406,2889.6614,2898.4431,2932.6013,2903.3706,2758.9714,2791.6895,2801.0896,2802.4075,2855.0537,2795.2893,2820.1838,2827.7092,2888.9121,2924.3267,2936.2017,2853.8381,2992.0234,3019.2407,2971.0920,3058.7151,2947.5601,3093.7563,3201.3357,3038.5430,3046.6792,3018.2156,2957.2329,3040.8088,3107.3245,3069.1025,3177.2974,3148.6179,3188.8240,3218.2996,3049.2195,2926.0601,2929.4844,2903.8057,2834.1431,2680.7942,2768.7209,2853.7224,2958.0937,3067.0581,3049.2117,2964.6135,3104.9136,3100.3423,3115.4387,3211.8667,3131.0872,3038.2471,3144.1323,3133.7771,3013.5491,2986.9802,2829.0823,2944.2439,3012.8762,3121.9517,3059.0508,3055.7756,3043.4651,3062.4602,2965.3933,2913.6504,2860.0115,2891.8857,2920.4807,2894.1829,2830.9050,2881.7344,2856.9116,3044.8745,3009.8997,2862.7073,2968.3726,2892.9458,2982.4871,3054.2893,2895.6716,2997.2073,3042.5471,2966.6235,3008.8774,2989.9509,2891.9226,3064.0151,3039.8447,3037.6970,2971.3662,2922.4670,2952.5669,3012.5210,3070.7122,3001.5796,2908.7930,3006.6565,3104.3123,3020.4839,2964.0740,2872.0469,2755.8362,2917.7485,2844.5295,2837.5903,2895.5708,2757.9556,2904.5857,2936.8437,2747.7920,2662.1206,2639.5259,2531.4683,2565.8171,2581.2351,2515.5115,2482.5044,2463.0681,2497.0149,2431.5078,2350.2358,2294.0522,2376.6008,2462.3916,2613.0525,2576.6404,2621.3481,2705.3115,2686.3145,2647.9998,2430.3440,2266.5435,2225.9722,2232.9907,2178.9719,2204.8909,2171.4475,2210.8977,2266.9795,2181.2983,2237.0881,2254.7991,2235.7009,2361.2661,2387.1489,2480.0937,2473.4724,2515.4475,2571.4785,2673.6382,2668.4587,2585.6958,2523.6323,2468.5527,2535.7434,2400.4280,2435.2302,2443.3291,2429.4431,2474.2278,2434.0537,2349.6023,2418.6169,2389.4890,2392.4167,2479.9521,2459.4646,2414.2393,2457.7903,2437.7705,2343.0942,2299.9524,2218.0977,2233.1316,2220.4465,2244.8618,2285.3835,2279.6543,2258.8855,2226.7000,2169.3879,2098.9084,1990.1309,1995.1982,1955.9308,1859.8878,1832.4296,1839.5684,1789.4832,1838.5640,1844.7218,1781.6218,1811.6794,1764.0562,1783.1165,1728.8506,1613.4478,1555.8671,1679.1617,1630.4989,1571.6223,1533.5638,1502.4995,1505.4705,1536.0887,1459.4004,1469.9385,1355.5271,1339.8020,1252.1698,1252.8218,1219.5026,1095.8285,1081.4045,1026.5011,952.0186,929.9426,907.3685,852.0737,872.2548,890.4382,864.5031,875.7547,854.5954,872.9526,923.6324,891.3583,852.0728,745.6198,726.7029,704.4444,725.1255,699.8427,686.2835,651.0584,616.7479,544.9014,504.0905,456.5750,459.0079,397.5111,400.0872,354.2048,340.3865,311.2964,0.0000,0.0000,0.0000,0.0000,0.0000,0.0000,0.0000,0.0000,0.0000,0.0000,0.0000,0.0000,0.0000,0.0000,0.0000,0.0000,0.0000,0.0000,0.0000,0.0000,0.0000,0.0000,0.0000
0.0000,0.0000,0.0000,0.0000,0.0000,0.0000,0.0000,0.0000,0.0000,0.0000,0.0000,0.0000,0.0000,0.0000,0.0000,0.0000,0.0000,0.0000,0.0000,0.0000,0.0000,0.0000,326.5305,365.7833,381.7210,465.4647,459.8965,465.2297,564.6548,585.2742,608.5148,611.9086,668.1064,697.5464,747.3891,748.3036,776.9979,824.1459,859.5767,895.7923,792.9920,857.1748,928.1044,924.6393,935.0989,898.7453,911.5027,884.9276,883.5240,893.6762,855.9158,928.3520,979.2880,1008.3347,1124.8755,1134.3025,1153.3174,1272.0005,1343.4357,1324.9781,1403.2108,1354.8304,1382.5594,1476.9479,1442.8480,1453.6449,1443.4813,1383.0558,1439.0950,1481.1455,1531.5500,1515.5669,1539.7736,1653.1505,1684.6182,1707.3215,1761.6587,1822.8763,1904.6555,1873.9762,1914.3716,1904.2853,1949.5952,1905.0284,2037.2766,2007.6722,1995.5293,2129.3772,2179.9668,2243.5771,2332.7224,2228.0459,2287.0720,2284.2468,2201.7603,2203.0791,2146.4556,2189.4089,2262.1150,2314.6570,2375.1833,2363.9250,2300.2336,2446.3108,2483.7959,2391.5859,2412.6548,2326.6477,2298.9194,2371.0393,2347.4146,2521.2717,2611.7412,2604.2322,2828.1245,2766.6455,2639.4084,2773.2021,2793.5715,2830.2676,2963.2488,2896.2363,2968.3394,2982.9744,2948.2751,2920.8835,2846.7197,2825.9678,2897.6226,2982.3010,3028.4236,2959.7488,2933.2952,2910.2439,2825.0662,2831.7585,2770.8459,2682.8833,2730.1208,2901.7617,2815.0359,2898.7683,2845.5869,2801.8228,2922.9343,2940.2732,2862.1743,2908.5330,2895.8591,3054.3479,3151.2815,3117.6277,3043.4592,2966.4495,3013.4932,2969.7664,3034.6865,3008.6121,2997.3201,3116.4080,3231.8164,3221.6721,3085.4780,3065.7656,3002.6121,3052.6782,3053.5239,2873.0574,2830.3506,2859.8027,2729.0413,2879.5295,2901.3140,2841.9736,3002.2795,3044.3474,3095.4653,3146.0161,3179.6335,3197.6555,3248.2349,3160.6301,3044.6782,3026.2151,3006.9351,2993.8574,3000.9641,3020.3604,2987.8794,2918.7991,3166.4214,3126.2268,3051.1892,3028.2529,2918.4863,3018.0833,3085.5437,2911.4375,2968.1792,2937.8616,2893.6763,2971.5674,2879.5625,2837.5193,2935.5425,2962.0757,3024.0508,3145.0376,3012.3696,3026.9036,3078.8232,3026.7627,2977.9268,2871.3684,2943.7029,3022.5222,3065.9539,3142.6919,3063.7864,2890.1089,3002.3113,2949.9592,2955.4143,2940.7881,2849.9727,2970.2429,3104.6067,3029.2727,3063.5974,2989.0986,2970.6155,2972.0066,2852.0144,2794.3992,2842.8621,2837.7886,2998.6106,3021.9280,2978.1255,2932.9312,2899.2434,2801.6243,2664.8877,2541.9817,2519.8975,2467.9314,2481.1255,2470.8459,2320.8425,2271.6748,2354.5681,2458.2537,2524.6956,2585.3904,2442.6543,2544.3384,2663.9375,2579.7861,2571.5286,2501.7676,2421.9094,2379.9805,2292.6897,2181.3516,2171.3635,2070.4570,2224.5105,2241.6462,2153.4722,2127.7498,2125.1106,2176.4939,2268.2488,2272.7810,2323.4575,2319.8545,2340.2424,2389.8406,2350.5232,2443.1091,2539.9243,2533.0742,2702.5854,2686.6580,2508.1743,2466.3074,2530.1987,2427.5937,2431.0068,2431.7070,2305.8572,2439.8770,2480.1499,2493.9265,2461.0369,2353.2683,2444.4849,2452.2268,2519.0278,2453.4299,2320.1797,2360.7158,2379.7515,2341.7368,2283.5537,2214.1101,2139.4800,2238.0671,2245.5706,2286.1606,2255.6079,2186.8406,2206.4614,2186.9417,2041.4747,1970.8364,1892.6664,1780.4365,1881.1821,1796.1963,1797.1506,1875.8357,1868.5350,1856.2943,1880.1326,1785.6678,1717.7557,1663.4659,1621.1094,1593.0028,1583.4943,1637.3994,1689.1632,1607.3331,1606.8911,1495.0386,1448.8842,1431.9015,1447.3068,1418.8939,1415.7477,1259.3511,1252.3931,1151.6066,1083.5034,1041.6449,944.1182,917.7839,912.1722,924.8182,901.4467,867.8539,929.7452,925.5189,886.9750,883.3434,889.3761,880.4063,938.6550,866.6136,809.3563,786.5760,748.9776,729.9465,681.3364,634.7351,627.7805,587.7645,552.3635,546.0280,465.7687,457.4622,403.0969,395.5181,332.9687,333.4198,270.7547,271.3850,0.0000,0.0000,0.0000,0.0000,0.0000,0.0000,0.0000,0.0000,0.0000,0.0000,0.0000,0.0000,0.0000,0.0000,0.0000,0.0000,0.0000,0.0000,0.0000,0.0000,0.0000,0.0000
0.0000,0.0000,0.0000,0.0000,0.0000,0.0000,0.0000,0.0000,0.0000,0.0000,0.0000,0.0000,0.0000,0.0000,0.0000,0.0000,0.0000,0.0000,0.0000,0.0000,0.0000,0.0000,324.6648,375.6115,382.1809,446.0974,453.3722,483.9953,514.9323,596.8320,635.1108,636.8453,689.7555,663.6924,747.6025,715.7905,784.8422,755.8926,799.7193,830.8511,879.1703,881.0338,874.2648,917.6292,865.4461,907.1696,857.9354,862.4962,889.6782,848.3925,893.3040,976.5010,987.8658,1047.1646,1105.6892,1116.4388,1165.8613,1226.5721,1293.5048,1332.2544,1422.5275,1501.1516,1544.9943,1448.8496,1459.5006,1409.4174,1414.1648,1379.7158,1393.6233,1496.7478,1583.1870,1519.9152,1537.2466,1652.1381,1591.4078,1687.5281,1797.5817,1698.0206,1813.7750,1889.4142,1922.8574,1993.9552,1923.6262,1850.4327,1880.8958,1944.8770,2004.5109,2056.3347,2094.5547,2265.1426,2352.1084,2370.9709,2300.0120,2186.3875,2123.7961,2139.6570,2225.8982,2317.8501,2293.1770,2302.9709,2423.9687,2361.4810,2289.2937,2322.6211,2312.3223,2370.3086,2431.7693,2346.2834,2383.0178,2350.6333,2358.9497,2609.2258,2610.0696,2631.8391,2664.1653,2687.9001,2771.1040,2791.2944,2810.8142,2877.2544,2858.5906,2928.2390,2947.0796,2953.0137,2949.9375,2870.2800,2888.3818,2971.6360,2922.2395,2866.9858,2991.5894,2908.2861,2912.7749,2895.6072,2825.2500,2822.0850,2818.0466,2757.8442,2770.5828,2783.5557,2800.9463,2906.9502,2831.4243,2791.0642,2852.9224,2860.1155,2956.8047,3004.2534,3009.8557,2996.4976,3023.1326,3011.2329,2949.5186,2880.7437,2976.7375,2901.5195,3047.8462,3129.1777,3102.2463,3108.3748,3173.9529,3039.8379,3176.0583,3108.3291,2967.8728,3033.3987,2999.0986,2889.9700,2897.2654,2705.3503,2657.0408,2787.1140,2885.8425,2985.8518,2956.3433,3008.9868,3175.7852,3216.2292,3226.8481,3139.1194,3015.0229,3129.1133,3064.9924,3063.7251,3150.7009,2997.4448,2988.6958,3134.6091,3041.8901,2993.6003,3049.7930,2978.1567,3144.6494,3208.6074,3047.0134,3011.0457,2980.5920,2918.8245,3039.5505,2985.0591,2871.5403,2898.9800,2970.4795,3034.6650,3013.3706,2977.1641,2945.2944,3065.1252,3042.7578,3036.0125,3008.9678,3017.9900,3040.4353,3056.9255,3131.8022,2982.6301,2971.6096,3067.6375,2946.2234,2943.8259,2932.2068,2845.1130,2907.2778,2985.5811,2880.8982,2982.5940,2970.7278,2919.7114,3008.1484,2942.2771,2881.8623,2802.1934,2843.1011,2967.4136,2967.5730,2860.7473,2969.3577,3007.3167,3000.3794,3040.0881,2939.7476,2889.4580,2783.5991,2739.9480,2813.0347,2605.9915,2562.1606,2633.5808,2471.2173,2484.9680,2534.6113,2530.2561,2766.0557,2790.5637,2661.0208,2492.8962,2425.8538,2374.0508,2490.5020,2423.6350,2313.7048,2208.8330,2090.0474,2175.3179,2167.5779,2155.7612,2091.4060,2062.8440,2145.2073,2164.6819,2164.0593,2278.9294,2211.2383,2282.0791,2335.8677,2241.4563,2211.7222,2270.9963,2306.1919,2511.1787,2582.2646,2633.4204,2627.2046,2612.5732,2516.8379,2447.8994,2389.7148,2342.0007,2420.8447,2437.3215,2524.4377,2458.0249,2437.9050,2485.5452,2441.2749,2446.5801,2431.3921,2414.3313,2505.2815,2449.1580,2425.4919,2455.2026,2373.6079,2296.2246,2238.6592,2169.9255,2186.6819,2211.0750,2171.8931,2321.4514,2316.4185,2241.9929,2127.1145,2069.3196,2022.8744,1982.4537,1912.3334,1805.3601,1872.5554,1864.2727,1903.9218,1862.5200,1820.9221,1830.4784,1822.9915,1862.4502,1723.0774,1663.5599,1618.0609,1691.4584,1610.3541,1609.5972,1578.5277,1553.7479,1585.6483,1544.1090,1540.8630,1533.8901,1427.8374,1463.6426,1417.1384,1297.0718,1191.5909,1126.0530,1034.3593,1070.1041,1021.2847,948.0696,906.0389,895.4886,893.5876,891.4703,880.8408,815.9406,887.2990,904.1915,918.6511,903.8666,908.3735,897.2629,805.0921,833.1728,781.3480,706.2050,718.0445,710.2018,656.7901,641.4016,604.6463,535.2684,486.0979,440.4108,392.5295,412.4492,355.0143,313.5319,317.7794,281.0432,0.0000,0.0000,0.0000,0.0000,0.0000,0.0000,0.0000,0.0000,0.0000,0.0000,0.0000,0.0000,0.0000,0.0000,0.0000,0.0000,0.0000,0.0000,0.0000,0.0000,0.0000,0.0000
0.0000,0.0000,0.0000,0.0000,0.0000,0.0000,0.0000,0.0000,0.0000,0.0000,0.0000,0.0000,0.0000,0.0000,0.0000,0.0000,0.0000,0.0000,0.0000,0.0000,0.0000,0.0000,369.7163,368.3211,399.6825,418.4891,490.8446,527.7363,560.5593,577.4464,586.7006,662.5987,657.1770,709.7030,712.9420,736.7232,773.9579,862.3196,848.5328,857.6028,914.0027,871.4729,879.2286,885.7583,875.5062,830.1314,871.9394,879.3695,905.8639,875.5888,959.4072,1001.2682,965.9739,1058.1091,1052.4244,1140.7676,1171.0603,1324.6492,1334.4628,1424.6154,1413.1394,1481.8506,1486.4594,1441.0568,1466.4764,1408.9539,1426.1593,1475.9358,1493.1588,1445.8198,1570.2894,1507.4054,1578.7971,1648.9270,1685.0011,1685.9805,1771.6288,1824.9109,1932.4457,1925.4751,1862.3768,1870.2546,1915.3494,1945.4111,1919.4421,1982.2638,2073.8953,2155.0649,2237.7815,2329.7773,2281.9265,2306.5083,2229.4221,2205.7695,2185.9670,2100.1023,2173.0420,2313.4460,2323.2793,2255.8879,2323.6313,2281.9043,2320.1016,2373.6724,2378.5427,2394.1062,2376.1108,2425.2439,2411.7104,2390.6025,2428.1548,2484.2275,2654.3696,2776.0901,2766.6863,2715.7612,2837.9365,2812.7344,2864.6223,2820.1289,2772.6555,2933.4150,2935.0686,2975.5945,3043.7910,2947.0547,2925.0405,2959.1475,2875.8406,2871.4973,2895.9260,2770.7683,2870.9929,2995.5244,2941.5642,2814.5769,2666.9705,2704.1270,2756.6663,2828.0210,2759.1191,2757.2041,2872.5308,3037.5186,2980.1609,2919.0876,2964.9709,2884.8145,3071.8708,3029.5730,2939.0999,2962.2366,2898.6758,2959.5278,3054.7395,2977.9575,2933.8677,3027.7783,3064.2451,3098.7786,3175.5002,3076.9194,3062.4609,3052.6118,3013.4597,3035.7666,2866.1755,2831.1611,2830.4065,2842.8933,2863.7324,2801.6858,2879.1465,3003.8765,2985.2700,3118.8767,3164.0549,3068.4912,3139.6248,3099.1887,3132.8867,3221.6091,3109.5444,3136.6387,3209.5815,3001.5376,2905.0708,2925.4514,2956.3408,3121.9497,3096.0044,3063.4309,3140.5608,3113.8923,3051.7734,3026.5151,2960.0894,2924.6667,2931.3147,3046.6868,3107.9697,2955.2620,2905.3203,3073.4617,3040.9890,3077.3687,3022.9412,2912.6196,3053.3809,3060.5815,3133.1326,3118.3396,3017.2161,2974.2656,3065.2625,2989.7375,2956.3630,2977.9351,2906.3281,3111.6355,3051.4805,2988.2122,2929.3552,2802.8896,2821.7148,2902.0571,2953.4546,2983.4441,2887.5115,2934.8872,3003.3745,2931.8518,2877.1235,2830.5679,2883.6948,3054.6025,3024.7644,3033.1616,3104.0249,3086.3577,3166.1616,3143.6101,2960.6995,2767.8752,2867.5320,2890.0117,2967.8455,2899.4897,2791.5327,2778.4277,2732.7500,2792.3958,2798.5781,2754.7605,2654.5234,2487.9529,2318.0151,2326.7305,2272.7822,2239.3274,2276.2517,2127.2168,2097.8821,2076.8281,2000.4165,2140.4595,2125.5413,2142.7078,2210.2915,2127.6467,2197.2991,2193.6245,2248.1858,2214.9202,2192.5579,2203.0886,2295.9758,2269.1035,2261.9780,2422.1663,2548.9185,2559.0667,2555.2090,2441.5376,2413.1218,2401.0881,2418.8447,2481.6018,2434.3516,2466.0188,2554.2505,2524.0054,2519.3218,2459.9727,2372.4768,2518.1545,2544.4607,2528.4517,2569.6584,2436.3208,2436.5994,2448.4956,2360.1313,2219.7681,2164.3760,2138.1995,2250.4351,2263.7493,2286.0129,2240.1438,2176.8193,2228.9331,2185.6113,2179.2815,2038.1267,1992.8312,1926.0865,1930.2130,1823.3445,1795.7156,1837.7666,1798.9246,1830.2888,1851.8181,1824.0643,1836.3325,1739.2556,1713.8152,1678.3108,1575.6027,1548.7903,1600.3450,1550.4250,1602.7435,1559.8966,1519.8348,1594.5146,1584.9939,1452.8668,1408.1072,1338.8778,1296.6686,1213.9852,1151.1060,1136.2538,1076.5640,1013.0656,968.0773,923.4144,857.6450,830.4492,841.4425,923.3782,883.2411,869.6233,914.5909,953.2733,948.3600,888.5111,858.8224,858.9254,823.9473,776.9274,761.7695,714.7231,679.7332,653.4014,633.0624,585.0703,512.7017,542.4384,474.0363,406.1465,398.1712,378.0845,285.6653,276.2358,294.5067,0.0000,0.0000,0.0000,0.0000,0.0000,0.0000,0.0000,0.0000,0.0000,0.0000,0.0000,0.0000,0.0000,0.0000,0.0000,0.0000,0.0000,0.0000,0.0000,0.0000,0.0000,0.0000
0.0000,0.0000,0.0000,0.0000,0.0000,0.0000,0.0000,0.0000,0.0000,0.0000,0.0000,0.0000,0.0000,0.0000,0.0000,0.0000,0.0000,0.0000,0.0000,0.0000,0.0000,0.0000,326.7412,367.6078,436.0037,412.6107,470.9170,537.7473,604.9280,608.3110,581.3165,653.1428,628.7141,692.8545,804.8419,767.8550,774.0507,809.8796,857.8719,861.8196,822.5409,853.4418,885.1150,816.3261,856.2013,898.1330,832.3557,894.1420,830.0964,901.4044,945.9732,962.0018,990.7026,1078.5011,1099.1395,1233.4867,1310.3276,1285.9342,1377.9670,1400.8818,1460.2660,1465.7345,1470.8169,1517.6853,1550.4644,1463.9497,1451.3151,1445.1772,1402.7534,1442.2128,1538.0024,1567.4962,1581.5326,1626.7354,1768.3359,1746.4053,1765.8142,1812.1505,1810.7054,1931.7535,1916.3650,1868.7836,1895.0894,1950.2067,1939.4594,2107.3113,2105.6709,2071.4727,2201.7053,2252.1997,2314.6130,2325.9807,2201.0205,2186.7600,2225.6536,2126.2148,2106.1523,2170.6997,2222.6147,2322.0776,2410.4719,2396.3882,2354.0400,2326.6289,2416.1177,2406.9299,2368.2966,2361.9434,2326.8523,2486.2305,2595.2693,2557.5273,2677.4453,2728.4094,2681.6804,2845.0505,2813.5669,2704.3257,2788.8250,2842.1770,2928.7131,2969.0483,2982.8276,2976.5044,3029.4844,2895.6660,2909.2249,2842.7764,2826.6377,2923.5088,2921.1816,2996.6296,2912.0559,2855.7419,2851.9236,2770.6946,2783.2864,2745.9265,2691.9758,2809.2603,2951.6772,2879.2937,2929.7070,2980.6433,2907.7310,3036.5837,2967.7388,2919.3967,3010.1973,2999.6467,2995.1584,3046.2407,2871.9448,2802.1914,2878.7678,2930.9824,2917.7046,2976.9670,3051.8728,3116.0955,3131.6860,3217.7993,3081.2585,2922.2007,2935.6697,2975.5923,2984.0437,2955.5000,2809.4377,2907.3779,2976.4319,2879.2715,2927.8472,2913.5771,2798.3301,3006.8325,3104.8357,3131.1541,3137.7517,2966.0713,3138.5381,3279.1135,3149.2678,3096.7656,2998.7471,2997.1301,3016.7141,2946.8716,3010.4121,3075.2939,3068.5737,3178.2983,3141.4500,3043.8977,2992.1279,2935.3667,3073.7588,3107.2205,3035.0286,3007.8647,3056.0391,2945.5286,3004.9084,3057.5046,2931.3989,3026.2051,3018.1284,3070.5725,3081.6167,2994.1455,3033.3723,3068.5757,3001.9592,2944.9907,2840.1985,2871.4197,3047.2698,3015.5627,3050.6836,2941.6326,2946.5925,2960.5989,2862.0283,2851.3259,2878.8208,2823.6538,2989.0300,3056.3491,2944.6763,2979.9221,2912.3599,2879.5161,3007.7649,2976.9656,2909.7607,3016.2327,3003.9673,3038.6033,3144.0598,3063.0498,3060.9143,3170.2925,3064.2053,2916.3574,2927.2351,3000.0127,3173.8843,3176.4431,3188.8801,2997.8796,2833.6692,2808.0273,2788.5654,2773.7356,2631.5076,2330.5977,2235.4807,2255.5740,2164.8259,2124.4792,2113.1221,2027.0632,2149.5229,2110.2031,2041.8657,2108.4783,2081.2983,2139.7561,2164.0461,2098.9419,2106.8047,2138.8838,2164.9824,2240.2478,2248.1370,2185.5581,2238.1069,2249.2073,2331.5312,2379.7515,2442.6206,2590.1008,2512.6853,2530.7495,2489.0171,2329.4800,2438.6733,2412.4807,2407.9805,2515.1028,2497.2695,2489.9263,2563.3386,2547.7505,2482.8103,2478.5681,2494.1189,2433.8057,2568.6106,2457.5149,2405.8904,2406.5610,2401.2444,2361.6052,2257.4070,2174.7273,2177.6499,2195.9832,2272.1514,2185.1897,2207.6404,2224.7473,2155.8533,2178.5508,2139.3931,1932.6674,1900.0120,1925.8411,1792.1230,1867.7317,1866.5250,1818.1379,1934.6774,1908.2766,1852.9209,1870.6814,1715.1794,1628.8185,1622.5620,1571.3752,1524.5669,1536.6874,1563.2008,1624.7809,1570.2661,1572.6816,1480.7284,1418.3383,1445.4291,1426.6908,1386.2113,1316.6993,1210.5305,1144.5267,1092.4994,1024.3774,962.9528,908.6133,901.5708,935.2009,917.1464,877.2643,861.2131,818.3160,853.1307,865.3095,853.3483,887.7837,906.5391,881.0807,900.3760,813.3704,833.5603,782.1194,718.6760,688.9626,686.9849,657.5763,611.9342,579.9772,489.6766,484.5109,430.3293,383.9782,359.6818,314.0955,280.3184,251.6895,0.0000,0.0000,0.0000,0.0000,0.0000,0.0000,0.0000,0.0000,0.0000,0.0000,0.0000,0.0000,0.0000,0.0000,0.0000,0.0000,0.0000,0.0000,0.0000,0.0000,0.0000,0.0000
0.0000,0.0000,0.0000,0.0000,0.0000,0.0000,0.0000,0.0000,0.0000,0.0000,0.0000,0.0000,0.0000,0.0000,0.0000,0.0000,0.0000,0.0000,0.0000,0.0000,0.0000,0.0000,371.6699,400.7894,409.2339,449.9506,504.4524,481.7086,549.7332,576.8575,619.7596,630.3787,659.8582,680.2128,716.7318,752.0220,769.4491,821.2983,826.4999,860.1494,857.4767,853.1916,836.9067,834.6531,889.2341,841.4134,846.9378,882.0499,861.1006,864.6662,939.9937,1013.6191,1046.2321,1053.2985,1090.7789,1205.1331,1264.2095,1293.5937,1351.6830,1365.1755,1506.8969,1525.7035,1525.2502,1545.3418,1420.9347,1425.6077,1437.0052,1411.2466,1507.9214,1480.4976,1513.9801,1655.9210,1601.2773,1615.6642,1688.8203,1653.5315,1791.6060,1860.0271,1805.8790,1907.5601,1903.9941,1897.7815,2009.7882,1907.7758,1920.1576,2012.1758,2054.2808,2128.3101,2204.4917,2232.5596,2316.0007,2379.6411,2287.9585,2165.1597,2097.4985,2165.1140,2151.1580,2234.5962,2315.7317,2279.0269,2340.5686,2526.1985,2391.1394,2316.5842,2355.3777,2351.2847,2470.3013,2575.1721,2458.2976,2540.0925,2638.2119,2648.8171,2732.3740,2720.1792,2682.1697,2690.5398,2821.1077,2893.7974,2845.8718,2830.3862,2872.8384,2894.4404,2929.2957,2851.3315,2826.3201,2920.1338,2915.6687,2954.3479,2974.2375,2873.6245,2861.5396,2963.4172,2825.3765,2840.9487,2810.5249,2722.1814,2843.3535,2916.5254,2881.7571,2910.2363,2871.6980,2904.0173,2957.4663,3063.8181,2981.0537,2997.2869,2980.4749,3074.9875,3133.0381,3052.6787,2921.0061,2898.3503,2824.0688,2796.8074,2768.8977,2912.6875,3033.1675,3100.1296,3211.0950,3113.3833,2973.9700,3093.5742,2979.9016,3006.5320,3074.5571,2961.6274,3049.8560,3056.6921,2916.4824,2981.1089,2913.2019,2844.5205,2974.7969,2908.7708,2967.2761,3048.7153,3007.6951,3128.3772,3140.1943,3021.0190,3023.8525,3019.2949,3140.0391,3206.5557,3042.0073,3013.9675,2920.2339,2943.9612,3067.4670,3072.8755,3047.9417,3130.9387,3049.0420,3150.1135,3137.3884,3012.0330,3072.2781,3072.2180,3018.0618,3002.5789,2898.8198,2868.2920,3045.4724,3071.4712,3067.2371,3016.9541,2934.7075,2987.4607,3009.0125,2969.1831,2935.2310,2858.1853,2908.9736,2975.3901,2899.4744,2916.0566,2874.2644,2850.6995,3012.0334,2972.5950,2963.2258,2946.3359,2855.7488,2939.2483,2977.0713,2911.9724,2942.6582,2887.6394,2868.4651,3020.4485,2995.9600,2976.0801,3019.4558,2960.9087,3050.0779,3013.2498,2930.4861,2894.9504,2953.6960,3072.0234,3061.3899,3037.7124,3030.2246,2948.1951,2945.2839,3064.1985,3083.4187,3139.0706,3158.8928,2962.5039,2883.4202,2826.3623,2677.1746,2689.0552,2565.9973,2317.0000,2162.0945,2050.0366,2078.7454,2129.5518,2107.9797,2095.9788,2051.5081,2067.8501,2059.5071,2099.1833,2048.7209,2083.2837,2059.6125,2069.5203,2092.8271,2098.2349,2151.5171,2174.0747,2161.9961,2207.9729,2083.9617,2077.5034,2262.3225,2385.3855,2520.1421,2524.4832,2409.0747,2434.6409,2413.6775,2357.5010,2329.8315,2352.2542,2445.3286,2585.5679,2592.3721,2508.9060,2531.6743,2408.4946,2542.3591,2498.8733,2482.3582,2485.6741,2409.6455,2467.0789,2514.8701,2443.4082,2323.6328,2221.3633,2190.3430,2226.1821,2207.4431,2241.6721,2244.4939,2196.5171,2336.9199,2276.4763,2188.5354,2121.3989,2050.7957,2011.6869,1988.2644,1892.1163,1867.3763,1862.5879,1890.5675,1937.9967,1853.2646,1821.8201,1802.8191,1815.9443,1735.4547,1726.7078,1611.0895,1564.8951,1577.9823,1529.3293,1580.4512,1528.4484,1572.4032,1545.9663,1510.1476,1456.4132,1450.8843,1396.0756,1400.2185,1356.4349,1214.9025,1125.8521,1101.8145,1052.7086,1003.9464,940.0355,916.7260,908.8921,917.2891,865.0955,856.4921,777.6000,834.0345,875.7148,888.4354,903.2765,886.6170,883.7142,917.4008,832.2516,825.3019,713.5887,704.9584,761.0242,650.1078,654.1575,632.4687,551.3316,538.7894,537.3102,437.4056,359.8553,345.5027,334.4938,315.6117,293.2708,0.0000,0.0000,0.0000,0.0000,0.0000,0.0000,0.0000,0.0000,0.0000,0.0000,0.0000,0.0000,0.0000,0.0000,0.0000,0.0000,0.0000,0.0000,0.0000,0.0000,0.0000,0.0000
0.0000,0.0000,0.0000,0.0000,0.0000,0.0000,0.0000,0.0000,0.0000,0.0000,0.0000,0.0000,0.0000,0.0000,0.0000,0.0000,0.0000,0.0000,0.0000,0.0000,0.0000,0.0000,396.4319,422.4947,422.5427,453.1082,499.6683,488.4665,539.4192,556.8204,584.0621,651.7134,680.1682,685.5233,659.2363,730.3987,773.5707,807.0691,857.4988,832.7821,864.0346,839.6171,862.0412,827.6938,862.4326,833.1887,871.4927,876.9119,922.1790,982.6385,979.5081,973.0634,1038.6681,1078.9058,1107.9095,1219.9767,1239.4861,1397.0142,1423.3281,1525.2223,1529.7260,1525.6548,1544.0907,1511.2527,1491.2035,1482.9955,1488.5569,1492.3462,1559.0905,1490.8071,1560.5654,1556.6740,1575.8335,1660.6527,1667.9840,1746.5721,1895.6371,1886.2917,1851.9867,1921.7115,1798.0715,1850.4814,1915.2275,1974.9406,2012.1370,1988.0524,2099.5891,2237.0508,2252.2229,2311.9709,2246.8501,2191.9568,2284.1223,2168.5847,2181.4170,2199.5662,2150.3035,2236.6724,2371.7720,2314.0398,2289.1099,2332.0239,2270.8003,2458.7151,2437.6377,2410.6797,2495.2148,2473.1528,2501.4966,2592.1975,2603.6948,2597.9211,2646.0310,2735.2561,2791.3577,2767.2795,2738.0706,2874.0247,2796.7417,2926.5779,2883.3098,2831.1108,2911.7791,2871.0137,2955.3845,3018.8091,2910.9050,2848.2578,2981.2241,2822.4851,2819.7075,2789.6567,2778.5935,2904.5063,2998.6611,2827.0120,2861.8777,2837.6001,2900.4509,2948.1936,2965.1187,2971.8767,3005.6860,3045.1499,3125.7483,3005.6875,2973.8672,3053.4509,3001.4131,3067.7068,3000.0020,2828.7871,2846.5913,2791.6470,2911.7034,3039.9187,2941.2546,3004.8618,3071.6777,3030.9797,3036.7300,3029.4761,2960.7666,3128.2021,3150.4324,3048.7996,3044.8662,2968.6689,3004.9824,2975.8003,3029.1189,2990.1897,2907.7466,2880.1401,2981.2751,3021.0381,3011.5725,2964.7532,2939.7847,3078.6350,3180.6609,3148.8987,3194.0874,3121.8135,3054.8259,3116.3572,2979.3191,2852.1467,2916.9800,2911.4832,3159.6223,3178.8513,3093.0063,3115.9929,3133.5652,3050.9070,3041.8965,3042.8662,2940.6772,2976.4727,3053.7078,3108.5991,3005.7605,2953.9402,3049.9207,2959.9653,2950.8826,3020.8257,2960.2131,3066.2739,3015.0442,2927.8999,2908.0962,2814.2649,2798.4719,2864.5972,2807.6172,2803.4268,2831.2712,2922.7859,3019.6042,3070.9910,2884.7490,2877.2983,2914.3276,2896.7808,2915.1709,2891.0681,2882.2681,3007.2761,3146.4648,3197.2468,3004.0801,2954.0493,2902.6685,2885.3167,2937.6570,2875.4001,2806.2168,2977.6560,3041.5706,2975.9895,2960.4177,2737.6558,2729.9395,2900.7593,2909.3333,3046.5747,3062.2424,2897.4536,2864.8955,2794.8679,2606.2537,2500.1179,2239.0403,2247.6526,2124.4924,2094.9697,2073.5605,2120.8784,2089.7844,2145.2839,2031.0046,2025.1193,2035.8628,2031.0659,2120.7576,2200.2881,2077.5688,2069.5288,2047.3080,2082.3494,2244.0300,2108.7166,2134.3325,2166.2727,2166.6814,2267.2415,2321.1897,2398.9534,2431.9958,2538.7705,2434.6660,2365.2483,2294.2432,2278.8330,2389.3601,2457.2114,2533.0667,2538.3657,2545.1272,2517.4668,2482.2449,2458.0098,2472.0757,2448.8037,2516.8025,2538.0842,2487.1877,2545.0417,2427.4502,2357.4568,2381.6809,2232.4275,2185.0327,2243.0027,2171.5383,2274.9451,2318.5457,2220.5671,2190.9485,2232.3203,2167.6248,2130.7283,2065.3437,2005.1154,1985.5510,1947.8149,1923.4136,1822.1256,1834.2311,1857.8403,1852.7465,1916.6017,1807.3878,1759.6298,1784.0964,1763.0073,1671.6479,1624.0573,1542.0966,1560.3519,1623.6477,1588.9501,1574.6918,1527.9482,1505.0453,1542.4469,1472.8627,1402.2046,1411.0135,1292.6006,1282.8467,1196.7053,1142.6064,1086.3483,1026.5480,975.2288,949.9361,936.5291,898.6257,869.0854,850.6954,892.4280,901.1726,908.3738,898.6257,886.6864,915.7592,904.5657,882.7160,840.5275,844.7972,793.1218,756.5997,669.3618,667.6793,644.0048,593.7314,629.0963,537.8608,496.8850,418.7266,399.2552,347.9670,362.5587,301.4751,303.4690,0.0000,0.0000,0.0000,0.0000,0.0000,0.0000,0.0000,0.0000,0.0000,0.0000,0.0000,0.0000,0.0000,0.0000,0.0000,0.0000,0.0000,0.0000,0.0000,0.0000,0.0000,0.0000
0.0000,0.0000,0.0000,0.0000,0.0000,0.0000,0.0000,0.0000,0.0000,0.0000,0.0000,0.0000,0.0000,0.0000,0.0000,0.0000,0.0000,0.0000,0.0000,0.0000,0.0000,0.0000,418.3409,408.7122,448.1717,455.7414,476.8418,538.8947,566.2747,546.6566,637.0904,569.5802,662.0176,686.9302,658.2140,735.7482,725.5385,814.2617,814.7014,809.3576,850.2015,847.0017,838.1479,834.0453,879.5218,874.9128,857.4426,833.0219,891.4103,920.0919,966.9708,1002.6775,1021.3565,1078.9528,1139.6665,1244.5819,1289.9163,1328.2367,1422.5488,1465.3981,1522.7847,1489.9410,1519.8673,1523.6617,1528.5875,1565.7297,1495.2455,1428.6913,1476.2697,1494.5981,1533.7886,1603.6249,1616.6044,1658.4451,1724.5802,1790.3876,1831.8984,1802.7820,1748.8773,1830.1259,1822.9553,1880.9860,1871.0516,1902.9808,2012.1530,1987.3256,2122.4841,2213.6465,2167.1890,2289.8418,2266.1108,2153.4651,2237.4490,2159.5469,2167.9275,2242.8445,2156.2849,2194.0352,2259.0828,2283.9160,2361.4438,2389.1279,2350.6401,2424.7871,2417.8853,2461.1399,2455.9473,2492.2747,2551.3564,2572.1841,2704.6990,2739.6089,2655.1631,2658.3354,2806.1646,2717.0981,2821.9685,2775.4661,2708.6814,2857.0713,2882.3975,2913.8601,2938.5559,2824.7871,2892.5742,2954.0547,2855.5481,2799.8362,2743.0105,2771.3291,2870.8367,2915.2856,2924.5688,2845.8723,2821.1912,2934.4746,2867.9065,2937.0698,2950.8420,2937.6692,3058.6597,3135.6533,2976.4023,2967.7893,2951.6768,2950.3203,3087.9099,3063.5154,2985.6047,3045.0161,2919.0857,2916.4778,2957.4414,2848.1560,2876.7070,3001.2532,3036.6335,3051.9331,3085.0588,3065.1873,3053.4480,3096.2703,3055.0176,3009.1445,3012.7490,3132.5083,3104.7732,3155.9856,3146.1167,3034.3074,3070.7849,3070.3792,2927.6624,2896.7996,2909.5750,2870.7646,3062.4399,3057.7187,2969.5608,3159.7625,3065.1028,3161.3750,3260.1465,3087.1096,3009.1589,2980.9094,3065.5308,3035.4519,3007.6636,2972.6545,3097.5386,3185.8359,3181.2222,3090.3350,3066.6321,3092.4363,3031.4329,3122.1113,3129.7573,2932.8987,2906.4473,3057.7214,2993.4014,2991.3916,2956.9143,2825.1191,3018.0916,3092.7637,3044.2222,3019.2278,2863.8225,2762.0730,2940.0933,2789.8315,2736.3047,2712.5461,2727.1494,2844.1606,2863.3083,2891.9585,2861.4885,2811.5979,2901.0808,2871.2117,2933.3201,2905.5837,2852.5610,2960.8015,3072.5542,3037.1211,3048.7468,3078.8140,2972.4106,3008.0486,2926.5764,2767.6931,2859.1887,2807.0305,2771.4932,2875.7390,2839.9309,2845.5979,2822.3774,2663.6819,2664.0198,2655.3674,2744.8845,2815.2312,2774.6909,2781.3977,2715.2515,2575.3594,2576.4304,2389.5024,2319.9448,2321.8059,2191.8350,2138.5618,2178.2534,2073.6367,2010.8556,2033.2222,1977.6105,2067.1514,2013.0543,2015.8892,2106.3335,2038.1632,1972.4385,2030.5690,1921.2839,1980.7590,2101.2954,2180.2871,2245.6409,2181.3677,2153.7686,2259.9553,2283.5930,2480.9358,2332.6824,2407.1462,2404.1523,2372.9678,2365.1721,2341.2158,2332.0818,2465.1643,2500.9624,2477.5283,2546.8547,2437.4729,2366.5105,2515.7144,2521.0090,2448.7805,2552.4871,2480.3853,2453.7441,2521.4590,2505.3484,2353.7080,2247.8079,2212.9133,2264.5098,2219.7996,2194.3921,2174.3418,2196.9092,2230.0789,2256.9939,2264.3135,2171.5591,2151.3477,2072.7253,2039.1899,1877.6292,1859.9194,1903.5289,1829.2040,1882.1263,1894.6869,1827.8499,1877.9958,1821.1533,1765.2189,1745.3362,1632.5194,1624.0303,1587.6354,1577.7289,1584.6973,1621.3020,1602.9144,1602.8651,1560.5745,1510.8348,1442.5101,1466.7189,1491.8470,1356.7894,1344.9099,1300.5002,1259.8297,1160.7522,1102.1661,1014.1665,1009.7447,977.4609,953.2666,921.6964,957.1077,857.5618,899.3400,956.6026,858.7838,901.4979,920.9665,883.0547,953.2090,918.0038,887.7704,831.8832,799.6585,771.0474,748.8042,650.9376,695.1749,650.5113,639.0974,559.1295,505.3264,499.8158,425.7092,366.8041,341.5504,308.5058,288.9647,0.0000,0.0000,0.0000,0.0000,0.0000,0.0000,0.0000,0.0000,0.0000,0.0000,0.0000,0.0000,0.0000,0.0000,0.0000,0.0000,0.0000,0.0000,0.0000,0.0000,0.0000,0.0000
0.0000,0.0000,0.0000,0.0000,0.0000,0.0000,0.0000,0.0000,0.0000,0.0000,0.0000,0.0000,0.0000,0.0000,0.0000,0.0000,0.0000,0.0000,0.0000,0.0000,0.0000,0.0000,352.8721,437.7381,381.1687,413.8673,504.7863,511.6879,542.6829,592.6822,591.2604,659.3687,664.8904,677.4622,686.7966,699.3865,751.0635,764.1455,715.4708,811.5372,828.5327,872.9317,884.8461,867.0546,872.1732,858.1479,841.5502,868.2839,862.3989,863.1732,947.7138,1014.1589,1033.5828,1131.9021,1198.1553,1256.1375,1335.9889,1306.6122,1356.5950,1433.7074,1527.5760,1517.6576,1572.9161,1483.9706,1473.1317,1476.7905,1504.6038,1462.0201,1440.7863,1601.2101,1615.6790,1681.8408,1740.9072,1697.6370,1676.6453,1736.1191,1770.3164,1841.9481,1779.4030,1786.0232,1775.4261,1874.2446,1889.6523,1921.3140,1962.2065,1944.2366,2148.3503,2205.3389,2194.3208,2231.2212,2191.2178,2277.3396,2168.5957,2142.1792,2055.7034,2124.6211,2169.7708,2262.6724,2298.6880,2309.9790,2327.6768,2359.3210,2412.1487,2374.8020,2340.1536,2401.9021,2410.2051,2589.4475,2740.1089,2696.8760,2769.0825,2768.7852,2691.4490,2749.3914,2766.2129,2679.2378,2773.1218,2817.3745,2886.9438,2954.6484,2818.9714,2795.4097,2866.3982,2884.2109,2827.6064,2808.0195,2917.2793,2886.9512,2853.4841,2900.1279,2834.1621,2833.8477,2966.9719,2862.5784,2898.0366,2876.2905,2960.2893,3070.1353,3114.0964,2968.3347,2992.0161,3012.2539,2947.1465,2999.2505,2915.3147,2983.7725,3123.7109,3041.5735,3109.4563,2999.4397,2843.1787,2784.6819,2853.6699,2931.9285,2966.9932,2983.1897,3101.0881,3172.6094,3139.9180,3064.3777,2970.9497,2930.9087,3076.0950,3061.9565,3203.7061,3143.0295,3103.3276,3155.1333,3230.5195,3127.8293,2992.5762,2947.6150,2851.5825,2966.6465,2977.8794,2966.5779,2994.0906,2964.8101,3080.0325,3081.6294,3127.0227,3095.7642,3169.0801,3135.6785,3197.3625,3033.4077,3051.7549,3052.2678,3005.4944,3069.9209,2992.4045,2998.9939,3136.7720,3095.8884,3203.4854,3250.0691,3008.1067,3015.9497,2997.0271,2892.9773,2910.9272,2958.3801,2901.5483,3002.9998,3024.0205,2985.9541,3006.7263,2968.6865,2965.0022,2933.5249,2916.6963,2826.3972,2834.4890,2864.4377,2915.9763,2838.9902,2807.8030,2773.9858,2849.7141,2964.5933,2852.6411,2773.3564,2866.7036,2861.4619,2969.7500,2964.4917,2771.5735,2825.0957,2921.9121,3042.9702,3143.9832,3064.2385,2963.3789,3002.5137,2937.9187,2835.1201,2795.3186,2643.8745,2644.4014,2814.9407,2889.3538,2855.6995,2638.3940,2598.9441,2603.6572,2516.7510,2549.2119,2474.3306,2504.9065,2671.6465,2645.9600,2645.5825,2524.6838,2380.7070,2376.5159,2275.6494,2147.1152,2121.4929,2119.7085,2077.7676,2110.0359,2079.4448,1927.3865,1935.7552,2000.7510,2051.2107,2017.1428,2017.0787,1913.4395,1926.3208,1995.2489,2086.8564,2043.8093,2136.1250,2233.9702,2228.0115,2298.4866,2306.9126,2352.1094,2423.0598,2367.3369,2482.3518,2407.0286,2273.4875,2289.2527,2308.4224,2271.6460,2419.9504,2446.7305,2460.8362,2612.2520,2561.8413,2428.8386,2437.6233,2431.4456,2421.2998,2470.6565,2442.2463,2459.6902,2484.7637,2481.6052,2451.9861,2220.4717,2235.8345,2160.7996,2189.9312,2248.7476,2176.2227,2217.3037,2308.3623,2314.3679,2314.8613,2281.0076,2043.2032,2049.9441,2017.5098,1932.9192,1899.2476,1857.3016,1906.8569,1993.8182,1912.3370,1845.0969,1814.1631,1737.8237,1671.6196,1730.4011,1721.6620,1632.6757,1568.1672,1596.5736,1617.9272,1555.6628,1580.9575,1557.0381,1571.8690,1620.3737,1493.7285,1437.2167,1451.9595,1392.2439,1370.5607,1314.3328,1151.5010,1151.2000,1113.3318,1093.6890,1077.6569,1018.1668,951.8546,976.2547,987.4035,902.6797,899.2828,879.7330,923.7897,899.0524,898.2393,936.7157,921.9503,935.7360,898.4545,862.0233,826.7141,769.2374,746.1087,754.5409,712.9230,655.9075,616.1045,529.8408,520.8489,465.4416,385.0023,384.4178,350.4472,308.9260,330.9460,0.0000,0.0000,0.0000,0.0000,0.0000,0.0000,0.0000,0.0000,0.0000,0.0000,0.0000,0.0000,0.0000,0.0000,0.0000,0.0000,0.0000,0.0000,0.0000,0.0000,0.0000,0.0000
0.0000,0.0000,0.0000,0.0000,0.0000,0.0000,0.0000,0.0000,0.0000,0.0000,0.0000,0.0000,0.0000,0.0000,0.0000,0.0000,0.0000,0.0000,0.0000,0.0000,0.0000,0.0000,397.2690,397.8893,415.5391,463.0711,464.8790,487.6058,535.6166,567.0703,541.8186,620.9249,667.2756,701.4666,666.1953,657.8470,705.6089,744.4505,793.8835,805.1523,842.3247,858.4686,862.6440,870.3992,799.3618,849.4144,831.1249,854.9999,917.3426,950.3981,920.2144,1006.8306,997.9879,1072.1389,1172.7878,1260.9545,1256.9541,1330.4972,1434.6298,1449.4734,1439.5221,1450.4287,1450.9053,1539.2205,1476.0333,1468.5582,1518.1688,1477.3835,1483.4108,1605.3479,1582.5327,1601.6989,1690.7401,1687.4170,1709.1898,1836.4803,1718.7222,1830.5956,1861.9452,1744.5656,1727.3057,1816.8770,1808.2847,1915.6234,1969.5869,2026.9604,2055.8086,2153.3435,2232.9736,2203.1748,2164.4692,2161.1748,2106.0227,2114.5022,2168.0002,2118.6089,2215.6758,2239.2554,2281.5466,2399.1257,2318.1458,2280.0198,2348.5771,2330.2881,2431.6917,2471.2881,2467.3130,2558.1248,2644.7764,2679.3774,2629.3618,2645.5305,2663.0369,2741.8469,2773.7080,2862.1538,2785.4663,2740.9858,2800.3325,2831.9287,2803.0725,2760.3281,2709.0029,2947.4109,2918.9998,2869.3345,2920.7610,2804.4553,2794.8235,2931.6047,2865.6836,2935.8855,2961.8176,2887.5396,3035.5937,3110.1135,2941.5469,2948.0315,2996.1780,2958.9417,2988.3098,2976.8354,2958.8037,2925.9114,3027.8992,3072.3469,2994.8916,2932.5142,2997.7451,2868.4895,2940.8850,2889.2742,2884.3923,3016.8757,3103.7383,3061.8340,3136.4709,3034.2043,2941.3955,3069.7341,2947.8245,2973.7915,3121.9536,2987.1804,3245.8984,3255.0481,3182.3621,3174.0452,3188.9871,3126.5271,3060.8909,3065.8899,2939.4834,2908.7668,3000.7058,3001.5303,2947.9695,2883.4756,2895.7119,2999.2957,3239.4629,3247.0391,3139.0996,3205.9761,3160.6675,3085.9326,3147.3730,2999.2402,2977.2761,3088.3389,3019.3303,3169.5137,3094.2217,3070.2776,3172.1311,3206.0234,3090.5393,2974.8142,2832.7451,2932.7578,2975.6855,3001.8257,3052.8508,2893.4795,2909.6914,2974.4883,2977.1685,2963.5642,2955.4587,2868.1096,3051.2100,3011.1819,2909.9680,2867.9238,2785.1470,2790.6060,2948.7766,2859.7358,2873.5315,2907.5757,2878.1826,2961.8887,2932.4055,2859.9221,2885.1631,2857.4407,2801.0681,2815.2029,2884.3557,2995.0071,3074.1509,3119.9187,3027.9275,2920.7439,2883.8428,2772.5757,2737.1338,2793.5425,2772.1333,2735.3203,2828.5205,2724.6416,2557.7207,2493.1021,2358.4792,2316.1382,2388.9292,2366.7727,2460.3191,2557.6038,2527.3000,2619.8525,2512.9958,2342.6128,2225.6812,2281.1743,2274.2329,2217.6458,2103.2000,2118.4697,2077.5835,2034.6824,1968.4377,1869.4868,1870.3296,1881.6399,2033.6438,1990.3628,1923.8651,1827.6129,1932.4850,2039.3337,2072.6287,2214.9497,2239.3235,2249.0425,2390.2053,2339.8108,2452.8748,2392.3350,2296.6343,2326.9265,2357.9248,2239.4253,2209.3967,2178.2886,2300.6030,2417.2156,2525.6863,2486.9395,2441.9167,2364.8069,2390.8811,2325.0083,2365.0547,2338.0332,2360.0796,2561.1702,2624.9475,2408.3181,2357.8540,2375.3777,2217.6064,2264.7573,2162.2080,2139.4314,2259.9888,2218.7617,2276.4153,2338.4993,2322.0115,2221.6731,2218.0117,2123.6948,2062.7126,1934.3813,1920.6252,1940.4532,1875.8655,1946.2654,1872.0822,1904.3079,1868.9884,1825.3009,1786.9172,1748.7260,1688.0081,1740.2579,1699.9840,1535.0823,1562.3064,1567.1600,1543.6805,1639.2076,1645.7800,1542.8658,1569.3123,1560.5457,1521.5110,1474.4565,1353.2777,1328.1227,1297.5417,1234.0448,1169.5115,1109.1992,1027.5574,1037.7466,1004.7322,965.0002,926.3201,911.5169,936.3510,905.5893,910.2256,946.1201,895.0542,869.1387,925.3205,941.0906,887.5646,851.6358,856.3765,818.2975,770.9757,751.8989,688.0129,698.0664,687.1390,608.8519,546.1639,499.2100,440.6850,417.6438,359.4496,320.4225,276.7545,258.0898,0.0000,0.0000,0.0000,0.0000,0.0000,0.0000,0.0000,0.0000,0.0000,0.0000,0.0000,0.0000,0.0000,0.0000,0.0000,0.0000,0.0000,0.0000,0.0000,0.0000,0.0000,0.0000
0.0000,0.0000,0.0000,0.0000,0.0000,0.0000,0.0000,0.0000,0.0000,0.0000,0.0000,0.0000,0.0000,0.0000,0.0000,0.0000,0.0000,0.0000,0.0000,0.0000,0.0000,0.0000,376.7451,415.4767,457.5327,472.4436,488.9158,485.9999,534.8707,546.6876,595.3021,610.1234,632.2047,657.6982,682.1873,693.8518,735.8096,717.1595,732.2234,771.4649,815.7517,876.5182,834.4961,819.0289,815.8173,856.1463,865.3008,849.3713,869.9758,913.5126,900.8464,951.5266,1005.0157,1041.6194,1165.7477,1247.9213,1277.6082,1378.9144,1398.5472,1393.0126,1475.9683,1488.8428,1390.5485,1460.8512,1482.9554,1450.1945,1501.3092,1459.4246,1455.4846,1597.7494,1624.3413,1674.8956,1713.4648,1675.2335,1802.8033,1854.0117,1837.2533,1742.2494,1706.5139,1714.0990,1717.5822,1813.2610,1850.7935,1880.6558,2004.9014,2098.4258,2087.6233,2128.1167,2157.6284,2159.8416,2236.6035,2244.4829,2172.6086,2168.1797,2140.8142,2141.3674,2277.0547,2215.7917,2254.2561,2269.3530,2328.1970,2397.0576,2409.1094,2375.0398,2393.0398,2413.5544,2462.3521,2527.8530,2641.2285,2650.0955,2673.2073,2745.5527,2797.7295,2699.9551,2785.3347,2801.9299,2719.0837,2893.9478,2826.4475,2771.2014,2852.7126,2854.2515,2814.7751,2972.3745,2851.2605,2802.8594,2937.7021,2806.1357,2804.8870,2894.4888,3007.5251,3154.0535,3094.0007,3002.3516,3035.0066,2966.0791,2989.4504,2975.8000,2958.1431,3025.4126,3060.2092,3095.0996,3089.6067,2882.1667,2953.6958,2986.2124,3018.1050,3101.5361,2934.4912,2913.1641,2997.9893,3026.2512,3045.5254,3064.0073,2964.8406,3009.0923,3106.0068,3075.7715,3039.0154,2943.9124,2922.7014,3107.3943,3139.1250,3089.5779,3167.0381,3185.7173,3241.6929,3259.4517,3231.5920,3211.2437,3074.8296,3032.4609,3148.2756,2903.4915,2943.6333,2930.2083,2845.1401,3059.0120,3037.0603,3007.2251,3212.7009,3190.3923,3140.6956,3241.7590,3095.3901,3062.8325,3155.0269,3068.9395,3160.7988,3118.3875,3034.8901,3085.7537,3074.2102,3074.7456,3013.3276,3005.0937,3092.5601,3029.7634,3025.2070,2960.3638,2828.6760,2849.9951,2891.9290,2810.0659,2930.1282,2940.9453,2906.8904,3095.2454,3067.7646,2852.2937,2914.6924,2826.2583,2864.1248,2944.4287,2850.6973,2884.3245,2979.0208,2975.0645,3016.6636,3016.1555,2945.1775,2864.5874,2934.1135,3002.6023,2911.3860,2838.4480,2835.1619,2900.6580,3049.3760,3095.2781,3005.4187,2999.1650,2985.8318,2954.9712,2967.4136,2817.7842,2740.4443,2833.0937,2855.2415,2757.1401,2774.5125,2599.1277,2503.3430,2499.8582,2377.6804,2378.4673,2334.4360,2306.0537,2441.5535,2525.9238,2512.2974,2465.5500,2446.1702,2400.9365,2267.7542,2242.3140,2273.1216,2236.1931,2202.0400,2157.4287,2076.6841,1977.9431,1911.0179,1889.4463,1935.9346,1908.8480,1941.3379,1949.1089,1950.6748,1916.1407,1988.7571,2008.0120,2180.5679,2346.7520,2403.6145,2440.9177,2445.7505,2406.9778,2402.0537,2357.6116,2236.6069,2205.4631,2248.7998,2237.6394,2281.1741,2242.6382,2260.9175,2354.8394,2480.0640,2507.4531,2437.4941,2389.5110,2375.5798,2353.7507,2412.9509,2384.7915,2349.0640,2405.1013,2421.3560,2448.1226,2404.9180,2279.9141,2249.3193,2269.4622,2263.5110,2270.8694,2196.9983,2161.2471,2252.4038,2366.8296,2355.0732,2299.3457,2170.2266,2193.0859,2121.4734,2050.8428,1996.5552,1894.7388,1876.8497,1932.7572,1907.4426,1904.8254,1903.3018,1796.7587,1825.7521,1846.8296,1700.1868,1731.4287,1621.6635,1618.3279,1648.2124,1633.7297,1545.8395,1582.3103,1560.0125,1562.6447,1607.1573,1508.9927,1473.2375,1414.4906,1451.7913,1354.0952,1291.0040,1211.7651,1135.8555,1150.8158,1084.4408,1055.7183,1071.3933,992.4135,995.1556,974.8419,931.4015,955.1354,1002.5009,939.9251,892.4260,940.0895,884.4540,927.4304,942.2073,898.0482,821.1292,839.7748,822.3502,805.4432,723.2307,661.2402,692.1143,621.3984,571.7351,493.6928,492.1633,395.6004,391.7922,346.8585,257.4590,237.2676,0.0000,0.0000,0.0000,0.0000,0.0000,0.0000,0.0000,0.0000,0.0000,0.0000,0.0000,0.0000,0.0000,0.0000,0.0000,0.0000,0.0000,0.0000,0.0000,0.0000,0.0000,0.0000
0.0000,0.0000,0.0000,0.0000,0.0000,0.0000,0.0000,0.0000,0.0000,0.0000,0.0000,0.0000,0.0000,0.0000,0.0000,0.0000,0.0000,0.0000,0.0000,0.0000,0.0000,331.7669,397.1219,421.7535,500.4791,517.8150,502.4216,516.6130,530.2174,556.2859,634.9028,654.4572,635.9061,689.1570,705.0944,657.4187,696.5803,739.1249,730.0457,747.1390,802.6962,862.1520,883.0366,871.4285,883.2723,839.1979,823.8945,825.6861,909.2823,908.1277,908.7170,965.0143,1056.2562,1066.5570,1144.6454,1184.1925,1229.1444,1363.4757,1414.0634,1377.1923,1422.8296,1422.8453,1476.4524,1504.2098,1417.8762,1399.1931,1467.7896,1440.3372,1494.1102,1554.1848,1571.7903,1683.1359,1725.5486,1756.6384,1756.1042,1711.9689,1765.3530,1730.7062,1760.8368,1821.7922,1745.3698,1821.8528,1921.2203,1856.5201,1969.8538,1978.8798,2037.8243,2175.7751,2214.0564,2199.4910,2199.3787,2153.6499,2097.6768,2198.2632,2117.7043,2102.1458,2182.9727,2333.1221,2347.4626,2304.4565,2337.8674,2403.3948,2412.6335,2406.3845,2349.8667,2348.3833,2457.2783,2519.2056,2669.0222,2705.0913,2636.9163,2661.5691,2791.9512,2678.5564,2744.9407,2661.6077,2667.7578,2914.9431,2928.6353,2880.4902,2819.0149,2760.6206,2834.3262,2920.9021,2903.9065,2826.0342,2844.3958,2844.2683,2927.7329,2989.6016,3072.7866,3055.3779,3019.8083,3132.5837,3023.5652,3017.6643,2993.8694,3014.1489,3038.5750,3119.0613,2997.3269,2995.3867,2995.3455,2996.2178,3022.2205,3060.3777,3019.2561,3078.0703,3050.5769,3024.7749,3011.7566,3016.1379,3016.5173,3080.0388,3102.7861,3097.4102,3076.5027,3073.2644,3047.4297,3029.4231,3031.4077,2959.4785,2995.8293,3236.4573,3204.8711,3285.1355,3363.2090,3232.0940,3300.0474,3331.0305,3068.0283,2977.4788,2962.5464,2928.4065,3086.5964,2993.6985,2926.8340,2989.0515,2974.2852,3000.5396,3152.2534,3029.5244,3092.6584,3195.5857,3221.2671,3245.7710,3097.3723,3042.4832,3207.2935,3155.2383,3120.3032,3004.8206,3007.9482,3080.1074,3136.6741,3102.4058,3131.4785,2978.1772,3005.6875,2992.4497,2875.8533,2870.7200,2805.3767,2846.1890,3049.3826,3018.4521,2999.1194,2975.9021,2964.5825,2923.5164,2951.6641,2890.5166,2909.1750,2904.3987,2973.5691,3063.6306,2952.3816,2966.7031,2994.4814,2998.8008,3058.1890,2976.2600,2969.5410,3054.6956,2974.2507,2993.3025,2940.4182,2846.1243,2923.1458,2992.8135,3028.1179,3133.5293,2957.3679,2931.4551,2980.1880,2939.4973,2784.5171,2706.6960,2696.2527,2734.2075,2769.0625,2619.8853,2536.0989,2444.1567,2415.2346,2402.4202,2302.0850,2339.8071,2269.2542,2380.6841,2525.3328,2526.8130,2383.4639,2412.4924,2304.6265,2320.6880,2311.2573,2086.0815,2164.6057,2123.6609,2055.5342,2066.6421,1926.6199,1801.7118,1843.1169,1874.3129,1924.5575,1985.1221,1875.7676,1911.4941,2078.5935,2256.5249,2345.1633,2357.6428,2477.9194,2560.3748,2567.6101,2444.1948,2288.5894,2247.0796,2295.1152,2273.8071,2254.6621,2206.4448,2126.0100,2277.1716,2337.7385,2284.6853,2387.6465,2416.4253,2429.6565,2492.1365,2395.4204,2287.1758,2313.2141,2357.7603,2340.6003,2382.9624,2465.3730,2461.0063,2414.8018,2407.7332,2298.9419,2253.6758,2230.1128,2144.1699,2177.8347,2301.1150,2316.3804,2344.8787,2407.1211,2341.4934,2263.6133,2160.7483,1994.9189,2041.3710,2043.5397,1971.7823,1962.9156,1945.0123,1911.2145,1960.1014,1915.9150,1800.0024,1765.4247,1773.6160,1775.9242,1705.6156,1699.4722,1640.4976,1638.7385,1657.7311,1610.3353,1522.7504,1543.9996,1552.6777,1620.2637,1608.4772,1481.5381,1425.7271,1397.0282,1351.4972,1292.5677,1250.9614,1154.9296,1128.5204,1120.8145,1028.8400,1069.7850,1009.5829,943.4739,970.9471,909.4533,927.4952,907.8577,947.4353,960.0725,1000.2515,954.1412,913.1073,866.8866,875.8261,841.9495,810.6035,757.8560,717.4453,714.6685,721.5886,668.8237,583.4598,588.0223,481.6081,457.2868,475.2237,430.9450,331.0746,281.0344,264.1775,265.6168,0.0000,0.0000,0.0000,0.0000,0.0000,0.0000,0.0000,0.0000,0.0000,0.0000,0.0000,0.0000,0.0000,0.0000,0.0000,0.0000,0.0000,0.0000,0.0000,0.0000,0.0000
0.0000,0.0000,0.0000,0.0000,0.0000,0.0000,0.0000,0.0000,0.0000,0.0000,0.0000,0.0000,0.0000,0.0000,0.0000,0.0000,0.0000,0.0000,0.0000,0.0000,0.0000,333.3680,381.4106,383.1343,477.2801,466.8507,474.5287,453.8658,584.3349,612.6984,570.6536,607.2237,614.6584,609.8447,633.3975,636.3674,659.1974,734.4440,773.4065,769.3035,806.3680,842.4926,830.2827,868.9127,841.2420,791.5885,842.2432,793.4627,900.4256,975.8569,899.1276,963.9984,977.1119,1025.6255,1126.8704,1189.5360,1249.4507,1295.4678,1374.6083,1388.1257,1396.0925,1414.0195,1403.3470,1417.6472,1466.4131,1455.0582,1364.6583,1466.1223,1526.6476,1523.4053,1636.9025,1605.1279,1614.1749,1744.3188,1746.8811,1817.6062,1762.7676,1656.3418,1734.2810,1787.6547,1745.8739,1739.3453,1799.7954,1848.1979,2043.6138,2083.0232,2137.5730,2162.9314,2201.5574,2167.7815,2119.7612,2115.1379,2098.0820,2087.3809,2209.5862,2309.7678,2240.8623,2304.4441,2301.0420,2332.1931,2367.1406,2353.9829,2377.2461,2435.3547,2398.1147,2484.7241,2583.9165,2506.0854,2586.0391,2627.7463,2564.9417,2583.0037,2577.1055,2627.1736,2705.2126,2730.4841,2748.0330,2779.9841,2758.0017,2732.7488,2737.0537,2796.2908,2804.7585,2813.9358,2957.9277,2980.5442,2754.3921,2850.7905,2827.5525,2901.7620,3136.6084,3030.0996,3092.1670,3123.4146,3075.8445,3143.4270,3094.9912,2914.5625,2964.2776,3087.5464,3077.1445,3065.2097,3001.8789,2996.1487,3084.2068,3103.9580,3070.9324,2959.1401,2887.5288,2984.9548,3066.6184,3137.7839,3160.6392,3017.0146,3108.7397,3129.7896,3045.7231,2994.4553,2896.9561,2920.8416,3074.1868,2988.9998,3158.0461,3203.2969,3214.6304,3359.3931,3408.2297,3247.4773,3117.9683,3096.3435,3065.2710,3126.8032,3042.1611,2990.4858,2978.1321,2944.7961,2960.5249,2885.7095,2934.0002,3006.2925,3146.8799,3188.7424,3241.0417,3102.2705,3137.1943,3142.5273,3155.1755,3124.4629,3087.4646,3081.7180,3180.2275,3057.0706,3121.4094,3114.0911,2986.5225,3074.3003,3047.0369,2980.7058,2929.9883,2931.2766,2977.4878,2994.8059,2932.7637,2900.9629,2921.9424,2946.6951,2945.7585,2925.1125,2961.8835,2990.2097,3011.5530,3081.0754,3010.2351,2867.7800,2873.0667,2987.0488,2924.5515,3015.2271,3000.7168,2912.5789,3073.9329,2973.3909,3034.8909,3008.1160,2899.7900,2918.1946,2921.0688,2899.4746,2956.7920,2951.5642,2985.6768,3069.9402,3001.5417,2956.9736,2853.0820,2772.9299,2827.6985,2781.2476,2759.7834,2755.7432,2627.7725,2694.4055,2567.0300,2364.9443,2364.9805,2228.1631,2306.3669,2365.2700,2370.7417,2405.5425,2433.3335,2373.6548,2386.9490,2378.2952,2232.8196,2163.9363,2184.2854,2248.0264,2198.3616,2120.8237,2078.6372,2034.2814,1856.1287,1850.5004,1828.3633,1853.1625,1939.3766,1991.6411,2098.8542,2091.7637,2082.3201,2315.2458,2367.7959,2513.3296,2596.7778,2504.0884,2434.1392,2432.6387,2255.6128,2205.7515,2202.4619,2207.1423,2216.2178,2204.9226,2128.1755,2145.5396,2202.1025,2300.3926,2406.7981,2370.6677,2372.4604,2342.8601,2356.8948,2330.0105,2308.3804,2259.3579,2300.8970,2387.1799,2505.5945,2472.6475,2313.2034,2313.8086,2303.3423,2292.5837,2300.0859,2191.2498,2221.7710,2337.9741,2364.8564,2409.9246,2387.9214,2210.5747,2235.1628,2220.3157,2130.4111,2040.4094,1968.6115,1984.9673,2009.4756,1916.8320,1928.5912,1865.3622,1841.4270,1891.0188,1811.7366,1796.8751,1770.8402,1731.2659,1707.7489,1649.0159,1576.8356,1572.2765,1540.3431,1546.3085,1586.5587,1556.1385,1552.6179,1606.4385,1542.5173,1388.7800,1402.8843,1303.6949,1240.4784,1240.7783,1191.2797,1121.0356,1080.3613,1000.2023,1033.7139,991.4532,969.4609,936.6078,938.6216,964.0113,974.6237,935.5803,960.4828,963.1210,955.2158,929.7535,874.3345,851.9517,854.8055,820.5721,853.9349,728.9828,687.6080,653.6892,659.0058,572.9156,560.4567,454.9932,469.7336,432.5623,356.1606,411.3146,279.4856,210.9174,280.5156,0.0000,0.0000,0.0000,0.0000,0.0000,0.0000,0.0000,0.0000,0.0000,0.0000,0.0000,0.0000,0.0000,0.0000,0.0000,0.0000,0.0000,0.0000,0.0000,0.0000,0.0000
0.0000,0.0000,0.0000,0.0000,0.0000,0.0000,0.0000,0.0000,0.0000,0.0000,0.0000,0.0000,0.0000,0.0000,0.0000,0.0000,0.0000,0.0000,0.0000,0.0000,0.0000,386.1884,368.3407,434.9713,455.4664,479.2065,530.1912,538.2349,518.2220,597.8398,606.2916,659.2521,613.0693,572.1733,753.3149,710.6846,751.5338,753.5667,735.7557,773.4579,784.7530,798.8792,784.1533,814.0363,800.0007,861.6659,859.6716,869.7998,870.5091,859.1476,906.5533,947.8553,979.8912,1050.6976,1108.3411,1165.3679,1335.7037,1315.0408,1328.8539,1355.1046,1351.4645,1458.7443,1426.2595,1444.2164,1474.3403,1425.0403,1398.9691,1497.5189,1526.4481,1535.8837,1640.4774,1634.1554,1703.8583,1787.9661,1775.5579,1767.0511,1762.0438,1755.5558,1722.4329,1628.1166,1724.4180,1833.9691,1885.6187,1944.0594,1964.0352,2046.3278,2159.1492,2113.2024,2167.7112,2143.8618,2142.5579,2208.0076,2174.6689,2145.0928,2238.1182,2318.2546,2279.8435,2424.3079,2272.0618,2286.1943,2376.9695,2474.4949,2533.6162,2472.2837,2414.6228,2523.4829,2526.8384,2542.2202,2523.8381,2531.4141,2592.7961,2669.7981,2674.2126,2691.3823,2615.4221,2626.6755,2695.9683,2743.1384,2743.9263,2756.0112,2693.0259,2927.8499,2915.2410,2845.6790,2885.4119,2754.6194,2740.3308,2921.3716,2826.2014,2897.1174,3081.1331,3077.6077,3215.8411,3205.3887,3052.0896,3016.7163,3005.7251,3015.5413,3056.9351,3032.9360,3133.7000,3175.3928,3109.7617,3069.1235,2998.4302,3002.8096,2966.8811,2910.5027,3052.8816,3047.9050,3073.4270,3207.1477,3151.6968,3041.0503,3108.2026,3000.8062,2975.1772,3065.6362,3027.7783,3033.5305,3079.9202,3084.7532,3185.2061,3220.8713,3142.3452,3215.6626,3228.7939,3299.3813,3226.7175,3105.8386,3153.8750,3106.2114,3051.4734,3058.2363,2803.1069,2904.7458,2876.0696,2969.9443,3128.5500,3139.0466,3055.8364,3147.9929,3124.1345,3078.3845,3153.3447,3073.1602,3099.7605,3235.2229,3194.0498,3196.9243,3139.7922,3024.7498,2998.7820,3029.4919,2946.9382,2957.0796,2959.2324,3004.1602,3032.2959,2936.3220,2855.1921,2874.7095,2869.0442,2937.1392,2862.3567,2858.0574,2904.9788,2923.3313,3128.0415,3086.8921,3011.4885,3027.5288,2954.3757,2950.2212,3093.8301,2934.1160,3056.4065,3084.1809,3030.2485,3058.1948,3014.8984,2915.2969,2996.0452,3025.8647,3046.6531,2998.4275,2919.1565,2982.6274,3051.3176,2989.6323,2966.2400,2923.6555,2912.0688,2904.4812,2876.4023,2906.1055,2888.8083,2797.1226,2856.3374,2787.0532,2648.6741,2514.7007,2470.4563,2391.5447,2403.9514,2355.3313,2300.4592,2272.7563,2268.5112,2343.4290,2291.3000,2320.1191,2290.5071,2298.7720,2281.8953,2250.5811,2177.4512,2235.2571,2160.5071,2160.7998,2092.8914,1956.6464,1892.3610,1874.3652,1905.1680,1969.0928,2038.4758,1988.7072,2139.8750,2186.8142,2258.5840,2390.9580,2405.8660,2514.0393,2623.2134,2516.3398,2401.5078,2308.9160,2121.8740,2269.3923,2246.1487,2230.7463,2259.8047,2221.3276,2224.7371,2202.6567,2144.3711,2261.5605,2337.4687,2390.5259,2441.1084,2339.2988,2349.5110,2335.3677,2211.5728,2366.5906,2329.5818,2282.7651,2390.5667,2433.1633,2374.8386,2384.9753,2310.0496,2262.2686,2320.0266,2261.7036,2232.1472,2280.7764,2259.5168,2343.7273,2352.7119,2354.0623,2213.8691,2168.3281,2138.9648,2065.8630,1972.7335,1975.0956,1892.1882,1973.3177,1934.9969,1878.2557,1913.3855,1865.5634,1788.3577,1818.9604,1750.8890,1646.1323,1643.6948,1619.5769,1634.0776,1543.0553,1546.1417,1555.9825,1556.6047,1566.7731,1550.6936,1510.0752,1461.0840,1374.8677,1366.2549,1381.6019,1242.7719,1155.4467,1166.6493,1107.0782,1086.5728,1013.3549,973.3824,964.8205,1033.5342,938.9292,949.9706,954.0627,921.1493,972.3745,947.7478,933.2242,945.4229,905.5266,905.6389,884.1891,821.7766,816.3795,787.1035,764.3505,696.9503,688.7042,711.9031,605.2138,559.3371,526.2717,467.6076,393.9515,391.2408,392.6430,281.9668,263.5395,260.4903,0.0000,0.0000,0.0000,0.0000,0.0000,0.0000,0.0000,0.0000,0.0000,0.0000,0.0000,0.0000,0.0000,0.0000,0.0000,0.0000,0.0000,0.0000,0.0000,0.0000,0.0000
0.0000,0.0000,0.0000,0.0000,0.0000,0.0000,0.0000,0.0000,0.0000,0.0000,0.0000,0.0000,0.0000,0.0000,0.0000,0.0000,0.0000,0.0000,0.0000,0.0000,0.0000,378.8448,378.4867,404.9827,416.6466,442.8861,547.2535,544.0833,547.0320,538.0316,617.9023,672.8825,685.3474,698.2346,677.7419,677.3638,728.3470,760.2494,704.9963,782.5475,753.7164,799.2150,842.2931,783.0870,821.6745,832.8292,811.0754,836.5676,827.2449,873.2961,922.6460,942.6910,1031.0513,1120.0973,1060.6615,1192.1343,1267.8037,1280.0117,1333.5431,1400.8129,1344.3619,1431.5300,1424.9650,1436.5554,1383.0613,1408.9800,1361.2621,1497.7994,1580.5419,1605.6324,1616.4966,1648.2346,1730.2455,1774.4382,1763.0892,1740.8167,1719.1915,1772.2808,1697.1776,1713.5514,1770.5898,1752.4724,1872.2059,1944.1323,1912.4619,2046.3994,2000.3320,2090.9177,2284.8945,2242.9727,2168.2117,2214.2146,2151.5693,2178.1895,2323.8328,2278.6523,2311.7595,2366.7654,2416.6316,2394.7625,2380.3345,2461.5447,2486.6201,2459.3879,2458.7263,2510.6926,2441.1174,2613.9709,2574.7717,2653.9648,2723.6353,2529.8027,2643.3005,2660.5032,2590.6306,2652.5867,2675.5869,2752.2014,2921.1550,2830.6023,2782.2478,2786.8110,2816.2773,2786.8577,2868.7937,2801.3606,2751.0544,2870.6619,2976.1829,3069.3643,3048.1431,3040.6396,3107.9268,3190.5994,3151.7341,3048.6455,3056.2722,3141.7549,3119.6040,3143.6453,3194.9944,2984.0569,3061.8440,3144.1006,3011.7930,3059.7844,3014.1907,2960.4690,3081.4797,3104.1956,3066.4260,3049.8755,2994.6133,3018.3855,3098.9561,3068.7532,2985.0347,2942.4705,2949.1729,3057.5740,3009.2444,3094.7874,3050.2683,3138.7651,3332.1560,3320.5522,3214.0708,3252.3154,3110.9739,3125.0217,3188.5181,3005.6750,2992.2810,2962.2275,2951.2864,3108.6467,2988.8796,2941.1736,3100.4307,3135.1636,3033.4436,3056.7163,2997.1348,3052.5784,3196.3914,3151.0081,3207.8550,3099.8657,3127.9224,3141.7336,3136.3679,3080.8477,3000.6997,3010.8472,3169.1584,3082.7559,3019.8867,2991.0935,2916.4099,2930.0657,2993.4485,2824.9929,2876.4556,2859.1721,2911.6736,3039.7461,2967.5876,2872.8035,3020.3567,3019.6768,3015.2688,3093.0801,3035.8613,3014.2397,3103.3027,3125.7449,3153.4268,3024.8318,3015.2542,3032.6011,3068.6021,3125.7119,3021.4280,3014.9092,3109.7710,3078.5283,3019.8000,2963.4756,2903.7585,3022.2954,3076.7043,2971.9995,3013.1116,2881.0405,2865.6382,2994.2366,2953.6311,2755.3420,2723.6689,2635.9424,2667.8625,2624.4524,2494.7739,2399.0808,2332.1260,2294.9917,2279.7061,2259.0842,2237.5210,2255.6826,2315.8547,2382.6624,2326.2209,2257.5071,2190.4700,2078.3628,2155.0403,2149.0415,2083.7988,2045.9117,2055.8416,1940.3392,1986.8303,1948.0555,1902.5175,1995.6018,2100.7788,2070.9871,2136.9385,2220.6831,2330.0093,2459.2246,2479.9988,2485.4380,2323.3799,2303.3689,2217.3770,2185.3596,2207.4578,2246.9680,2347.3103,2424.4373,2368.9832,2171.4714,2118.2051,2071.7627,2194.3359,2287.4968,2306.0164,2401.0920,2422.6235,2407.1716,2493.1843,2367.9463,2232.8691,2301.9048,2290.5774,2340.8506,2400.1038,2325.1262,2420.0022,2447.2871,2392.1230,2296.8933,2140.6838,2098.2317,2175.5115,2337.1096,2390.9900,2354.7358,2363.3477,2394.2195,2292.4011,2162.8064,2125.3040,1979.2411,2010.2402,2027.0548,1904.7823,1968.2461,1913.0718,1926.4971,1876.9097,1849.9460,1791.2296,1761.9811,1722.6439,1690.0278,1724.2434,1629.6553,1605.8370,1590.6077,1559.0559,1520.2097,1531.4336,1525.0189,1573.4321,1579.6774,1522.6042,1440.9813,1307.5248,1305.9188,1260.9407,1207.8279,1150.2808,1065.5962,1094.6345,1037.6005,975.0760,986.2205,959.6209,941.8919,947.5256,932.8403,891.4839,889.7100,927.8580,937.9071,908.7040,905.3904,853.3613,847.9520,880.2880,863.6681,786.0318,799.7557,760.8422,676.3372,634.3573,636.4713,551.1972,534.8141,431.8889,393.0348,352.4553,266.3820,260.0695,256.2783,161.4119,0.0000,0.0000,0.0000,0.0000,0.0000,0.0000,0.0000,0.0000,0.0000,0.0000,0.0000,0.0000,0.0000,0.0000,0.0000,0.0000,0.0000,0.0000,0.0000,0.0000,0.0000
0.0000,0.0000,0.0000,0.0000,0.0000,0.0000,0.0000,0.0000,0.0000,0.0000,0.0000,0.0000,0.0000,0.0000,0.0000,0.0000,0.0000,0.0000,0.0000,0.0000,0.0000,325.3454,397.5661,423.4137,435.5313,481.7740,484.3755,526.8904,599.5525,623.0022,641.0641,640.9232,619.9926,675.0635,683.2228,679.1473,718.6562,734.1938,765.6614,770.0604,776.9372,743.6194,738.2070,765.8701,776.8408,772.0969,788.2490,859.6782,859.4863,880.1838,947.5137,936.5933,1022.3195,1071.7087,1089.8754,1206.7737,1261.6823,1283.7794,1330.2028,1417.0330,1423.6716,1451.9087,1408.8864,1317.0334,1356.6401,1412.0529,1469.1832,1391.1810,1564.4396,1595.7500,1600.0184,1659.1198,1623.6887,1712.3624,1788.1691,1745.8778,1721.9496,1759.5553,1689.5104,1765.7838,1802.4437,1751.5844,1845.9604,1934.0852,1988.0188,2120.4705,2082.8823,2117.4932,2234.5154,2280.2087,2213.5027,2180.9734,2080.2571,2183.3706,2260.1931,2368.6587,2471.4136,2350.6575,2366.8721,2376.7905,2419.8276,2530.7832,2442.1528,2434.1165,2592.7075,2587.4751,2638.0461,2676.2637,2501.3752,2590.9819,2684.8010,2517.5503,2541.2627,2625.7007,2675.6619,2824.3271,2842.0283,2750.2578,2768.8054,2733.4204,2743.0259,2775.2588,2822.3064,2838.3677,2844.2219,2888.5835,2893.3599,2803.7795,2947.1953,2933.7007,3039.3105,3215.1899,3185.1335,3196.7195,3216.2263,3124.2104,3148.0667,3129.1191,3013.4338,3060.4329,3094.8894,3122.3357,3135.5605,3044.1943,3107.4712,3195.3030,3032.2219,2973.8250,2885.2800,2973.4441,3022.0256,3096.8076,3059.8264,3058.0813,2998.5859,3007.6855,2953.7205,2829.2373,2920.7883,2918.0181,3058.2021,3250.2136,3266.7573,3179.5010,3342.1138,3216.8064,3262.3359,3165.9006,2935.3491,3047.7498,3115.5674,3072.9006,3088.6594,2956.5845,2945.3435,3085.0537,3127.2253,3015.5713,2946.3091,2995.0061,3098.1953,3151.3528,3121.8760,3114.2019,3064.7163,3165.8137,3183.9729,3144.9485,3137.8203,2974.7100,3044.3208,3109.3188,3117.0017,3035.6824,3059.6919,2979.8950,3039.2393,2994.5195,2821.6934,2883.3853,2812.1965,2874.8433,2969.2664,2977.0239,2918.1267,2854.4919,2885.0869,2988.9875,2937.2600,2939.7126,3023.6667,3085.3867,3203.5779,3132.8767,2970.4338,3010.6069,2956.2778,3102.7695,3158.8105,3149.4033,3116.1951,3173.2671,3120.1504,3129.9019,3125.3723,3014.8030,2978.8469,3071.2407,3029.4585,3076.1228,3050.7732,3003.2771,3102.6514,2962.6931,2854.9314,2805.4790,2782.3933,2832.6455,2709.7563,2666.9243,2623.3669,2565.9387,2463.0405,2367.9695,2228.8713,2230.1448,2188.4321,2287.1160,2321.5537,2207.0476,2295.0925,2292.4639,2250.4265,2164.1985,2137.1926,2085.6609,2158.0588,2163.3018,2080.7612,2107.8452,2024.3524,1999.8656,1963.9353,1988.7792,1969.7365,2054.0437,2174.7520,2256.0747,2342.0078,2406.6475,2380.7756,2340.1941,2380.7874,2309.0632,2171.5884,2189.4666,2169.4980,2202.3760,2405.2983,2448.0413,2423.2786,2418.3425,2214.4170,2197.9773,2217.7185,2125.0979,2151.2656,2310.1501,2360.7351,2438.9597,2409.2422,2328.7869,2359.4775,2355.0037,2325.3899,2264.8442,2339.9905,2375.1028,2339.4209,2426.4441,2376.4387,2291.2932,2302.6716,2261.5876,2217.6340,2278.9880,2218.8767,2259.9941,2407.6335,2343.0264,2287.1455,2259.9424,2176.9866,2198.9556,2113.2656,2022.2010,1989.0138,1936.9146,1947.1444,1912.5896,1855.0211,1861.9835,1893.7714,1806.8102,1824.8987,1798.9700,1731.9344,1704.5587,1642.5649,1672.8975,1609.1553,1512.4728,1536.4990,1506.9445,1536.9152,1501.5593,1539.1854,1485.4001,1448.1600,1321.4369,1300.8713,1288.8400,1157.0082,1202.3322,1157.4447,1087.4993,1068.4865,1023.7501,922.4366,952.9261,881.8494,885.5784,873.3033,904.5667,881.1437,940.5814,915.1365,920.7688,934.6552,904.3470,879.8937,855.1476,831.0743,827.7607,754.9695,785.9553,714.5845,675.3188,687.1848,598.6003,538.7780,470.7747,431.7434,430.9796,378.7436,321.6330,299.7145,231.6565,177.8620,0.0000,0.0000,0.0000,0.0000,0.0000,0.0000,0.0000,0.0000,0.0000,0.0000,0.0000,0.0000,0.0000,0.0000,0.0000,0.0000,0.0000,0.0000,0.0000,0.0000,0.0000
0.0000,0.0000,0.0000,0.0000,0.0000,0.0000,0.0000,0.0000,0.0000,0.0000,0.0000,0.0000,0.0000,0.0000,0.0000,0.0000,0.0000,0.0000,0.0000,0.0000,0.0000,329.0407,342.7659,388.2564,482.8383,523.0728,515.6057,534.3459,551.7584,638.8029,625.0547,674.7625,646.3104,684.2284,721.9563,720.8890,782.1018,735.6990,718.5473,750.8892,728.8923,758.1378,793.3474,772.0361,738.3489,767.4680,839.9970,809.5165,877.2434,889.1495,930.1902,955.4464,993.8970,1073.6617,1167.3184,1241.0917,1268.6743,1291.2369,1321.0930,1344.9255,1379.4780,1358.4712,1408.5099,1391.3588,1404.2499,1471.5066,1503.2770,1455.2476,1509.8071,1531.6492,1606.9320,1692.5046,1710.4795,1749.7156,1758.9847,1696.0908,1752.1499,1699.5190,1632.9286,1702.8616,1711.0750,1808.4238,1888.5664,1962.2896,1995.0045,2063.6968,2093.5317,2132.1543,2157.0984,2250.1450,2281.5972,2248.7903,2265.6855,2229.9146,2219.7537,2419.1936,2375.3770,2327.1060,2403.1523,2399.8538,2433.1731,2584.2048,2501.1418,2540.0803,2556.4583,2582.4351,2644.4673,2628.7549,2569.9800,2579.2588,2552.3154,2644.6470,2699.2000,2711.1753,2702.5474,2737.0125,2794.2563,2771.6021,2746.5439,2792.7690,2743.6760,2810.1958,2969.4885,2903.8442,2833.0735,2865.3540,2845.3691,2857.9507,3004.2476,2971.7024,3075.3772,3261.8335,3272.2649,3202.6511,3107.7856,3001.3152,3056.8521,3164.3555,3152.5771,3144.6409,3077.8853,3121.9414,3235.2087,3187.4504,3113.8721,2978.3591,2967.2935,3016.9907,2976.9834,2993.9553,3014.9639,2992.1501,3145.5588,3058.9626,2884.9387,2879.7854,2798.0637,2871.5908,3088.0901,3063.3984,3121.9937,3203.4172,3205.4319,3260.6699,3256.2451,3129.7659,3072.3220,3053.1663,3110.5095,3155.5715,3079.5422,3091.0898,3041.6914,3018.9316,3015.6462,3010.7874,3071.0769,3153.6711,3094.3271,3209.9121,3180.6553,3009.9443,3142.1013,3114.3491,2973.1829,3047.6753,3066.7595,3157.6321,3207.2654,3137.6570,3156.3103,3000.5122,2951.8176,2997.8496,3098.4448,3034.0701,3043.9138,2935.9529,2959.2883,2956.6445,2847.2830,2797.9668,2903.9626,2782.4727,2859.9971,2865.1060,2855.9614,2989.0515,3022.3867,3189.4619,3090.4331,2977.6819,3141.2773,3126.7288,3162.5488,3195.1897,3067.8743,3079.6470,3201.5859,3199.0547,3105.9670,3087.8799,2958.7437,3096.9102,3171.3418,3167.0337,3068.6128,2936.5532,3005.2283,3127.2439,3051.2097,3017.3252,2934.2649,2888.5500,2932.7515,2856.4373,2807.4197,2759.9751,2645.9453,2658.4600,2607.4949,2407.9983,2413.1497,2235.8342,2240.3420,2247.4463,2215.8772,2190.5093,2224.7046,2215.3186,2229.7434,2215.0713,2136.9016,2093.8782,2133.5037,2125.1284,2125.3254,2052.7231,2077.8889,2059.6179,2084.4331,2091.7571,2045.6805,2136.7170,2214.1506,2285.8022,2356.3521,2379.5603,2354.5598,2368.0049,2363.1523,2259.9209,2217.8044,2187.4783,2200.1162,2244.2312,2275.2791,2366.5271,2478.4399,2507.5903,2445.1045,2362.8311,2232.8093,2153.8501,2185.3481,2211.3083,2242.6523,2203.6736,2297.8088,2393.9402,2427.1782,2421.4285,2381.7703,2398.7935,2315.4363,2324.4138,2399.4355,2355.2405,2328.2302,2415.4697,2388.8840,2372.2261,2361.7900,2234.7476,2226.4941,2330.8716,2246.6592,2240.3066,2277.6660,2288.9419,2299.7102,2294.5752,2199.2700,2189.9031,2099.3967,2066.2024,2041.2128,1881.7413,1837.3002,1865.6335,1861.1178,1949.9834,1868.1296,1823.7145,1819.5486,1751.7810,1783.2896,1717.9285,1628.1450,1642.3044,1574.1760,1567.0223,1623.5853,1561.5664,1481.7336,1521.9263,1523.8353,1433.8436,1390.7714,1350.9271,1356.1112,1321.9563,1273.9435,1199.6350,1110.0580,1061.5203,983.4741,940.6719,883.8082,925.3680,917.5950,922.0711,898.1005,886.6890,864.8305,889.4491,966.6223,924.8859,906.1685,904.2251,912.4941,872.9871,869.9976,791.8547,804.9874,735.4116,678.3862,646.9771,612.7700,589.9338,578.0248,510.0865,460.1049,412.3419,365.3381,323.1807,278.2063,237.8799,243.4678,0.0000,0.0000,0.0000,0.0000,0.0000,0.0000,0.0000,0.0000,0.0000,0.0000,0.0000,0.0000,0.0000,0.0000,0.0000,0.0000,0.0000,0.0000,0.0000,0.0000,0.0000
0.0000,0.0000,0.0000,0.0000,0.0000,0.0000,0.0000,0.0000,0.0000,0.0000,0.0000,0.0000,0.0000,0.0000,0.0000,0.0000,0.0000,0.0000,0.0000,0.0000,0.0000,334.7729,319.9529,402.1651,464.3511,475.0027,481.1583,541.6886,554.7443,576.0066,609.0674,622.1146,674.3876,712.6886,708.7310,683.0339,707.8185,714.6047,784.8215,733.7274,755.0762,724.4652,749.2922,802.8467,775.3212,787.9791,805.6313,823.7510,836.3297,874.9263,895.5543,988.6182,1050.3615,1088.2975,1163.7874,1189.5244,1231.6544,1308.1530,1293.8411,1366.8617,1352.3875,1338.3225,1449.1339,1338.2089,1365.5044,1395.0013,1417.2540,1446.2690,1512.5574,1567.2424,1626.9135,1635.6721,1675.3260,1769.6899,1728.3674,1734.3462,1683.9355,1677.0743,1737.6001,1721.3085,1751.3057,1868.4952,1860.1022,1945.7585,2041.5270,1937.1902,2015.1663,2072.2224,2147.9219,2299.3274,2314.6401,2227.8235,2283.4016,2296.1128,2194.5327,2297.4316,2269.0522,2344.0122,2453.9963,2514.0925,2493.3840,2510.5181,2470.5708,2508.6353,2527.3103,2596.8689,2592.9065,2587.4031,2647.9353,2642.6035,2603.5894,2607.7148,2622.0037,2707.9080,2825.7231,2752.6555,2856.1001,2784.5354,2735.7783,2909.2969,2855.8379,2740.2288,2826.8235,2852.8696,2868.2632,2893.4414,2781.9736,2937.5979,3013.9673,3107.7244,3127.1956,3169.4773,3142.1055,3081.0625,3107.2017,3048.7139,3085.2961,3054.3171,3201.8743,3175.2485,3168.4856,3134.7727,3038.6211,3088.5315,3109.2734,3003.7954,3062.3821,2954.3049,2963.7405,3147.5417,3078.3328,2932.1021,2986.9771,2862.2214,2887.4358,2935.9351,2862.9424,2882.0054,2996.7366,3075.8123,3109.7986,3137.0979,3227.1345,3182.3574,3265.0723,3274.7566,3183.0164,2944.5686,3089.5352,3028.4771,3149.7329,3064.1255,2914.7783,3000.4229,3080.5388,3130.5962,3250.0352,3082.5684,3027.2195,3215.5793,3168.5779,3049.2009,3041.1208,2977.9927,3023.1096,3162.0264,3198.3938,3132.7688,3111.1975,3114.0071,3039.9319,2996.5020,3000.9839,3021.2014,3053.5474,3171.5549,3058.4482,2881.6582,2900.3503,2813.4905,2851.1699,2913.6873,2901.2283,2846.0676,2890.4265,2932.9053,3041.0762,3047.3186,2931.1509,3081.7026,3166.1711,3144.0359,3162.6174,3095.9177,3158.0784,3224.7546,3160.8188,3110.3801,3088.4656,3119.6060,3172.6755,3177.7102,3084.7981,3120.2256,3093.9556,3198.2812,3027.6240,2909.4346,2901.0879,2872.8184,2997.6514,3043.1057,2939.3916,2944.6836,2892.3889,2835.5862,2824.1526,2719.9553,2497.4136,2496.7910,2484.8792,2435.4302,2390.4944,2209.5356,2167.7644,2119.3770,2156.4849,2103.8525,2080.2507,2109.4143,2155.7886,2189.8872,2185.4795,2040.3866,2078.8328,2080.5269,2041.4586,2090.0190,2098.5469,2052.3232,2198.7910,2322.2349,2304.9514,2325.6509,2315.8774,2336.4587,2418.2585,2426.6748,2341.1589,2315.2195,2201.9753,2208.6814,2231.8284,2212.4810,2102.7666,2274.1365,2390.2783,2442.6641,2506.6763,2557.7402,2461.3879,2352.9292,2332.1323,2306.0215,2159.1462,2186.6392,2163.0205,2349.5952,2436.2266,2331.3979,2452.6685,2477.4436,2342.7170,2366.8855,2292.4854,2257.7500,2360.4741,2358.0891,2370.0554,2421.1287,2386.8745,2422.6216,2389.7654,2308.5161,2207.0679,2175.3625,2220.3977,2314.3767,2317.2417,2340.3411,2331.3557,2280.8892,2284.2532,2117.3586,2048.0337,2005.8547,1992.0210,1923.8708,1915.3707,1849.1960,1836.2316,1835.7422,1853.6820,1870.7908,1797.6172,1744.4095,1723.1746,1730.4391,1671.6063,1670.7083,1578.1023,1535.9136,1578.8210,1528.9927,1491.9111,1448.5181,1469.8607,1481.1361,1453.4432,1446.3469,1311.4574,1236.1718,1209.0403,1126.9645,1082.6174,1005.1617,953.2388,942.0662,947.3127,872.6700,907.4594,857.7552,819.5175,867.1915,857.2493,878.6931,901.1959,863.4108,945.0939,932.5129,872.5749,831.5717,811.8667,768.3234,798.2220,727.4226,723.1381,700.4744,666.6431,603.8171,547.9068,521.4127,469.1535,419.5235,384.8869,334.7108,282.9591,321.3288,221.0891,0.0000,0.0000,0.0000,0.0000,0.0000,0.0000,0.0000,0.0000,0.0000,0.0000,0.0000,0.0000,0.0000,0.0000,0.0000,0.0000,0.0000,0.0000,0.0000,0.0000,0.0000
0.0000,0.0000,0.0000,0.0000,0.0000,0.0000,0.0000,0.0000,0.0000,0.0000,0.0000,0.0000,0.0000,0.0000,0.0000,0.0000,0.0000,0.0000,0.0000,0.0000,0.0000,323.5196,382.1628,409.7204,450.7766,497.5491,535.3816,550.1268,552.2402,587.6255,610.7830,677.1780,658.4327,678.1863,701.2097,736.4449,728.2527,738.8935,772.8450,771.0964,783.2812,695.0510,746.0042,748.6813,734.9205,829.3728,754.1075,788.4332,846.4509,893.3597,942.7892,926.0693,1013.3908,1100.9720,1136.2224,1209.0015,1327.6578,1282.6250,1302.7434,1380.9707,1367.4728,1339.5060,1325.3640,1315.7916,1400.9672,1407.8239,1469.6987,1514.9296,1507.9288,1594.0865,1636.8735,1614.6125,1651.4021,1662.1366,1731.8302,1835.4279,1802.9814,1754.2806,1718.5481,1741.2578,1788.0822,1933.9395,1900.6914,1907.0135,2021.2744,2010.9807,2134.6956,2158.1567,2140.3638,2265.8606,2276.0813,2239.4463,2172.0488,2257.0442,2262.8137,2360.8601,2387.8127,2414.1433,2391.2197,2431.4263,2441.6743,2511.7900,2622.0811,2545.7632,2554.0120,2715.5005,2660.0857,2630.2830,2663.8628,2567.1846,2601.1389,2655.8081,2640.9946,2698.4880,2785.1438,2797.4539,2902.0859,2771.7073,2704.9180,2756.8689,2761.9275,2785.0227,2850.7737,2795.2437,2888.9465,2947.9343,2962.1868,2928.8608,2795.3604,2954.4109,3029.8103,3136.3350,3195.9080,3101.1982,3053.2251,3201.7795,3050.3833,3031.9355,3118.4570,3014.7119,3174.2649,3199.7107,3152.1785,3158.4995,3026.2332,2971.0359,3158.6255,3041.4146,2934.8833,3006.7075,3070.3813,3020.5386,3093.6445,2998.6731,2977.3977,2906.1553,2938.2068,2923.8347,2897.6978,3037.4875,3049.9731,3196.9910,3370.2131,3296.8296,3285.2983,3280.1116,3080.2673,3051.2107,3101.0129,3007.7063,3079.0569,3112.0735,3119.0530,3115.9504,3109.4241,3064.5537,3192.4966,3102.3198,3072.7576,3082.4019,3085.4519,3233.9490,3199.4983,3119.5325,3009.0208,3018.3577,3095.5007,3112.3921,3026.6252,3141.0986,3018.5757,3086.7400,3203.2720,3105.8958,3026.5732,3065.8638,2982.9382,3037.2332,2951.4255,2835.4473,2921.5703,3033.9333,2951.8198,3113.9187,2993.2114,2925.3765,2988.3716,3074.4341,3087.9397,3076.1335,3143.3896,3237.8650,3253.6377,3255.3530,3107.0720,3052.1360,3095.2649,3146.2314,3186.9297,3261.8704,3156.3584,3129.5564,3230.9963,3055.2913,3043.0637,2973.5835,2889.0959,2941.8962,2948.8557,2920.0981,2965.0764,2959.3311,2973.1777,3089.0745,2956.9087,2860.8479,2746.9514,2690.2729,2629.8477,2531.1902,2409.6963,2364.8525,2275.6941,2199.7917,2104.8428,2041.5918,2055.9612,2119.9053,2164.8418,2263.3257,2149.7979,2056.9656,2146.8967,2038.5999,2017.4932,2070.3896,2051.6875,2177.4834,2313.7161,2240.8091,2312.9417,2335.5327,2332.0542,2422.3313,2438.2351,2446.6592,2467.8779,2431.7764,2391.1416,2279.1570,2152.8530,2133.8254,2146.3450,2215.9629,2286.8672,2293.7798,2481.0422,2492.1626,2525.7090,2511.6545,2385.5342,2340.9175,2406.9355,2315.6362,2257.6477,2254.3181,2201.9687,2306.5974,2468.7373,2478.7424,2452.8848,2350.9993,2308.1062,2409.1875,2392.8743,2419.7893,2367.4397,2345.3315,2457.9963,2459.9224,2416.3491,2365.8003,2278.4312,2283.4011,2259.0183,2187.1775,2324.0083,2288.0439,2358.8264,2414.2637,2370.3591,2241.3494,2154.2625,2120.5767,2141.1943,2072.8965,1966.1945,1895.3810,1860.3593,1780.1412,1805.9943,1791.2104,1809.8502,1788.5157,1807.8337,1769.8512,1728.7153,1645.7736,1660.2615,1621.5684,1633.6401,1593.2399,1549.4844,1574.6084,1535.1060,1499.7185,1497.9805,1469.0476,1412.1133,1416.8229,1279.0378,1263.7612,1185.0828,1118.5005,1101.0438,1080.6613,946.3376,943.2256,946.8440,862.0420,876.7231,869.6276,862.1118,841.2638,912.8758,949.0287,883.3963,872.4681,894.9217,887.5649,886.0411,833.7988,781.9234,815.9507,738.9210,723.8290,714.2127,637.5347,569.0339,608.1729,508.9977,537.4185,463.3634,394.8117,383.2784,326.7655,306.1138,295.6534,221.0963,0.0000,0.0000,0.0000,0.0000,0.0000,0.0000,0.0000,0.0000,0.0000,0.0000,0.0000,0.0000,0.0000,0.0000,0.0000,0.0000,0.0000,0.0000,0.0000,0.0000,0.0000
0.0000,0.0000,0.0000,0.0000,0.0000,0.0000,0.0000,0.0000,0.0000,0.0000,0.0000,0.0000,0.0000,0.0000,0.0000,0.0000,0.0000,0.0000,0.0000,0.0000,0.0000,349.3875,361.3789,409.2755,424.1830,471.2328,509.1133,558.6796,558.2187,592.1754,616.7226,672.6511,640.4711,730.4130,731.0554,694.2231,751.6915,729.5385,748.4995,747.9482,687.0449,712.0670,760.4233,787.3131,815.5155,810.6217,759.7352,822.7438,887.3404,854.2678,921.4587,878.2552,1005.2222,1040.1205,1133.2582,1237.2388,1319.0739,1282.1143,1326.9570,1303.1775,1344.8501,1295.8887,1299.8722,1381.9753,1382.5115,1384.1014,1426.8239,1481.5945,1447.3518,1527.4814,1505.7516,1647.3430,1763.0668,1708.3596,1753.6119,1829.6322,1772.7495,1752.8815,1727.8463,1647.7698,1771.3201,1879.3271,1921.0490,2021.8744,1989.6385,2011.7452,2120.3660,2178.6313,2132.6648,2083.8716,2192.9268,2232.5950,2299.0208,2377.2495,2340.5488,2239.3489,2337.6306,2424.8767,2360.1282,2451.0391,2386.7742,2475.5850,2678.0986,2597.4124,2562.9893,2625.5073,2554.1685,2671.6765,2681.2371,2587.9116,2601.9778,2576.3469,2719.7246,2795.8013,2735.1555,2733.4187,2708.1077,2765.9368,2747.2415,2734.4453,2825.3088,2887.2842,2888.9097,2979.6648,2944.5107,2786.9851,2887.3257,2834.6584,2923.0603,3085.4446,3048.8784,3142.0090,3233.3191,3141.1475,3050.4841,3088.6597,2981.3865,3051.4407,3185.9236,3185.7256,3159.8887,3128.4172,3076.5083,3186.2195,3007.6218,2997.7944,3010.5823,3025.4111,3113.7046,3059.6973,3034.2300,3170.0403,3068.1953,3140.4067,2981.2451,2760.3259,2878.4253,2881.2395,2971.0042,3166.7629,3088.9656,3167.2478,3338.7971,3273.3447,3187.2134,3198.5564,3030.9487,3128.1423,3102.9878,3128.6355,3123.6719,2931.2395,3032.7659,3057.3416,3193.3154,3135.9243,3032.1248,3117.8552,3231.1128,3241.3333,3216.4687,3113.7947,3023.4868,3097.5791,3055.1899,2982.1565,3050.5491,2980.2466,3081.7178,3212.8032,3093.8137,3074.6418,3076.1646,3026.7117,3119.5164,3106.5447,3099.4165,3052.2642,2992.4409,3035.0422,2994.9849,2935.3181,2931.1650,2988.9109,3046.3235,3092.9253,2973.3455,3052.3750,3182.5010,3194.0891,3228.5251,3207.2954,3140.6780,3163.9836,3112.3220,3123.9058,3215.0962,3127.6650,3245.0981,3322.4958,3149.9397,3091.1506,3080.7952,3033.0679,3075.4905,3106.3347,2943.3264,2895.3389,2887.0054,2869.3767,2923.6609,2955.3662,2976.4358,3020.3840,3054.7708,3009.0347,2841.4929,2700.2427,2690.2925,2551.8105,2524.2878,2325.5613,2134.6123,2177.2139,2134.3455,2161.2900,2198.0522,2094.1460,2087.0962,2197.4390,2139.6841,2076.1963,2046.3093,1942.3969,2099.2197,2218.9092,2214.6296,2219.0459,2201.4102,2317.7517,2439.6411,2494.8616,2481.6123,2439.3325,2528.6167,2521.4629,2476.2983,2379.5920,2256.5896,2080.1289,2154.8083,2200.6736,2232.4575,2321.3618,2338.3643,2472.1975,2527.8569,2384.2046,2351.8452,2521.6211,2437.8826,2470.7849,2422.8928,2341.8772,2309.3906,2262.6648,2273.3245,2348.6606,2353.8855,2359.6848,2503.4790,2453.0186,2397.2847,2397.0115,2430.3867,2479.5056,2413.6475,2455.2761,2436.9919,2354.8145,2423.0723,2397.3022,2323.1189,2342.9109,2208.3599,2244.0383,2393.5327,2305.7468,2322.0156,2363.6184,2345.9780,2296.9116,2235.5422,2116.0674,2134.2073,2059.6709,1993.2247,1884.0303,1792.3341,1767.2130,1766.4834,1835.7194,1864.4202,1739.5668,1784.8092,1766.3013,1659.7794,1692.7372,1623.7135,1597.5798,1637.7922,1648.9818,1613.1982,1568.5186,1520.5299,1466.2699,1541.9595,1487.8365,1410.2443,1361.9719,1280.6749,1304.3781,1240.2830,1170.1284,1094.9741,982.1923,982.6000,904.5161,923.5466,890.3881,881.3021,904.6376,900.9843,862.9105,832.1533,870.1298,889.2571,920.7347,948.0915,917.9872,855.4328,827.7027,817.3704,818.0248,725.0870,702.6055,710.0876,646.4320,587.3657,575.6021,513.8714,507.9788,478.6431,393.3590,384.1396,349.1237,319.8332,248.2125,237.4072,0.0000,0.0000,0.0000,0.0000,0.0000,0.0000,0.0000,0.0000,0.0000,0.0000,0.0000,0.0000,0.0000,0.0000,0.0000,0.0000,0.0000,0.0000,0.0000,0.0000,0.0000
0.0000,0.0000,0.0000,0.0000,0.0000,0.0000,0.0000,0.0000,0.0000,0.0000,0.0000,0.0000,0.0000,0.0000,0.0000,0.0000,0.0000,0.0000,0.0000,0.0000,0.0000,288.9079,373.0755,419.1405,451.1951,462.3827,466.6257,484.9244,547.1661,570.8004,631.6964,647.8871,667.0665,723.2871,725.0240,691.1602,685.6585,754.7501,708.6353,714.4426,693.2236,724.0302,734.6208,801.5415,804.9989,785.5424,782.4815,851.3113,820.8542,867.7783,898.8412,935.3956,1019.0171,1089.1635,1164.8850,1201.2428,1199.9470,1279.0370,1267.5845,1251.7142,1315.3162,1254.8403,1291.9868,1363.5911,1381.5603,1308.3428,1335.6807,1396.2053,1410.4210,1610.0991,1639.4962,1643.8589,1736.4103,1726.8669,1756.0417,1728.2902,1739.2754,1755.4944,1754.4597,1804.6832,1860.2832,1846.5367,1957.2179,2021.1027,2026.0544,2082.2141,2005.5206,2090.9768,2185.9785,2145.4526,2300.1104,2225.9622,2239.4583,2377.7236,2305.5769,2290.9690,2355.3225,2357.1555,2455.6418,2563.5613,2490.2588,2514.3787,2521.6069,2459.9165,2534.0842,2675.0117,2640.3003,2667.2751,2692.1108,2683.9534,2704.6104,2579.6626,2711.5967,2678.2476,2762.7830,2799.8645,2699.3257,2675.4036,2778.1963,2725.5461,2904.9182,2888.2227,2821.8665,2911.6306,2941.4277,2901.6379,2924.5425,2843.5737,2964.5491,3170.6262,3117.2124,3099.6765,3022.9253,3038.8936,3045.8003,3090.2070,3074.5200,3024.0715,3067.3677,3189.8867,3188.9207,3093.1323,3042.5071,2983.0962,3080.7522,3115.5830,3027.1946,3036.6465,3045.7983,3068.1079,3110.3337,3150.9446,2954.6760,3001.0027,2872.9397,2985.0796,3015.5686,2908.6099,2886.2808,3138.0427,3075.9719,3180.5422,3172.8750,3159.0254,3179.1838,3275.3516,3204.3796,3036.8938,2968.7119,3085.8425,3033.6477,3059.2607,3097.5823,3030.1667,3186.0010,3316.5603,3196.1638,3162.7651,3178.6277,3114.8545,3225.3625,3166.2881,3034.8823,3021.2498,2986.8240,3096.7405,3174.1428,3005.0525,3036.2605,3101.6167,3071.4153,3081.9724,3042.2415,3102.8057,3159.0706,3246.4663,3272.4949,3107.1196,2919.0283,2936.0176,2963.7917,3114.3567,3124.4851,3005.3135,3138.1472,3210.6218,3120.6504,3232.5161,3143.6633,3093.7563,3239.3936,3248.3247,3162.6067,3190.5022,3061.9995,3168.6919,3248.3501,3171.5549,3078.4424,3043.5959,3048.9131,3117.3750,3151.6011,3091.1729,3022.5459,2938.7769,2995.0371,2896.9451,2805.2322,2757.8730,2728.1016,2923.3408,3126.7158,3025.2249,3027.2600,3035.3435,2855.0227,2857.7441,2697.2727,2488.4597,2531.2764,2397.3611,2348.3618,2325.0610,2223.4634,2138.3967,2208.0496,2206.7805,2133.9763,2144.3667,2071.2178,2120.6853,2152.5625,2185.4756,2200.4597,2185.3242,2238.7942,2272.5771,2318.1216,2371.9050,2427.2063,2524.1729,2612.1743,2485.3123,2459.4409,2405.4631,2281.9316,2223.2671,2150.7251,2071.9048,2175.5935,2235.7810,2414.2024,2531.7366,2359.3879,2291.4187,2420.7908,2342.2417,2445.9875,2374.7324,2473.7329,2594.6089,2501.0769,2316.4265,2254.3428,2250.5378,2292.8525,2270.2705,2432.7363,2488.0354,2367.6335,2455.2354,2511.7996,2359.6384,2403.5359,2424.7776,2315.4351,2501.2820,2441.5330,2399.7737,2401.1443,2294.6831,2260.1160,2304.7815,2267.8169,2262.2385,2284.4331,2355.9001,2374.0981,2365.0750,2364.7195,2308.6082,2304.2061,2171.3975,2069.8416,1973.0487,1949.9324,1864.6476,1819.8129,1925.2994,1829.8730,1826.4009,1864.6628,1774.0731,1809.6144,1749.5865,1638.6116,1766.7632,1684.1632,1610.9011,1611.2338,1580.1519,1542.7716,1545.0862,1516.2056,1546.8291,1502.7886,1481.7068,1486.7469,1401.5205,1293.5457,1260.0988,1165.6417,1152.7532,1077.1122,977.3005,1012.7916,905.9684,950.6959,933.9008,823.2933,845.4460,901.2592,873.6913,845.8560,879.8077,878.9023,911.4739,951.8505,904.2163,867.6490,832.8305,781.0845,758.5696,731.3001,667.1834,679.6888,645.0206,638.3698,557.9136,560.6193,469.4388,443.5027,391.3352,354.4808,345.1807,335.7806,244.7364,193.0468,0.0000,0.0000,0.0000,0.0000,0.0000,0.0000,0.0000,0.0000,0.0000,0.0000,0.0000,0.0000,0.0000,0.0000,0.0000,0.0000,0.0000,0.0000,0.0000,0.0000,0.0000
0.0000,0.0000,0.0000,0.0000,0.0000,0.0000,0.0000,0.0000,0.0000,0.0000,0.0000,0.0000,0.0000,0.0000,0.0000,0.0000,0.0000,0.0000,0.0000,0.0000,0.0000,340.8820,363.5635,385.7032,394.8038,478.1737,466.3316,492.8276,519.8243,624.5527,659.9627,663.7064,592.8240,696.5735,708.3737,654.8796,711.0212,674.5887,680.3252,735.7128,722.0107,720.5601,722.7957,729.7935,756.1149,787.1874,848.3771,853.5511,875.1578,906.5030,918.5016,961.7543,1020.6966,1064.6334,1139.6323,1227.5405,1238.7051,1247.8025,1262.9108,1268.8566,1336.7217,1268.8900,1264.2457,1306.3337,1312.4926,1331.2372,1336.4034,1402.0472,1483.0867,1539.9628,1582.9634,1634.6635,1659.0577,1709.3042,1712.8420,1802.7312,1892.5768,1747.2761,1688.4720,1831.9590,1831.5094,1892.8346,1964.7781,1938.1465,2087.1274,2164.6106,2155.6770,2181.2356,2115.9470,2140.2393,2225.2798,2293.2976,2268.4939,2199.3667,2252.9778,2368.2947,2411.8860,2388.4324,2451.7185,2502.7583,2480.3645,2515.3005,2522.4746,2555.6707,2547.8464,2590.3953,2774.2522,2612.0745,2558.6675,2583.7727,2524.1543,2691.9087,2769.4424,2743.7004,2832.2217,2848.4644,2805.5117,2814.0776,2761.5203,2743.5156,2855.8022,2870.0474,2990.2029,2972.2815,2939.5574,2977.6675,2994.5713,2955.6685,2957.8210,2972.2324,3037.9282,3068.9817,3083.7395,3121.6245,3083.1624,3046.2649,3141.6575,3023.7659,2970.0469,3158.9285,3045.5330,3144.2329,3204.2424,3045.5784,3089.8284,3116.6255,3051.4207,3123.9453,3040.8477,2982.2788,3010.0664,3100.8257,3092.9495,2962.1191,2897.3958,2872.8411,2973.3286,3012.2510,2907.3901,2929.7571,3032.4333,3206.5588,3296.3242,3390.4114,3218.2148,3066.5112,3157.8447,3034.8650,3058.9863,3088.7009,2964.2913,3072.6567,3181.3799,3137.3760,3153.9741,3202.9783,3076.0305,3257.4409,3225.4980,3139.3572,3148.0569,3138.0525,3161.3093,3126.2837,2939.4792,2993.9583,3015.3992,3042.5774,3062.6992,3027.8262,3167.4446,3031.6272,3145.5657,3296.3970,3228.8235,3171.6929,3264.6001,3051.6321,3065.6257,3087.1631,2963.2520,3076.3538,3166.8372,3058.2710,3158.7705,3113.6831,3033.6255,3236.8792,3184.5798,3208.3564,3209.7212,3189.0686,3205.9014,3186.2725,3139.2205,3099.3696,3052.6724,3078.8074,3123.5200,3063.8879,3152.0769,3028.9592,3122.5017,3139.1724,2895.6067,2850.9788,2939.5127,2809.7854,2849.3140,2884.0105,2695.6133,2795.5977,2905.9541,2950.0823,3082.4692,2904.4302,2861.5159,2844.7239,2882.7148,2750.7310,2638.4863,2491.5896,2446.4919,2389.4590,2425.7454,2311.2881,2211.0430,2269.0688,2276.0005,2287.0544,2314.4128,2168.1687,2164.6487,2241.9658,2252.8264,2308.4629,2315.3413,2316.3906,2412.2290,2491.3445,2431.1431,2430.2815,2351.9885,2283.4380,2344.1492,2265.0967,2218.9338,2166.5510,2164.7749,2270.8755,2364.4258,2397.1016,2379.2141,2347.5999,2303.5874,2255.9001,2306.9968,2349.2590,2548.4138,2604.5554,2625.7393,2379.3967,2311.3767,2401.6101,2251.8064,2274.1479,2378.7915,2414.6560,2429.9268,2512.2571,2458.1182,2395.6577,2364.2998,2348.2417,2386.7727,2438.5010,2384.5759,2412.3232,2454.1731,2541.3616,2408.6973,2298.8918,2251.9197,2237.2839,2323.7302,2310.5825,2320.0354,2380.3523,2359.8914,2381.1985,2362.4011,2285.0178,2175.4839,2166.8459,2117.8379,2088.5786,1965.1144,1846.9567,1906.4852,1866.1832,1817.0571,1807.7861,1799.0962,1718.9000,1837.1968,1742.1526,1703.7474,1644.5059,1595.2001,1593.4095,1598.0217,1571.1495,1542.2988,1489.7701,1523.5244,1588.8453,1507.8358,1442.5553,1430.1781,1391.8462,1353.8142,1223.3030,1179.4384,1090.5353,1038.2587,1029.0869,978.5589,885.8002,882.4093,866.5045,848.2246,876.1506,869.6409,842.4528,882.3852,899.6093,900.4641,881.3043,904.1840,864.0758,848.6597,764.3107,789.8076,743.8934,689.2180,665.8013,680.5529,630.3503,568.8401,563.5385,540.3448,520.5623,465.9270,410.3354,402.8908,379.0576,309.3255,242.1763,226.6854,0.0000,0.0000,0.0000,0.0000,0.0000,0.0000,0.0000,0.0000,0.0000,0.0000,0.0000,0.0000,0.0000,0.0000,0.0000,0.0000,0.0000,0.0000,0.0000,0.0000,0.0000
0.0000,0.0000,0.0000,0.0000,0.0000,0.0000,0.0000,0.0000,0.0000,0.0000,0.0000,0.0000,0.0000,0.0000,0.0000,0.0000,0.0000,0.0000,0.0000,0.0000,0.0000,329.5928,358.3183,375.4836,422.0347,439.1096,460.7136,494.1911,565.7534,565.3440,638.6603,710.5327,702.7227,674.5140,700.8585,669.4092,687.5187,734.5902,722.0615,703.2495,685.9573,695.9960,739.3358,740.2264,745.4344,785.7025,810.7667,810.0715,844.9825,907.0160,893.3185,924.3733,1017.5395,1105.3053,1164.0559,1192.6298,1230.6268,1247.1440,1235.5858,1216.1139,1276.9003,1268.7570,1277.6323,1266.8114,1363.6858,1376.5659,1357.7920,1426.9778,1491.3787,1491.1436,1597.0201,1615.5085,1651.5437,1795.9099,1743.2450,1783.4908,1799.7468,1749.1206,1788.7595,1797.7969,1840.1667,1894.7593,2043.7560,2036.5833,2081.4348,2097.3464,2094.3838,2183.0625,2167.0110,2178.0562,2166.0513,2179.6702,2304.0732,2331.7932,2336.5012,2335.1067,2286.5293,2408.9246,2476.3027,2426.6562,2496.9387,2526.3608,2633.4392,2718.8840,2550.6572,2559.4524,2612.4724,2558.5339,2594.4189,2539.7400,2529.5203,2638.9316,2787.2756,2852.1411,2864.8167,2710.9492,2729.2021,2777.0828,2828.8723,2892.3208,2895.1167,2925.8745,3075.7136,3013.0918,3044.4602,2909.8279,2774.6899,2984.3892,2995.8511,3016.7200,3131.7031,3008.5349,3058.9678,3197.6790,3076.5710,2974.5396,2959.5681,2895.9648,3073.5830,3111.4546,3062.6924,3167.2166,3088.7515,3092.7131,3132.0107,3065.7776,3072.9512,3014.6558,3107.3376,3115.7173,3016.5188,2998.5811,2978.0574,2904.7454,2933.7361,2919.0452,2800.8772,2947.4731,2980.2666,3052.6853,3234.1580,3208.4270,3233.0188,3347.7510,3125.9231,3108.5842,3087.6357,3058.9565,3139.9497,3205.2361,3173.8801,3119.6702,3102.7510,3087.3064,3179.3335,3164.2944,3132.8162,3172.5771,3229.8704,3343.3767,3183.4341,3113.0427,3122.3647,3017.9099,3099.3057,3075.5117,2973.0671,3083.1326,3162.4626,3166.3145,3263.9089,3111.3987,3063.2712,3189.7085,3207.3369,3292.5469,3266.5115,3162.6626,3175.8110,3136.5327,3114.0640,3112.8757,3009.3398,3072.8291,3100.6914,3175.1533,3165.4912,3141.2805,3176.2534,3209.4573,3236.3660,3209.4602,3182.1597,3093.5781,3166.0757,3172.8762,3097.6853,3104.0930,3025.6863,2975.3350,3155.1211,2996.9045,2955.9124,2984.3413,2863.5652,2928.3435,2937.0852,2837.8469,2808.2119,2804.8606,2697.8826,2697.3679,2823.9419,2813.6428,2926.5618,2979.5371,3006.2742,2886.4746,2859.0847,2818.5515,2753.8589,2763.2083,2650.4502,2503.3953,2550.7559,2442.1641,2384.8315,2447.4971,2335.4963,2331.2207,2385.3560,2308.5808,2347.5012,2359.7322,2321.1099,2383.1360,2356.0715,2359.0386,2327.6355,2260.3711,2267.9370,2315.4033,2231.9102,2210.8970,2243.6194,2294.5725,2267.0112,2247.5386,2267.0330,2379.0127,2426.3196,2502.4849,2475.1646,2325.1462,2279.0156,2253.4233,2350.6221,2523.8821,2392.7729,2410.0518,2477.8403,2482.9702,2445.7373,2289.4309,2329.6975,2497.5598,2345.5059,2395.5249,2382.2695,2342.4514,2350.5479,2488.7661,2427.8691,2404.7666,2324.8042,2390.7544,2437.3840,2471.5435,2430.5398,2361.6401,2307.5598,2401.0103,2347.6265,2288.3450,2325.4797,2291.3291,2366.5303,2432.4629,2329.8921,2259.1641,2292.3098,2249.1069,2255.3511,2202.9680,2067.2847,2045.8956,1987.9020,1921.4990,1859.1465,1820.7974,1808.3828,1827.5399,1866.1418,1873.5021,1746.0723,1753.5287,1721.0724,1612.4081,1569.4126,1556.1617,1530.0640,1599.1909,1562.0863,1504.4590,1538.2566,1476.4041,1436.1345,1490.3774,1424.7094,1326.9073,1324.5897,1243.5579,1178.6088,1145.8104,990.3584,1000.9344,999.1135,928.6682,889.8688,902.7991,863.9888,916.7088,880.7811,908.6442,878.8898,835.0586,876.4906,894.9608,942.1050,864.1953,836.5339,831.4230,818.5301,717.3415,730.1225,625.4645,639.4010,633.8118,596.4944,561.8522,490.9133,453.4729,393.0897,398.2996,308.2592,305.2940,284.9063,295.8883,207.4163,0.0000,0.0000,0.0000,0.0000,0.0000,0.0000,0.0000,0.0000,0.0000,0.0000,0.0000,0.0000,0.0000,0.0000,0.0000,0.0000,0.0000,0.0000,0.0000,0.0000,0.0000
0.0000,0.0000,0.0000,0.0000,0.0000,0.0000,0.0000,0.0000,0.0000,0.0000,0.0000,0.0000,0.0000,0.0000,0.0000,0.0000,0.0000,0.0000,0.0000,0.0000,0.0000,348.5180,339.8831,410.4276,416.6797,460.5479,495.8647,483.8718,523.1840,598.7693,555.0218,674.8550,684.3506,688.2654,741.3352,711.7459,664.9713,675.7134,690.2100,695.0923,737.2084,730.6301,742.3663,766.4216,787.6171,796.5007,792.5809,794.7510,842.7795,867.2510,942.4844,975.4421,1053.0656,1101.7372,1168.1129,1202.4706,1208.9861,1156.5082,1256.8928,1285.6941,1252.3285,1266.6956,1266.0470,1308.3998,1354.4607,1335.2433,1327.4594,1412.0156,1406.4950,1558.6421,1693.3632,1655.4982,1699.7799,1808.9985,1793.5035,1757.7938,1725.2260,1725.0713,1786.5117,1851.2825,1954.1072,1963.2523,1968.9342,1988.8619,2065.9919,2167.8850,2198.0518,2087.1169,2224.1125,2301.0339,2239.6509,2297.4294,2269.1589,2270.4656,2360.6753,2333.3625,2286.3484,2402.7485,2407.5652,2504.4192,2647.8872,2555.3892,2573.5283,2622.2322,2633.6248,2653.8374,2662.7930,2585.0032,2604.9521,2608.4849,2687.1489,2697.3169,2715.2913,2794.8997,2742.8958,2835.6907,2837.1851,2824.2344,2861.2131,2958.4404,2925.6753,2942.6514,3018.2703,2850.2209,2916.2507,2946.8005,2939.1848,3019.3191,2987.8650,3022.0088,3102.9424,2987.9167,2937.9963,3009.4543,2949.1787,3053.8789,2995.8083,2997.2925,3075.9265,3072.6682,3137.8196,3021.3447,2974.1948,2993.8787,2989.6057,3190.0068,3275.5696,3136.2324,3050.8093,3137.2468,3058.6370,3055.3418,2972.7903,2842.0325,2943.0959,2963.5278,2980.1821,3101.6958,2943.4773,3061.8625,3242.4482,3266.4788,3224.4734,3135.6873,3031.1011,3194.3540,3203.1057,3182.9355,3111.3181,3105.3582,3131.0449,3079.2810,3167.2166,3163.4126,3075.3469,3323.9009,3389.0586,3252.0391,3244.6453,3157.1409,3058.6445,3210.4575,3084.1045,3015.0981,3043.4580,3044.2424,3129.8430,3220.0696,3111.7361,3131.4631,3236.0312,3140.0061,3148.9739,3169.4753,3170.7090,3309.8696,3291.7800,3224.9858,3169.2795,3027.7466,3083.5737,3053.2605,3190.8215,3134.4773,3118.8572,3157.4338,3257.4087,3083.8396,3084.6335,3067.2827,3065.6050,3266.4160,3181.1882,3102.7192,3141.1941,3128.5320,3141.1455,3122.4973,2987.6646,2872.3567,2951.5752,2957.0171,2956.7783,2943.4946,2871.8306,2863.7356,2798.7458,2840.0195,2755.3010,2672.3877,2682.1460,2667.5015,2735.7058,2825.5774,2763.2627,2809.6587,2918.6184,2858.0525,2889.4438,2820.7751,2745.2151,2833.9954,2807.8359,2737.5608,2699.5703,2517.4844,2491.1245,2573.6306,2476.8215,2440.7952,2458.1680,2473.0713,2514.8335,2454.0352,2332.6633,2305.9641,2280.2485,2297.0361,2217.6233,2187.9053,2159.6704,2083.0728,2151.3826,2245.6594,2205.0171,2300.4512,2337.6899,2343.4316,2455.0098,2424.7676,2380.2183,2456.3530,2346.6904,2312.1831,2330.5989,2228.0620,2306.7383,2423.6282,2388.8325,2531.1914,2450.9988,2400.4346,2496.8518,2508.6963,2328.6614,2364.0032,2387.5354,2471.6318,2348.0627,2477.8701,2493.7478,2390.6411,2449.2024,2491.8484,2299.5728,2414.3867,2371.3066,2403.3479,2543.1648,2438.8376,2337.8877,2334.3538,2291.6741,2236.0166,2312.6682,2309.8728,2309.2881,2410.9565,2371.6658,2298.7268,2273.5266,2177.7727,2188.5598,2114.4756,2056.5625,1972.1727,1921.5529,1937.5327,1873.4553,1918.0839,1889.9463,1844.3818,1830.5323,1827.9998,1756.8666,1709.6274,1642.3882,1610.8989,1638.9967,1598.0269,1525.2010,1495.0129,1480.4114,1533.9305,1601.7292,1501.0438,1506.1669,1458.1560,1412.1514,1357.1036,1300.9117,1246.8759,1201.3228,1105.3187,1072.5087,990.0591,979.5238,974.8805,903.7972,910.8596,867.3110,864.3596,863.4495,865.7699,872.9838,898.8958,896.7202,843.3028,914.8654,925.2567,821.1461,795.5908,723.8110,692.4747,701.1504,634.2719,672.0270,595.1901,589.0874,562.2051,503.8237,462.3749,442.9661,390.8817,394.9157,331.6399,275.3831,229.2513,229.4793,0.0000,0.0000,0.0000,0.0000,0.0000,0.0000,0.0000,0.0000,0.0000,0.0000,0.0000,0.0000,0.0000,0.0000,0.0000,0.0000,0.0000,0.0000,0.0000,0.0000,0.0000
0.0000,0.0000,0.0000,0.0000,0.0000,0.0000,0.0000,0.0000,0.0000,0.0000,0.0000,0.0000,0.0000,0.0000,0.0000,0.0000,0.0000,0.0000,0.0000,0.0000,0.0000,350.6372,397.9127,377.8900,417.2993,467.4725,488.3665,493.3874,530.5076,588.7917,634.0857,667.8386,675.2736,697.1542,726.4065,709.5473,674.6510,726.1197,682.0793,723.6212,713.9409,743.4893,769.0540,719.6904,764.3767,789.2209,791.5754,859.6930,834.1408,859.4841,932.0751,996.1073,1007.5460,1069.9498,1164.1498,1234.2070,1295.6859,1243.3923,1292.5889,1263.6019,1207.6855,1338.0701,1363.3507,1267.7583,1326.4556,1360.5957,1350.8544,1413.1079,1475.8456,1510.1903,1576.0447,1640.3127,1694.9875,1738.0406,1833.4152,1773.0381,1726.2180,1841.6755,1787.4730,1768.4175,1899.5670,1869.3687,1969.4568,2041.2760,2063.3743,2190.8916,2220.0168,2192.8723,2183.0273,2192.2178,2192.2827,2286.1709,2272.2463,2273.6084,2304.9751,2355.9236,2435.3281,2424.0771,2414.4392,2433.7471,2484.1169,2574.4792,2611.4409,2581.4585,2640.0493,2656.3567,2643.8032,2709.8359,2536.1267,2496.4849,2600.0142,2659.3667,2765.1819,2879.6284,2795.7981,2852.0242,2888.3267,2830.7981,2826.4187,2821.0315,2757.6238,2936.8713,2902.4958,2950.2717,2906.4722,2821.8533,2915.9675,3061.6069,2957.8826,2907.3420,2890.8447,2937.7495,3001.6926,3057.5042,3058.1848,3012.3826,3045.1975,3091.7708,3017.3650,2984.6768,2989.8267,2968.0579,3060.0320,3164.1511,3107.8530,3173.4312,3198.3728,3154.9263,3138.1694,3054.9514,2921.2129,2993.0947,3003.8481,3041.1313,2999.6687,2960.8560,3007.4382,2985.7778,3024.5713,3032.3604,3139.5017,3266.2437,3326.7112,3223.0713,3211.3196,3117.2773,3143.3586,3148.9583,3080.0574,3098.5325,3136.2046,3076.4182,3226.4358,3309.4937,3230.3188,3176.2493,3263.1541,3234.6833,3235.0857,3192.0696,3098.6514,3125.8257,3134.4265,3188.7314,3085.9546,3010.4746,3079.5183,3144.3174,3178.8923,3226.2830,3150.4385,3127.9951,3246.6943,3245.2302,3249.7256,3192.2195,3108.2456,3199.7437,3157.0017,3179.5010,3186.5334,3099.1592,3174.0571,3278.5103,3121.3015,3091.0911,3045.5605,2970.0549,3142.5503,3146.8538,3105.3281,3102.0415,3057.5535,3069.5959,3099.9214,3048.1309,2960.6250,2929.1733,2980.9546,2912.7017,2903.0771,2966.9365,2965.4368,2937.0288,2959.9082,2719.9092,2704.4507,2677.8381,2696.3225,2814.9204,2845.0017,2767.3547,2749.0552,2755.3845,2644.8730,2691.0613,2665.0623,2686.0024,2817.3159,2787.4290,2810.8765,2788.5295,2702.6411,2687.7561,2651.4243,2591.7346,2528.7024,2557.4211,2574.1631,2572.0493,2553.8508,2476.0042,2417.1155,2313.5127,2277.2437,2187.1106,2163.0793,2219.2573,2122.6680,2116.5937,2112.6445,2058.0386,2091.1978,2256.0684,2283.8638,2444.4614,2477.9336,2453.9526,2478.6155,2476.9341,2364.3843,2296.5815,2337.7947,2318.6313,2262.1724,2347.9656,2288.4128,2287.6082,2330.4937,2466.3008,2505.5046,2536.4331,2285.3203,2324.9290,2510.6401,2472.4858,2353.9053,2483.1023,2445.1592,2406.2942,2537.3909,2329.1370,2417.9148,2335.8987,2345.7078,2431.4849,2485.6616,2460.4849,2473.1953,2393.2415,2421.9736,2358.1912,2274.8860,2190.7007,2261.5854,2360.1875,2420.7566,2335.2615,2321.4519,2317.7881,2272.5232,2221.4087,2116.2117,2040.1144,2113.2363,1989.8920,1992.0945,1989.2637,1862.9630,1834.2035,1910.8838,1794.9565,1768.9014,1733.5901,1711.0331,1713.0378,1661.4636,1607.4823,1588.4069,1520.0509,1535.4691,1559.2803,1534.8553,1532.8674,1583.8213,1557.2478,1533.4526,1454.3739,1388.7592,1347.3512,1330.9419,1288.7677,1165.1501,1075.5006,1073.9196,1003.6067,995.5211,929.9140,895.3782,891.2880,904.4266,859.3385,871.0170,868.2612,893.4503,899.8586,859.8872,893.2766,859.1248,831.2439,848.4428,821.5151,759.7769,734.9808,681.8039,670.2819,619.3332,568.2068,527.1908,533.7966,504.0390,459.6129,417.3685,343.3466,340.6493,289.9393,225.1194,230.3766,205.3516,0.0000,0.0000,0.0000,0.0000,0.0000,0.0000,0.0000,0.0000,0.0000,0.0000,0.0000,0.0000,0.0000,0.0000,0.0000,0.0000,0.0000,0.0000,0.0000,0.0000,0.0000
0.0000,0.0000,0.0000,0.0000,0.0000,0.0000,0.0000,0.0000,0.0000,0.0000,0.0000,0.0000,0.0000,0.0000,0.0000,0.0000,0.0000,0.0000,0.0000,0.0000,0.0000,294.8313,335.8572,357.5511,424.2461,469.1491,480.9627,552.7642,564.1627,557.5797,554.7307,632.9894,667.4158,673.2671,743.9589,741.3082,705.6043,695.6097,705.7498,698.3214,670.0765,662.7198,705.6930,748.7436,745.6755,719.6738,767.1364,895.9401,837.7173,824.9447,908.2119,929.3776,1062.8286,1114.0649,1170.5586,1229.0045,1236.9232,1199.3558,1255.6788,1216.0883,1206.8479,1232.2690,1318.1797,1362.6289,1330.1907,1293.5776,1363.0341,1379.9940,1488.7915,1517.0291,1493.6040,1612.8112,1691.5637,1767.7848,1865.6490,1798.4576,1728.9177,1805.9681,1726.3981,1714.7576,1842.4219,1831.0677,2015.5092,2139.4968,2128.6350,2150.4736,2093.6133,2108.2883,2193.7288,2218.9312,2244.7405,2280.9011,2352.2029,2385.5566,2410.1360,2341.4575,2404.8899,2397.5432,2469.8569,2436.2610,2476.8130,2616.1289,2600.2795,2631.4531,2703.9844,2599.8191,2590.2969,2602.8350,2598.7354,2619.0808,2722.3042,2733.6926,2885.9687,2907.9446,2891.1072,2844.3970,2804.5161,2758.3655,2836.4231,2908.7651,2914.9812,2885.5293,2893.3296,2897.3428,2876.2476,2826.9634,2827.3892,2900.8723,3025.5225,3005.8557,2960.3000,2976.3840,2972.1914,3027.9187,3071.1326,2982.2520,2909.4150,3029.1528,3034.6116,3116.1848,3092.2988,2970.2517,3066.4924,3107.9329,3060.0615,3127.4854,3162.9563,3141.6487,3171.7263,3222.8105,3174.6094,3060.9248,2975.7896,3021.7312,3042.3328,3038.0688,2980.8550,2900.2651,3095.2471,3180.4033,3177.3159,3304.1155,3129.1584,3121.5999,3203.9563,3114.5168,3106.9463,3109.9602,3048.7891,3244.7903,3301.3716,3240.4949,3151.6670,3189.1545,3147.6597,3217.6843,3204.1428,3242.6731,3250.9248,3181.4075,3333.8469,3146.2512,3055.1497,3046.6221,3024.1028,3159.6047,3168.5320,3144.3591,3275.7373,3257.3750,3217.0937,3292.1943,3154.8708,3142.3379,3235.4209,3196.4204,3222.6775,3178.8350,3153.1089,3260.7957,3234.2324,3097.7102,3070.6909,3060.3521,3074.1067,3149.2231,3051.5083,3105.1450,3157.8147,3172.0002,3158.8623,3109.7175,3032.4180,3038.1160,3005.3831,3125.4426,3024.5613,2854.4036,2894.8159,2923.0596,2891.1089,2987.8130,2837.8047,2825.2195,2886.4253,2825.6587,2851.5220,2750.7295,2620.6047,2757.5525,2880.3911,2804.9839,2795.3503,2611.5913,2593.2668,2668.8289,2629.3547,2657.9287,2631.1511,2614.7156,2669.9902,2642.7288,2701.9255,2636.4619,2544.1465,2615.6733,2618.5791,2536.8513,2564.1536,2518.9893,2445.7644,2492.5857,2379.8127,2223.0425,2196.8916,2060.8723,2190.9417,2153.8176,2038.4104,2092.3906,2102.1621,2153.7229,2225.6177,2355.2771,2394.7500,2542.3689,2534.2915,2474.5261,2309.1277,2316.9153,2292.3691,2386.0017,2409.2129,2393.6211,2293.6543,2408.7427,2331.3376,2298.6406,2389.9314,2413.0916,2355.6687,2481.5449,2522.0637,2480.3889,2349.2075,2403.4602,2576.8301,2448.7295,2451.6924,2407.2690,2415.3662,2415.6411,2461.9648,2361.4971,2443.2463,2409.0828,2493.1387,2438.0283,2408.9558,2321.9546,2348.9983,2309.9912,2368.5115,2292.8306,2283.2534,2332.1057,2420.2439,2366.7180,2378.9607,2197.7791,2140.8042,2208.6890,2076.4553,2060.5181,2013.7190,1936.9781,2014.8270,1949.5800,1936.6602,1867.1848,1820.4753,1838.5139,1917.3590,1846.9821,1709.3446,1668.5243,1656.3167,1632.9840,1569.9333,1639.7784,1558.5054,1580.1489,1619.3080,1649.4579,1572.9225,1560.6960,1514.3684,1469.8790,1456.1659,1375.4778,1330.0206,1318.1824,1276.1118,1147.5477,1097.3724,1004.2996,943.6781,983.8712,914.6656,904.8134,911.1514,900.1595,929.1730,917.0660,895.8738,842.0817,829.0917,881.6918,855.6634,931.4838,816.1599,792.9907,783.3976,710.3124,668.9619,624.6942,564.8712,573.2053,589.3359,476.6994,468.5694,413.6326,386.2602,321.1853,312.5223,284.8349,250.1788,224.5393,222.2717,0.0000,0.0000,0.0000,0.0000,0.0000,0.0000,0.0000,0.0000,0.0000,0.0000,0.0000,0.0000,0.0000,0.0000,0.0000,0.0000,0.0000,0.0000,0.0000,0.0000,0.0000
0.0000,0.0000,0.0000,0.0000,0.0000,0.0000,0.0000,0.0000,0.0000,0.0000,0.0000,0.0000,0.0000,0.0000,0.0000,0.0000,0.0000,0.0000,0.0000,0.0000,0.0000,289.2562,320.7880,381.3315,446.4687,449.8673,516.0493,458.0113,555.0555,593.8770,587.7577,572.7626,614.1713,747.2812,706.5881,773.2523,686.5511,676.0341,717.3491,712.5841,706.4120,725.4740,750.8539,733.1371,774.7285,800.2277,773.0060,776.3491,813.6324,870.4489,918.3150,962.5078,992.2369,1095.6302,1155.2260,1156.2876,1150.9099,1198.4924,1186.7842,1188.4379,1261.2003,1248.5115,1287.3954,1324.4371,1323.3601,1399.0490,1392.9849,1397.0496,1430.9152,1500.0801,1507.4370,1671.3246,1663.4420,1781.3545,1882.0020,1764.4620,1735.3080,1773.8916,1728.5709,1818.9374,1835.3843,1913.8770,1946.3792,1984.2821,2091.0559,2137.5640,2151.5083,2170.8970,2115.3672,2254.2656,2342.4824,2299.7227,2326.4575,2359.2886,2336.7048,2401.4507,2452.1680,2414.1296,2504.4888,2535.6382,2551.8611,2637.8652,2548.3521,2529.7578,2619.7251,2584.0020,2567.1667,2518.6528,2503.7866,2650.9705,2756.9141,2831.5232,2774.7883,2762.4307,2827.5352,2822.4019,2869.9041,2898.2795,2823.0767,2884.4182,2990.0115,2813.9248,2759.5012,2769.1875,2703.5667,2914.9749,2914.4587,2892.5408,2993.8640,2922.8191,2883.8064,3044.4429,2884.3906,2872.1379,2977.6152,2991.1409,3091.5957,3106.8406,3013.0447,2994.8899,3084.5615,3020.2781,2965.8115,3036.1675,3079.9353,3177.0916,3278.2556,3347.5176,3145.2241,3176.6128,3138.1831,3034.4368,3086.5479,3048.1243,3067.1050,3145.9331,3082.3064,3030.8923,3137.9292,3056.2095,3170.9885,3284.9961,3125.4204,3055.6624,3127.5149,3095.1492,3247.4167,3277.6331,3127.1865,3136.5305,3149.1541,3171.4875,3091.7090,3082.7354,3191.2019,3250.0952,3370.2097,3393.0615,3212.8789,3117.8879,3130.9846,3048.2100,3207.8523,3115.5220,3059.6277,3244.2422,3274.1079,3221.2495,3271.7063,3139.4304,3130.4663,3232.9197,3245.8452,3117.0747,3120.2026,3137.4744,3258.0496,3208.8323,3159.3521,3004.4609,3004.7219,3046.9917,3052.2097,3187.0312,3177.3948,3087.2996,3061.9563,3208.6721,3085.2502,3046.7544,3030.5286,3005.4312,3146.4888,3089.9456,2999.7129,3117.3374,2980.1797,2883.0730,2924.2031,2835.2146,2820.7021,2882.6372,2836.5264,2891.3862,2843.0549,2769.7993,2744.5637,2680.5237,2626.2185,2637.3528,2701.5889,2886.2883,2858.5967,2876.5156,2848.1848,2655.9810,2583.2356,2588.3372,2482.1765,2531.3215,2544.7520,2511.8845,2642.6177,2607.1892,2465.5901,2513.4243,2477.8455,2451.2258,2451.4517,2349.2048,2336.2219,2311.7698,2253.8330,2213.2256,2086.6897,2007.8811,2114.3899,2207.9534,2254.1875,2145.1609,2154.5991,2250.7981,2376.1116,2452.8643,2461.5125,2339.9851,2354.7207,2319.9270,2305.3689,2444.5579,2347.4194,2361.3113,2553.1360,2540.4912,2330.8875,2304.3113,2215.4580,2260.2205,2397.1160,2399.0593,2582.4324,2408.0098,2307.3691,2369.6863,2557.0371,2279.3018,2456.0188,2485.9297,2425.0122,2480.1316,2517.3660,2393.5725,2317.9099,2443.6333,2394.4724,2449.7065,2398.7595,2388.6252,2392.1038,2544.5352,2433.5547,2311.5747,2302.2378,2295.0374,2234.6245,2282.9797,2275.6013,2294.7417,2356.8494,2281.3279,2256.1311,2156.7974,2040.4083,2043.1276,2056.2251,1966.1216,1966.6316,1962.9672,1923.1633,2003.6823,1943.5142,1895.0070,1873.1310,1788.0944,1770.9211,1709.2076,1659.1201,1614.6539,1572.6180,1630.5994,1643.9131,1565.6653,1622.9703,1643.2682,1640.4045,1602.4005,1523.6995,1457.5728,1443.6154,1379.6166,1324.6097,1272.1252,1206.5397,1113.9352,1049.2214,1016.3044,974.1202,902.3437,934.4593,933.3607,920.5220,936.9418,866.5128,898.5752,906.7294,895.2566,903.9706,868.9018,866.4416,876.7529,882.0819,822.1153,707.7835,703.4071,622.2791,619.4331,590.5898,603.3918,549.4007,510.9790,440.8069,375.5653,358.1695,304.2023,317.8058,297.5278,256.6487,263.4215,209.4292,0.0000,0.0000,0.0000,0.0000,0.0000,0.0000,0.0000,0.0000,0.0000,0.0000,0.0000,0.0000,0.0000,0.0000,0.0000,0.0000,0.0000,0.0000,0.0000,0.0000,0.0000
0.0000,0.0000,0.0000,0.0000,0.0000,0.0000,0.0000,0.0000,0.0000,0.0000,0.0000,0.0000,0.0000,0.0000,0.0000,0.0000,0.0000,0.0000,0.0000,0.0000,0.0000,290.0392,354.7729,395.5686,417.0025,456.7109,475.1252,568.5439,592.7171,574.5192,650.3843,645.4221,627.4206,669.3398,674.5358,706.4135,671.0185,674.6304,697.6103,674.6707,743.0123,693.4089,729.9496,732.5646,771.5132,748.4338,754.3569,792.5729,803.8446,864.8827,885.5577,950.6307,992.4009,1058.1121,1104.1448,1141.8087,1193.4376,1242.6738,1212.9070,1228.9141,1243.3601,1238.9861,1269.6490,1287.3425,1289.7019,1377.2382,1407.7094,1479.7532,1474.7010,1458.4043,1514.3053,1656.3210,1726.9216,1765.2142,1756.5430,1785.5945,1810.5756,1812.5840,1766.0144,1735.2655,1735.2476,1902.3594,1911.5940,2005.3853,2066.4045,2097.2742,2184.0886,2263.1260,2126.1475,2155.0725,2264.4373,2205.2766,2369.4919,2327.2710,2348.2595,2480.7187,2469.8796,2537.5012,2587.1768,2498.9700,2489.2427,2578.1284,2643.0322,2600.6357,2535.8835,2607.7170,2579.6458,2506.2461,2522.2515,2545.0386,2623.5127,2699.0415,2762.8696,2790.5498,2956.2822,2875.0110,2904.6702,2949.5183,2751.3645,2811.0322,2783.8950,2736.5059,2819.8169,2784.9836,2771.9641,2803.8162,2864.8416,2912.1626,2922.9529,2871.6741,2820.3315,2822.7000,3005.0378,3093.5881,2947.8511,3008.3406,3037.1743,3085.1201,3124.9976,2961.2292,2998.7141,3042.0349,3053.0806,3224.4717,3246.1755,3180.5950,3295.1519,3356.2222,3236.8694,3183.3411,3115.8613,3016.2012,3233.7129,3232.7554,3246.4187,3141.4756,2994.1831,3028.8193,3074.3735,3157.1868,3098.8733,3118.6965,3180.0862,3204.8748,3162.9348,3162.1453,3123.9221,3163.9802,3194.0632,3140.8049,3125.1213,3176.5129,3103.0254,3190.6423,3310.7646,3191.3398,3176.7114,3203.8308,3102.0430,3208.8262,3203.8337,3081.8887,3206.8115,3157.6692,3113.0347,3156.1631,3140.1235,3148.7820,3220.4822,3185.4226,3119.8049,3099.8677,3174.8950,3171.8787,3110.4368,3060.2820,3059.5378,3138.0359,3180.5552,3064.5483,3012.0725,3085.9219,3049.5261,3115.1843,3216.5364,2982.0576,3038.4900,3091.9651,3059.0918,3192.5474,3105.3152,3049.9207,3082.5662,3061.3047,2979.0159,2964.6208,2798.4175,2867.4375,2898.9685,2928.0889,2953.3108,2812.3167,2832.7195,2860.3860,2843.4172,2842.4080,2663.9355,2670.6038,2677.0635,2702.8076,2790.9202,2798.3616,2765.3538,2845.4473,2936.7290,2716.4084,2695.5510,2587.2207,2559.9834,2652.3318,2577.4700,2464.7144,2495.9568,2471.6768,2434.9724,2487.4944,2381.9595,2379.5474,2309.9268,2324.3154,2376.2180,2214.9541,2182.6406,2130.0469,2156.0928,2225.6006,2228.3584,2222.9302,2355.1743,2337.0334,2390.8779,2432.4165,2252.1433,2261.7317,2329.1755,2313.4187,2348.8208,2327.9453,2356.6946,2484.3359,2590.4509,2498.3442,2454.5383,2433.3801,2388.5327,2385.6387,2268.8999,2357.5400,2413.2961,2410.3293,2400.0469,2368.5020,2379.6790,2272.8818,2364.4004,2607.3779,2366.7512,2392.9241,2501.2300,2514.8826,2386.8503,2535.4651,2291.5569,2359.5278,2385.6340,2428.0737,2499.5591,2378.0605,2354.6086,2500.2009,2364.5588,2300.6838,2223.6157,2210.2539,2234.6807,2386.1301,2369.4832,2365.7578,2258.9878,2235.8406,2166.0439,2160.9272,2122.2034,2017.1758,1940.0762,2050.1265,2021.8202,1937.8033,1982.6998,1878.8015,1917.8967,1875.7352,1785.9960,1793.0370,1737.2699,1783.9386,1757.8422,1665.1681,1599.1746,1606.6632,1612.5562,1598.2959,1662.1802,1663.1571,1614.0942,1624.1857,1535.1938,1476.1954,1380.6573,1313.9967,1293.5911,1242.7112,1213.5825,1118.1710,997.4067,1051.6780,926.2816,899.1870,890.2128,879.3545,857.4446,915.6309,900.0153,927.7769,910.3972,873.2668,919.0077,868.6257,864.0683,882.5208,850.6280,815.2397,784.5116,682.0276,693.0821,637.3850,610.4048,584.9382,490.6681,482.2813,432.3643,432.0121,366.6508,352.1573,296.4308,246.4398,237.8808,214.2171,206.0948,0.0000,0.0000,0.0000,0.0000,0.0000,0.0000,0.0000,0.0000,0.0000,0.0000,0.0000,0.0000,0.0000,0.0000,0.0000,0.0000,0.0000,0.0000,0.0000,0.0000,0.0000
0.0000,0.0000,0.0000,0.0000,0.0000,0.0000,0.0000,0.0000,0.0000,0.0000,0.0000,0.0000,0.0000,0.0000,0.0000,0.0000,0.0000,0.0000,0.0000,0.0000,0.0000,326.8412,311.7531,352.7534,408.2318,453.1832,477.7198,580.0979,572.1210,541.0971,640.5099,590.3881,626.4444,646.8061,655.8549,681.5445,680.7999,696.6511,719.3553,684.2714,643.8357,635.0513,717.0627,700.3265,747.3419,760.5092,766.8581,756.0997,871.9785,813.2899,852.2631,939.3739,939.2925,1089.6873,1125.9707,1234.3130,1239.0079,1217.1952,1192.7891,1218.7946,1204.0337,1208.7386,1246.6160,1302.8245,1326.1410,1385.5475,1419.7094,1447.1335,1426.8574,1502.4810,1563.8992,1572.8662,1739.7981,1840.0238,1828.7783,1836.9363,1746.7252,1688.8870,1793.4642,1755.1849,1810.2137,1882.5779,1948.4172,2093.9009,2213.0828,2095.6274,2140.4333,2153.4604,2151.4851,2204.5913,2206.2417,2240.4910,2355.3081,2322.1697,2407.4277,2449.6536,2477.7295,2531.1677,2579.0696,2625.4243,2542.7246,2510.6174,2610.2661,2685.3972,2633.9954,2603.5647,2509.8337,2453.8647,2551.1675,2521.4717,2651.3120,2747.4644,2703.0952,2827.5117,2962.7551,2819.6018,2773.3921,2769.6965,2742.4814,2864.7842,2831.7114,2742.8848,2779.2866,2715.9075,2752.6599,2760.2380,2750.7883,2803.6677,2785.7954,2908.6794,2985.7673,2841.7581,2976.3550,3024.1072,2956.9041,3072.6912,2938.4846,3041.3557,3099.2622,3025.3884,3157.6482,3197.7092,3081.8135,3179.5769,3266.9214,3238.4922,3309.0476,3329.0967,3253.1250,3318.8525,3234.2605,3187.7861,3153.5168,3143.0664,3143.2332,3088.7488,3079.9158,3027.8396,3072.1123,3274.0410,3312.5613,3161.5459,3125.2163,3054.4766,3075.5403,3240.9431,3140.5496,3141.4453,3171.2031,3173.6172,3307.1057,3251.3081,3016.4412,3095.8616,3141.2187,3141.6843,3215.3193,3211.2947,3191.6907,3280.5876,3205.1147,3194.7725,3053.8069,3007.8396,3049.3557,3104.6123,3191.5188,3213.6365,3122.4124,3175.9041,3218.2278,3180.7163,3155.7939,2951.1570,2936.8799,3070.7424,2984.8496,3088.3362,3068.1455,2956.4763,3048.7266,3060.8577,2971.5847,2995.0662,2988.2031,2999.6460,3113.4189,3105.4138,3066.9634,3136.1189,3080.6797,3071.8337,3063.4607,2947.6414,2803.0642,2852.7888,2959.9854,2946.6404,2779.3528,2865.9360,2843.2212,2833.5120,2899.6614,2717.7444,2715.4167,2705.5659,2738.6194,2745.6289,2711.0715,2585.4829,2677.3594,2780.0466,2661.3408,2716.5618,2791.0083,2829.4060,2879.3464,2848.7476,2739.8311,2605.0701,2588.3347,2537.1826,2494.9290,2498.4565,2497.9968,2472.6418,2524.5093,2530.6299,2351.2187,2352.6653,2310.0171,2312.4185,2341.0151,2254.8345,2259.3267,2335.4502,2389.6643,2481.2339,2439.4563,2185.6248,2242.9153,2274.5959,2293.6841,2268.1436,2214.8774,2233.1626,2384.1492,2445.6985,2444.9390,2373.6924,2400.1323,2472.2156,2621.2158,2526.6321,2428.6643,2310.1089,2419.0300,2393.8391,2250.7314,2352.0615,2347.2993,2309.3403,2381.1016,2480.1375,2285.9170,2355.7903,2340.4065,2598.7700,2400.5747,2493.8401,2394.2952,2337.5696,2397.9243,2358.8904,2430.0295,2453.2102,2446.0308,2436.0164,2408.2820,2358.8928,2315.8914,2296.4963,2217.0098,2293.1509,2312.6191,2254.3965,2308.1316,2347.4536,2295.1755,2283.1646,2143.8867,2172.4470,2161.8240,2044.5825,2050.1477,2024.3729,1962.9193,1983.9678,2039.7501,1859.0321,1868.5839,1870.8627,1725.0485,1838.6615,1727.6735,1696.4418,1748.2904,1665.2600,1626.1073,1602.9552,1619.5901,1658.8491,1660.4753,1703.7283,1668.2150,1603.0345,1512.6270,1472.6444,1385.8723,1420.6305,1263.7180,1233.3184,1225.1758,1087.8560,1046.7017,975.8185,940.8019,955.1856,939.0237,934.2195,925.1482,902.0830,892.6807,979.3636,942.3322,904.9924,862.7675,895.3853,964.8076,896.9261,901.3373,815.4491,770.9178,734.7172,683.8818,660.7909,571.4568,562.6221,552.8148,544.5589,465.2606,391.0287,391.9114,320.9983,309.4826,255.4061,227.0985,216.7570,181.4037,0.0000,0.0000,0.0000,0.0000,0.0000,0.0000,0.0000,0.0000,0.0000,0.0000,0.0000,0.0000,0.0000,0.0000,0.0000,0.0000,0.0000,0.0000,0.0000,0.0000,0.0000
0.0000,0.0000,0.0000,0.0000,0.0000,0.0000,0.0000,0.0000,0.0000,0.0000,0.0000,0.0000,0.0000,0.0000,0.0000,0.0000,0.0000,0.0000,0.0000,0.0000,0.0000,321.8683,341.8227,390.9762,398.2255,410.8136,500.2369,500.2902,531.8079,579.9820,606.9988,640.5797,625.3129,656.1559,659.1101,705.8932,668.4399,658.3461,691.5715,694.0785,712.2965,680.1355,730.7383,706.5705,720.0547,784.4682,734.2242,743.9778,776.1304,801.0474,888.8233,946.8946,1016.4087,1081.0822,1145.6460,1213.0242,1188.9897,1180.3622,1158.3394,1207.4510,1283.1376,1264.2594,1250.8892,1225.6029,1342.9100,1343.5856,1423.5118,1393.0797,1436.8838,1548.8458,1575.5575,1654.3635,1747.5151,1716.0977,1722.1761,1791.7279,1751.6460,1675.4047,1689.6870,1733.8365,1871.2438,1984.6449,1999.3772,2004.4392,2092.7434,2097.8999,2067.8394,2116.3977,2089.9172,2139.1558,2206.3203,2310.7061,2285.0288,2269.8367,2377.7061,2384.4336,2557.4580,2590.9392,2547.7725,2630.6826,2534.1055,2581.0413,2669.2307,2540.5081,2570.4602,2603.2241,2589.2383,2529.8579,2475.2617,2527.0720,2700.3933,2757.3760,2662.8201,2713.1399,2778.3352,2878.5964,2860.7439,2830.2620,2853.3401,2808.0237,2803.4268,2781.2451,2648.3816,2587.0112,2688.7766,2727.7646,2945.0637,2951.8325,2824.8625,2914.4058,2899.0784,2878.5710,2947.6824,2882.0632,2922.9658,3022.6687,3029.8162,3155.4661,3095.7275,3006.4761,3111.1018,3166.4236,3107.5503,3070.5493,3177.2715,3273.1013,3386.1655,3362.1562,3380.5703,3176.3821,3161.5312,3226.6465,3143.8840,3170.9045,3097.7759,3089.1873,3222.3643,3253.0410,3105.6458,3217.9807,3099.2620,3148.5862,3210.9714,3072.7969,3130.9023,3185.1692,3129.8208,3237.1433,3262.0908,3150.7524,3111.7371,3143.0935,3143.8884,3082.5818,3091.1792,3289.6890,3312.9294,3288.6909,3284.8022,3071.3413,3093.8469,3070.7427,3021.9109,3208.7031,3087.5342,3061.3723,3270.0781,3216.8000,3066.3882,3132.1577,3075.3372,2986.0715,3051.7678,2975.4424,2983.8862,3003.8611,3010.7107,3089.4668,3045.1531,2922.4058,2920.5962,2867.3706,3015.0190,3022.7361,3055.7002,3057.5454,3032.0007,3129.7703,3173.8533,3009.8628,3065.0981,3056.7610,3023.7671,3095.5183,3013.6892,2751.1768,2875.1973,2877.5920,2831.9363,2825.9834,2736.0632,2774.9968,2842.5896,2861.6389,2776.9778,2716.0640,2566.8167,2688.4800,2696.1768,2737.6101,2678.0063,2630.5393,2592.7178,2701.0530,2747.7651,2784.4817,2685.4177,2746.0439,2787.8486,2710.7739,2673.6055,2597.3997,2593.2046,2694.9727,2722.8257,2562.4749,2563.2825,2537.8403,2500.8450,2557.3728,2482.7437,2455.1223,2445.9453,2383.8215,2420.7263,2440.4272,2328.8889,2342.3564,2312.5271,2226.2644,2168.5486,2160.4226,2202.7825,2330.4558,2323.9099,2402.8767,2335.8220,2365.7539,2372.8435,2466.9758,2508.5879,2502.4055,2436.0532,2634.9231,2532.5757,2314.9099,2260.7876,2334.5354,2330.3599,2390.6379,2281.4507,2501.2852,2385.2715,2379.3833,2344.7356,2392.9897,2347.3245,2508.4146,2527.2505,2391.7810,2534.5762,2321.3696,2357.7507,2390.0278,2448.7151,2433.5283,2334.2002,2446.6194,2438.1174,2361.6311,2434.7793,2275.9480,2199.6853,2280.0144,2302.4534,2289.7214,2302.5947,2276.6440,2291.1086,2322.4849,2279.8091,2194.1592,2086.6858,2056.1226,2049.1868,2058.4985,2007.0281,1959.2384,1939.4141,1986.4305,1897.9736,1810.7791,1847.2269,1806.0385,1739.5787,1786.9574,1718.2141,1668.5684,1658.0376,1663.4706,1737.1307,1737.7195,1684.8818,1677.1562,1624.5063,1596.3518,1554.7842,1449.6901,1406.2523,1430.1249,1289.1785,1236.4117,1157.6470,1095.3867,1015.1728,990.8041,992.3404,947.9572,978.2382,969.9141,930.9909,891.9330,932.6221,883.0856,951.6932,891.2831,870.3549,878.3516,949.7497,879.6128,886.5383,849.0969,797.6424,731.4646,665.8401,635.0568,624.2144,542.4568,544.2299,498.3687,448.6646,394.1117,363.3127,332.9026,292.9722,261.5088,242.2118,249.1313,194.6927,0.0000,0.0000,0.0000,0.0000,0.0000,0.0000,0.0000,0.0000,0.0000,0.0000,0.0000,0.0000,0.0000,0.0000,0.0000,0.0000,0.0000,0.0000,0.0000,0.0000,0.0000
0.0000,0.0000,0.0000,0.0000,0.0000,0.0000,0.0000,0.0000,0.0000,0.0000,0.0000,0.0000,0.0000,0.0000,0.0000,0.0000,0.0000,0.0000,0.0000,0.0000,0.0000,352.1519,358.1576,362.8195,367.9920,400.5592,479.3575,500.4599,536.8859,554.7415,613.9625,639.2311,598.6890,648.0916,703.9047,666.4854,690.3505,707.1160,687.2982,707.3849,675.8527,707.4186,719.7770,734.2119,752.9418,752.5482,783.4687,733.7887,742.0720,771.7019,860.9935,878.3172,1029.1167,1069.7759,1085.9529,1187.6910,1190.5243,1198.4386,1276.2112,1225.7545,1300.2056,1283.2854,1230.6345,1267.9282,1274.1804,1291.5588,1421.6769,1448.9414,1480.0533,1536.5103,1547.6202,1602.9055,1669.3436,1725.0629,1740.4136,1735.2021,1750.7117,1761.5496,1725.2314,1729.0726,1827.1825,1893.7238,2026.0671,2027.0103,2052.1182,2144.3442,2089.8674,2136.2717,2140.0037,2047.7408,2121.4009,2233.5964,2246.9189,2397.7788,2325.3809,2417.3018,2550.0500,2537.2314,2490.4861,2519.3860,2421.7720,2491.9905,2619.3550,2599.0703,2568.1223,2513.6619,2557.8010,2561.3271,2526.5710,2547.1589,2513.8232,2580.3723,2753.3245,2706.7375,2808.7717,2844.2495,2794.9199,2876.4006,2902.1794,2787.3887,2709.3762,2642.0967,2634.0063,2821.1177,2771.7222,2784.9712,2926.6174,2889.0210,2806.9236,2918.7754,2781.6316,2861.5896,2901.9634,2944.9026,3024.2393,2953.5088,3000.2380,2995.5869,3057.8552,3065.7522,3063.5166,3049.0884,3127.7478,3157.1348,3227.9731,3388.0288,3281.8933,3377.3704,3367.2595,3154.7368,3206.7354,3167.6909,3183.5339,3316.0779,3194.7429,3072.7456,3076.0959,3140.0881,3105.3503,3183.3271,3073.1802,3122.1731,3138.3879,3200.7820,3283.0989,3103.2476,3069.0337,3079.6877,3108.7612,3177.6794,3104.4846,3082.0588,3182.9358,3181.1675,3215.9382,3297.6482,3128.1531,3187.0493,3201.7866,3021.0569,3109.3215,3034.3042,2984.1604,3212.5085,3179.0896,2999.5713,3053.0381,3015.4998,3038.9841,3126.5715,3003.3547,3037.4854,2952.9902,2970.9194,2978.1875,2900.0564,2833.1853,2847.7534,2875.0366,3005.5483,2949.6621,2941.1218,2949.2915,2912.4983,3035.4382,3111.9878,2974.2793,3045.1245,3043.3196,3083.2485,3155.5027,3086.8455,3081.2087,3047.3845,2891.1951,2847.5054,2805.0522,2723.4731,2822.4500,2789.6531,2846.4031,2834.4607,2788.4180,2750.0554,2720.8081,2639.9500,2581.5664,2537.7979,2498.1853,2757.1016,2676.7773,2691.7097,2683.4058,2541.5532,2591.0151,2664.3538,2531.9460,2684.5061,2672.2803,2652.5676,2717.9937,2643.2117,2548.5229,2630.5164,2573.6299,2541.2485,2645.0862,2502.5359,2610.2771,2608.7041,2609.1562,2452.7839,2329.3511,2280.8726,2312.6658,2304.7708,2394.3308,2309.0518,2159.7368,2272.5713,2193.8823,2260.4922,2391.5010,2293.3242,2328.6831,2340.4788,2342.8762,2430.1082,2381.9131,2379.0735,2511.2078,2624.6240,2579.3423,2449.7935,2358.0120,2406.5530,2460.8708,2311.9570,2257.4268,2341.2009,2394.1611,2284.7061,2358.3982,2235.7700,2306.4907,2432.1519,2584.1023,2359.7971,2535.5713,2442.2693,2411.3369,2346.7214,2404.1140,2281.8167,2301.5125,2390.1145,2453.5415,2518.8477,2445.9026,2307.1418,2329.4097,2281.7390,2175.2805,2257.3254,2272.5088,2334.6541,2403.8789,2374.2815,2331.9280,2224.8403,2259.9641,2152.1306,2064.5183,2056.1113,2092.7864,2012.6342,2053.5894,1979.4753,1892.1129,1898.3085,1944.3379,1882.3137,1863.9913,1763.0879,1792.2678,1798.0388,1758.9144,1808.0980,1657.6615,1643.0758,1689.9431,1702.7872,1669.9779,1670.2852,1635.2849,1620.2070,1568.0981,1519.5645,1424.2971,1317.3926,1321.3225,1246.2153,1194.6301,1164.5822,1063.7426,1011.4380,999.1724,957.0419,942.5795,939.3774,880.7746,912.8265,939.6943,907.2143,927.2870,906.7479,911.5040,918.1200,931.7841,910.4684,916.9449,805.8347,805.7474,761.5209,729.9914,677.4833,635.5303,558.6282,522.3184,467.0561,440.9547,429.9287,383.1717,344.4811,268.3951,290.7164,240.7955,215.7490,218.9620,0.0000,0.0000,0.0000,0.0000,0.0000,0.0000,0.0000,0.0000,0.0000,0.0000,0.0000,0.0000,0.0000,0.0000,0.0000,0.0000,0.0000,0.0000,0.0000,0.0000,0.0000
0.0000,0.0000,0.0000,0.0000,0.0000,0.0000,0.0000,0.0000,0.0000,0.0000,0.0000,0.0000,0.0000,0.0000,0.0000,0.0000,0.0000,0.0000,0.0000,0.0000,0.0000,316.5155,363.0828,391.0996,380.9206,430.3454,488.5369,491.8832,522.2904,569.4721,601.5014,618.3717,634.1525,658.0330,673.1621,630.2571,711.5904,656.2819,686.4701,709.4266,707.3525,703.4221,689.4978,797.6063,733.0599,732.3876,740.6234,774.8437,726.6810,795.4271,845.4597,909.8345,987.0515,1085.4546,1160.4570,1265.2214,1186.3114,1215.2466,1279.2128,1255.5697,1237.2949,1242.4457,1246.9807,1315.7172,1376.4296,1376.3337,1372.7838,1371.6561,1427.6653,1529.4933,1590.0990,1648.6031,1668.4153,1731.2570,1768.7513,1745.1384,1751.1855,1659.7661,1730.2117,1830.6440,1811.7246,1909.3853,2035.4337,2085.4163,2183.4705,2223.9563,2055.7344,2026.6868,2093.0935,2035.6172,2129.7681,2193.2571,2225.9580,2366.7087,2415.5483,2426.1729,2495.2944,2426.4456,2448.8689,2405.2195,2516.8147,2528.3823,2496.9612,2641.6094,2596.8103,2500.9600,2514.7007,2411.5659,2429.9656,2597.5667,2492.1294,2600.1648,2761.7666,2697.7031,2812.6409,2926.7117,2773.3140,2780.5708,2835.1357,2838.0430,2837.7693,2706.6304,2679.1875,2741.8105,2851.5872,2812.3125,2759.6978,2850.0835,2928.2495,2939.7268,3048.0032,2921.3030,2833.4207,2914.6479,2917.2119,2960.9355,2990.4714,2934.0430,2988.2139,3151.4507,3015.3589,3136.3801,3162.0503,3040.9026,3262.9368,3395.5591,3273.9150,3256.3044,3222.2744,3211.7136,3386.7566,3321.4912,3239.5239,3094.9619,3107.6936,3121.8064,3141.4548,3156.0164,3177.9219,3142.0879,3230.4167,3211.9917,3067.4287,3075.6033,3037.9832,3134.5007,3124.9111,3091.1006,3059.9995,3157.9197,3191.7954,3246.5547,3249.1016,3074.4250,3127.9607,3256.6477,3183.9529,3231.1450,3079.6931,3066.0862,3129.3167,3063.6121,2971.9607,3022.9958,3021.6860,3035.8867,3007.0752,3076.8604,3037.2593,3005.2878,3044.4954,2987.0549,2853.9829,2834.9888,2789.0208,2868.4023,2927.9915,2845.8083,2827.9380,2937.0137,2864.2236,2936.5964,2917.4050,2801.6902,2881.8049,3057.9211,3067.8003,3123.4246,3023.3162,2980.8501,3083.9365,3111.7671,3021.6899,2897.1855,2862.4617,2890.4680,2772.7468,2863.1248,2844.1333,2795.4666,2817.9363,2743.7039,2755.9270,2698.7432,2634.1389,2613.8025,2746.2476,2616.3716,2608.4753,2585.0461,2521.3684,2664.1794,2710.0752,2543.8801,2507.3894,2513.5054,2583.2336,2654.8586,2592.5688,2523.4695,2440.5818,2491.2156,2506.2373,2578.5979,2469.0264,2369.8162,2627.4934,2518.6753,2551.5364,2424.4990,2452.6365,2309.8247,2338.5125,2295.7510,2264.4846,2267.5698,2335.4287,2313.6511,2311.7239,2341.6604,2276.9443,2273.1931,2362.1543,2353.2593,2405.3735,2349.7949,2302.1094,2343.5149,2400.7649,2477.9182,2574.0151,2487.9890,2618.8318,2615.1689,2527.8657,2314.1531,2347.5330,2427.5999,2469.2014,2269.8567,2369.5784,2257.9878,2325.3660,2371.9492,2421.4736,2274.8079,2545.0195,2534.0869,2410.9353,2476.7339,2311.6987,2333.2998,2382.7837,2366.0010,2392.1721,2438.4985,2376.1470,2435.5872,2415.0750,2341.5024,2215.8777,2200.1345,2280.5637,2305.9878,2339.8376,2338.8489,2295.3755,2360.3523,2305.5720,2253.5342,2215.6843,2122.0781,2123.8494,2166.2805,2046.1370,2035.1753,1958.1251,1921.6876,1996.1896,1964.6484,1919.2402,1918.8854,1883.6570,1857.8429,1875.4069,1770.3521,1725.9595,1757.6466,1745.4336,1748.7621,1716.6835,1708.7445,1717.8405,1712.4537,1649.7878,1575.7814,1428.7115,1476.6936,1409.3032,1343.6326,1351.4966,1283.1461,1213.5917,1169.3712,1076.2583,988.5660,1028.5829,962.8130,996.0165,1012.0049,963.1205,1004.0468,972.2439,900.5994,965.6017,885.4403,940.4079,940.6054,992.5477,994.0024,905.6860,876.3927,887.2377,780.2057,714.5112,667.5781,585.5685,589.1005,564.2275,522.8670,512.6511,388.8211,377.9956,366.2366,266.2066,308.1436,255.4461,214.7104,239.6696,0.0000,0.0000,0.0000,0.0000,0.0000,0.0000,0.0000,0.0000,0.0000,0.0000,0.0000,0.0000,0.0000,0.0000,0.0000,0.0000,0.0000,0.0000,0.0000,0.0000,0.0000
0.0000,0.0000,0.0000,0.0000,0.0000,0.0000,0.0000,0.0000,0.0000,0.0000,0.0000,0.0000,0.0000,0.0000,0.0000,0.0000,0.0000,0.0000,0.0000,0.0000,0.0000,374.2345,395.0991,392.1285,457.3429,418.8815,446.3646,469.9793,521.1208,545.1349,627.8569,682.1941,636.4584,638.3932,669.7589,703.0195,701.7147,686.9034,699.9306,709.5842,723.3853,763.8325,692.0898,727.3100,715.1442,736.1583,787.9493,742.1738,751.9173,751.3921,862.9007,920.6137,1088.2102,1083.1241,1144.3444,1200.4435,1217.7733,1152.1410,1220.2174,1297.2025,1313.0110,1266.2285,1288.8361,1279.0983,1262.0150,1292.4767,1321.7405,1417.2018,1474.4358,1511.3668,1638.3896,1646.4673,1651.8992,1754.8623,1757.2887,1700.6833,1753.4327,1702.4115,1728.9260,1780.2080,1838.9603,1970.8706,2072.5991,2066.1597,2120.6296,2149.1252,2105.7004,2096.3877,2024.5458,2096.3616,2210.3225,2287.2241,2304.0381,2274.6528,2271.2253,2326.0845,2406.3220,2485.8315,2450.5081,2366.1702,2500.2422,2538.6147,2495.1594,2506.9919,2396.8660,2415.4250,2568.0735,2460.6936,2482.8911,2527.6760,2527.2222,2669.7378,2735.5630,2659.6487,2655.6997,2740.5371,2844.4333,2870.6882,2827.8718,2826.8525,2774.0476,2720.6743,2701.3894,2686.1904,2726.9036,2739.1843,2858.4260,2997.4912,2988.2354,2898.2080,2891.5979,2904.1499,2817.4209,2924.7905,2861.8716,2904.2817,3066.5889,2971.8796,3045.1399,3065.1814,3039.2742,3026.6963,3065.1550,3146.8442,3204.7810,3262.4661,3393.0381,3400.0520,3301.7737,3260.5762,3235.8159,3167.6028,3248.2964,3103.3105,3152.0906,3137.8501,3179.7974,3323.7654,3218.1724,3048.1367,3077.5986,3030.5796,3044.8291,3110.5603,2979.1777,3025.6848,3077.2563,3074.5981,3076.9150,3081.2688,3048.1047,3119.6313,3214.1511,3194.6047,3174.9829,3129.4387,3183.1914,3223.3394,3175.0120,3051.1379,2945.2505,2955.1997,3053.8245,3065.6226,3076.8450,2992.6892,2970.4102,3072.4634,3053.6353,2903.3423,2888.1052,2785.9062,2857.1494,2923.0366,2878.9641,2797.8726,2816.9531,2764.7881,2824.7275,2866.6162,2764.0227,2761.8726,2869.3823,2888.3235,2984.8508,2935.0837,2938.9338,3048.2627,3075.5237,3047.6399,2988.1011,2939.5020,2961.1248,2988.5608,2976.3022,2830.6851,2769.0884,2837.6899,2788.9241,2722.1714,2768.3281,2717.2729,2722.9329,2877.8574,2613.1111,2599.7102,2516.5435,2468.1548,2474.6423,2515.2000,2573.2944,2534.9551,2540.7153,2702.6675,2717.8594,2601.7671,2565.8450,2497.5449,2553.6841,2517.2129,2449.0042,2421.0901,2497.0364,2508.6062,2628.2878,2505.1079,2377.2859,2456.9268,2416.0422,2433.6465,2418.5906,2252.5808,2246.8481,2326.9497,2320.3115,2340.7683,2429.1699,2322.1855,2307.0864,2386.7705,2343.6018,2367.8540,2306.0620,2327.5190,2317.5906,2253.3989,2305.7837,2291.7300,2452.6287,2514.1465,2622.8801,2724.8691,2699.6384,2488.7888,2525.7031,2500.7151,2353.8806,2314.1877,2344.4172,2323.7690,2369.2239,2286.2187,2351.4568,2368.2043,2298.5774,2435.2117,2367.0608,2500.7380,2437.2856,2436.2175,2426.3945,2399.3579,2267.8599,2335.0881,2374.4092,2412.9758,2456.0840,2336.8318,2362.5833,2387.1030,2245.8850,2316.7778,2264.1797,2233.8325,2337.0444,2359.3452,2282.2815,2360.0164,2288.2368,2259.1714,2293.6604,2113.3625,2092.6562,2023.5547,2002.7780,2003.2500,1980.1177,1964.1550,1986.6060,1962.7665,2009.1044,1935.4570,1824.7351,1762.2008,1785.6299,1812.3263,1807.3951,1716.8975,1712.8226,1784.9883,1725.9272,1800.0690,1685.5598,1585.7925,1654.0790,1603.9247,1586.9304,1565.7405,1408.5253,1445.0848,1394.4464,1298.9338,1186.5826,1110.8258,1037.6472,1049.6345,1003.8113,1005.2739,961.1369,918.5718,944.3719,975.1503,968.8956,903.8593,963.4313,961.7013,998.3095,967.9921,917.8054,943.8251,873.6265,866.3145,865.9406,767.8370,723.7184,662.8088,616.6756,566.2920,574.1349,543.5699,431.8453,396.9528,314.5696,310.2451,271.4361,264.4922,211.3799,237.6646,228.4062,0.0000,0.0000,0.0000,0.0000,0.0000,0.0000,0.0000,0.0000,0.0000,0.0000,0.0000,0.0000,0.0000,0.0000,0.0000,0.0000,0.0000,0.0000,0.0000,0.0000,0.0000
0.0000,0.0000,0.0000,0.0000,0.0000,0.0000,0.0000,0.0000,0.0000,0.0000,0.0000,0.0000,0.0000,0.0000,0.0000,0.0000,0.0000,0.0000,0.0000,0.0000,0.0000,398.6595,412.1576,394.2414,409.8540,426.9974,461.2755,499.6119,532.1791,540.5800,561.5339,591.2744,650.2208,645.8954,655.9240,647.8685,652.7388,676.0754,700.7618,674.5845,660.1988,727.1577,721.2347,730.9697,696.7524,718.8218,676.7950,770.6578,762.3170,785.3978,843.4976,927.7629,1012.9814,1150.0916,1117.6207,1193.3693,1206.6283,1198.6915,1258.5100,1304.5878,1261.7712,1247.3577,1296.9662,1215.6899,1270.3579,1277.3441,1330.9320,1466.1694,1496.3739,1507.8138,1624.1547,1621.3850,1625.3368,1734.4966,1693.2966,1710.9745,1670.1857,1718.9084,1798.7880,1754.4358,1806.5867,1967.8859,2069.0791,2135.9871,2094.1536,2139.6917,2121.6353,2091.6057,2135.7373,2132.2937,2085.5464,2201.5051,2257.3379,2197.4944,2326.2634,2381.1355,2402.0200,2495.0493,2470.2820,2310.2429,2428.8557,2337.2292,2360.5852,2522.6111,2452.3782,2474.8567,2482.3772,2423.3767,2467.3848,2510.1531,2500.6365,2579.6299,2705.6035,2757.0698,2794.5759,2730.9258,2802.6155,2805.6899,2824.4875,2839.2839,2599.5764,2592.3359,2657.2131,2721.9504,2855.7473,2885.5007,2766.9441,2964.1973,2935.1790,2870.5391,2861.2878,2778.5469,2866.6726,3015.9375,3027.2693,3002.9514,2961.9836,2925.9919,2984.5676,2989.4106,3066.0691,2988.0210,3051.0137,3309.5540,3348.7483,3328.8545,3387.1184,3248.6108,3287.8833,3308.4275,3143.6123,3258.6582,3189.5715,3147.8564,3310.4153,3218.3879,3125.5698,3121.4902,3082.6360,3038.1958,3051.6326,2986.9717,3014.5596,3067.4795,3108.5779,3037.4104,2968.8333,2926.1379,2971.8845,3074.9175,3164.9907,3141.3721,3130.4592,3281.9963,3224.6089,3159.1567,3192.6084,3044.3914,3006.1030,3047.7441,2962.5950,3063.1292,3082.1982,3066.5574,3108.1841,2995.5771,2915.6960,2932.0264,2867.3232,2919.7285,2950.0146,2910.8159,2841.9661,2801.9873,2809.2742,2789.5686,2672.6370,2683.5024,2724.8059,2786.5679,2811.8765,2830.4873,2724.9448,2844.1514,2822.1057,2874.3479,2904.6597,2896.8918,2946.7161,2996.4702,3008.6121,3078.0796,2996.1655,2836.8091,2953.9543,2906.6494,2712.4590,2638.7898,2666.7163,2743.4553,2941.5591,2807.4773,2685.7986,2615.4246,2488.8003,2520.0193,2490.9788,2502.2588,2481.8567,2540.7686,2677.4089,2597.9031,2508.8704,2482.9324,2482.7886,2584.5349,2680.2463,2650.4390,2598.7036,2558.3513,2472.0837,2539.2048,2552.1592,2450.1450,2458.9109,2436.7854,2409.2314,2450.8103,2397.9580,2432.4358,2478.2632,2388.6155,2364.4087,2301.9714,2380.4941,2424.4751,2370.2461,2481.9790,2385.9299,2323.8110,2346.2349,2276.6162,2193.8911,2297.0381,2237.8984,2356.4048,2338.9719,2344.0012,2484.3062,2704.6118,2599.2229,2721.8909,2634.2620,2563.8926,2497.9106,2454.2317,2492.7910,2518.9226,2306.0579,2322.6240,2346.1470,2370.0427,2263.4373,2287.7673,2247.9248,2397.1001,2509.2864,2509.3860,2454.9446,2370.4995,2373.8972,2269.3372,2356.2256,2359.5862,2349.7996,2422.9280,2490.3230,2452.2476,2399.0522,2326.2471,2238.4309,2311.9656,2283.6274,2275.2454,2258.4802,2276.3254,2324.0725,2389.4729,2338.1055,2207.9612,2174.5437,2082.2595,2050.1050,2008.3809,2016.0931,2029.9025,2024.2100,2082.0220,2035.6162,1946.1270,1946.5533,1872.2584,1926.2729,1872.6526,1806.7145,1843.4102,1833.3331,1789.1832,1768.9036,1767.8832,1720.9667,1745.5050,1675.9447,1675.2817,1649.0565,1564.6942,1583.1082,1528.2809,1412.1569,1395.4675,1289.6930,1242.4664,1227.4260,1117.8403,1108.7450,1075.8109,1014.7134,1041.4594,1008.4344,955.5079,937.5961,958.8524,972.9876,1036.5853,997.2094,937.7389,1000.0178,984.3445,923.2541,958.6656,916.1805,895.5009,850.9972,781.6870,674.8446,643.2477,573.2486,557.6163,510.9936,481.2920,435.4596,399.1134,369.8116,315.4017,305.6461,255.4976,245.8181,208.0140,166.2230,0.0000,0.0000,0.0000,0.0000,0.0000,0.0000,0.0000,0.0000,0.0000,0.0000,0.0000,0.0000,0.0000,0.0000,0.0000,0.0000,0.0000,0.0000,0.0000,0.0000,0.0000
0.0000,0.0000,0.0000,0.0000,0.0000,0.0000,0.0000,0.0000,0.0000,0.0000,0.0000,0.0000,0.0000,0.0000,0.0000,0.0000,0.0000,0.0000,0.0000,0.0000,0.0000,352.5964,394.9857,386.9406,412.9208,464.1272,482.8953,461.4564,540.5084,578.8160,518.7999,567.0385,581.6558,620.1849,660.3130,699.1949,697.3495,666.3065,688.9703,676.1002,674.2843,703.4253,687.3066,722.8645,703.7597,753.2577,719.1605,755.6645,775.9256,797.2667,834.0382,932.4496,1039.2194,1126.9594,1104.2512,1166.4144,1193.7819,1204.4143,1268.8989,1241.9299,1236.8336,1224.6763,1233.2523,1259.4327,1366.6497,1341.4263,1378.4708,1453.5013,1488.2097,1517.9685,1558.5360,1620.6985,1700.1204,1711.9852,1726.5010,1717.5894,1662.2998,1723.5288,1699.0673,1799.3247,1934.0336,1942.0839,2013.2836,2176.0908,2148.3281,2194.7800,2191.1851,1960.3354,2052.9104,2111.9424,2152.1621,2270.9607,2247.4863,2246.0327,2421.1667,2396.8291,2372.7029,2369.9297,2306.2329,2358.0227,2403.0063,2491.0420,2464.9771,2406.9097,2474.7341,2457.7358,2421.8516,2450.3071,2377.9670,2501.6736,2680.1628,2728.6223,2647.4670,2778.4539,2690.2285,2745.4736,2859.7112,2763.5247,2766.1550,2674.5886,2660.9167,2709.8789,2676.2024,2682.7983,2802.5588,2828.0828,2853.8396,2867.7795,2897.3411,2910.9500,2985.3193,2935.8354,2962.4302,2895.8748,2952.9141,2947.7263,2941.8306,3003.5500,2932.4668,3012.3181,3096.8140,3103.5686,3116.9128,3238.1846,3202.5891,3404.0188,3422.7888,3254.0793,3271.5540,3322.8347,3221.0337,3349.9148,3257.6050,3094.3511,3138.4390,3249.0708,3112.3423,3137.7837,3050.8708,3133.7014,3068.5757,3057.3892,3018.7329,2869.4265,2956.2512,2971.3943,2928.6985,3030.9412,2940.0779,2950.9087,3158.4099,3161.2463,3140.8301,3153.3870,3033.7031,3188.7463,3229.3718,3078.1558,3151.7021,3012.6042,3078.8701,3133.5791,3091.3477,3035.2393,2951.2532,2856.0605,2973.8911,2970.3799,2886.5134,2920.0891,2834.8965,2899.8770,2821.4563,2764.9055,2730.6069,2669.7756,2718.3201,2817.3584,2701.8987,2713.8008,2822.5015,2755.6726,2732.7927,2787.6150,2742.1592,2825.0771,2871.6631,2961.7058,3060.8123,3010.3025,2967.8425,3013.5803,2938.2375,2976.9675,2839.7939,2820.0618,2792.6577,2818.1108,2825.3652,2730.3787,2703.7859,2706.4790,2740.2791,2658.6904,2658.2756,2482.3806,2536.8696,2536.4517,2507.6853,2460.8625,2488.1013,2479.2271,2518.4424,2500.5605,2432.3303,2528.4844,2529.8481,2604.3672,2626.7859,2521.6470,2415.9482,2488.3801,2545.0896,2489.6521,2482.2520,2469.3401,2522.1680,2613.8198,2559.6958,2561.6875,2392.5127,2402.3362,2395.8599,2391.1584,2462.9033,2407.1572,2445.4268,2435.0413,2370.0298,2223.4253,2292.5854,2296.9224,2392.3867,2349.0737,2213.2976,2302.4802,2405.6631,2351.6868,2512.5750,2589.1321,2693.1799,2667.8416,2618.7502,2709.9751,2678.0718,2578.0400,2479.7661,2474.8857,2449.8320,2358.3447,2306.4509,2246.0039,2290.9343,2360.9478,2562.3333,2371.4976,2423.6753,2497.2190,2419.2429,2308.6277,2357.8784,2236.8965,2281.8828,2384.9070,2330.4253,2470.0344,2394.9014,2325.7139,2398.9932,2289.1660,2295.8901,2248.3020,2301.5757,2299.8884,2343.5408,2251.9700,2366.5200,2340.5964,2280.7546,2241.0803,2145.5171,2141.1067,2096.7214,2086.7063,2150.9539,2033.0787,1966.1257,2018.9044,1934.1060,2003.9221,2026.7665,1879.5458,1894.3397,1884.2766,1792.7715,1783.4088,1771.7402,1735.1620,1783.1230,1794.0081,1773.4612,1789.2740,1695.4912,1702.9211,1693.1716,1623.5880,1577.9006,1516.0775,1428.2930,1412.6382,1327.8899,1254.3322,1234.5140,1170.5551,1121.5334,1060.6814,972.0522,1001.5831,990.8079,980.3173,1040.5243,951.5552,955.2346,977.5847,965.6280,990.2617,984.3614,958.4589,939.0811,921.6230,911.1576,876.9039,769.1572,741.2626,690.5940,646.3305,607.2390,585.3846,549.7198,476.0394,441.1550,427.3009,368.4720,317.8382,266.5520,321.8641,219.9746,282.8803,225.3484,0.0000,0.0000,0.0000,0.0000,0.0000,0.0000,0.0000,0.0000,0.0000,0.0000,0.0000,0.0000,0.0000,0.0000,0.0000,0.0000,0.0000,0.0000,0.0000,0.0000,0.0000
0.0000,0.0000,0.0000,0.0000,0.0000,0.0000,0.0000,0.0000,0.0000,0.0000,0.0000,0.0000,0.0000,0.0000,0.0000,0.0000,0.0000,0.0000,0.0000,0.0000,0.0000,366.3758,377.1844,421.0286,381.0172,461.5854,489.1597,476.7626,506.0668,545.7461,552.4286,539.7883,647.4034,640.3618,685.2717,727.3868,707.9847,688.5738,635.0544,663.2241,646.8056,725.4167,722.1039,698.1480,712.5149,685.1730,695.3120,732.5315,717.7654,771.0422,849.6935,940.4886,1055.4036,1118.8188,1107.3186,1167.1536,1231.1307,1170.6202,1224.4656,1252.3431,1252.8710,1244.2739,1277.0797,1277.9004,1231.7104,1295.1702,1369.0968,1438.1498,1514.4414,1593.0696,1587.8428,1747.3090,1693.2625,1613.6560,1676.4525,1617.2762,1623.7838,1712.7466,1696.1504,1787.4749,1946.6733,1991.3885,2075.9458,2191.8274,2101.6609,2076.4753,2121.2737,2083.2971,2079.0540,2105.7649,2204.8923,2264.4221,2150.7080,2230.1021,2255.4004,2330.9019,2382.9084,2344.7817,2364.2644,2389.6335,2364.8528,2509.1599,2463.9563,2388.9463,2424.6255,2380.1287,2407.4775,2568.6897,2403.7900,2482.9661,2610.2898,2619.9419,2704.9241,2731.4812,2641.1411,2686.1882,2802.5125,2817.6140,2761.6267,2673.9773,2649.7876,2667.2727,2747.2700,2726.3250,2646.4919,2798.6997,2966.9863,2936.5715,3052.8691,2951.9736,2853.0298,2972.5120,2982.4951,2910.1035,2961.2407,2869.5437,3009.6982,3150.1255,3106.8767,3065.9568,3071.5454,2994.7268,3099.4268,3280.5464,3288.2695,3340.7012,3337.9028,3376.5972,3356.1177,3246.4492,3210.1689,3189.3347,3201.8052,3191.3640,3169.4436,3218.2202,3238.3262,3161.2012,3223.0579,3143.9685,2949.0339,2986.5598,2913.8506,2890.9417,2987.1604,2933.0215,2922.5681,3063.5759,3040.1045,2990.5898,3007.2507,2948.5239,3033.0398,3151.4697,3096.4736,3084.6047,3044.5171,3036.2527,3106.6919,3092.9175,3008.4924,3071.0930,3068.7427,3142.2241,2985.7852,2938.1492,2989.3418,2895.8955,2969.9861,2872.2327,2759.6760,2808.2678,2762.3303,2870.7729,2854.5095,2761.3484,2607.8992,2689.8977,2689.4697,2675.6282,2707.2585,2614.9841,2743.4487,2724.2158,2767.5930,2780.3374,2720.2502,2829.4148,2940.1042,2945.4607,2981.7019,2845.5967,2934.4583,3014.4517,2911.3667,2885.6016,2879.6504,2705.6321,2784.9136,2873.1685,2728.9878,2824.7722,2642.1238,2734.7551,2658.9104,2541.8623,2421.8162,2443.1199,2424.1875,2547.0181,2635.4868,2541.4287,2573.4287,2530.5439,2581.8525,2556.8962,2534.1499,2501.9377,2439.9729,2508.3396,2493.6057,2452.1733,2518.6160,2539.8706,2484.3669,2491.1509,2440.9204,2441.7395,2440.6768,2485.8694,2414.0332,2500.6396,2383.4375,2393.3423,2532.8655,2353.0259,2331.0332,2438.3955,2283.3477,2379.2124,2418.2234,2352.5801,2336.3010,2392.9624,2279.2705,2253.4216,2230.1997,2390.6323,2474.0828,2631.3142,2707.1641,2795.6611,2799.2839,2696.7676,2567.4939,2584.8052,2597.7339,2374.0083,2491.3647,2447.6575,2357.0176,2363.7632,2386.2461,2278.2964,2476.0852,2473.7671,2410.0127,2424.8423,2390.0366,2396.8752,2373.7253,2347.5979,2203.4272,2282.1592,2263.5071,2330.3286,2450.2512,2353.7278,2250.8652,2336.4541,2356.7285,2258.1809,2256.8230,2307.9204,2216.3008,2353.0256,2333.8401,2269.6711,2292.3921,2205.9790,2140.8923,2187.5781,2082.0676,2020.4937,2014.5682,1996.7000,2012.2990,1975.9847,1986.7976,2001.0488,1961.8265,1961.7720,1897.7493,1857.1774,1777.0477,1790.2112,1757.2983,1809.8975,1788.0874,1815.0315,1794.1301,1712.1315,1701.6473,1642.0468,1637.7532,1611.5829,1522.9301,1493.0944,1490.2715,1393.7484,1315.0011,1274.9882,1157.7942,1119.9681,1083.6458,1034.6187,1013.0328,1039.0195,990.3096,1029.6631,1056.5961,974.9252,970.1277,958.7084,969.8961,965.3034,988.7443,980.9602,936.3782,900.3494,856.2126,812.3234,836.0828,723.5467,665.3257,626.3417,624.4048,598.7084,566.7412,451.0635,391.9300,438.3677,404.6830,310.3332,282.7152,229.8193,221.8976,213.0327,187.1714,0.0000,0.0000,0.0000,0.0000,0.0000,0.0000,0.0000,0.0000,0.0000,0.0000,0.0000,0.0000,0.0000,0.0000,0.0000,0.0000,0.0000,0.0000,0.0000,0.0000,0.0000
0.0000,0.0000,0.0000,0.0000,0.0000,0.0000,0.0000,0.0000,0.0000,0.0000,0.0000,0.0000,0.0000,0.0000,0.0000,0.0000,0.0000,0.0000,0.0000,0.0000,0.0000,306.3340,377.9821,391.1311,431.2632,448.1295,484.9716,528.9716,540.9498,556.8963,556.3883,619.3396,647.2203,642.4960,646.4308,647.4582,670.4908,677.8148,722.9364,704.2574,683.4825,745.4479,750.7617,725.1597,708.0392,697.7762,713.3592,788.5922,827.6966,831.4868,914.1292,912.9537,991.8146,1094.8467,1105.7020,1128.1750,1165.3192,1220.5125,1251.3248,1259.8998,1279.9806,1245.1675,1291.5907,1290.0032,1278.3086,1351.8468,1434.7465,1486.7389,1694.3348,1666.1539,1565.9753,1660.7277,1656.4169,1633.2617,1636.6461,1577.2817,1650.3774,1700.1686,1819.3029,1850.9502,1886.0193,1908.9293,2070.2942,2163.7292,2229.9102,2117.1243,2082.4048,2125.2261,2165.6504,2176.8855,2259.0854,2101.1765,2206.6045,2317.4304,2300.4961,2392.5701,2335.1516,2317.0984,2421.8406,2387.3462,2343.6880,2340.9243,2355.9451,2469.6650,2563.2007,2502.1421,2463.4956,2397.7192,2427.7102,2502.6555,2589.0957,2594.6277,2646.6616,2686.1362,2795.4199,2732.6648,2735.9395,2799.0029,2720.8591,2662.8232,2616.4080,2496.8435,2613.5193,2726.2544,2743.5166,2945.8674,2944.9111,2888.9883,3030.3472,2971.8237,2883.6855,2927.4197,2890.8901,2996.1941,3130.2859,3023.9060,3054.7964,3043.6895,3011.3855,3010.6821,2998.1558,3048.7014,3154.9836,3288.4731,3511.1145,3450.2363,3291.1431,3287.6941,3294.1663,3258.2971,3343.0752,3161.5195,3276.1130,3222.8674,3256.4060,3319.5908,3224.4412,3129.1228,3164.6099,3121.4829,3100.5564,3035.0679,2891.6860,2971.4990,3030.9790,2982.0935,2898.7776,2858.2053,2927.4121,2976.9788,3050.1943,3071.8235,3060.5586,3015.8281,3143.0476,3126.2063,3057.5105,3022.1062,2940.1763,3080.0713,3196.3401,3110.6921,3076.3743,3083.4683,2940.9250,3026.8010,2967.0852,2779.0239,2841.2305,2828.0288,2809.3865,2877.1797,2831.8472,2828.9663,2827.2903,2723.7034,2677.4363,2626.2866,2608.3008,2674.3083,2720.5645,2810.5024,2781.7219,2634.8042,2766.2080,2632.6013,2758.9214,2787.5981,2823.1436,2940.8691,3034.9309,2960.9783,2978.0330,2947.5874,2806.2117,2939.4626,2787.5991,2760.1064,2871.5095,2797.8596,2913.2473,2826.1877,2727.5535,2549.4958,2595.8779,2533.8486,2534.1125,2465.4854,2456.0061,2540.1704,2594.5417,2590.9185,2560.7307,2455.0884,2525.3296,2534.3384,2543.9946,2645.2920,2411.7822,2481.8186,2514.6270,2526.4434,2561.5774,2465.5410,2369.0544,2478.1619,2477.2878,2472.6025,2513.3772,2399.9180,2398.5076,2459.1936,2395.8914,2442.0098,2487.3154,2511.9290,2484.6096,2404.6704,2453.1309,2421.0896,2393.2539,2404.3247,2390.5530,2290.1890,2286.2898,2223.9448,2426.6052,2439.3435,2531.8042,2786.6936,2899.4338,2680.6497,2780.2422,2720.0205,2522.6606,2562.5535,2565.1526,2615.6650,2472.4697,2328.8257,2371.2405,2385.2505,2304.4602,2369.3127,2371.2383,2474.1885,2457.1355,2443.4778,2463.6658,2376.6038,2230.4016,2291.9209,2255.1165,2133.3569,2343.2371,2328.6956,2380.0354,2428.4526,2327.5222,2308.3628,2268.3005,2242.3064,2291.3096,2279.3977,2218.3835,2323.6882,2334.9058,2384.4570,2389.5088,2237.1692,2118.2561,2176.7981,2086.6572,2063.2759,2019.8918,2004.3374,2060.4453,2072.2271,2085.7693,1956.6304,1919.7181,1915.6367,1836.9298,1912.2626,1825.9617,1762.2167,1854.6265,1913.9187,1826.6759,1807.6566,1766.6492,1658.6760,1725.5647,1761.0021,1644.3530,1696.9749,1569.2938,1543.1229,1514.0978,1390.9521,1306.4365,1257.7347,1201.2294,1204.2190,1104.1980,1061.4359,1043.6421,1054.5828,1022.4262,1019.0695,977.3324,1043.3086,962.1396,1052.0045,1056.8986,1000.6932,963.7953,995.5247,900.3587,943.5671,922.4077,849.7863,804.0409,765.0713,739.3209,657.0694,549.9142,644.6631,551.4774,446.0911,435.8802,349.8486,389.2736,319.1908,307.2394,282.9720,242.8477,218.0237,175.7548,0.0000,0.0000,0.0000,0.0000,0.0000,0.0000,0.0000,0.0000,0.0000,0.0000,0.0000,0.0000,0.0000,0.0000,0.0000,0.0000,0.0000,0.0000,0.0000,0.0000,0.0000
0.0000,0.0000,0.0000,0.0000,0.0000,0.0000,0.0000,0.0000,0.0000,0.0000,0.0000,0.0000,0.0000,0.0000,0.0000,0.0000,0.0000,0.0000,0.0000,0.0000,0.0000,0.0000,377.2123,367.9186,431.2126,424.6066,470.3931,486.1043,534.1583,568.7754,577.5273,589.3274,570.6002,589.0909,650.9685,719.1580,699.2219,674.0858,680.4394,707.5843,698.3311,704.6868,722.2114,737.2318,721.1561,684.8648,663.7358,708.7551,799.5166,856.2107,916.7079,966.2283,1024.2614,1025.5339,1160.7407,1183.4739,1167.8673,1186.5258,1131.5148,1235.7690,1205.1429,1206.5469,1271.5625,1270.3217,1326.6674,1460.6206,1436.5024,1499.8854,1582.3260,1616.8273,1595.4839,1710.9156,1742.0905,1665.7875,1718.0483,1658.2742,1708.8278,1721.3055,1748.2880,1821.2404,1877.3435,2062.1687,2103.5239,2053.0811,2214.0547,2129.6265,2071.6353,2059.4124,2051.1624,2153.8557,2219.9204,2163.6057,2209.8005,2256.9270,2259.6150,2389.3203,2338.2812,2344.6738,2339.8450,2325.5173,2348.1699,2417.0132,2427.9631,2449.2671,2513.2507,2534.0864,2342.2507,2372.9421,2452.9915,2472.0601,2614.2522,2782.5393,2663.6201,2677.9187,2685.4287,2687.9724,2719.2417,2777.6016,2582.3108,2631.5901,2610.5525,2596.9087,2681.6345,2679.8589,2753.2996,2912.2756,2923.0325,2930.9873,2913.7551,2910.0845,3018.1118,3102.1948,3140.7212,3062.7527,3013.2244,3046.0674,3039.4148,3028.5439,3063.1306,3004.7629,3084.5879,3243.6863,3308.4736,3317.7217,3381.6729,3297.3572,3317.5674,3308.4929,3219.4436,3294.4368,3344.6003,3266.1194,3310.1282,3244.2932,3102.3960,3208.9265,3245.9878,3241.4683,3162.9661,3101.1150,3132.9277,3079.3181,3039.7764,2956.2476,2844.9355,2889.3230,2892.5981,2940.0933,3011.1289,3035.6323,3016.6467,3153.8911,3023.0901,2947.4507,3030.2893,2982.3687,3024.5225,3085.6855,2987.3655,3103.5161,3121.5671,3119.6936,3097.4150,3010.7705,2843.4509,2842.5312,2893.6699,2921.8704,2862.4829,2820.9724,2834.9563,2853.1753,2777.8154,2739.0227,2650.9646,2646.3127,2696.7710,2682.9771,2730.8718,2656.4111,2654.4749,2775.2822,2679.5811,2655.0732,2662.1768,2518.5530,2690.9844,2822.2295,2868.0986,2870.5466,2847.5859,2847.5811,2969.6321,2951.9548,2781.4236,2725.1057,2773.0955,2916.3198,2877.3425,2822.2361,2740.5439,2737.5720,2789.6284,2745.1401,2537.2261,2461.8943,2483.6375,2494.7351,2618.4634,2567.3748,2497.6838,2616.7515,2572.2129,2603.2324,2694.3491,2565.1467,2679.0361,2608.6548,2546.9180,2590.6802,2538.2493,2520.3735,2603.5044,2505.3491,2493.8110,2414.3286,2404.5662,2419.4375,2509.7651,2517.0405,2450.2747,2441.3528,2497.8342,2511.1521,2464.4741,2580.8135,2567.6514,2491.5220,2530.6052,2261.1436,2289.4351,2385.0408,2286.3872,2346.3599,2266.0513,2203.7056,2329.1279,2549.8940,2581.0039,2743.7729,2757.0005,2733.0994,2720.0625,2717.0432,2733.7288,2620.5984,2449.7490,2524.9241,2507.3948,2491.7671,2277.2549,2287.6104,2294.0779,2397.1177,2460.2112,2521.6294,2486.7822,2389.9919,2449.5798,2358.9758,2340.8599,2206.6921,2244.1445,2264.6626,2326.2295,2369.9402,2250.6321,2373.9387,2239.3333,2299.6787,2250.3032,2205.6147,2200.3313,2257.9741,2320.0393,2305.9626,2299.0862,2291.0195,2256.9890,2280.0293,2226.8406,2039.3778,2070.7812,2072.8284,2045.8722,2059.3875,1998.6060,1922.8168,1974.9368,1958.5676,1913.2120,1977.5403,1789.0669,1864.6880,1860.3086,1773.5472,1779.4177,1790.8358,1791.2550,1845.8046,1786.8929,1714.5885,1699.2662,1728.9984,1665.6627,1671.9517,1559.2592,1527.3892,1503.0127,1389.6190,1327.6368,1240.5970,1239.6925,1150.0129,1121.2709,1070.7867,986.6522,961.6949,1030.2256,967.8296,1027.7417,1027.0083,980.8431,1033.9762,1052.0532,1029.4774,988.5847,973.5552,894.4876,946.2368,861.7708,865.0288,758.1249,710.1305,660.6411,636.2134,615.5024,575.5912,520.5760,449.8916,433.1351,420.4005,371.5836,289.7130,281.3326,269.3770,226.4200,205.5062,0.0000,0.0000,0.0000,0.0000,0.0000,0.0000,0.0000,0.0000,0.0000,0.0000,0.0000,0.0000,0.0000,0.0000,0.0000,0.0000,0.0000,0.0000,0.0000,0.0000,0.0000,0.0000
0.0000,0.0000,0.0000,0.0000,0.0000,0.0000,0.0000,0.0000,0.0000,0.0000,0.0000,0.0000,0.0000,0.0000,0.0000,0.0000,0.0000,0.0000,0.0000,0.0000,0.0000,0.0000,375.9736,380.7247,424.1130,437.1216,514.9742,552.9223,567.4322,586.0367,570.3102,604.6579,621.0475,665.4392,674.2382,736.4937,689.0838,689.9379,688.4630,651.1108,666.3511,680.6467,730.9356,790.8089,752.5106,689.0836,717.3131,733.6511,809.6663,829.2692,929.7542,1010.4895,1046.6731,1090.7281,1095.2130,1082.9454,1133.4854,1169.4763,1182.5801,1224.0671,1254.3347,1280.6016,1316.1006,1276.8555,1305.8636,1344.0886,1454.7871,1585.8448,1537.8206,1572.5608,1716.6854,1720.7114,1732.8553,1707.1359,1594.8617,1659.6718,1688.5052,1696.7670,1806.0614,1736.4343,1903.9443,2072.8855,2120.6357,2101.9348,2118.3037,2000.5153,2023.0149,2114.3267,2161.0969,2135.5212,2176.1318,2148.6292,2197.3289,2218.3184,2234.7688,2181.6699,2326.5120,2409.3188,2337.4233,2358.4453,2370.5691,2393.5891,2433.9556,2371.3054,2358.1450,2429.9666,2344.9561,2414.7952,2535.8093,2547.4451,2586.5193,2672.7996,2634.8689,2585.0723,2688.9387,2653.4045,2711.1965,2727.4946,2717.3120,2648.0481,2558.5261,2598.9949,2659.4734,2750.4941,2809.0815,2805.1562,2956.5237,3029.8496,3023.8682,3060.5620,3094.9023,2977.0974,3101.2791,3095.4343,3013.9443,3162.2891,3129.7439,3139.7114,3251.2075,3107.8079,3002.2036,3202.3330,3201.8589,3285.7083,3405.0903,3265.8818,3368.3652,3354.1155,3290.0796,3263.1384,3135.7969,3183.4968,3235.3171,3261.9092,3280.8782,3184.5615,3229.4121,3300.2231,3206.8267,3240.0554,3048.5835,2900.5181,3032.9978,2990.3062,2954.2742,3035.4060,2892.8225,3018.4182,3160.3726,3071.0100,2977.4966,2996.2422,2899.8213,2994.8308,3041.0012,3020.7002,3038.6350,2981.5042,3015.1875,3082.4360,3061.1716,3004.6140,3044.6477,3062.9810,2990.8110,2910.9705,2849.5696,2866.1040,2875.5669,2856.6118,2794.7319,2669.3389,2731.0591,2702.3286,2724.5483,2809.1655,2672.4902,2621.5530,2667.7388,2653.9131,2641.0386,2694.9753,2615.5505,2708.9153,2715.5989,2618.9072,2652.4949,2687.8257,2690.3782,2826.0378,2805.4895,2866.6531,2840.8787,2866.5725,2914.9160,2863.2712,2810.8318,2730.5037,2822.2344,2890.2842,2832.8083,2712.8718,2730.3350,2627.0671,2591.6125,2698.7317,2499.6055,2467.0972,2536.4744,2605.4648,2667.9976,2646.9531,2557.1445,2661.5181,2608.9661,2600.5264,2470.3281,2422.9353,2464.8254,2546.4746,2542.3296,2622.3069,2554.5142,2528.6013,2628.8311,2593.7180,2479.9539,2476.4707,2355.4783,2423.0015,2471.9712,2451.6589,2547.5107,2518.3542,2559.7612,2569.9839,2470.8286,2360.7483,2381.6052,2346.2480,2458.9248,2381.2654,2324.7969,2332.6042,2276.5984,2303.7305,2342.6553,2491.3782,2644.1619,2689.5171,2729.8328,2924.0344,2805.4575,2676.0947,2592.8882,2621.4473,2622.6362,2572.4124,2447.6438,2435.4048,2396.6467,2315.3496,2436.1172,2366.8591,2441.3137,2522.8501,2469.1746,2362.3545,2414.4990,2324.0361,2351.2461,2379.3499,2193.6375,2355.5610,2235.9597,2278.4585,2339.7673,2271.9543,2298.4263,2326.6064,2296.6311,2357.1470,2236.7195,2264.3696,2299.4810,2261.9661,2334.0032,2301.1289,2253.9312,2221.6216,2196.6462,2171.3469,2116.5356,1966.5560,1958.6442,2014.0200,1959.5784,1988.3988,1974.3778,1956.9246,1974.1606,2004.6768,1916.5686,1784.4011,1722.0432,1746.7152,1798.1648,1850.1033,1802.7534,1749.0121,1789.1572,1762.5558,1667.2418,1683.4027,1649.9790,1607.1107,1658.1439,1570.5555,1443.8938,1440.9822,1298.6906,1204.2607,1246.2855,1139.5668,1057.4423,1021.7615,1008.5783,1069.4282,1040.2894,1006.7946,1025.7719,1015.1354,1005.1649,965.3066,961.2635,1012.8146,995.7991,964.3577,961.9230,902.6566,889.6270,806.8890,773.3388,731.8120,686.3011,626.3651,631.4946,592.2211,519.2134,482.6999,421.5706,388.5985,346.2245,302.9667,252.4131,213.2956,209.8441,232.8867,0.0000,0.0000,0.0000,0.0000,0.0000,0.0000,0.0000,0.0000,0.0000,0.0000,0.0000,0.0000,0.0000,0.0000,0.0000,0.0000,0.0000,0.0000,0.0000,0.0000,0.0000,0.0000
0.0000,0.0000,0.0000,0.0000,0.0000,0.0000,0.0000,0.0000,0.0000,0.0000,0.0000,0.0000,0.0000,0.0000,0.0000,0.0000,0.0000,0.0000,0.0000,0.0000,0.0000,0.0000,351.9504,406.4286,430.8467,470.6120,526.5667,504.6137,593.9446,599.9371,605.9469,615.2855,622.6077,697.4966,655.6821,685.6292,683.0942,670.2280,693.0734,682.0087,667.8693,703.2938,728.2983,750.0795,728.6095,702.7175,666.6907,746.5060,831.8359,897.9895,987.7602,1029.8676,1056.3749,1086.6895,1110.0349,1137.0735,1122.1823,1119.3542,1210.0612,1219.3395,1272.4562,1248.2616,1255.2971,1269.9180,1348.0934,1375.2439,1418.2150,1547.1475,1568.0787,1696.8223,1693.0492,1591.1210,1690.9407,1652.0823,1674.4806,1685.9338,1672.1353,1757.5643,1812.2195,1887.8984,1924.4631,1992.8131,1994.9576,2059.9993,2073.8491,2110.2117,2077.3113,2120.7612,2156.9517,2163.1509,2128.2576,2101.3452,2116.0420,2178.0720,2213.7642,2232.4614,2282.3354,2395.0439,2360.3733,2384.6912,2372.6675,2253.0732,2360.7961,2394.1521,2442.1208,2462.9905,2342.5630,2375.6836,2460.8730,2525.8235,2493.7212,2561.9993,2515.9771,2564.5569,2618.7676,2729.8406,2717.3171,2691.9709,2635.7466,2637.7532,2601.7991,2647.4680,2577.8787,2734.9282,2913.1841,2933.5586,3031.7671,2974.2520,2921.7246,3089.8643,3089.0774,3040.1223,3079.8040,3076.7505,3184.7371,3276.1548,3153.4517,3068.5247,3104.0857,3015.0623,3146.1516,3171.9744,3211.3376,3375.2214,3385.4941,3462.9319,3320.2605,3170.8325,3206.0347,3098.0444,3249.8745,3272.9233,3256.6787,3257.5459,3318.5071,3254.8198,3265.4346,3174.6946,3088.8518,3110.2046,3079.8191,3031.9951,3061.2834,3000.3291,3012.2908,3106.9670,2946.1714,2974.6655,2990.9648,3039.9226,3017.2212,3027.6567,3038.1763,3066.6318,3010.7271,3087.2708,3030.4832,2897.4753,2940.1016,2922.3950,3144.6599,3110.8550,2992.1514,2983.7712,2976.3352,2871.4993,2905.8579,2789.2512,2703.0747,2860.1411,2863.2048,2810.3574,2819.5176,2641.7126,2582.9448,2804.6196,2600.2351,2573.7761,2536.7637,2575.5894,2628.0801,2717.9507,2762.7058,2612.4431,2571.6392,2588.4326,2642.0554,2644.2903,2677.2961,2715.0432,2801.9536,2951.3315,2843.9858,2861.0818,2845.5347,2776.0842,2800.8572,2835.7187,2753.2141,2911.0937,2775.4185,2812.8267,2834.8633,2696.4177,2644.8535,2622.4189,2568.1323,2522.8389,2571.4604,2513.6189,2604.2217,2638.6458,2676.4529,2623.4902,2546.9011,2547.6333,2491.2363,2496.6965,2504.3267,2484.2327,2574.7427,2638.7512,2540.8118,2527.6453,2410.2847,2418.9224,2515.2268,2519.3613,2497.8611,2506.8301,2388.5698,2437.2104,2464.4529,2413.9175,2452.8416,2489.3379,2482.7771,2393.1863,2365.6919,2276.6055,2361.9316,2386.9438,2354.4541,2264.1235,2177.9424,2284.1340,2400.8938,2561.5664,2715.4016,2704.4661,2850.0708,2792.1670,2748.0073,2692.4517,2668.0991,2436.8264,2672.8923,2606.8296,2495.5327,2395.8352,2322.0457,2289.0735,2367.4290,2444.6487,2445.2520,2457.0781,2483.9280,2533.9700,2468.7825,2383.7754,2225.1750,2211.4089,2241.7869,2144.5403,2260.1714,2255.8047,2229.8105,2320.2063,2381.1035,2220.3245,2261.0610,2210.9951,2135.6252,2319.8040,2314.2949,2234.8435,2315.0496,2274.5088,2280.2622,2288.8696,2112.3440,2029.3607,2034.7242,1978.7446,1975.5731,1954.7650,1985.7035,2011.2987,1981.4775,1981.8876,1879.6874,1859.0867,1839.8777,1780.4714,1732.0675,1782.5117,1721.4576,1783.4252,1793.9448,1706.9738,1709.5634,1707.3768,1700.1864,1800.2196,1725.4767,1646.9077,1641.0474,1543.7489,1462.2662,1369.1047,1333.3051,1192.7651,1231.3524,1147.3722,1087.6963,1034.8290,1008.0601,1042.4362,1023.2985,1024.9905,1030.7498,998.7849,1013.7965,1083.5192,1059.9181,1052.3264,1041.5896,977.8597,965.3588,912.3965,832.8287,832.5797,757.1656,771.5969,691.4827,615.4760,621.9050,578.8427,510.2856,486.3490,441.7139,325.0686,302.9787,296.3530,299.2942,240.9024,220.9533,241.2511,0.0000,0.0000,0.0000,0.0000,0.0000,0.0000,0.0000,0.0000,0.0000,0.0000,0.0000,0.0000,0.0000,0.0000,0.0000,0.0000,0.0000,0.0000,0.0000,0.0000,0.0000,0.0000
0.0000,0.0000,0.0000,0.0000,0.0000,0.0000,0.0000,0.0000,0.0000,0.0000,0.0000,0.0000,0.0000,0.0000,0.0000,0.0000,0.0000,0.0000,0.0000,0.0000,0.0000,0.0000,336.3388,386.3964,388.8062,433.2401,485.1349,530.7724,546.9099,596.4600,598.6122,631.2084,572.7239,630.6974,660.4333,639.7524,681.3317,661.1311,682.3319,684.4012,651.2429,623.8799,671.0585,685.8589,708.3493,732.9290,750.8193,754.2242,808.4202,879.0935,970.8062,989.6000,1052.4031,1106.5886,1110.1561,1189.3024,1135.3944,1101.2827,1130.1665,1167.1376,1275.8276,1315.3357,1221.4784,1258.5648,1323.6205,1365.2184,1495.6154,1513.1116,1498.0066,1579.0239,1661.9020,1661.1708,1647.8737,1626.5640,1661.2278,1661.6630,1760.1460,1733.1023,1720.4697,1821.8578,1930.0315,1926.2252,2120.0115,2027.7740,2016.3417,2080.8799,2091.5286,2022.9570,2085.5693,2102.6877,2116.2722,2206.7859,2095.7917,2114.7546,2162.5652,2182.3862,2227.1475,2249.3416,2223.0603,2235.7363,2311.8010,2381.7532,2384.2595,2318.4475,2389.5852,2286.0439,2340.3984,2322.3542,2409.4016,2472.5969,2527.1301,2584.8691,2686.2195,2575.0574,2566.7939,2662.7710,2668.7480,2709.5447,2668.5693,2601.9387,2667.3967,2765.6855,2705.6692,2806.9468,2934.5325,2892.0322,2975.9016,2958.7913,2954.8662,2986.0413,2991.4080,3091.9260,3242.1074,3138.2336,3157.9368,3161.7471,3179.7764,3124.7625,3048.1008,3114.4495,3179.2012,3277.8010,3383.1807,3296.3882,3197.6890,3304.5388,3200.4114,3172.1772,3191.4509,3050.7634,3242.2068,3284.6072,3222.5818,3238.9434,3164.9729,3113.7700,3277.8420,3266.3899,3173.8750,3109.8770,3049.1707,3073.6394,3152.6768,3075.7043,2929.1523,2930.4529,2992.1006,3048.7114,3018.8325,3092.6050,3055.8359,3026.9065,3109.4365,2943.4768,2917.6333,2926.3511,2876.9089,2952.9656,3031.5854,2964.0220,3000.0937,3019.2224,2960.4316,2995.0273,2895.9648,2776.7197,2936.5256,2845.7737,2823.2458,2920.6335,2745.3201,2776.2495,2798.8726,2730.5720,2627.5022,2557.3613,2607.4431,2636.2744,2608.7383,2627.7544,2592.0977,2642.5105,2701.3357,2634.2175,2587.1738,2585.9106,2565.1907,2742.6877,2800.5776,2747.0750,2744.9009,2821.3152,2762.6733,2813.2336,2764.0063,2727.8757,2814.3711,2773.2830,2959.5615,2790.7429,2761.7883,2740.3557,2776.0442,2736.5227,2587.5266,2531.3020,2608.3801,2618.6995,2665.3582,2742.7849,2576.8181,2579.4668,2656.0620,2592.7019,2592.5203,2578.4016,2488.3093,2555.3640,2617.7017,2536.9490,2590.0017,2544.8640,2499.4331,2565.6785,2576.4211,2462.0259,2456.7109,2438.7600,2382.3271,2451.2000,2456.2837,2393.6213,2397.4475,2452.7976,2469.7290,2441.2729,2513.1206,2437.5720,2383.4907,2368.1633,2340.8584,2337.7915,2374.1367,2260.2166,2324.1851,2350.2161,2381.7239,2569.4097,2711.6697,2642.4448,2721.5183,2789.2507,2659.2686,2772.3662,2744.3359,2675.6616,2611.7932,2506.0273,2509.9495,2415.3701,2334.0488,2371.2285,2338.9897,2414.5190,2505.0684,2546.7612,2494.5896,2472.0376,2373.5732,2382.1797,2290.2522,2154.8306,2287.3596,2224.6284,2311.4568,2308.4985,2260.7979,2259.4133,2282.6931,2217.8008,2163.2739,2234.0132,2193.7156,2280.0295,2344.7490,2299.7117,2239.3389,2242.4346,2166.2334,2172.7961,2157.2170,2063.4687,1949.2842,1986.3683,2039.4320,1991.5189,1973.7256,1903.9620,1919.1727,2055.9385,1868.4990,1885.1381,1811.5763,1735.0198,1746.9479,1776.1818,1704.0996,1730.2600,1655.2290,1721.1447,1728.3508,1686.5790,1701.8210,1763.2649,1724.7319,1666.7574,1600.4352,1533.6338,1433.6393,1403.5323,1318.7416,1258.6888,1158.1879,1159.2047,1050.5034,1016.2971,1024.5211,1014.3152,1024.3291,1049.6727,1078.1517,1054.0951,1075.6642,1036.4220,1009.9468,1020.8790,991.0914,968.9054,903.7213,890.1004,854.6890,820.8569,778.8508,733.9853,677.0111,638.4971,573.2995,573.1343,531.9429,485.1030,388.5379,381.9077,330.0529,244.8867,259.2859,269.7980,229.1376,184.9627,0.0000,0.0000,0.0000,0.0000,0.0000,0.0000,0.0000,0.0000,0.0000,0.0000,0.0000,0.0000,0.0000,0.0000,0.0000,0.0000,0.0000,0.0000,0.0000,0.0000,0.0000,0.0000
0.0000,0.0000,0.0000,0.0000,0.0000,0.0000,0.0000,0.0000,0.0000,0.0000,0.0000,0.0000,0.0000,0.0000,0.0000,0.0000,0.0000,0.0000,0.0000,0.0000,0.0000,0.0000,333.0755,363.0553,384.1305,450.1320,489.7021,564.7420,568.8370,582.8281,613.2378,640.3651,629.9576,625.3867,629.4872,617.6487,718.8172,703.5948,667.0156,656.2981,629.7936,664.6476,681.6929,762.1913,751.5177,717.3877,830.7423,759.7774,837.0328,895.0740,928.2635,1033.3428,1131.3827,1161.5754,1124.5653,1111.8259,1099.4258,1176.2766,1158.2192,1250.4814,1217.7184,1269.4285,1286.9413,1339.1447,1342.1144,1322.2352,1454.2032,1558.2960,1578.5671,1548.5194,1615.2712,1694.8073,1687.0146,1663.6932,1627.5933,1622.4988,1723.1752,1716.4919,1739.6340,1873.8950,1911.6031,1981.1045,2112.3792,1998.9978,2018.0219,2015.5322,2003.7258,2086.7839,2213.3721,2134.1035,2170.6882,2133.0869,2100.6609,2065.9146,2057.8523,2078.7676,2190.6233,2233.4792,2242.9902,2189.6553,2203.5696,2325.4661,2369.8562,2414.6794,2316.0818,2181.5471,2291.9968,2329.7791,2412.2251,2594.8333,2500.9436,2531.1042,2597.7805,2604.8188,2569.4592,2602.1484,2667.8928,2804.7107,2846.2891,2723.1404,2658.8787,2695.8931,2732.0623,2876.7749,2927.3379,2893.0325,2880.6895,2919.8535,3057.8762,3062.5530,3067.7444,3052.0107,3085.8596,3298.3706,3212.0183,3181.9150,3263.0466,3179.3281,3154.1938,3272.2056,3143.0850,3131.4880,3207.3711,3227.5005,3330.0486,3382.5930,3222.6426,3348.0605,3223.4036,3153.2065,3152.5034,3143.6140,3139.5569,3195.7231,3250.5637,3292.7844,3230.9622,3190.2927,3228.1038,3098.1199,3008.5872,3025.2141,3005.7810,3074.1604,3087.4001,3022.2048,3070.4304,3050.1633,3129.1191,3177.3093,3068.9377,2989.7009,3027.1226,2964.0876,3074.5730,3015.1292,2890.7961,2973.2366,3015.0012,2935.1023,2950.3865,2914.3242,2875.0886,2942.9895,2982.2673,2952.1558,2855.0437,2763.3425,2802.5439,2880.4036,2828.3997,2767.9104,2683.7039,2719.7615,2662.4636,2595.6047,2635.5359,2522.2227,2593.6685,2681.5261,2584.6736,2557.0762,2655.7407,2591.4797,2729.0833,2784.8591,2696.2893,2686.8440,2736.2192,2724.9504,2787.2966,2798.2676,2808.2598,2810.5911,2849.5303,2933.1541,2817.9399,2742.0305,2799.7217,2845.0889,2895.3633,2812.9961,2719.0837,2710.2183,2698.0461,2592.6509,2702.1079,2648.8906,2601.3025,2708.2083,2652.4893,2690.4526,2648.4094,2558.8677,2622.1899,2605.8804,2494.3350,2467.2102,2464.0813,2465.6641,2487.0769,2544.5693,2558.6873,2518.3879,2539.5208,2596.7192,2495.8721,2458.9565,2336.7776,2404.0525,2432.4275,2442.2424,2364.5916,2483.6724,2508.4771,2456.9495,2483.1860,2370.6245,2272.2544,2417.4062,2324.1323,2373.1150,2355.5171,2287.5293,2334.5564,2432.4607,2392.1836,2508.9250,2625.3506,2614.2073,2737.7139,2795.8452,2824.5239,2680.0427,2643.2175,2726.9595,2638.7529,2602.7407,2430.4768,2336.0422,2412.7266,2413.7898,2402.2595,2425.7195,2492.9792,2503.6165,2574.5281,2368.8926,2425.1619,2298.6318,2207.3208,2287.4297,2302.2283,2208.1426,2237.1592,2216.6667,2246.5056,2278.2639,2169.9443,2216.3242,2230.2798,2242.1365,2274.3232,2286.7471,2253.1086,2238.5713,2218.9536,2262.7566,2230.5469,2112.7996,2115.3796,2101.0593,1983.0643,1978.7947,1925.6130,1965.8843,2013.1372,1934.3518,2000.2823,1959.7461,1925.8647,1929.8383,1878.2358,1738.3447,1691.5061,1693.3220,1706.5420,1715.0543,1706.8206,1737.6653,1748.4777,1735.6405,1748.4281,1688.7865,1644.9545,1704.3850,1609.0487,1611.2136,1502.2328,1351.8601,1364.9392,1265.8376,1160.7830,1151.8872,1124.0557,1016.7524,1064.3572,1043.8650,1053.4929,1056.8768,1036.5533,1079.6685,1057.0206,1042.3021,1035.9667,1014.8829,1029.8363,960.6271,938.7332,974.9346,856.2632,842.9016,813.9712,730.6956,697.5523,628.7800,590.9094,619.5582,529.5688,431.0513,404.9775,355.5634,356.2603,272.7375,282.7752,255.4812,196.5480,192.5154,0.0000,0.0000,0.0000,0.0000,0.0000,0.0000,0.0000,0.0000,0.0000,0.0000,0.0000,0.0000,0.0000,0.0000,0.0000,0.0000,0.0000,0.0000,0.0000,0.0000,0.0000,0.0000
0.0000,0.0000,0.0000,0.0000,0.0000,0.0000,0.0000,0.0000,0.0000,0.0000,0.0000,0.0000,0.0000,0.0000,0.0000,0.0000,0.0000,0.0000,0.0000,0.0000,0.0000,0.0000,335.5354,352.8912,388.0424,455.9481,445.6367,547.0439,592.5894,629.1124,662.2755,565.6887,642.8127,641.7669,645.4296,654.3680,652.9082,685.0939,686.9667,702.9708,669.0724,694.2449,659.1628,754.4877,751.0440,759.6150,820.7443,809.9976,907.1732,972.3560,998.6406,1036.5497,1131.6952,1157.8312,1163.4457,1148.0438,1158.3146,1183.1117,1208.4661,1262.0345,1239.6533,1173.3894,1224.3342,1271.9573,1341.5409,1376.2549,1409.8849,1500.1102,1590.0135,1604.0259,1621.0203,1637.3130,1598.7268,1634.5038,1693.9817,1692.9329,1781.9373,1705.3810,1850.7252,1898.8490,1869.8695,1859.4293,1915.6880,1896.7836,2012.7432,2067.3679,2095.9558,2137.9075,2135.1995,2123.5945,2100.4451,2048.0371,2001.0698,1982.9124,2081.1421,2206.1003,2150.7949,2185.7627,2251.0935,2139.7805,2274.0569,2318.0532,2278.1946,2348.0820,2288.9065,2331.3354,2347.7883,2268.3408,2415.0437,2469.9124,2520.1995,2516.7761,2550.1802,2504.3167,2669.0095,2746.5583,2710.5369,2769.1677,2694.8906,2733.2710,2684.0444,2728.4033,2740.2759,2883.1665,2978.7805,3051.4846,2949.9043,2939.1848,2923.9424,2931.5227,3121.0774,3074.4480,3055.3157,3217.1848,3236.9355,3324.2615,3278.1711,3077.3735,3017.4846,3151.1548,3183.8579,3169.9036,3222.8274,3231.2002,3405.4001,3401.1797,3371.4866,3183.1580,3047.2451,3102.8325,3150.3889,3188.1487,3242.0747,3116.4021,3180.0754,3368.0386,3262.1929,3233.1152,3115.1262,3086.2468,3170.3496,3122.7419,3091.3765,3118.3572,2993.4932,3013.1189,3159.3552,3069.7917,2995.5317,3062.0366,3043.0173,3177.5303,3125.6157,3032.5945,3026.4897,2993.7556,2935.1155,2906.0259,2858.8994,2843.3457,2866.2363,2920.5540,3020.4719,2990.3696,2955.9058,2947.3057,2843.2783,2843.1399,2812.6587,2750.4917,2827.0996,2834.9880,2745.7256,2761.6824,2601.1387,2524.2175,2586.9819,2540.5754,2509.8755,2576.9600,2578.0151,2654.9556,2697.2422,2646.9231,2631.9675,2673.5251,2724.8635,2706.8074,2685.9578,2756.2612,2799.8608,2860.2432,2972.6064,2834.8584,2758.3472,2833.0859,2803.1997,2917.9985,2924.4346,2810.4995,2905.3398,2910.3042,2784.3511,2771.9102,2633.9133,2667.8538,2708.9600,2682.2310,2652.0684,2648.6985,2651.1023,2747.8945,2681.0376,2680.1648,2557.4622,2470.5234,2491.9358,2476.6606,2494.6245,2539.6416,2446.5317,2517.5417,2543.8982,2485.7004,2449.5793,2402.1313,2478.5117,2544.1863,2458.6292,2341.7798,2428.4717,2335.3877,2384.1033,2465.9116,2414.0891,2359.6665,2420.4536,2375.6772,2356.0461,2317.6277,2309.2917,2406.1353,2326.9812,2330.2542,2308.6301,2334.8557,2385.0276,2560.1621,2679.6121,2829.1543,2639.7048,2711.4670,2743.3245,2651.8347,2715.4312,2639.6951,2599.7273,2615.5151,2455.8188,2375.8960,2420.2742,2311.6230,2362.9519,2505.4375,2467.6113,2522.3484,2534.3940,2462.2041,2468.6050,2331.9187,2212.8596,2217.4963,2238.0972,2255.0396,2182.3784,2218.7563,2169.8525,2217.7117,2303.6062,2261.9517,2136.1057,2136.0078,2219.6162,2219.2114,2313.2781,2287.0437,2196.8748,2221.4497,2260.3850,2122.3730,2057.0859,2003.2482,1952.9050,1978.6332,1920.6217,1928.3020,1940.4867,1970.2194,1997.8096,1982.4576,1873.3745,1856.8252,1787.0779,1764.2628,1739.6257,1736.8718,1647.5094,1698.6171,1762.4728,1780.0292,1649.9622,1720.7780,1714.4813,1740.1788,1761.1031,1755.8154,1610.7852,1549.6470,1486.2272,1413.1184,1325.8416,1216.1049,1215.2485,1206.2535,1151.4454,1091.0920,1081.3981,1079.3672,1029.2646,1032.5704,1095.1543,1022.0272,1073.0498,1110.9116,1054.0889,1058.9222,1021.6644,970.8306,922.1375,946.9974,857.3462,819.7075,827.1294,782.5018,691.1276,643.9593,583.3765,539.4055,497.5991,447.6307,433.7217,367.7655,343.1851,312.6161,266.0215,221.3289,195.1379,162.8565,0.0000,0.0000,0.0000,0.0000,0.0000,0.0000,0.0000,0.0000,0.0000,0.0000,0.0000,0.0000,0.0000,0.0000,0.0000,0.0000,0.0000,0.0000,0.0000,0.0000,0.0000,0.0000
0.0000,0.0000,0.0000,0.0000,0.0000,0.0000,0.0000,0.0000,0.0000,0.0000,0.0000,0.0000,0.0000,0.0000,0.0000,0.0000,0.0000,0.0000,0.0000,0.0000,0.0000,0.0000,324.5978,408.8206,331.4258,436.7042,519.6334,546.9179,542.3262,591.6131,615.3443,620.9679,669.8325,586.1099,638.6144,704.4170,722.2401,712.8235,642.8074,649.5928,666.8420,703.3519,662.8257,762.3986,753.7380,781.7661,817.3214,814.1750,801.7028,927.0482,977.6437,1059.6128,1107.2748,1137.7294,1240.2842,1244.5457,1242.9491,1214.3041,1199.0610,1207.8314,1167.1398,1276.0902,1300.2573,1233.6882,1351.6635,1475.5073,1406.3210,1515.9320,1536.1244,1538.5605,1584.0468,1634.6942,1605.3578,1657.5455,1659.9679,1683.6350,1785.3744,1751.0487,1759.4637,1792.8091,1785.5520,1893.3995,1949.2292,1947.3214,2021.9653,2006.6740,2088.0154,2061.6892,2054.3745,2101.3291,2018.6445,2159.6721,2129.9053,2006.5305,2051.4883,2132.0625,2050.9712,2095.6550,2141.1809,2077.2507,2202.3291,2347.6982,2380.3755,2367.4873,2259.0898,2235.5547,2292.8811,2331.4038,2309.9419,2332.8938,2486.6086,2575.1880,2571.4438,2632.8193,2619.7766,2643.2178,2809.4165,2730.9370,2730.6738,2713.5723,2660.6350,2821.9089,2941.5527,2880.1213,2956.0425,2989.0122,2837.5859,2908.9634,2978.5688,2988.5730,3068.0366,3086.0649,3244.9819,3333.0166,3249.7600,3181.5327,3211.5979,3132.2700,3082.9717,3039.1543,3170.5479,3306.6357,3248.5630,3402.5515,3358.1016,3214.5640,3197.1802,3059.0837,3185.3486,3208.6755,3183.2676,3328.1348,3335.1111,3120.0674,3190.2979,3225.7158,3206.6689,3321.1450,3227.9639,3139.7605,3160.5432,3124.0378,3089.3225,3090.3357,2956.1584,3013.4597,3038.5354,3085.5188,3119.6135,3069.1011,3091.0210,3131.3972,3131.3796,3058.6472,2868.7883,2873.0930,2912.8977,2911.5610,2975.6958,2950.0793,2819.3650,2798.5032,2957.2134,2927.9287,2958.2336,2799.9578,2778.6072,2927.5027,2952.4084,2877.7437,2762.1960,2708.7578,2679.4385,2651.1606,2662.3813,2564.9338,2479.0142,2596.6912,2657.6709,2653.4373,2580.1003,2525.5681,2502.6389,2666.3220,2631.7600,2626.3950,2710.1133,2730.1624,2831.5681,2926.7437,2817.9238,2858.8088,2895.7097,2817.6709,2859.9187,2867.2400,2779.9673,2910.5784,2887.9214,2927.4937,2928.5181,2785.7292,2781.0547,2691.4065,2674.9968,2759.0391,2667.1504,2705.7212,2766.7500,2696.7380,2702.5444,2619.5549,2588.7568,2644.0464,2606.0127,2506.7812,2573.6931,2514.3176,2530.3286,2527.7046,2381.9670,2378.4194,2435.6250,2388.8682,2548.5845,2462.6753,2428.2705,2451.0300,2373.7998,2383.6758,2341.5098,2312.4580,2368.1746,2399.4844,2473.5457,2425.0591,2309.7080,2387.8259,2429.4944,2377.4473,2371.5034,2258.3782,2271.3577,2320.0708,2377.1875,2364.4980,2495.0422,2430.4421,2552.2979,2653.0149,2633.3901,2650.1060,2632.4517,2599.6912,2746.4783,2671.4858,2548.8518,2540.1147,2406.1328,2345.9939,2315.0312,2365.2542,2399.7410,2394.9036,2541.7175,2542.4297,2465.9592,2453.0500,2308.4973,2284.7776,2332.8191,2173.8398,2171.9329,2258.5789,2170.8337,2212.2913,2218.6890,2116.9194,2163.4807,2150.2537,2120.1575,2135.6025,2176.0620,2235.4980,2332.3442,2274.7729,2232.9070,2186.9705,2154.7073,2101.7722,2113.2612,2083.7195,1976.8309,1951.2255,1985.6176,1991.0122,1934.2979,1961.9351,1895.8123,1926.6273,1925.2384,1804.1554,1754.8987,1769.9501,1681.9778,1637.3147,1724.9419,1596.8589,1673.8423,1746.0796,1779.3370,1806.1012,1765.1841,1735.0864,1721.8668,1721.6241,1615.8945,1555.6687,1452.5588,1371.6384,1359.0861,1318.6172,1181.7805,1149.4276,1084.2733,1084.9215,1048.9865,1068.5449,1009.2418,1013.0443,1073.1230,1062.8787,1062.9983,1057.4103,991.4474,986.0388,990.4077,963.8682,963.8847,938.5097,884.1606,863.6761,763.1348,684.0945,676.8331,632.7587,615.7360,571.9265,508.9906,464.1699,382.6581,345.8916,336.1725,264.8249,262.2773,267.0923,197.1854,167.7487,0.0000,0.0000,0.0000,0.0000,0.0000,0.0000,0.0000,0.0000,0.0000,0.0000,0.0000,0.0000,0.0000,0.0000,0.0000,0.0000,0.0000,0.0000,0.0000,0.0000,0.0000,0.0000
0.0000,0.0000,0.0000,0.0000,0.0000,0.0000,0.0000,0.0000,0.0000,0.0000,0.0000,0.0000,0.0000,0.0000,0.0000,0.0000,0.0000,0.0000,0.0000,0.0000,0.0000,0.0000,317.0026,329.6012,375.7760,452.1805,495.0138,526.0476,569.2214,606.6500,583.1077,653.2868,635.0216,624.4088,650.5678,710.4979,687.2914,707.4965,683.4346,659.0728,667.5410,662.7745,713.7723,683.7177,703.4863,753.2535,769.1617,843.7343,829.1138,920.7424,1009.1414,1061.9554,1214.4125,1273.7416,1229.2845,1162.6514,1254.4723,1207.4221,1228.4637,1222.8336,1206.5117,1221.5184,1290.6360,1299.7427,1311.5646,1364.4501,1376.9019,1509.7480,1548.8125,1575.4858,1572.4658,1608.5646,1612.7842,1628.7886,1623.4030,1649.5942,1642.6387,1752.3386,1770.9202,1790.3732,1892.5132,1842.6677,1919.6115,1962.6536,1923.2822,1908.8512,1912.1093,1996.1624,2081.8445,2154.6565,2039.4955,2101.8411,2021.2898,1953.1409,1953.6993,2017.0206,2047.7676,2114.7407,2120.4766,2177.8284,2231.4363,2284.2634,2314.4631,2371.6760,2320.5344,2258.3076,2285.5300,2345.8201,2412.0430,2408.6099,2484.4556,2489.6670,2523.7678,2678.2163,2555.2329,2666.6963,2711.6946,2685.2649,2802.0129,2807.2791,2623.9043,2725.1772,2847.5972,2767.3215,2890.0942,2898.1196,2822.4343,2940.5256,2998.3831,3025.0093,3013.3376,3051.7500,3101.9355,3184.9229,3277.6853,3200.8342,3077.2253,3169.9788,3101.2671,3150.2285,3184.6548,3155.6211,3151.7668,3373.8503,3345.9807,3246.1494,3277.0400,3122.4507,3176.6245,3305.9004,3179.1011,3113.1646,3101.8540,3093.1663,3246.4072,3231.5518,3231.5869,3223.3955,3205.9775,3255.9338,3174.0676,3075.1448,3028.0061,3000.2969,3129.0437,3190.0349,3012.8906,3123.5610,3098.0940,3088.7542,3096.6409,3051.3979,2966.8408,2997.7771,2958.2649,3059.4485,2970.6243,2852.5669,2914.6853,2872.3491,2767.4954,2791.0808,2768.5159,2908.3271,2934.6663,2971.7617,2950.7397,2897.7720,2888.6047,2839.2505,2737.3669,2706.8647,2668.7781,2628.2036,2697.8506,2682.6206,2558.5105,2602.4124,2532.7505,2587.3123,2613.4751,2486.9526,2531.0063,2597.8059,2581.8667,2730.3279,2786.1267,2682.4214,2801.0225,2859.2886,2824.5691,2891.4106,2786.7690,2842.4197,2916.7959,2923.0325,2907.4119,2810.8022,2804.3267,2866.7373,2874.6672,2937.3164,2771.2346,2704.8811,2762.0725,2836.3257,2739.7441,2794.8513,2647.4817,2599.0459,2695.9067,2673.2573,2684.3682,2610.7100,2462.9980,2582.5242,2538.1177,2432.6497,2395.4810,2401.3062,2345.1479,2452.8181,2485.6367,2399.3945,2472.0642,2503.6184,2460.8152,2399.1624,2311.4067,2267.0879,2304.2061,2385.0022,2463.6750,2415.5562,2418.5522,2399.1072,2294.3057,2338.2869,2325.4226,2376.4617,2445.0078,2304.3401,2297.2942,2389.0486,2275.9258,2400.2158,2397.0398,2419.4385,2568.3147,2540.7285,2522.2048,2730.2292,2678.5537,2588.0100,2586.5417,2593.0640,2567.4729,2455.1875,2389.1492,2396.1550,2297.3552,2388.9143,2456.1121,2383.8621,2485.1777,2535.4861,2441.8225,2477.4106,2345.4324,2235.6541,2276.5225,2222.1941,2212.1523,2223.2104,2142.1633,2136.7754,2218.5359,2172.9875,2179.9243,2026.8940,2150.3647,2194.0242,2239.9766,2171.0867,2202.0693,2207.5676,2213.3743,2171.1279,2151.6123,2088.5093,2029.0314,2051.2207,2055.0037,1916.7944,1948.9189,1909.7606,1903.0265,1977.2128,1999.8870,1936.6398,1882.7250,1824.6454,1794.3226,1780.8406,1578.9833,1675.2761,1639.9446,1670.8640,1757.6926,1717.4000,1706.1798,1748.8411,1755.3984,1730.3907,1708.5590,1652.3768,1612.4929,1556.8307,1582.5670,1444.2433,1376.1276,1294.8479,1282.7860,1176.7518,1146.0743,1136.2975,1065.6633,1092.6350,1056.3774,1048.4687,1085.6969,1040.9280,1027.4218,1062.2377,1050.2773,993.3076,1017.8527,998.0688,933.3530,895.9570,863.5856,812.7003,752.6559,772.0095,686.7474,660.0330,617.1641,574.2573,524.3162,430.5434,398.7419,355.1715,371.3492,271.2152,288.5133,244.0846,187.2617,142.9428,0.0000,0.0000,0.0000,0.0000,0.0000,0.0000,0.0000,0.0000,0.0000,0.0000,0.0000,0.0000,0.0000,0.0000,0.0000,0.0000,0.0000,0.0000,0.0000,0.0000,0.0000,0.0000
0.0000,0.0000,0.0000,0.0000,0.0000,0.0000,0.0000,0.0000,0.0000,0.0000,0.0000,0.0000,0.0000,0.0000,0.0000,0.0000,0.0000,0.0000,0.0000,0.0000,0.0000,0.0000,296.9538,300.6815,338.7498,455.1686,461.3729,508.7998,588.5850,623.6468,625.5417,606.0444,629.0104,629.2639,660.2591,721.2529,689.2509,650.4850,654.5378,738.9551,706.8685,675.9265,692.5924,691.0994,753.7470,760.1351,754.4340,804.8530,850.2652,984.6750,1059.3147,1155.8745,1136.6464,1261.5360,1258.6149,1256.9042,1215.2871,1177.4270,1259.3756,1224.6664,1278.4745,1240.9974,1202.6990,1271.4009,1324.0281,1406.0428,1524.3876,1475.0880,1548.4370,1603.3790,1561.0923,1543.0088,1558.0881,1620.2241,1690.4088,1691.5896,1659.1815,1765.3651,1734.8575,1805.6116,1852.9116,1819.0107,1850.9534,1951.5797,1919.2268,1983.8473,1976.7216,1918.5406,2055.7922,2070.6455,2091.1030,1955.8763,1942.7142,1922.5157,1973.5266,2080.5503,2119.1118,2027.7792,2064.3406,2151.0083,2198.4917,2353.3359,2315.7444,2311.6475,2392.3232,2390.4036,2329.1719,2368.2717,2326.0325,2368.4536,2555.1001,2528.5239,2448.6523,2579.0149,2615.5491,2756.3037,2820.3389,2741.6665,2674.4731,2700.0747,2663.5566,2683.8730,2782.8582,2855.9968,2885.7166,2976.0049,3036.3196,2895.3384,2928.8611,2939.6987,2919.6313,3132.0583,3182.3010,3185.5459,3301.5029,3271.6855,3168.2510,3199.4448,3065.0811,3060.6072,3205.1543,3234.4155,3305.8650,3400.6028,3302.0154,3374.9231,3318.2615,3093.6946,3050.9990,3139.5615,3166.6658,3225.6609,3193.9431,3291.2783,3214.1987,3284.7551,3314.8916,3167.8560,3209.5020,3221.4939,3190.3398,3314.6252,3255.6255,2990.4104,3150.4456,3130.5176,3120.1772,3113.2163,3019.5500,2960.3899,3106.1819,3079.2278,3099.8955,3058.8818,2914.0264,2980.8257,3003.3621,2877.4441,2768.2417,2769.6726,2802.6973,2854.4639,2917.4421,2972.2273,2888.1577,2892.7480,3032.4604,2860.4985,2921.0981,2809.5625,2681.0991,2803.2517,2787.5298,2660.6240,2706.8228,2597.2651,2543.0764,2658.4453,2564.4402,2610.8704,2516.5564,2514.7468,2632.2786,2672.9778,2597.6152,2633.8486,2714.1765,2772.5779,2766.8604,2846.4697,2916.4136,2950.1331,2959.3943,2976.4131,2823.8325,2773.8518,2772.1990,2729.2666,2873.8752,2867.2722,2807.1787,2945.9358,2852.9136,2772.9170,2743.4802,2673.6753,2702.9790,2728.5405,2673.8284,2685.5144,2620.3052,2649.9717,2657.8083,2592.0427,2505.4319,2414.2869,2497.8054,2475.9783,2399.9941,2380.1167,2392.5479,2375.4744,2426.0020,2455.1228,2347.6802,2350.1846,2367.2505,2365.8467,2386.6882,2372.0874,2312.4167,2376.8311,2408.1223,2408.5735,2429.5444,2342.0361,2293.5894,2367.0928,2388.4175,2427.8416,2486.5327,2365.9407,2305.7004,2301.4719,2364.8225,2283.2312,2340.5427,2455.9246,2527.4744,2564.1196,2523.8767,2504.5317,2559.7832,2601.3611,2528.9514,2565.0139,2512.0188,2454.9031,2529.5225,2441.6265,2320.0977,2312.0295,2390.5984,2372.5435,2534.2053,2454.9717,2441.7664,2406.0044,2326.4250,2343.0566,2325.9766,2153.2593,2249.0908,2149.9883,2164.6536,2189.4875,2150.9272,2099.3594,2131.6602,2105.1680,2141.0112,2052.6482,2128.6069,2159.2529,2161.2500,2293.2937,2300.2551,2166.9204,2225.2710,2115.1787,1983.9520,2055.6865,1926.4570,1929.4735,2017.6887,1929.4088,1996.2511,1936.7479,1933.5610,1905.5532,1843.0109,1783.6658,1812.5211,1699.4716,1747.1240,1654.6156,1629.0090,1695.4304,1710.7621,1777.9403,1757.2229,1700.7030,1729.2391,1739.8910,1684.5898,1729.1746,1613.9822,1534.3142,1577.0237,1488.7042,1393.1776,1300.2979,1239.2960,1211.4897,1207.8533,1175.3184,1090.9794,1058.9600,997.1182,1037.1025,1068.4380,1035.8147,1015.7629,958.3073,996.4272,1025.8217,906.4141,893.0289,897.8752,918.5488,873.4423,798.2219,763.2375,730.8918,670.3716,684.4407,601.0331,573.6160,499.6233,433.1799,393.9371,394.2681,340.6594,293.2954,264.1267,221.0313,206.8669,174.2124,0.0000,0.0000,0.0000,0.0000,0.0000,0.0000,0.0000,0.0000,0.0000,0.0000,0.0000,0.0000,0.0000,0.0000,0.0000,0.0000,0.0000,0.0000,0.0000,0.0000,0.0000,0.0000
0.0000,0.0000,0.0000,0.0000,0.0000,0.0000,0.0000,0.0000,0.0000,0.0000,0.0000,0.0000,0.0000,0.0000,0.0000,0.0000,0.0000,0.0000,0.0000,0.0000,0.0000,0.0000,248.9332,278.0872,390.5430,436.5391,511.3767,533.3406,591.6937,613.7892,573.3059,616.0402,582.9280,599.2247,639.6920,695.1219,712.5242,651.5862,728.1830,658.6202,660.6708,717.7587,644.4585,679.4360,737.3322,755.1646,813.5153,879.8454,836.6107,901.1407,1067.1682,1080.7004,1193.1921,1177.9209,1269.3966,1272.6517,1270.4067,1230.6556,1203.5356,1158.3107,1220.8232,1243.2576,1286.3315,1308.1713,1333.9214,1417.8605,1464.1343,1496.4822,1536.8038,1566.2925,1524.0529,1678.2397,1694.8818,1666.0164,1660.9249,1618.8923,1672.3301,1708.8815,1739.4412,1703.6687,1751.0565,1847.0985,1839.5133,1965.3545,1935.5703,1980.4131,1903.8171,1958.4193,1945.3704,1981.5417,2025.2600,1969.4861,2046.3101,2060.0696,1963.2217,2025.2793,2089.4492,2024.5006,2077.8242,2169.5789,2220.3123,2464.6455,2427.3889,2361.7358,2321.7341,2344.1985,2342.5259,2378.4285,2380.7888,2352.0381,2480.0811,2509.8423,2631.2646,2658.0012,2687.1921,2654.5894,2697.7754,2799.5879,2657.9636,2675.8760,2776.9258,2765.1265,2877.8550,2963.9045,2825.0479,2851.7468,2961.3408,2878.9778,2954.1428,2954.5266,3012.5024,3243.0376,3231.7307,3189.7053,3234.7722,3113.9995,3111.2410,3221.5027,3183.1851,3168.0476,3081.7375,3171.5774,3309.6880,3442.6890,3378.4971,3246.6079,3106.1892,3219.0378,3118.3325,3211.9229,3175.0742,3153.3215,3271.9236,3360.5225,3196.6899,3215.3640,3210.2498,3239.3523,3379.6680,3326.8142,3237.6902,3238.6936,3129.6047,3119.0977,3181.2393,3072.6233,3070.2432,3125.9702,3124.9692,3127.2478,3082.7446,2996.5059,3002.2029,2942.4316,2952.8831,2880.5928,2800.7859,2902.8469,2780.5222,2791.1411,2871.6831,2786.4231,2883.5713,2961.8462,2849.3896,2901.4053,2977.2581,3028.1394,3046.8254,2937.0093,2842.9744,2750.7056,2699.5420,2665.0767,2692.7339,2664.8506,2595.6829,2657.9500,2704.5562,2640.4500,2524.8220,2483.8672,2540.5371,2609.3264,2676.3511,2660.0879,2677.6638,2763.8723,2839.3726,2942.7180,2957.4946,2760.2456,2867.3257,2849.9717,2837.4231,2887.0200,2803.1233,2815.8669,2898.7107,2954.0361,2838.0332,2820.0593,2696.4792,2744.2278,2826.4294,2750.5884,2721.1973,2673.8342,2652.9368,2703.0735,2705.5874,2625.9607,2549.4197,2516.9900,2577.6877,2495.4717,2457.8923,2477.1584,2415.5178,2459.1709,2536.0845,2390.5581,2407.6406,2439.0498,2412.0210,2485.3484,2404.3054,2355.5674,2348.3169,2369.9084,2374.9653,2428.6162,2386.2646,2501.0142,2470.5525,2532.6230,2501.4644,2466.6443,2415.8630,2449.7461,2353.4375,2395.7925,2257.4563,2244.3035,2337.0071,2329.6907,2400.8547,2437.5215,2408.1931,2467.5540,2490.7131,2442.1934,2463.0337,2478.5830,2554.6294,2569.8997,2504.4622,2356.8267,2377.0815,2358.2639,2298.2585,2337.4949,2269.1963,2404.9348,2388.7891,2520.8013,2462.0767,2334.0740,2321.0703,2279.0156,2269.7295,2292.0867,2200.5464,2149.7419,2205.4133,2158.3782,2074.2822,2081.7979,1947.4757,2038.0525,2084.9128,2123.4365,2128.3445,2126.7058,2201.0920,2233.3557,2259.8110,2158.1614,2131.5020,1986.3306,2040.8601,2022.3491,1933.1074,2022.7087,1913.1621,1994.8652,1971.2891,1860.1725,1802.6006,1825.0121,1832.2372,1905.0341,1825.6440,1719.2937,1731.0339,1673.2694,1648.2506,1715.8350,1667.1068,1666.7083,1713.1669,1736.9552,1762.1552,1698.9189,1671.5197,1639.5869,1633.8408,1553.4135,1467.8660,1404.1158,1353.6829,1357.2435,1302.7886,1263.7528,1109.4236,1099.9453,1079.7562,1047.4471,1023.7036,1016.9545,1048.0842,1078.8541,1037.0028,965.0692,1028.1505,970.2113,963.9971,936.5536,918.1445,925.5050,899.8534,820.5861,811.6807,733.1307,689.2921,659.1242,603.2028,527.9089,498.2166,435.0302,413.5272,370.9668,340.1435,282.4027,224.9116,236.4088,177.4303,125.7869,0.0000,0.0000,0.0000,0.0000,0.0000,0.0000,0.0000,0.0000,0.0000,0.0000,0.0000,0.0000,0.0000,0.0000,0.0000,0.0000,0.0000,0.0000,0.0000,0.0000,0.0000,0.0000
0.0000,0.0000,0.0000,0.0000,0.0000,0.0000,0.0000,0.0000,0.0000,0.0000,0.0000,0.0000,0.0000,0.0000,0.0000,0.0000,0.0000,0.0000,0.0000,0.0000,0.0000,0.0000,0.0000,331.3202,343.7132,393.2705,518.9949,564.9509,586.6996,607.7169,591.6469,581.8871,553.4310,613.7278,602.2803,647.8793,681.8530,640.9340,641.0235,688.9426,681.4108,684.0534,700.3904,728.5244,707.4730,829.6732,787.3290,832.4500,887.4500,925.4304,1038.5332,1101.8500,1156.8218,1215.3691,1252.0428,1284.1792,1213.1061,1255.2438,1195.3455,1205.8973,1263.8545,1197.8815,1261.4949,1270.6483,1245.2068,1369.0656,1428.5669,1437.7050,1532.0227,1601.8590,1603.8490,1632.0531,1635.4391,1608.4529,1655.7229,1597.0465,1650.7664,1677.9545,1730.9553,1758.8004,1700.9709,1802.3690,1863.9758,1874.4426,1964.2264,1865.4186,1863.8337,1913.3257,1925.4944,2010.2231,2027.5966,1940.6254,1993.4412,2035.2000,1950.0100,2001.1577,2032.6888,2080.1587,2246.5415,2243.3840,2354.1692,2397.9395,2354.0613,2355.6345,2370.1536,2331.0916,2364.9785,2374.0898,2478.1345,2567.9326,2563.2839,2696.5042,2428.3462,2428.9973,2700.2761,2708.1934,2721.1309,2783.0000,2713.8745,2842.8049,2837.6494,2674.7241,2714.0759,2830.8154,2848.1128,2950.0935,2910.5974,2967.4346,2962.9407,3045.8147,3074.1948,3098.0125,3094.6108,3174.2925,3202.4780,3249.9580,3265.9119,3179.3113,3179.8074,3218.2451,3119.0933,3210.2605,3158.2112,3257.9827,3478.9990,3262.3169,3220.3101,3223.9556,3088.3103,3154.1345,3212.4521,3111.6643,3137.7791,3256.0723,3280.2031,3389.2671,3334.7136,3228.6863,3256.1814,3304.6753,3301.8254,3158.8093,3101.3281,3110.8918,3155.8889,3224.3020,3233.4321,3135.3396,3010.3875,3088.7244,3124.7949,3082.4707,2941.5049,2869.3611,2977.8254,2960.9053,2931.5269,2864.2849,2728.1194,2786.3059,2865.1133,2722.1013,2831.0737,2832.8008,2876.3726,3055.0156,3100.3149,2991.2395,2873.8308,2835.2432,2846.8496,2780.9255,2801.8252,2723.0034,2697.9761,2718.0669,2685.3403,2600.8564,2577.5349,2569.2629,2528.7380,2624.9482,2629.3508,2651.6746,2744.8674,2747.1331,2781.9563,2825.0828,2773.7537,2816.5776,2932.9546,2846.3574,2926.6274,2781.7087,2813.8796,2877.0134,2840.2090,2768.5173,2778.0869,2752.9482,2840.8901,2829.0974,2795.6672,2807.4639,2774.6926,2757.3787,2781.7490,2630.1619,2657.1169,2610.6399,2670.1765,2745.1409,2616.1926,2576.8044,2572.1003,2452.1609,2500.3706,2456.2756,2347.8896,2382.0073,2427.9810,2467.7100,2484.2402,2377.6248,2392.8547,2407.0884,2419.4546,2353.5913,2271.1953,2294.5867,2390.9915,2425.3809,2537.2915,2518.3779,2445.3809,2505.8323,2497.9866,2460.0947,2486.7297,2430.6675,2371.5957,2463.0459,2347.0625,2305.8286,2321.7380,2237.7219,2339.0317,2454.7305,2394.9973,2366.1465,2427.6216,2480.0852,2511.7605,2479.7043,2429.3486,2413.4998,2367.6436,2351.8066,2311.4575,2355.0984,2296.0408,2277.3740,2412.4165,2451.0933,2386.7861,2329.6777,2359.0286,2303.4412,2417.3103,2276.4343,2234.9373,2260.3240,2255.8789,2159.8484,2122.8286,2035.8962,2067.1123,2078.7815,2004.4592,2075.2148,2030.7990,2068.6577,2134.0767,2111.7444,2112.9324,2107.1658,2147.6577,2120.7329,2086.6406,2067.5156,1971.7941,1941.0107,1985.6115,1946.2150,1886.0212,1931.5470,1902.8152,1924.1357,1950.6646,1862.5842,1824.3756,1849.5980,1818.1520,1676.2764,1756.5372,1683.2177,1748.5482,1759.8914,1722.0085,1746.5277,1722.7560,1727.7717,1743.4308,1749.9622,1667.7352,1554.1295,1570.7126,1566.0822,1522.2272,1439.1071,1377.8765,1291.2371,1288.2578,1225.5463,1196.4474,1141.4325,1027.3710,1058.2584,1097.0309,1041.4402,1047.2083,1030.5103,1017.1957,996.3647,1026.9834,934.6566,971.5707,1011.6401,966.6927,929.9493,903.6983,836.1164,759.0643,657.3137,654.3369,597.3201,541.1884,562.1937,467.8644,468.2796,390.5525,359.1172,337.2947,285.0948,258.0850,216.7582,156.8457,0.0000,0.0000,0.0000,0.0000,0.0000,0.0000,0.0000,0.0000,0.0000,0.0000,0.0000,0.0000,0.0000,0.0000,0.0000,0.0000,0.0000,0.0000,0.0000,0.0000,0.0000,0.0000,0.0000
0.0000,0.0000,0.0000,0.0000,0.0000,0.0000,0.0000,0.0000,0.0000,0.0000,0.0000,0.0000,0.0000,0.0000,0.0000,0.0000,0.0000,0.0000,0.0000,0.0000,0.0000,0.0000,0.0000,294.4182,330.8804,373.4627,454.4901,518.5363,597.4478,631.1735,632.1384,549.0181,602.5076,611.9504,610.7350,616.0342,653.8501,664.5419,699.5709,709.8436,746.3867,714.6375,654.3093,707.7812,709.3555,803.8828,823.7863,820.9066,872.5563,927.0681,1055.6868,1109.5787,1159.8751,1159.5050,1220.8486,1247.5103,1283.1864,1232.3800,1195.0615,1269.7969,1298.1743,1233.9792,1165.3586,1258.6019,1287.0432,1371.1145,1459.9873,1481.2544,1528.0629,1607.5623,1639.5103,1587.9628,1640.5927,1593.1646,1550.6215,1707.6451,1697.1272,1663.3536,1740.5104,1704.6752,1742.8168,1839.7517,1827.5828,1810.9659,1877.2689,1878.2538,1918.8782,1930.1628,1915.9968,1993.6604,1961.8862,1940.4580,1941.6626,1967.2041,2005.9269,2112.3335,2121.7598,2212.7292,2220.7224,2251.4736,2384.3743,2337.8564,2402.7642,2380.5764,2354.7932,2497.2905,2517.8650,2392.0374,2440.9453,2477.2075,2472.0039,2676.3748,2467.0537,2512.8025,2645.0623,2760.0652,2835.3806,2793.3757,2651.5786,2740.0916,2772.1936,2711.4446,2796.1931,2788.9189,2912.7126,2993.4900,3008.0237,3044.2727,2851.2251,2905.2571,3000.4023,3060.4197,3199.7649,3240.8357,3175.5728,3324.2795,3268.9319,3088.1672,3203.6443,3026.4729,3077.8555,3282.8276,3270.3379,3396.1455,3381.7187,3249.0740,3296.3022,3261.8503,3073.0640,3060.9644,3091.3596,3163.4958,3240.9910,3277.2202,3402.4282,3374.3252,3366.7598,3370.9111,3249.2507,3227.5303,3207.4902,3159.7070,3252.0388,3294.1047,3197.9275,3287.0088,3228.2781,3137.2292,3127.8296,3043.0203,3055.9556,3129.0950,3075.9023,3033.5488,2955.6313,2837.0374,2877.9705,2834.8010,2728.8250,2699.4971,2728.9773,2827.1975,2905.4971,2898.8728,2934.4121,2923.2698,2959.0500,2940.9607,2842.6008,2835.8208,2817.7664,2816.2917,2894.4729,2785.9373,2629.8503,2618.3987,2630.9436,2572.5920,2670.1477,2584.5305,2566.8555,2699.7734,2695.5532,2711.7681,2741.1477,2651.0105,2722.6987,2900.6855,2901.5259,2864.0286,2841.2598,2916.8855,2972.8083,2886.2390,2860.7791,2761.8967,2703.6067,2813.5798,2763.4380,2821.7578,2826.7991,2787.1672,2840.5923,2819.7300,2712.3572,2744.6658,2642.4280,2650.6399,2758.5012,2728.3750,2704.0823,2698.2080,2573.2104,2552.4001,2556.9131,2397.5837,2450.2139,2459.8010,2446.7988,2486.2871,2419.7847,2467.5803,2481.2827,2433.0105,2360.3403,2343.4395,2357.6489,2410.3237,2376.8821,2453.3037,2420.5647,2423.3162,2493.8811,2509.5085,2445.5881,2501.0603,2448.5022,2509.7639,2596.8188,2528.4011,2504.9973,2410.1162,2296.4009,2292.1443,2310.2227,2245.9204,2284.4060,2332.6709,2456.9314,2474.1821,2389.0046,2358.5469,2439.4448,2446.3938,2436.4900,2372.5486,2359.2927,2318.0315,2317.0334,2347.0405,2321.9634,2265.9507,2268.6726,2280.2942,2343.0903,2365.3831,2214.5168,2334.5378,2362.3948,2319.7783,2304.8589,2234.3401,2176.4097,2136.8408,2182.0273,2112.8442,2059.7310,1990.6884,1971.4570,2047.0747,2133.0007,2091.0042,2040.5349,2104.0588,2156.8416,2120.1919,2154.7214,2093.2703,2053.6145,2138.5703,2024.1534,1897.7620,1879.4623,1889.6263,1964.7047,2045.9283,1991.5881,1962.6748,2006.4495,1899.0092,1867.4896,1844.4844,1779.4587,1798.1401,1773.8666,1811.8235,1727.9458,1677.8221,1783.4731,1761.8630,1761.6279,1744.3857,1725.9706,1720.3501,1669.1694,1669.1573,1612.9709,1509.5076,1491.0284,1435.3724,1346.3264,1317.4576,1300.6870,1236.6733,1176.1772,1172.5581,1063.4346,1049.6727,1030.7004,1023.9148,1013.5650,998.8686,990.5405,1013.7515,1000.2603,1007.5547,993.9200,925.8121,910.8509,929.6002,874.3259,850.0490,682.0928,723.7991,680.9203,595.9407,591.5350,520.7863,462.9410,465.6980,395.9816,368.7988,347.8831,282.3572,229.3147,231.0728,142.1444,0.0000,0.0000,0.0000,0.0000,0.0000,0.0000,0.0000,0.0000,0.0000,0.0000,0.0000,0.0000,0.0000,0.0000,0.0000,0.0000,0.0000,0.0000,0.0000,0.0000,0.0000,0.0000,0.0000
0.0000,0.0000,0.0000,0.0000,0.0000,0.0000,0.0000,0.0000,0.0000,0.0000,0.0000,0.0000,0.0000,0.0000,0.0000,0.0000,0.0000,0.0000,0.0000,0.0000,0.0000,0.0000,0.0000,319.8141,344.9352,365.6674,473.4418,600.8483,584.3752,583.5750,601.3400,629.0403,574.1152,561.7842,562.4211,616.6716,649.8292,703.7451,664.3906,648.2618,690.8210,672.7892,728.1095,738.0598,731.1949,793.0306,835.5566,778.3484,892.6374,894.9146,1035.1746,1086.2778,1163.0369,1189.9226,1198.0104,1195.8356,1258.1945,1257.3395,1250.8571,1251.2410,1233.8544,1237.1476,1199.8534,1254.0912,1305.5537,1346.7108,1486.1202,1516.5765,1491.1299,1558.8285,1589.4086,1643.2777,1692.6554,1560.2780,1621.6698,1657.5952,1600.2264,1658.4568,1695.7799,1668.8914,1710.7784,1803.5139,1884.5995,1886.3287,1889.5079,1835.8246,1889.4790,1933.4427,1899.5762,1826.3300,1889.8413,2005.5094,1973.5355,2079.4236,2152.5588,2059.9958,2147.7866,2224.1577,2231.0784,2296.3396,2348.4424,2378.1450,2471.3796,2478.8540,2386.2671,2438.6887,2409.8962,2410.0957,2541.6729,2507.2947,2539.1982,2493.5952,2629.7627,2763.4622,2751.0227,2742.4893,2695.1965,2804.3860,2864.1655,2773.4651,2714.3530,2812.6904,2834.7319,2920.2263,2997.1116,2885.1829,2909.2231,2951.9875,2872.7354,3016.4377,3067.0029,3053.6321,3199.2139,3200.2014,3071.7444,3171.8667,3113.0100,3148.7222,3193.5386,3120.0515,3180.8599,3255.4529,3248.7583,3391.4465,3314.6697,3239.0789,3096.4915,3107.8586,3178.9280,3094.3557,3075.2280,3195.6931,3184.0806,3302.7371,3370.8044,3269.2043,3259.8279,3300.7800,3218.3284,3261.2627,3176.6392,3109.5452,3242.2935,3250.0044,3173.4138,3187.9221,3130.1133,3145.0776,3210.3171,3110.5298,3161.8435,3046.5430,2973.6897,2931.8306,2939.1235,2831.6404,2816.3921,2754.1565,2788.1987,2786.3037,2735.0393,2786.9319,2793.2771,2893.8667,2990.4895,2911.6899,3000.2661,2833.0500,2837.7141,2935.2092,2891.0623,2804.1985,2794.4551,2703.6084,2650.5471,2672.4973,2587.4687,2623.7195,2696.1399,2624.2561,2642.2798,2621.5696,2570.8909,2653.8074,2798.8254,2868.5847,2862.6462,2878.7271,2961.1172,2935.9341,2937.6360,2886.3247,2793.3928,2894.7180,2881.5376,2812.7751,2835.8225,2818.6545,2840.5315,2934.4116,2900.9680,2694.3835,2731.8408,2738.5642,2738.6270,2771.5125,2679.3215,2676.4456,2715.9402,2688.1743,2680.5581,2648.3677,2537.5579,2507.2288,2561.3484,2574.3525,2521.2283,2394.1907,2454.9189,2414.1396,2437.1975,2419.8113,2361.5828,2406.5366,2465.3376,2409.8018,2467.0588,2386.3596,2337.9043,2427.4646,2399.4666,2428.3069,2418.5269,2425.7498,2504.1523,2580.5471,2612.7883,2478.9624,2423.3977,2425.1550,2403.2114,2400.8931,2358.5552,2221.1384,2235.1487,2333.5867,2357.6772,2304.1047,2360.9092,2332.1663,2376.4700,2381.2495,2326.3049,2363.9736,2378.9910,2351.8901,2415.7690,2291.9526,2221.9443,2287.8088,2215.0000,2260.5903,2284.5510,2258.6255,2266.8059,2332.7002,2270.0107,2273.5698,1977.1136,2208.3711,2208.7395,2215.1555,2217.9509,2179.9021,2151.3640,2164.8276,2116.5127,1977.8478,2011.8160,1966.6267,2039.7625,2095.9702,2057.0630,2068.8564,2105.7852,2071.4041,2186.7942,2061.2400,2027.1663,2014.0070,1936.1450,1908.9888,1982.5782,1935.3765,2006.7410,2032.9185,2009.7318,1987.5918,1927.2952,1854.5442,1856.3143,1924.0842,1887.2537,1779.8156,1753.0554,1772.6410,1689.6981,1700.6614,1730.0575,1638.7683,1731.5320,1766.6290,1758.8370,1734.3840,1624.7148,1540.7200,1554.1392,1511.8411,1427.2937,1390.0708,1330.0876,1299.1893,1298.4249,1223.1512,1131.1046,1094.7704,1052.4624,1024.9604,1035.2764,1037.5927,1012.1724,1026.1669,1065.3065,968.9494,972.5554,983.9718,936.2699,976.8388,940.6368,875.6750,844.6196,777.4921,695.8901,682.9511,609.2526,542.4039,537.3292,468.2994,484.0254,413.3611,422.3991,349.3613,301.3428,256.5070,250.5970,179.4433,133.5290,0.0000,0.0000,0.0000,0.0000,0.0000,0.0000,0.0000,0.0000,0.0000,0.0000,0.0000,0.0000,0.0000,0.0000,0.0000,0.0000,0.0000,0.0000,0.0000,0.0000,0.0000,0.0000,0.0000
0.0000,0.0000,0.0000,0.0000,0.0000,0.0000,0.0000,0.0000,0.0000,0.0000,0.0000,0.0000,0.0000,0.0000,0.0000,0.0000,0.0000,0.0000,0.0000,0.0000,0.0000,0.0000,0.0000,349.9952,314.2263,390.8970,457.7304,542.0453,650.7281,598.5902,595.2079,578.9262,554.9304,620.4126,593.0922,602.9642,602.9727,679.7044,681.9259,668.3951,656.9664,661.9795,712.0725,732.9349,742.6327,781.9631,762.3344,772.0219,863.6094,956.5111,1012.0675,1056.1235,1122.8181,1178.5642,1185.5912,1181.8286,1209.2322,1234.3673,1305.4156,1290.7787,1302.1371,1269.4634,1257.3051,1299.0485,1347.0082,1367.2407,1396.1412,1477.4342,1492.4119,1661.9156,1619.9572,1671.6682,1649.1449,1613.0793,1533.2659,1623.6538,1579.0491,1628.6542,1683.2410,1811.0514,1796.8019,1788.5620,1900.2942,1838.9659,1851.8544,1895.4323,1789.4209,1863.5819,1984.5360,1920.2740,1927.7607,1983.7668,1981.0533,2042.5446,2115.4480,2144.6770,2156.1184,2192.4458,2281.8437,2358.4336,2426.9592,2477.7063,2429.7068,2473.3691,2427.9939,2380.0305,2407.2776,2488.5378,2473.2317,2628.8325,2648.9680,2544.7776,2512.7654,2667.1814,2729.7458,2824.9739,2777.5264,2711.5352,2861.1636,2804.7251,2862.3052,2786.9424,2737.5918,2821.5046,2968.1389,2948.5757,3043.0020,2961.1836,2981.5562,3052.7468,3013.1040,2987.9636,2967.8992,3033.7903,3101.5774,3182.5747,3181.4863,3157.9343,3043.9795,3156.2146,3214.6216,3149.3616,3233.4106,3205.3257,3302.4956,3389.5945,3225.9031,3143.0920,3133.9336,2992.3679,3113.2476,3191.8828,3136.7158,3201.6033,3333.3137,3368.5398,3427.8101,3284.0493,3162.0315,3235.7678,3120.7783,3011.2266,3086.2637,3103.1235,3185.8811,3250.8279,3243.4587,3231.8047,3100.2598,3053.8286,3049.4399,2973.0007,3022.3022,2882.7810,2815.3342,2898.9543,2801.4792,2701.0752,2748.4302,2675.4919,2698.0908,2835.1414,2743.6702,2904.0864,2961.0554,2999.3701,3068.5002,2904.6353,2830.5376,2823.1987,2858.3870,2828.8188,2760.1492,2773.1548,2769.2251,2757.6592,2744.4478,2711.0125,2531.1306,2586.9360,2593.8718,2607.9429,2732.7241,2703.2583,2746.3225,2959.4221,2952.8960,2933.6763,2901.1567,2829.2087,2896.5327,2976.6689,2965.3960,3004.4849,2853.6587,2904.3782,3008.8047,2963.3794,2822.6890,2725.6135,2748.6162,2836.3835,2816.5386,2814.3779,2775.3884,2743.4297,2753.2351,2758.8838,2680.7820,2667.5518,2658.0403,2628.3796,2703.9685,2646.7124,2505.6458,2598.4648,2503.1250,2453.9885,2465.1692,2385.1917,2387.8621,2422.9968,2430.4204,2460.5649,2418.9336,2376.9536,2451.5835,2330.2449,2347.9524,2308.3813,2371.4429,2450.5937,2481.5142,2530.1050,2436.7493,2471.1892,2520.6294,2553.8977,2471.6113,2493.1841,2408.2346,2374.3147,2464.8911,2333.7603,2252.3584,2310.8213,2242.8396,2307.3955,2372.3733,2250.1006,2335.0820,2347.6360,2364.9268,2435.0227,2412.4111,2293.0408,2368.9961,2343.1067,2228.4409,2216.4282,2205.0813,2236.8955,2359.5581,2324.0459,2299.5244,2210.0105,2196.1228,2297.8198,2245.8022,2277.4375,2210.3206,2156.0452,2210.2932,2156.4353,2116.9719,2100.1631,1958.9657,2030.9312,2032.4994,2058.7881,2041.9965,2089.0117,2112.8047,2185.5605,2096.6313,2008.9462,2059.4536,2080.8437,2080.9600,2045.6122,1994.0038,1954.6364,1940.6942,2018.1794,2042.2554,1978.9261,2042.5439,1960.5912,2058.9612,2025.4095,1924.8816,1841.5225,1855.0830,1751.0806,1731.3679,1732.4563,1706.5045,1765.8773,1784.4207,1762.7616,1764.3579,1747.6324,1688.5995,1694.5309,1600.5985,1558.0352,1537.0179,1498.3868,1470.3419,1351.7554,1323.3721,1270.1450,1219.0103,1191.5364,1177.9663,1122.8942,1117.8358,1041.4805,1036.1469,1018.3853,1005.7629,998.4556,1009.7987,1031.6600,976.4713,962.4182,963.4696,966.1153,931.4104,853.9997,786.2586,715.4801,680.7202,585.7966,592.9813,569.1631,527.9402,482.7170,497.5767,407.9760,419.9857,366.7636,278.1152,272.6913,251.2926,158.8161,164.9938,0.0000,0.0000,0.0000,0.0000,0.0000,0.0000,0.0000,0.0000,0.0000,0.0000,0.0000,0.0000,0.0000,0.0000,0.0000,0.0000,0.0000,0.0000,0.0000,0.0000,0.0000,0.0000,0.0000
0.0000,0.0000,0.0000,0.0000,0.0000,0.0000,0.0000,0.0000,0.0000,0.0000,0.0000,0.0000,0.0000,0.0000,0.0000,0.0000,0.0000,0.0000,0.0000,0.0000,0.0000,0.0000,0.0000,349.2429,360.8545,446.7488,503.9476,595.4841,581.1415,636.2219,614.0697,643.3300,607.0009,582.9985,569.7995,604.7884,640.5626,607.3474,711.5363,692.7689,712.7368,687.5491,683.5544,694.1140,738.4910,738.9058,834.4343,798.9623,902.6267,968.9324,1037.3055,1051.1403,1125.9075,1098.4945,1127.6318,1177.9061,1164.8942,1239.2285,1277.7177,1227.3813,1363.6202,1297.5873,1270.6840,1249.7053,1292.0361,1382.8044,1466.0278,1471.7102,1573.6356,1588.8364,1609.1200,1653.2834,1590.4860,1534.8113,1527.7322,1566.1003,1685.0540,1700.7070,1635.5911,1718.9758,1816.6326,1819.4307,1835.6937,1796.3518,1858.8739,1875.8734,1892.2689,1942.6204,1958.0951,1857.9047,1932.1014,1940.3423,1987.6282,2041.8380,2052.4224,2150.0051,2275.9817,2326.7402,2307.4687,2342.3496,2384.0852,2443.6230,2457.0955,2502.9565,2493.8582,2466.3689,2600.4580,2597.9382,2516.2568,2590.8977,2515.8379,2606.7825,2722.5574,2681.6404,2738.8108,2829.1453,2809.8813,2826.2646,2831.7661,2691.8750,2696.3687,2740.4839,2762.0608,2864.3076,2895.5420,2983.8105,3039.2993,3001.8389,2917.2441,2864.4607,2862.8115,2924.8569,2952.5742,3053.6577,3110.8992,3077.6699,3172.3979,3136.1514,3062.5317,3062.3494,3052.0984,3237.4773,3344.1726,3346.1816,3303.9912,3294.5557,3179.1045,3045.5842,3042.8843,2872.6472,3016.7927,3075.2207,3231.9780,3297.6873,3246.7158,3232.7368,3301.7236,3254.7036,3155.4900,2978.0688,3040.8479,3144.3906,3121.5342,3182.6594,3212.9822,3141.1824,3274.0801,3145.8147,2994.5486,3090.6919,2958.9690,3013.0999,3095.9683,3010.6887,2824.3743,2762.9023,2595.1360,2702.7600,2717.7510,2672.7783,2707.0566,2783.7222,2856.7524,3019.2705,2995.6279,2939.1648,2925.7034,2930.7976,2961.7075,2823.0894,2861.8262,2855.1123,2787.9099,2824.9922,2791.1682,2695.6819,2681.6965,2617.0933,2565.9497,2640.2649,2556.0432,2559.1553,2778.2732,2757.2483,2832.9961,2822.6313,2851.1421,2871.8645,2952.9041,2926.1045,2902.8503,2897.2625,2965.5056,2981.3379,2922.1062,2861.3010,2876.8774,2856.0039,2923.8967,2838.2017,2878.9207,2865.2317,2811.7690,2888.8274,2775.8564,2663.8479,2726.4070,2645.6501,2749.5332,2849.3538,2697.9617,2647.9805,2688.4521,2633.8489,2634.4138,2576.0449,2466.9446,2453.8948,2434.2666,2405.1738,2423.0688,2368.9971,2365.6487,2432.6479,2435.2415,2356.1138,2366.5935,2324.8701,2377.8318,2395.7866,2457.3623,2487.0010,2454.8660,2522.4854,2494.1987,2416.5159,2492.3494,2436.0874,2521.8369,2572.6528,2470.0042,2339.5029,2315.1028,2266.7642,2307.5273,2342.2068,2282.4600,2292.1558,2347.0625,2335.7402,2402.6047,2309.3821,2302.8550,2270.6897,2402.3179,2309.1003,2258.8738,2256.9731,2313.2517,2203.7166,2283.8979,2221.7788,2199.0544,2273.3826,2209.5801,2254.7607,2272.0903,2211.0093,2285.0635,2301.6384,2244.5425,2126.8120,2154.5828,2122.1697,2147.3813,2100.0254,2039.6809,2039.8145,2026.8809,2135.0691,2091.6506,2056.6621,2060.1526,2087.3306,2182.1516,2223.1433,2058.4495,2094.6392,2094.0952,2053.3840,2095.9111,1989.8088,1910.5778,2013.3536,2083.8293,2087.2463,2137.6443,2074.4836,2000.5731,2008.2058,1963.9514,1891.8076,1807.1143,1736.4244,1747.4535,1807.2255,1734.3199,1737.1830,1704.1604,1735.0054,1732.3512,1726.9441,1729.8329,1659.4520,1611.8485,1638.1337,1560.1149,1451.0679,1418.7834,1266.0072,1319.8898,1283.3455,1215.1461,1171.4628,1142.7200,1091.1510,1101.0852,1070.6906,1048.3729,1076.4832,980.6789,1012.1454,1005.3141,967.5067,1004.8754,1010.3668,1004.2604,913.7205,860.0693,808.2414,788.0948,741.4858,653.9753,661.8610,599.3616,577.1550,555.3553,515.8029,423.7998,445.7263,376.5871,338.4000,270.8405,237.0249,240.1932,202.0033,186.6693,0.0000,0.0000,0.0000,0.0000,0.0000,0.0000,0.0000,0.0000,0.0000,0.0000,0.0000,0.0000,0.0000,0.0000,0.0000,0.0000,0.0000,0.0000,0.0000,0.0000,0.0000,0.0000,0.0000
0.0000,0.0000,0.0000,0.0000,0.0000,0.0000,0.0000,0.0000,0.0000,0.0000,0.0000,0.0000,0.0000,0.0000,0.0000,0.0000,0.0000,0.0000,0.0000,0.0000,0.0000,0.0000,0.0000,272.4037,381.8818,424.3425,471.0575,556.9375,582.5228,628.9045,541.9294,580.6001,603.5022,524.2045,567.3115,620.5720,595.2162,658.8088,629.0833,674.5283,652.1693,632.8982,647.0507,735.6415,719.1029,738.9830,823.8268,855.6357,920.2415,945.9259,1010.9474,1042.8459,1188.6848,1162.9114,1124.7563,1110.3214,1221.3486,1248.6125,1296.5934,1226.6594,1277.1650,1292.0974,1357.4949,1262.7847,1279.6219,1329.0525,1461.9736,1470.2983,1543.7133,1594.6091,1591.4598,1602.8889,1627.2441,1653.5249,1575.6713,1532.9243,1626.1469,1648.7550,1602.1992,1727.1667,1682.0918,1767.2513,1846.4655,1859.2217,1905.3866,1860.3802,1826.8314,1854.3105,1892.0249,1920.8746,1899.6405,1887.6964,2039.2827,2053.1958,2075.2466,2194.7085,2160.2896,2281.1951,2398.0193,2366.1628,2444.3269,2540.9463,2528.5344,2650.7410,2565.6267,2344.6245,2451.3794,2546.1055,2511.8232,2636.3518,2583.3215,2642.1323,2718.9087,2713.9294,2765.9912,2734.2021,2656.7231,2738.8250,2758.5015,2795.0999,2694.5610,2690.9985,2825.9167,2910.1372,2957.4722,2994.2788,2856.2542,2927.9824,2927.4485,2840.3716,2922.8281,2888.9453,2900.7195,3114.0405,3094.9692,2963.2751,3055.4863,3011.1082,3111.7463,3165.1968,3051.5039,3160.2781,3176.8242,3263.7595,3285.5608,3260.9492,3069.3123,3000.1282,2960.7324,3099.9863,3030.8562,3019.0000,3136.5344,3198.5605,3269.4500,3291.8647,3156.4280,3250.3799,3194.3013,3073.6296,3139.6729,3173.2300,3026.6809,3165.2087,3142.5891,3094.8120,3082.8010,3030.7500,3060.2881,3099.4011,3060.2805,3020.5059,2922.0847,2846.3374,2777.8774,2733.6133,2646.7385,2647.4814,2761.4766,2862.2671,2782.3406,2799.9761,2875.9617,2842.3091,2986.2949,3028.0383,2929.2839,2993.0310,2963.5896,2939.3247,2956.2544,2836.6665,2679.8274,2777.3350,2804.3372,2731.0374,2744.1255,2590.4714,2647.9106,2655.9448,2562.9404,2564.9028,2583.3728,2576.0769,2697.7952,2777.8843,2911.8425,2939.8708,2867.6787,3010.3369,2979.5566,2950.0520,2921.2969,2837.4587,2920.8943,3000.2041,2909.5281,2982.7429,2939.8792,2841.4358,2953.9436,2874.8179,2721.1594,2780.4734,2754.1235,2770.7307,2854.9319,2813.0620,2771.9102,2754.0286,2716.9832,2690.7373,2623.3735,2632.5037,2615.9133,2619.2737,2561.2065,2476.5437,2340.6201,2378.2952,2318.9390,2338.7637,2413.9255,2311.5051,2398.1716,2430.9504,2377.6194,2378.7534,2339.3728,2291.0417,2417.8718,2444.6584,2403.4829,2424.3989,2405.2703,2525.6995,2567.5327,2471.6191,2428.4512,2426.6455,2429.2688,2368.1619,2270.4602,2338.8450,2315.1165,2356.9524,2394.3416,2330.9465,2288.6675,2301.8608,2314.7673,2355.4319,2390.1951,2264.1040,2374.7117,2420.0464,2294.6450,2341.4817,2204.2927,2162.8792,2248.3452,2246.6731,2261.1899,2227.4849,2219.9470,2238.4443,2234.1279,2270.5571,2202.1011,2149.2290,2093.2471,2161.3335,2111.3154,2151.7078,2081.1343,1995.6896,2071.9529,2042.3199,1999.2920,2031.7880,1982.7692,2089.1228,2191.8931,2155.5305,2179.4277,2148.3979,2096.4573,2082.3250,2046.0790,1965.4746,2058.3850,2000.4280,2008.6804,2111.4519,2021.9478,2046.1523,2082.2327,2028.8756,1984.0654,1981.9661,1902.3466,1863.6188,1860.5332,1835.0031,1758.9501,1732.9231,1723.6335,1738.3834,1732.5808,1699.8121,1730.8033,1745.6436,1737.7896,1646.3571,1602.2841,1561.2086,1500.9246,1500.6753,1309.4666,1270.7964,1240.3861,1152.6289,1195.3773,1124.1498,1085.3878,1064.2968,1053.0066,1056.8768,1042.0154,1008.3451,1055.1510,1008.3226,1017.1411,990.8648,932.0753,970.1589,920.7808,854.6403,882.4717,819.2806,761.9188,702.6309,724.4371,608.1650,579.4026,577.6763,497.2708,467.4210,402.2505,409.5059,318.7600,314.0456,250.5967,279.9550,235.6361,172.7849,157.5353,0.0000,0.0000,0.0000,0.0000,0.0000,0.0000,0.0000,0.0000,0.0000,0.0000,0.0000,0.0000,0.0000,0.0000,0.0000,0.0000,0.0000,0.0000,0.0000,0.0000,0.0000,0.0000,0.0000
0.0000,0.0000,0.0000,0.0000,0.0000,0.0000,0.0000,0.0000,0.0000,0.0000,0.0000,0.0000,0.0000,0.0000,0.0000,0.0000,0.0000,0.0000,0.0000,0.0000,0.0000,0.0000,0.0000,341.4181,437.5431,433.5519,462.7991,519.3822,576.1191,606.3510,581.7150,581.5856,581.3300,554.8826,573.7911,600.0583,616.6640,649.3375,642.1778,653.3293,636.1720,655.9503,674.2465,697.6719,777.3380,735.3934,760.7905,799.0742,853.4136,924.8068,1009.9000,1083.6537,1136.1949,1189.5392,1187.3967,1224.4769,1183.8868,1190.6125,1273.5558,1341.3448,1312.6787,1267.5331,1241.8634,1269.4470,1373.9871,1420.6244,1364.0017,1397.7078,1520.4044,1604.9254,1668.4763,1619.9933,1522.0774,1597.8865,1590.9276,1547.0615,1541.4015,1600.4658,1675.9648,1799.0002,1831.7891,1847.1167,1811.5583,1837.0446,1877.1377,1891.2181,1894.8093,1854.1238,1892.7354,2012.1841,1961.7610,1966.4829,2008.3846,2028.0986,2115.2434,2255.0603,2157.8303,2293.5557,2269.2952,2396.2546,2544.0393,2597.5144,2565.6780,2504.2900,2508.9597,2463.3169,2476.7390,2501.1562,2566.7629,2567.3469,2655.0937,2654.7043,2646.9199,2653.8433,2623.5066,2711.3467,2786.4880,2720.6062,2731.1970,2828.2329,2672.9297,2700.7346,2829.2981,2725.5859,2907.6951,2972.6614,2885.3125,2911.5898,2838.2830,2811.7205,2872.8567,2877.2717,2852.7761,2884.6216,2934.0269,3022.0894,2976.9551,2978.5496,3056.0930,3038.5937,3089.6262,3072.5989,3107.9238,3137.9788,3164.4087,3242.6311,3296.7114,3083.8303,2913.3640,2958.2705,3038.9324,3030.1819,3126.0247,3039.0020,3206.4961,3275.8589,3276.1504,3337.7849,3164.2187,3071.1008,3161.0105,3111.5039,3045.3630,2955.3672,3014.6216,3134.7517,3219.8181,3152.3840,2986.7666,2968.0669,2949.4729,2916.0906,2931.7966,2921.0171,2798.3328,2740.3579,2821.3271,2696.0454,2662.6328,2733.9753,2753.4551,2838.4568,2942.2246,2896.2598,2998.3691,3007.6833,3084.2268,3075.7788,2981.1069,2853.8848,2826.4958,2842.5203,2784.6924,2783.1897,2752.1606,2776.9404,2789.4263,2703.1538,2582.4941,2482.7166,2548.9617,2575.3486,2626.2976,2717.3206,2783.1519,2827.0781,2996.8540,2932.1311,2810.9216,2856.4363,2852.9998,2971.4641,3033.1904,2899.8916,2948.1272,2976.6973,2877.3523,2994.0898,2936.3225,2882.9727,2872.5945,2872.9966,2884.3718,2825.0808,2732.3511,2793.3313,2845.7844,2798.9839,2762.9585,2656.4773,2639.9087,2640.5156,2687.6536,2728.5955,2657.3706,2510.8379,2553.9658,2472.3101,2368.9104,2323.2393,2266.9272,2365.4758,2462.7275,2388.7339,2379.5283,2294.2524,2322.8640,2384.6260,2394.2031,2398.5012,2412.5479,2411.0486,2470.4541,2514.3423,2482.6831,2513.7781,2484.0752,2527.8013,2445.7864,2439.1606,2408.6155,2365.3721,2376.0881,2443.2979,2390.7097,2303.1062,2361.1392,2292.4739,2298.9255,2379.0212,2277.9849,2419.4199,2469.6328,2370.6848,2400.3027,2340.2791,2262.5378,2269.5256,2310.3042,2216.6570,2250.9915,2205.2429,2274.8196,2307.8843,2267.2666,2163.0544,2168.1860,2233.2727,2272.3787,2155.5681,2176.2595,2181.4255,2154.9517,2246.8274,2057.0183,2006.0432,1989.0790,1948.8800,2085.8691,2107.5156,2017.3917,2128.0676,2192.2502,2205.7419,2161.4578,2113.5710,2044.4767,2086.8782,2115.0569,2087.2871,2045.7412,2008.7124,2026.4043,2101.2148,2093.9543,2098.6890,2008.0311,2061.0625,2020.0845,2008.6565,1951.0494,1813.5463,1797.8566,1814.5652,1782.8174,1696.4783,1753.3011,1656.5596,1765.1470,1800.4442,1747.6055,1690.9070,1681.7535,1605.2003,1658.8511,1553.7542,1422.0055,1423.7444,1352.4167,1315.0725,1260.1646,1160.3314,1083.8394,1124.5364,1094.6244,1072.3369,1038.9554,1023.1554,1032.3799,1073.7654,1094.5491,1048.1854,1000.1415,1012.5307,980.5255,1000.4914,932.6342,862.3605,871.9675,821.2134,756.7111,740.6816,695.3405,627.4588,599.8939,593.3113,514.4730,483.6359,399.0513,382.6068,344.2917,295.3542,285.2965,195.8172,213.7032,178.9519,152.9578,0.0000,0.0000,0.0000,0.0000,0.0000,0.0000,0.0000,0.0000,0.0000,0.0000,0.0000,0.0000,0.0000,0.0000,0.0000,0.0000,0.0000,0.0000,0.0000,0.0000,0.0000,0.0000,0.0000
0.0000,0.0000,0.0000,0.0000,0.0000,0.0000,0.0000,0.0000,0.0000,0.0000,0.0000,0.0000,0.0000,0.0000,0.0000,0.0000,0.0000,0.0000,0.0000,0.0000,0.0000,0.0000,0.0000,0.0000,360.3152,418.0968,512.4236,542.3797,551.3501,581.4924,542.0999,566.4782,565.2374,513.7292,529.0209,582.2446,615.3190,617.8870,644.2759,657.4470,672.4498,638.9413,642.9603,678.3437,709.6892,734.3210,821.6536,853.8182,877.3223,939.1184,1066.9395,1100.2416,1122.0760,1155.8586,1136.3097,1160.2291,1266.3787,1212.3733,1261.9950,1320.0790,1209.4219,1279.3270,1288.1138,1307.3722,1283.9814,1381.2314,1455.4932,1481.3712,1505.1500,1568.9955,1576.8152,1611.8639,1546.7819,1517.9092,1504.1113,1563.5924,1612.5605,1659.4060,1734.0989,1679.3792,1789.0348,1781.4694,1770.1013,1881.9253,1927.9186,1856.6914,1983.6970,1896.7880,1908.2239,1943.1304,1941.3325,2039.6755,2047.6001,2076.1311,2104.5840,2217.7378,2311.5215,2370.8389,2315.4277,2291.3557,2442.7456,2564.9111,2547.8564,2500.2834,2481.1797,2502.9956,2503.0381,2614.9199,2642.6814,2480.0115,2587.8848,2557.5208,2627.1985,2742.3408,2714.4578,2688.8982,2807.2917,2710.7795,2652.4238,2678.3735,2604.7307,2693.7129,2867.0547,2804.8047,2924.2346,2884.5771,2865.3037,2868.5095,2835.5437,2688.8962,2720.6262,2763.3359,2918.2397,3007.8677,2980.2634,3024.0256,2977.8640,3009.1074,2985.5105,2887.2974,2974.5530,2921.1965,3083.7485,3347.3938,3204.4763,3171.2295,3212.5669,3026.7478,2938.8081,2858.8086,2850.1370,2994.2847,3150.9812,3230.1807,3248.1621,3210.0388,3168.6279,3237.3469,3146.0708,3132.7871,3044.4226,3044.6616,3095.1257,2963.1118,3023.8169,3058.4438,2950.8557,3021.9170,2922.0894,2791.3433,2932.8140,2919.2080,2991.7742,2978.2446,2807.9255,2690.9368,2749.9265,2709.7354,2695.8726,2749.4170,2784.3862,2939.8696,2988.6948,3015.9390,3019.8186,2901.8960,2847.9624,2938.1694,2978.6548,2907.5840,2789.2336,2758.0356,2895.5840,2808.3645,2835.0850,2751.3857,2557.3279,2643.2603,2611.7795,2563.8818,2615.5952,2587.8845,2665.7771,2827.0029,2895.3005,2774.9771,2834.4687,2769.3335,2877.9080,3016.4968,2914.2529,2980.2639,2920.9824,2938.2207,3013.3665,2932.1936,2890.7871,2883.9912,2986.3220,3067.7751,2910.9116,2895.8594,2838.3440,2825.6487,2839.3677,2806.9048,2716.1313,2777.0361,2681.8899,2696.2039,2781.5085,2663.2275,2602.8113,2709.2319,2620.6208,2554.6636,2507.6252,2378.6658,2387.9570,2379.2344,2340.2148,2383.6018,2281.5479,2285.1731,2316.3691,2235.9580,2333.5679,2364.0459,2456.2676,2516.6428,2482.1926,2401.3123,2434.6504,2469.1003,2583.8645,2534.2104,2444.3696,2512.6223,2436.5002,2452.5708,2537.3345,2426.4175,2341.4541,2428.2661,2352.0640,2349.2153,2359.7908,2268.8069,2363.6497,2402.3938,2385.6470,2392.4485,2394.1782,2314.0071,2419.9036,2408.9961,2396.9641,2308.5669,2298.3240,2375.8979,2269.5332,2331.8987,2222.2063,2188.4861,2246.3523,2195.3704,2240.2322,2248.9880,2222.6594,2221.4563,2305.9954,2156.6582,2094.7180,2071.8645,2029.7216,2071.1501,2082.0176,2041.0895,2025.9679,2098.8228,2072.6946,2144.5557,2144.3542,2130.7295,2180.4456,2158.5710,2191.8735,2050.0430,2086.6470,2050.6267,2033.9290,2055.7195,2062.5947,2063.0493,2137.6926,2095.4758,2062.0276,2053.9849,1996.8561,1946.0319,1939.5817,1921.0574,1756.9476,1757.7469,1722.7437,1734.8647,1693.8792,1705.8292,1769.1586,1726.0327,1707.5946,1705.5848,1633.5070,1589.0176,1516.3325,1537.5931,1538.0636,1341.3405,1278.3893,1249.0305,1153.3315,1172.3003,1114.1985,1047.5157,1102.7878,1026.5031,1019.5753,1031.5560,1021.1380,1031.5303,1009.3040,1052.5774,998.0486,961.8743,970.4920,994.6765,929.3232,882.0956,830.9903,782.7162,712.4948,687.5574,691.1808,638.5745,569.0991,474.3146,457.7406,453.0043,415.1224,374.1291,296.9368,269.9584,253.7056,226.2234,243.3424,163.5792,0.0000,0.0000,0.0000,0.0000,0.0000,0.0000,0.0000,0.0000,0.0000,0.0000,0.0000,0.0000,0.0000,0.0000,0.0000,0.0000,0.0000,0.0000,0.0000,0.0000,0.0000,0.0000,0.0000,0.0000
0.0000,0.0000,0.0000,0.0000,0.0000,0.0000,0.0000,0.0000,0.0000,0.0000,0.0000,0.0000,0.0000,0.0000,0.0000,0.0000,0.0000,0.0000,0.0000,0.0000,0.0000,0.0000,0.0000,0.0000,406.4529,456.4235,565.6263,538.5320,536.4630,515.7090,523.2733,525.3074,576.3492,562.2367,578.9798,605.2709,648.4472,630.7352,649.9464,635.0459,584.8850,628.3437,631.0828,627.9935,697.4451,783.9555,772.4569,882.3474,885.2740,898.5816,971.8514,1030.9650,1113.8055,1202.6449,1200.5673,1239.2084,1224.8215,1257.0782,1217.8787,1218.8271,1156.7051,1195.8528,1245.7201,1339.5452,1356.6042,1313.4204,1389.2893,1417.0591,1509.2482,1527.0111,1506.7405,1574.8295,1576.9983,1524.5219,1568.9780,1568.2867,1566.4696,1623.7252,1650.3560,1649.9163,1758.4744,1731.8177,1857.1707,1969.8964,1955.4417,1914.3784,1838.1785,1871.7535,1914.5809,1963.1517,1984.1177,1997.0107,2015.2958,2162.3042,2228.0737,2211.2083,2254.1931,2245.7544,2369.7358,2366.6379,2422.3865,2561.2170,2599.0066,2493.3950,2591.0134,2498.2412,2395.8655,2477.3821,2483.2620,2571.5806,2672.3721,2647.8066,2701.0994,2725.5740,2714.6780,2625.5256,2596.8635,2672.1289,2627.4570,2681.2976,2617.4844,2696.5242,2740.9482,2885.4807,2839.1433,2834.0913,2826.2725,2731.6416,2815.8740,2810.8501,2634.0251,2766.8833,2872.7427,2907.7769,3057.0671,2982.3657,2825.4143,2905.9143,2927.1624,3015.4692,3114.5920,3018.2109,3074.2004,3187.7930,3145.1074,3107.3462,3017.9512,2927.5630,2994.0095,2986.9075,3068.9988,3019.9343,3031.3354,3161.7542,3259.0156,3244.7593,3240.5481,3098.7471,3150.8464,3279.3076,3142.9109,3165.1460,3029.6667,2876.6807,2945.9312,2984.9778,2873.8423,2846.3118,2736.3025,2925.1458,3005.9080,2946.1340,2893.3323,2848.3271,2741.7900,2796.5093,2716.2356,2639.9370,2745.2441,2730.3196,2899.0867,2954.3906,2900.3271,2915.4585,2874.8594,2939.5630,2983.8191,2827.7561,2857.5129,2904.1621,2789.9189,2861.9673,2858.9866,2765.7483,2829.4116,2767.7439,2658.6306,2665.1377,2614.6926,2607.8867,2689.0542,2632.1147,2627.4556,2742.9861,2758.5396,2813.8359,2831.2144,2845.0786,2857.9163,2902.2126,3006.6843,2942.3911,2897.3623,2930.2803,2910.2434,3021.4744,3037.6943,2863.0615,2986.4624,3026.3501,2972.6863,2954.2920,2836.4937,2715.7571,2837.0583,2820.5793,2807.5349,2818.2771,2681.2021,2595.9507,2717.1543,2652.1057,2629.4761,2594.0430,2520.5063,2619.7866,2523.0054,2486.3301,2381.9912,2278.4207,2267.6865,2263.8594,2386.5461,2314.4204,2286.3721,2318.7776,2484.7612,2407.9214,2471.2773,2471.0840,2313.5107,2501.7266,2494.0210,2504.0447,2606.7126,2594.4287,2545.6382,2597.8999,2392.0730,2364.1047,2414.2939,2407.9536,2427.0217,2409.6978,2401.3872,2427.9155,2331.3103,2348.9045,2309.9502,2310.8967,2365.1956,2389.7629,2417.8220,2499.3154,2341.7905,2395.3064,2461.4219,2272.1855,2346.9617,2365.4360,2259.8162,2341.4187,2367.1169,2224.9480,2322.7280,2202.1826,2255.5430,2253.5735,2184.3252,2170.8855,2179.5383,2178.3430,2135.9731,2134.3420,2084.9543,2083.2646,2023.8794,2096.2634,1992.7823,1998.1576,2088.4937,2074.1543,2206.1216,2258.5659,2143.8308,2123.3752,2173.2583,2068.2231,2112.0815,2019.8242,1981.3594,2130.8843,2080.2617,2080.9722,2167.8037,1988.1488,2065.2141,2058.5649,1993.3531,1904.8651,1843.7400,1860.9637,1823.4231,1857.4954,1792.5465,1657.8610,1677.3993,1716.5426,1693.2622,1715.1577,1699.6344,1623.1702,1701.5670,1632.8988,1539.1989,1413.6194,1397.4550,1315.8199,1280.0885,1197.7281,1135.8066,1129.2396,1065.5947,1033.0544,1062.1735,984.9131,1000.4370,1019.2218,1021.8094,1042.0144,1013.8063,995.4661,975.7634,993.5848,933.7810,891.2518,866.6292,830.7537,795.6628,783.6301,739.9091,660.2584,658.6096,634.0968,570.0296,489.6083,472.9706,436.6855,388.0869,372.6472,323.6879,269.7899,264.9066,226.1068,222.8152,156.3950,0.0000,0.0000,0.0000,0.0000,0.0000,0.0000,0.0000,0.0000,0.0000,0.0000,0.0000,0.0000,0.0000,0.0000,0.0000,0.0000,0.0000,0.0000,0.0000,0.0000,0.0000,0.0000,0.0000,0.0000
0.0000,0.0000,0.0000,0.0000,0.0000,0.0000,0.0000,0.0000,0.0000,0.0000,0.0000,0.0000,0.0000,0.0000,0.0000,0.0000,0.0000,0.0000,0.0000,0.0000,0.0000,0.0000,0.0000,0.0000,378.1935,476.2982,457.1730,525.1035,505.8096,487.4076,549.4865,508.3084,487.2023,568.8617,584.2107,603.4337,618.7235,663.3704,641.8774,626.5814,587.1307,592.1444,613.1492,634.0261,723.3613,809.6512,794.2753,802.1371,858.3189,912.1938,998.1383,1083.9655,1098.2871,1150.2206,1165.1179,1194.5557,1186.6556,1203.2000,1156.1311,1138.4199,1214.8258,1253.4445,1199.2067,1272.8517,1337.4402,1350.4000,1418.5890,1406.2677,1513.1600,1546.6420,1600.7589,1575.2924,1550.9780,1567.9724,1553.7727,1561.5248,1520.9607,1598.2194,1588.6050,1671.5039,1801.0890,1797.5980,1884.1652,1889.5634,1889.6517,1894.9440,1920.2006,1926.7288,1910.1112,1975.2656,2124.0894,1979.1400,2051.3210,2128.0923,2087.3262,2274.4453,2312.3879,2278.3896,2362.9365,2404.2026,2468.1992,2597.3315,2533.9785,2460.2717,2503.7019,2479.5234,2430.9580,2469.4133,2481.3621,2623.9951,2663.8237,2743.8806,2640.5103,2500.5059,2589.8020,2584.3066,2633.0518,2649.9275,2620.6343,2660.9470,2752.5454,2667.9275,2632.0049,2731.5459,2669.9622,2799.0071,2912.2705,2784.4446,2767.6646,2755.6184,2684.5427,2764.2959,2795.9233,2815.8452,2958.5449,2888.1404,2965.3516,2979.1169,2901.0471,3035.3987,3079.0654,3110.2244,3024.0059,3063.6855,3157.0273,3096.3713,3060.8191,3163.3440,3049.8303,2976.9973,3073.8491,2989.4817,2982.2786,3114.7542,3122.5044,3274.3743,3329.0818,3189.8950,3194.0369,3126.2139,3114.1731,3085.1128,2943.2981,2829.1096,2872.3145,2863.1660,2912.1797,2944.7292,2760.2546,2776.4971,2804.4265,2982.8218,2855.9080,2765.8093,2803.6809,2708.4182,2755.5376,2808.7314,2706.2170,2707.3413,2812.6970,2854.9932,2910.2148,2991.7759,2868.1709,2917.5754,2984.0667,2816.7341,2858.8645,2768.6619,2701.1377,2844.9019,2869.0432,2903.2273,2815.6038,2714.9250,2733.0713,2750.2986,2599.1428,2596.1333,2541.6294,2631.0413,2722.6389,2756.0513,2864.3899,2773.5894,2754.6440,2922.4834,2850.6641,2805.8545,2875.4390,2888.7307,3083.8889,3115.9727,3015.3843,3032.9539,3025.1272,2928.2131,3037.9170,2971.9739,2921.8103,2911.3857,2816.4214,2873.5933,2810.5215,2759.0242,2757.9446,2752.0698,2673.7488,2583.9739,2503.4519,2579.6545,2582.7607,2647.0723,2589.7954,2561.4287,2485.7351,2500.8938,2382.1606,2353.5933,2308.5703,2269.7522,2410.1665,2405.1101,2323.5740,2367.3604,2428.9084,2356.5718,2472.0896,2397.0374,2417.7769,2517.4426,2582.4858,2592.6479,2704.6873,2507.0815,2551.0295,2534.0691,2458.5876,2391.2412,2367.4785,2364.9231,2505.5208,2487.6707,2508.6875,2345.7017,2252.2476,2280.2561,2281.9661,2365.9529,2387.1299,2319.9229,2452.9456,2563.1897,2344.9856,2416.3423,2381.2485,2324.7163,2441.7102,2458.5410,2443.2617,2339.4404,2293.8433,2266.8582,2306.4700,2287.3433,2191.0796,2213.7649,2248.8589,2308.0933,2189.5740,2149.7341,2134.7163,2113.0142,2202.4131,2071.4004,2018.9454,2066.7686,2054.4834,2141.0576,2210.6887,2141.4700,2176.9370,2247.4209,2130.4463,2122.8694,2144.0881,2014.3743,2139.3398,2080.9460,2106.4502,2087.1042,2073.6631,2054.8459,2158.3477,2112.6431,1975.4200,1944.4965,2003.7345,1954.0924,1844.4457,1829.3562,1798.5800,1792.7062,1783.7397,1704.8733,1657.6954,1772.5322,1743.6500,1743.4556,1660.7828,1523.6918,1551.8649,1568.0725,1462.7404,1340.7061,1285.9325,1247.7468,1230.8636,1227.6418,1117.0206,1034.2766,1012.0244,1025.4219,1001.5780,1014.1048,997.4919,951.4365,1009.7032,984.6413,1003.8046,1001.9487,997.1213,927.0515,1005.0146,894.5027,873.2349,849.9581,786.0975,785.1223,748.5963,702.1264,656.9702,601.2756,540.1444,539.1566,508.5815,401.2234,401.3763,363.5385,327.2422,247.3922,239.0990,217.1387,126.9314,185.4332,0.0000,0.0000,0.0000,0.0000,0.0000,0.0000,0.0000,0.0000,0.0000,0.0000,0.0000,0.0000,0.0000,0.0000,0.0000,0.0000,0.0000,0.0000,0.0000,0.0000,0.0000,0.0000,0.0000,0.0000
0.0000,0.0000,0.0000,0.0000,0.0000,0.0000,0.0000,0.0000,0.0000,0.0000,0.0000,0.0000,0.0000,0.0000,0.0000,0.0000,0.0000,0.0000,0.0000,0.0000,0.0000,0.0000,0.0000,0.0000,394.5745,429.3333,479.9801,511.6435,463.6992,533.3709,522.5997,478.2021,553.9689,535.1744,531.5789,581.5613,625.6608,637.8378,632.6298,644.9443,618.5815,624.8547,674.2346,680.3892,703.5979,725.5317,844.5840,816.2241,860.9167,958.3392,996.0284,1105.7115,1147.1356,1142.1768,1167.5640,1177.5098,1221.3313,1258.2410,1188.1904,1187.3320,1196.9449,1187.0417,1214.6334,1266.6704,1257.7584,1356.9636,1456.4259,1483.2714,1501.5791,1503.5330,1491.2982,1555.3107,1541.9871,1524.7717,1468.6179,1451.2069,1549.4014,1613.8000,1681.2115,1703.1543,1752.2300,1853.7094,1914.3929,1914.2174,1959.6527,1879.1707,1932.0051,2064.7048,2042.4924,2046.6840,2052.6501,1982.6292,2061.5920,2229.1360,2179.4072,2284.7637,2364.6677,2364.1375,2401.8689,2397.0134,2387.2329,2496.2251,2558.7927,2549.7383,2472.2268,2451.8225,2469.3708,2476.9463,2608.2959,2564.0979,2548.3430,2681.7439,2679.4663,2591.5168,2692.1831,2581.4600,2624.4248,2771.8665,2566.2832,2565.0144,2583.0085,2586.3040,2693.3396,2778.7473,2797.0312,2819.1201,2827.9329,2778.5471,2727.1650,2645.7671,2640.0474,2680.1047,2798.2041,2899.1565,2878.4036,2885.6321,2949.7151,2959.3279,2950.2520,2917.5154,2880.8491,3047.7075,3080.8301,3164.5227,3220.6646,3096.6272,3015.8708,3066.5271,2965.3721,2984.4033,2974.3560,2970.4136,3080.6648,3200.1125,3252.3062,3258.9207,3170.3503,3091.2888,3095.8357,3133.8210,3083.0999,2972.3069,2948.2590,3029.6038,2918.5247,2802.6946,2816.6265,2745.6284,2854.9561,2820.9297,2822.3479,2866.1819,2886.8394,2870.0803,2928.8555,2777.2849,2713.1265,2699.0369,2632.7107,2680.3420,2854.1829,2795.8518,2885.5479,2973.5305,2844.9475,2835.3450,2794.9133,2751.4971,2782.2539,2852.1843,2831.2454,2747.9304,2791.4846,2909.6897,2826.3386,2734.8413,2732.6143,2657.6592,2704.4683,2674.0759,2633.2397,2708.9792,2643.5383,2751.4124,2851.6665,2716.7029,2640.6782,2758.9233,2787.0144,2943.9133,2995.5293,2928.2815,2936.8484,3026.9670,2978.8406,2976.0557,2913.1899,2886.0913,3011.1704,2999.8347,3046.6094,2819.7273,2785.4595,2753.1443,2798.1592,2803.3152,2665.6089,2550.0222,2651.7048,2633.9080,2569.0317,2662.4167,2576.2187,2528.3936,2629.9487,2561.5447,2451.3997,2412.9255,2396.5010,2399.8025,2396.1824,2316.9070,2331.5615,2352.8389,2299.7964,2355.5896,2449.7583,2446.6853,2375.6731,2474.2480,2567.0049,2519.0835,2497.2622,2606.1565,2524.2207,2641.6021,2505.7200,2458.2625,2446.7280,2470.9778,2422.3870,2545.9814,2443.5767,2412.4126,2421.7773,2308.6245,2279.4321,2305.6228,2250.7632,2370.7732,2434.1860,2371.8792,2356.8245,2347.7905,2343.5403,2393.9580,2375.3303,2435.9915,2454.0098,2446.6985,2465.0017,2310.7214,2313.9556,2263.4602,2262.8682,2311.6577,2327.6714,2204.2439,2269.2351,2283.6045,2273.5588,2261.5835,2170.6321,2068.9854,2113.0715,2097.6494,2126.2498,2219.1111,2125.3879,2144.2554,2245.3711,2224.6953,2241.7603,2169.7241,2171.1482,2168.8958,2215.6455,2240.8828,2119.3247,2080.1218,2100.6780,2078.7097,2122.1895,2118.0862,2066.5161,2168.6567,2097.4897,2029.1984,1988.5529,1854.0063,1821.6007,1838.2516,1738.4084,1709.8585,1731.2141,1717.1133,1769.2239,1796.8478,1660.2837,1716.5186,1647.9590,1583.6580,1545.9863,1449.8890,1422.7584,1358.9056,1311.2448,1229.6102,1131.1960,1097.8484,1073.5483,1010.7958,1044.3749,1037.6044,1010.3957,1023.2283,973.9406,961.6110,961.5522,966.2197,954.8431,993.7090,992.6892,996.1740,904.9749,901.3419,870.2009,869.0345,812.7817,709.0977,694.6705,699.5175,623.8181,596.1887,548.5420,456.4264,446.0855,417.1293,344.3170,324.3502,305.2704,259.8359,317.7180,214.3391,189.3886,197.4432,0.0000,0.0000,0.0000,0.0000,0.0000,0.0000,0.0000,0.0000,0.0000,0.0000,0.0000,0.0000,0.0000,0.0000,0.0000,0.0000,0.0000,0.0000,0.0000,0.0000,0.0000,0.0000,0.0000,0.0000
0.0000,0.0000,0.0000,0.0000,0.0000,0.0000,0.0000,0.0000,0.0000,0.0000,0.0000,0.0000,0.0000,0.0000,0.0000,0.0000,0.0000,0.0000,0.0000,0.0000,0.0000,0.0000,0.0000,0.0000,386.2908,420.3679,488.7979,498.3425,466.2711,462.7884,489.4880,472.7707,492.7735,500.3956,560.5474,557.5468,581.7717,612.5659,649.1235,598.9783,622.6331,615.4689,628.8080,695.3548,703.6757,768.7192,822.9158,816.0402,909.8691,983.0111,977.1591,1044.6307,1092.7477,1177.4413,1212.5010,1247.5475,1242.9930,1255.4312,1211.3386,1203.3065,1181.6954,1191.0627,1226.3849,1315.1255,1359.8295,1371.2775,1443.9796,1465.9305,1465.2334,1483.4926,1556.9818,1536.4056,1516.1110,1578.2767,1537.6367,1496.0864,1592.6342,1584.1914,1659.8309,1739.2792,1793.3710,1870.2498,1929.7986,1931.4064,2035.7218,1926.4768,1929.4180,1982.8724,1985.9376,2053.9280,2110.9492,2087.1343,2110.6343,2241.5251,2290.2988,2309.5322,2286.1565,2325.3508,2302.9937,2374.1021,2479.9629,2438.3052,2509.9976,2571.5686,2493.5200,2470.7932,2433.9841,2346.7327,2467.5837,2567.4929,2647.7207,2679.2971,2563.0896,2679.0000,2702.7778,2597.6313,2533.9121,2549.2886,2522.2673,2580.5312,2608.3630,2627.8022,2701.3242,2642.6663,2751.2881,2791.6758,2707.9700,2700.1079,2631.9421,2659.4089,2812.0125,2702.1970,2752.6450,2865.6687,2845.3606,2995.4919,2919.7136,2859.1768,2937.6997,2896.9373,2996.1946,3139.6279,3099.7854,3149.7900,3209.8608,3047.0068,3015.3301,2952.4216,2942.5342,3072.6089,3046.3203,3053.1018,3081.1479,3075.5452,3158.3025,3172.1487,3158.7424,3124.2344,3012.4023,3161.3774,3215.7258,2967.7952,2887.8623,2797.1560,2779.7952,2895.7422,2869.2886,2750.3879,2831.1055,2837.5071,2949.3574,2973.2559,2818.4436,2776.1653,2850.9363,2775.3801,2736.5544,2614.2898,2633.8694,2805.8000,2822.9851,2860.9634,2855.1548,2812.1519,2789.4551,2795.2251,2855.9170,2910.7207,2787.3289,2850.1807,2947.4729,2862.6211,2872.6216,2839.8435,2754.2642,2802.3125,2812.5464,2731.4294,2759.4253,2639.9937,2725.3340,2780.1401,2688.7039,2614.5564,2609.1064,2629.0671,2752.2102,2852.2598,2836.8062,2897.4309,2895.2048,2898.9167,2922.6399,2863.7205,2887.6792,2938.7075,3009.5579,3066.2271,2966.2246,2934.1230,2961.7251,2825.3945,2797.8271,2766.5691,2636.5308,2770.2881,2715.7461,2672.7163,2599.4810,2549.4490,2557.8074,2623.2375,2508.7017,2463.6870,2519.6689,2526.3740,2499.3855,2518.1318,2362.4590,2294.7600,2300.4392,2308.2998,2250.7202,2302.6448,2341.7612,2426.5227,2515.0513,2580.5271,2413.8789,2440.7878,2466.3533,2464.7673,2606.5222,2580.5293,2532.3403,2609.4932,2575.0872,2497.6323,2483.6492,2343.3333,2416.5427,2522.8901,2470.3015,2431.0908,2331.4177,2257.4465,2346.3530,2391.7290,2333.6851,2253.8059,2299.7598,2383.2559,2358.1755,2357.9209,2391.5581,2342.2410,2398.8967,2478.6025,2414.3352,2421.3474,2372.4126,2305.1777,2417.1521,2351.2656,2303.6514,2279.4758,2247.5093,2291.0964,2324.0063,2249.2800,2184.8879,2189.5940,2229.8403,2194.3381,2159.2854,2080.4453,2135.8750,2145.7363,2152.6694,2171.3223,2238.8799,2219.0308,2271.5310,2246.1631,2264.8093,2124.9507,2183.5505,2184.6069,2097.4189,2132.0408,2137.8650,2106.3823,2214.6626,2161.8506,2150.1465,2123.5791,2047.1620,1960.3436,1986.1157,1846.7249,1850.0461,1769.4215,1792.8545,1783.6807,1701.7047,1734.9696,1735.7721,1688.5972,1694.4568,1665.4166,1602.0503,1594.3440,1528.7262,1497.5497,1409.4939,1223.5393,1219.1866,1201.1660,1132.9729,1060.1927,1030.5735,977.3903,1026.9104,970.8766,956.9487,973.6391,952.6250,952.9835,1000.6047,989.4760,1035.9625,909.1940,972.3362,956.6926,934.6640,840.2742,837.4852,780.5578,771.7803,707.9321,670.4265,673.4216,615.4674,534.9881,558.4761,473.7260,449.0605,399.3607,397.2744,375.3324,313.2422,262.0612,220.1075,197.0113,164.8852,167.4642,0.0000,0.0000,0.0000,0.0000,0.0000,0.0000,0.0000,0.0000,0.0000,0.0000,0.0000,0.0000,0.0000,0.0000,0.0000,0.0000,0.0000,0.0000,0.0000,0.0000,0.0000,0.0000,0.0000,0.0000
0.0000,0.0000,0.0000,0.0000,0.0000,0.0000,0.0000,0.0000,0.0000,0.0000,0.0000,0.0000,0.0000,0.0000,0.0000,0.0000,0.0000,0.0000,0.0000,0.0000,0.0000,0.0000,0.0000,0.0000,0.0000,441.5374,467.7758,419.4852,473.0858,474.4655,510.9714,516.6156,498.8146,528.0238,567.6449,582.6224,551.6116,603.6885,633.2095,583.4885,684.3493,650.9646,675.4225,683.1428,690.9440,776.9777,797.8084,807.8143,861.6367,947.8257,1011.9272,1143.7289,1117.6713,1184.8737,1214.5082,1233.4611,1230.3986,1175.7930,1179.2437,1205.8518,1204.3401,1231.2812,1248.0999,1280.1420,1367.2170,1340.0570,1446.3000,1413.0635,1408.2413,1517.9396,1523.4052,1571.5304,1522.0106,1464.6318,1413.9811,1488.5946,1607.4962,1587.9655,1684.9845,1648.0020,1860.5367,1964.5398,1925.0549,1949.8201,1958.5326,1985.0330,1976.3898,1992.6005,1980.7216,2120.2856,2123.8330,2134.0044,2087.6958,2162.3628,2226.2688,2224.9690,2339.0117,2347.1482,2285.5786,2420.8804,2481.6882,2441.5442,2584.2771,2528.1877,2404.9326,2493.0044,2449.1101,2496.3923,2538.6399,2555.3152,2614.0403,2599.2732,2583.9141,2483.3809,2510.1584,2575.5386,2578.6365,2551.6018,2603.5298,2593.1179,2590.5657,2694.2542,2568.1611,2549.7698,2655.8325,2600.7703,2822.0605,2790.9417,2677.9082,2663.0916,2712.4036,2636.9226,2776.7275,2773.7200,2789.7888,2892.6396,2914.1453,2949.6204,2933.6499,2843.5671,2891.9761,3011.9346,3068.7900,3082.0728,3077.4458,3071.0393,3124.4912,3048.6367,3011.2173,2946.9136,2960.0830,3040.8040,3002.4690,3058.3506,3143.6584,3067.5894,3203.8081,3296.0344,3049.3030,3001.3999,2962.4861,2826.1191,2934.6992,2802.7815,2758.5583,2848.5254,2756.0596,2908.8391,2877.0957,2812.0828,2789.4343,2895.5413,2804.2869,2859.6638,2728.3320,2767.2959,2804.4922,2745.8804,2757.1968,2654.9019,2679.9351,2825.2903,2737.5908,2853.2856,2860.9768,2755.8940,2907.0759,3010.4072,2798.5713,2831.0127,2839.7161,2803.8130,2855.0991,2867.7559,2797.4153,2764.5317,2767.2161,2755.1270,2751.7932,2682.4246,2626.6245,2719.6580,2763.0071,2726.2705,2674.0959,2639.5789,2694.9822,2749.4744,2872.6938,2770.2480,2755.5176,2819.3892,2803.5728,2899.2058,2946.4314,2830.9900,2900.5371,2991.6338,2872.2678,2872.0205,2799.8289,2729.0449,2820.5215,2825.9417,2737.6057,2698.9390,2592.6963,2561.2092,2594.2612,2609.0911,2501.6792,2504.4631,2555.5298,2606.7961,2560.3704,2528.9697,2506.6279,2400.8582,2502.5662,2387.9539,2312.4727,2414.1438,2245.6682,2429.6658,2555.8169,2403.7563,2486.8208,2491.0552,2495.1868,2506.4883,2550.6453,2496.8179,2610.4346,2596.8860,2613.6960,2633.7356,2489.9580,2451.8340,2436.7749,2482.5229,2477.5127,2417.4641,2513.2019,2457.4094,2351.3679,2337.1226,2254.3279,2246.7888,2390.1467,2324.2185,2337.9465,2412.0056,2320.9832,2340.9026,2367.0544,2251.4849,2318.6973,2357.7493,2364.6067,2462.2107,2409.4106,2404.1628,2364.3433,2306.1982,2289.3350,2302.6072,2178.1238,2258.2500,2328.1392,2355.7483,2353.4453,2255.0139,2205.8433,2191.0012,2168.2759,2170.7258,2112.4504,2129.1824,2240.8477,2264.4602,2287.4878,2305.3328,2206.9873,2220.0171,2278.5732,2207.3921,2133.4805,2102.5535,2062.8550,2252.4104,2200.5962,2121.2839,2109.2356,2063.1465,2062.3726,2066.6152,2050.3157,2000.6223,1905.8307,1944.4119,1880.7172,1831.1570,1718.7902,1728.6561,1654.2996,1723.1237,1712.3225,1685.4709,1693.3965,1617.6409,1651.9707,1629.6562,1472.7273,1428.0839,1325.1616,1258.9708,1228.1246,1162.2081,1072.0332,1045.5258,1012.5628,951.5284,997.3273,953.8643,945.2187,929.4421,986.4612,955.8022,965.9061,987.4617,977.8995,1027.1881,988.8204,918.8271,890.0602,893.2739,860.5106,801.5372,789.5262,722.2614,689.1201,656.3282,548.6099,534.1213,517.5776,485.0402,406.1911,405.8301,377.5297,372.3700,301.7416,279.6046,198.6703,163.4570,177.1030,0.0000,0.0000,0.0000,0.0000,0.0000,0.0000,0.0000,0.0000,0.0000,0.0000,0.0000,0.0000,0.0000,0.0000,0.0000,0.0000,0.0000,0.0000,0.0000,0.0000,0.0000,0.0000,0.0000,0.0000,0.0000
0.0000,0.0000,0.0000,0.0000,0.0000,0.0000,0.0000,0.0000,0.0000,0.0000,0.0000,0.0000,0.0000,0.0000,0.0000,0.0000,0.0000,0.0000,0.0000,0.0000,0.0000,0.0000,0.0000,0.0000,0.0000,402.6686,430.3208,443.6278,460.2483,450.6959,436.7235,512.1643,514.2849,472.1772,540.5928,556.2000,585.2783,625.6356,610.4194,626.8699,599.7725,600.4664,633.6188,696.4912,694.3943,752.2874,799.7156,852.8124,901.1905,929.0179,1022.3894,1102.0795,1127.7327,1144.5026,1177.1655,1216.3285,1202.4170,1234.1682,1309.4010,1255.1385,1225.4858,1260.6526,1221.2998,1331.1768,1333.6967,1344.3147,1433.9115,1462.9500,1431.9590,1459.4911,1502.1417,1435.4999,1492.1656,1427.3105,1434.7196,1511.5129,1537.9933,1679.2002,1651.5675,1701.2751,1800.4027,1860.1541,2003.0707,1965.4019,1940.3232,2048.2781,1990.1796,1996.2494,2106.3540,2063.4973,2027.2600,2157.9995,2060.0845,2176.1960,2205.9817,2206.6038,2319.8914,2382.1145,2358.9663,2306.7891,2318.3748,2382.0303,2507.5066,2581.5476,2493.2039,2454.2798,2423.7549,2530.0930,2577.7593,2511.4453,2472.0303,2465.5195,2585.8235,2576.6292,2514.4084,2611.2971,2524.2952,2541.6653,2599.9446,2515.6750,2431.5359,2525.7720,2501.6089,2641.6118,2709.9299,2674.8362,2715.0942,2721.8518,2644.8005,2637.8130,2600.9875,2624.6960,2671.4692,2769.1665,2884.0925,2926.0913,2888.9177,2847.8218,2791.0195,2822.9619,2766.1162,2855.8403,3046.8054,3080.2893,3109.1172,3098.8679,3001.2712,2936.0569,3072.0088,2912.5840,2912.9658,2925.6516,2960.0093,3111.3188,3252.1938,3105.6360,3145.7981,3130.9973,2969.4734,2989.5193,2928.1248,2887.9116,2851.5852,2859.2393,2906.7476,2828.9319,2775.3582,2792.8247,2850.6165,2820.9849,2850.0237,2802.6853,2854.1414,2854.4707,2825.9614,2809.0459,2690.2761,2555.7737,2741.9587,2701.9595,2730.5652,2784.7336,2717.1152,2840.8518,2898.7439,2768.6665,2835.1199,2761.1917,2757.4219,2868.5481,2902.6553,2877.4583,2806.7944,2755.0459,2766.2349,2744.8684,2751.3271,2618.2922,2677.7581,2811.9746,2787.5789,2699.3333,2725.4216,2766.9089,2661.1418,2773.6467,2654.6963,2713.2991,2826.0540,2792.3054,2948.3147,2878.8792,2820.7576,2853.9507,2929.6257,2859.0010,2798.9233,2822.0430,2880.6714,2848.9922,2836.6890,2884.8894,2717.6711,2707.4695,2685.9570,2634.4556,2638.0295,2560.4792,2543.0217,2637.6521,2612.0928,2542.5322,2548.0549,2490.0818,2457.2620,2540.0774,2437.0471,2403.6750,2456.8093,2453.3784,2452.9094,2405.7542,2329.0039,2278.6387,2413.5090,2452.7642,2532.2112,2445.3630,2467.2720,2468.4302,2581.5017,2567.9465,2500.0959,2498.5991,2603.6467,2582.8630,2568.4258,2501.7087,2395.9128,2437.8328,2512.1719,2450.6931,2432.7678,2351.6702,2316.3333,2377.8455,2258.9680,2296.3215,2336.1841,2295.9026,2388.4338,2419.7812,2299.9031,2238.2490,2274.2659,2288.0730,2402.6509,2392.7549,2381.7703,2412.9153,2410.6064,2379.4871,2288.7727,2237.8884,2205.6887,2167.6855,2353.0322,2379.9729,2348.4080,2379.2615,2344.4329,2289.5945,2254.0940,2165.0520,2134.5688,2185.1750,2154.1418,2256.2534,2279.0771,2255.1077,2289.8198,2305.0859,2232.8716,2190.7539,2167.9666,2122.7139,2228.9656,2210.3186,2124.7185,2164.7124,2108.3889,2187.8906,2115.9368,2119.5044,2087.0979,2065.0237,2151.6711,2096.2896,1929.4113,1858.4775,1803.9281,1803.3933,1788.2439,1629.5958,1662.3566,1718.9312,1658.8762,1715.1499,1694.1875,1562.5143,1587.4919,1550.5063,1418.5669,1392.9912,1328.9558,1252.7134,1228.2131,1183.5302,1064.1909,977.2700,948.5416,953.4986,923.8865,1013.3932,1001.2287,971.6581,941.4410,963.5425,975.4352,958.1542,937.8212,986.9070,954.4179,895.1951,848.9301,843.8071,795.1386,786.5273,743.5608,684.9083,648.1535,593.8225,594.5627,566.8013,489.2923,502.7780,392.4633,365.0391,359.7617,330.7275,285.4774,259.6934,160.5806,167.2340,166.7072,0.0000,0.0000,0.0000,0.0000,0.0000,0.0000,0.0000,0.0000,0.0000,0.0000,0.0000,0.0000,0.0000,0.0000,0.0000,0.0000,0.0000,0.0000,0.0000,0.0000,0.0000,0.0000,0.0000,0.0000,0.0000
0.0000,0.0000,0.0000,0.0000,0.0000,0.0000,0.0000,0.0000,0.0000,0.0000,0.0000,0.0000,0.0000,0.0000,0.0000,0.0000,0.0000,0.0000,0.0000,0.0000,0.0000,0.0000,0.0000,0.0000,0.0000,394.0341,396.7553,439.3105,406.5584,445.2787,461.0034,464.5639,470.7227,541.6546,527.3558,582.8220,565.3743,605.2791,630.0724,619.1917,617.4568,628.9811,597.0658,684.5490,735.5895,781.4522,804.8823,868.1169,889.5717,1019.2249,1030.1746,1106.4965,1116.4866,1176.8390,1262.4390,1272.4060,1190.0869,1151.1825,1248.4580,1202.3619,1220.3684,1265.2688,1253.2845,1304.9106,1420.0485,1421.1232,1389.8812,1403.7363,1372.7336,1427.8868,1486.3500,1500.7646,1426.8834,1423.3719,1570.4551,1456.8121,1539.2561,1546.3617,1592.9303,1777.0787,1841.6913,1871.4781,1994.4904,1944.5181,1999.7118,2078.9119,1984.9534,1959.0458,2015.0637,2094.8760,2128.9297,2140.4182,2120.1096,2206.6533,2191.6921,2286.2959,2241.2517,2242.5647,2231.9238,2303.0718,2414.8657,2517.6755,2533.9048,2551.1982,2620.1345,2480.2036,2437.4619,2422.7002,2445.4736,2564.3918,2537.5847,2491.5273,2591.0010,2516.2278,2522.3701,2565.2883,2504.4744,2489.3245,2457.4968,2494.4976,2514.3723,2552.6931,2512.1604,2595.9551,2685.3862,2657.0054,2683.9973,2594.6179,2608.6111,2654.2532,2692.9951,2766.1223,2625.5510,2713.0435,2887.4021,2869.0830,2870.8171,2834.8467,2731.9207,2905.5095,2864.3135,2899.5312,3002.2827,2961.0684,3025.3103,3150.7644,3024.7451,2911.0271,2932.4180,2947.6709,3047.7822,3017.9375,2996.7310,3040.5344,3116.6741,3106.2878,3094.5659,3053.3125,2965.5596,2935.9209,2942.8684,2968.6431,2764.1704,2742.9395,2776.6860,2823.4360,2958.8677,2936.3059,2805.0667,2893.8762,2870.0508,2819.8245,2922.8225,2770.7729,2719.8628,2762.1082,2664.1182,2642.0493,2672.0789,2631.2959,2733.2849,2792.1787,2761.5537,2750.3406,2728.9800,2811.3225,2854.2153,2919.2598,2951.8840,2874.9668,2890.8833,2950.3284,2768.1270,2747.4866,2698.3240,2690.1467,2794.1421,2763.5728,2644.7751,2758.3835,2730.6626,2730.6228,2746.6282,2626.7849,2669.8538,2724.6897,2790.6873,2838.1904,2821.2341,2799.0510,2832.5901,2844.4087,2840.0127,2729.4573,2783.1309,2807.8384,2904.9275,2871.5635,2838.6697,2728.1243,2720.8181,2794.7563,2727.3582,2748.7031,2684.0703,2632.4800,2716.3792,2678.6555,2626.3347,2608.5984,2526.2444,2484.1885,2565.7036,2453.5815,2452.9187,2520.0940,2513.5442,2555.8044,2512.2751,2409.4695,2407.5847,2359.5176,2351.0200,2424.8545,2436.4521,2528.1106,2522.3062,2523.9712,2535.6775,2458.1543,2464.8792,2530.8545,2473.4851,2583.7617,2598.1746,2489.8621,2602.1028,2558.7476,2440.3813,2452.8618,2376.4529,2423.0735,2456.9458,2353.7385,2355.3174,2313.4421,2287.8271,2332.2083,2370.5132,2319.2244,2272.1785,2316.7124,2385.5664,2288.9080,2300.1350,2311.3225,2387.8877,2455.1470,2442.3120,2340.9041,2346.0371,2281.7080,2260.8184,2390.1521,2318.3000,2247.8875,2392.4702,2387.9387,2339.6050,2366.2688,2253.3140,2243.2239,2337.3091,2314.9854,2238.0081,2220.1123,2174.0327,2316.0750,2361.3777,2314.2329,2273.5349,2256.3313,2308.5320,2295.6985,2214.5913,2220.6309,2145.2046,2130.2515,2207.5161,2142.6487,2116.6997,2168.3611,2120.0320,2198.2683,2118.4995,2072.1501,2056.0098,2009.5909,1896.7366,1946.5555,1829.4985,1791.3203,1757.6923,1685.3296,1676.7992,1643.6370,1656.4987,1587.1222,1591.1971,1605.8593,1523.1879,1483.7552,1514.5154,1397.2416,1268.1360,1239.0521,1163.9189,1068.5453,1049.0568,991.2584,985.1634,983.7405,913.8990,936.7563,965.4877,964.7931,956.0171,989.3101,985.3967,1001.7504,954.1254,975.6198,941.6326,888.3655,904.4943,826.1185,768.5905,774.2567,703.1920,717.6426,639.8375,611.2694,576.6145,505.4918,502.6698,460.7173,433.1686,352.7519,334.4819,304.0106,246.2247,243.9226,204.8412,237.0527,198.7723,0.0000,0.0000,0.0000,0.0000,0.0000,0.0000,0.0000,0.0000,0.0000,0.0000,0.0000,0.0000,0.0000,0.0000,0.0000,0.0000,0.0000,0.0000,0.0000,0.0000,0.0000,0.0000,0.0000,0.0000,0.0000
0.0000,0.0000,0.0000,0.0000,0.0000,0.0000,0.0000,0.0000,0.0000,0.0000,0.0000,0.0000,0.0000,0.0000,0.0000,0.0000,0.0000,0.0000,0.0000,0.0000,0.0000,0.0000,0.0000,0.0000,0.0000,368.4904,365.8837,382.4767,440.1637,400.4974,418.3513,471.2852,505.1309,550.0703,582.4756,577.5062,606.1460,603.4602,615.4979,555.2423,607.2720,623.7794,614.4873,660.9899,682.0207,770.3609,850.9593,865.2717,858.8056,966.3920,1023.1696,1069.0641,1123.3038,1150.8779,1188.6139,1228.7435,1233.0366,1211.7896,1217.6307,1217.3744,1276.8025,1240.0087,1292.4520,1254.8514,1245.0955,1331.3254,1349.9325,1378.3873,1422.3976,1463.5033,1508.5964,1547.8087,1455.2295,1459.3710,1501.5438,1469.5156,1549.5482,1520.7670,1573.6887,1703.0900,1769.0735,1897.0968,1974.2531,1920.3145,1907.3319,1972.7236,1988.4332,2014.3781,1983.8771,2082.1130,2149.0139,2203.8027,2215.1074,2091.8037,2095.1868,2197.1152,2206.1345,2296.2637,2362.0083,2284.1609,2368.6423,2557.8965,2519.1016,2533.3555,2457.0503,2416.9458,2540.7605,2502.9272,2535.1509,2470.9856,2464.5422,2457.7561,2553.9902,2488.8130,2422.6423,2427.9246,2500.7676,2534.2478,2438.4641,2469.9033,2459.5344,2506.6462,2576.2446,2533.1248,2537.2444,2665.0137,2635.7429,2748.1853,2741.0698,2652.3323,2671.4927,2681.8665,2650.9751,2778.9561,2860.0830,2782.5859,2944.4221,2865.7620,2788.0627,2734.4358,2691.3147,2813.3650,2896.5615,2922.5054,2919.2666,2994.2305,3069.1560,3092.4148,2949.4736,2925.9355,2922.4946,2948.9270,3032.0139,3026.4863,3059.9053,3142.8801,3134.1482,3173.8745,3117.0042,2902.5715,2779.5962,2849.3821,2718.3167,2786.2239,2808.4639,2808.2610,2938.7302,3029.3696,2853.1296,2816.4961,2709.2791,2762.8057,2809.7322,2765.0757,2757.2166,2704.3088,2688.6804,2760.8845,2650.1150,2662.8335,2611.5557,2627.3254,2725.9146,2764.6140,2789.0151,2840.7327,2843.2341,2903.6414,2973.6384,2846.5791,2820.0261,2773.2156,2700.3142,2797.2141,2751.6697,2746.0410,2714.8784,2710.7092,2640.5479,2770.8582,2666.3672,2661.6240,2679.1016,2749.2385,2777.5378,2709.6824,2709.7390,2810.0793,2833.8379,2893.2749,2746.1401,2767.6973,2872.4441,2867.4062,2857.4011,2944.2615,2710.7195,2779.1941,2810.9529,2700.1121,2631.9875,2681.7639,2614.1692,2813.8918,2714.3662,2645.3420,2648.9153,2595.1201,2502.6851,2574.7935,2552.4924,2519.7366,2461.4355,2515.1392,2589.3945,2566.6194,2519.1411,2513.1892,2470.3359,2457.2598,2372.6733,2255.9854,2356.4751,2479.8516,2558.1030,2572.0645,2433.5222,2406.3208,2464.3777,2424.8655,2550.4817,2516.3027,2484.5564,2604.3447,2546.5544,2493.3279,2462.1448,2435.3359,2459.6301,2498.8403,2470.8704,2418.1208,2298.4773,2292.3623,2356.8979,2319.9719,2275.4038,2199.0947,2322.5891,2394.1416,2384.2898,2347.9229,2324.6479,2278.5166,2365.8196,2422.7107,2331.8716,2369.8848,2368.0078,2351.0793,2406.5891,2301.2776,2255.0239,2251.5471,2275.0173,2274.9019,2357.8870,2366.9976,2380.1011,2395.0251,2443.1899,2344.3958,2269.6191,2232.8276,2282.4333,2198.0796,2312.1294,2254.6738,2365.9834,2456.2844,2430.0005,2323.3262,2318.2520,2203.8237,2224.3096,2230.8679,2126.4497,2163.3149,2162.9714,2162.0754,2253.4646,2201.7773,2129.9370,2136.8977,2137.7473,2105.4258,2065.8286,1927.5342,1898.7623,1906.3331,1845.7671,1829.4746,1681.5414,1607.6957,1664.5201,1638.6809,1649.2435,1568.8917,1539.6799,1558.2798,1612.4545,1485.8542,1406.5198,1347.6235,1242.7330,1185.9281,1147.9133,1129.0077,959.6453,987.4349,978.2094,966.0443,977.7330,896.3268,919.3602,922.5433,983.6658,959.6587,912.4607,978.0165,965.9337,992.2653,924.4302,898.3602,818.5566,770.8380,786.6341,812.9800,720.6448,667.2000,676.6366,617.8866,604.6972,500.9149,506.5164,480.0270,413.1312,380.7823,333.2198,343.2894,287.5468,265.0173,201.2801,174.0298,163.6598,0.0000,0.0000,0.0000,0.0000,0.0000,0.0000,0.0000,0.0000,0.0000,0.0000,0.0000,0.0000,0.0000,0.0000,0.0000,0.0000,0.0000,0.0000,0.0000,0.0000,0.0000,0.0000,0.0000,0.0000,0.0000
0.0000,0.0000,0.0000,0.0000,0.0000,0.0000,0.0000,0.0000,0.0000,0.0000,0.0000,0.0000,0.0000,0.0000,0.0000,0.0000,0.0000,0.0000,0.0000,0.0000,0.0000,0.0000,0.0000,0.0000,0.0000,344.9221,391.7260,333.4444,382.3430,437.0040,438.9052,513.6022,517.5381,533.2310,550.2148,574.4205,591.2435,602.4214,567.3946,588.5521,617.6673,666.6802,581.8442,645.9781,703.6485,734.5718,805.9204,878.4981,895.0248,976.0258,972.6298,1065.3735,1092.9553,1155.1071,1168.5170,1186.4373,1241.1335,1206.6903,1228.4154,1238.0929,1246.0083,1249.4937,1268.6122,1278.1914,1277.4774,1310.3437,1281.0693,1447.7903,1473.2052,1488.4532,1496.4081,1444.7947,1377.2562,1431.9387,1452.3927,1508.3370,1485.9779,1528.3934,1670.8569,1690.0093,1752.2821,1847.5919,1900.0470,1975.7539,1938.0220,1949.5240,1987.6085,2029.2849,1989.6503,2142.7991,2206.7014,2081.6387,2169.5669,2091.1372,2165.2952,2264.5540,2230.0920,2319.6377,2408.3831,2270.8618,2340.7251,2441.6421,2480.2720,2543.1907,2575.4438,2531.4216,2453.5364,2457.5293,2484.3152,2459.0378,2438.2859,2438.2622,2458.0139,2502.2893,2479.8306,2404.6055,2485.9880,2444.0315,2389.3042,2507.7085,2396.2144,2344.0762,2534.3950,2488.8606,2663.9883,2656.8601,2606.1599,2705.5903,2693.3672,2579.4360,2612.1416,2517.1465,2620.6248,2813.5605,2860.8950,2890.3611,2827.9463,2715.5142,2687.1353,2734.0410,2756.1467,2744.4045,2811.3528,2969.7356,3065.9785,3011.1997,2990.1951,2926.9976,2893.7058,3022.1404,2879.5896,2883.5930,2966.5625,3004.5244,3155.5613,3366.7651,3135.0759,3045.7395,2967.5061,2928.9016,2852.9382,2755.0435,2715.7822,2822.1968,2820.6931,2910.2651,2890.6143,2818.9336,2774.5977,2727.6370,2816.0710,2768.4661,2724.8352,2837.8147,2837.8123,2753.6743,2730.9788,2610.5659,2654.5227,2698.1504,2622.7366,2704.9778,2721.0796,2744.5430,2854.1956,2927.9841,2818.8938,2827.7607,2863.8303,2807.7063,2926.2761,2797.3542,2794.0146,2787.7739,2779.3984,2711.3882,2678.5618,2612.3376,2606.6941,2689.1013,2801.5276,2833.5032,2708.6528,2730.0532,2757.5452,2685.4836,2777.3801,2639.3611,2723.4319,2865.9160,2847.0864,2890.0505,2868.0930,2807.3870,2879.7034,2905.9463,2775.4021,2594.3372,2638.7280,2662.4629,2776.6106,2750.3098,2704.4026,2624.2720,2542.7698,2566.6965,2551.5850,2597.4141,2536.1172,2530.9836,2642.8699,2611.2253,2444.9404,2489.9507,2445.1221,2471.4614,2571.3413,2467.4087,2385.7808,2436.1611,2345.9529,2411.5139,2477.1104,2367.4719,2526.5283,2546.9426,2481.9717,2554.3364,2433.8279,2445.5413,2499.1775,2585.6091,2525.1101,2453.0984,2485.7021,2444.0796,2459.0334,2519.1133,2498.9687,2470.9001,2461.1162,2445.8203,2254.4839,2248.4124,2162.4973,2241.2319,2336.6597,2335.1802,2355.3591,2415.0203,2353.7346,2406.0193,2368.7935,2276.3745,2333.4421,2408.0669,2437.3804,2469.1816,2405.5354,2321.6426,2330.9753,2293.7593,2271.7290,2218.6335,2214.5310,2325.2483,2422.9973,2530.1289,2435.7849,2305.6443,2383.1909,2304.7732,2287.8699,2269.2734,2214.4009,2296.6494,2411.9104,2409.5659,2458.5518,2409.1667,2345.6013,2362.0374,2307.0327,2234.0532,2183.0801,2152.5659,2242.5701,2251.8025,2194.0737,2238.9951,2191.9312,2226.8640,2187.2419,2178.2510,2217.9768,2102.8628,2059.2502,1966.9264,1960.8156,1824.3187,1812.8077,1720.5618,1727.8729,1745.1023,1674.9725,1588.8629,1677.0922,1620.0820,1595.1443,1537.8311,1471.9617,1445.1155,1395.7278,1232.7964,1224.9790,1156.6815,1153.7637,1084.9741,1011.2136,936.0325,952.7615,925.2762,890.8192,914.3694,949.5685,935.8184,931.4655,971.4958,885.4415,892.1729,918.6868,901.1095,884.3234,892.6402,886.3061,804.3353,823.8549,746.9760,657.1691,689.7436,622.3301,582.2715,576.7052,531.9818,527.4839,429.0002,403.1677,313.1301,328.2594,305.5525,250.8597,223.7710,213.7325,174.1460,133.7662,0.0000,0.0000,0.0000,0.0000,0.0000,0.0000,0.0000,0.0000,0.0000,0.0000,0.0000,0.0000,0.0000,0.0000,0.0000,0.0000,0.0000,0.0000,0.0000,0.0000,0.0000,0.0000,0.0000,0.0000,0.0000
0.0000,0.0000,0.0000,0.0000,0.0000,0.0000,0.0000,0.0000,0.0000,0.0000,0.0000,0.0000,0.0000,0.0000,0.0000,0.0000,0.0000,0.0000,0.0000,0.0000,0.0000,0.0000,0.0000,0.0000,0.0000,0.0000,354.4444,333.6675,394.6635,444.6225,459.9861,469.7011,454.1727,500.3914,523.8571,557.3297,595.1172,601.4092,573.3774,587.8279,577.6703,623.3585,646.6612,692.7168,691.1842,763.1859,813.1915,836.7372,975.7686,970.6782,1075.7751,1040.9989,1088.4558,1152.1890,1197.7657,1194.7634,1205.9062,1169.1047,1207.6437,1284.7585,1189.6163,1180.3809,1251.3738,1180.2301,1264.6022,1325.9202,1306.3975,1428.8257,1405.0686,1415.6072,1430.2800,1444.5962,1443.0093,1427.7566,1490.7589,1519.6492,1494.8121,1527.5322,1581.8960,1659.4911,1832.6031,1862.5017,1859.8175,1955.6289,1981.9855,1943.6433,2018.6936,1964.5320,1968.6661,2108.9978,2159.7390,2174.2102,2154.0718,2123.2891,2211.2698,2327.3428,2162.9797,2222.2253,2193.2019,2268.3350,2355.4126,2451.4207,2560.5632,2552.8772,2523.5513,2570.7832,2482.3535,2473.8745,2406.6323,2424.2187,2505.3674,2543.6155,2436.3713,2458.7288,2441.1177,2341.7734,2478.7837,2375.9170,2377.5103,2479.8413,2407.8296,2498.5937,2552.5930,2423.5376,2532.4924,2595.5232,2618.0583,2586.3638,2636.4509,2638.3679,2703.3469,2610.7998,2711.6067,2689.9556,2795.6785,2848.8909,2772.7400,2739.6958,2711.3352,2659.9231,2871.5798,2869.8906,2757.6836,2934.0088,2930.2656,2896.7373,3047.3025,2923.2256,2945.6589,2927.7708,2972.4536,3054.3708,2982.5330,2937.1191,3064.6167,3162.0542,3146.4944,3043.2825,2987.0940,2917.7415,2986.8347,2948.4272,2826.5037,2634.9141,2725.9666,2824.7827,2790.5051,2952.2629,2806.2012,2704.7524,2822.1228,2824.4287,2756.8118,2776.6389,2710.1135,2685.1519,2750.6543,2638.6562,2622.9761,2626.9468,2548.3813,2687.2004,2713.9944,2673.1465,2670.2246,2746.9246,2899.5571,2913.4385,2882.8982,2878.7085,2892.9780,2816.7195,2820.7878,2667.3213,2700.1633,2619.5632,2571.4409,2694.8689,2745.4734,2727.9775,2779.6396,2812.2346,2704.2314,2768.6753,2614.0513,2627.8855,2763.9648,2744.1079,2799.8203,2797.6370,2744.4722,2847.2886,2853.1057,2777.6245,2754.4585,2716.6243,2750.8354,2805.6680,2703.1750,2698.9360,2605.8362,2549.7617,2575.6528,2448.7429,2509.1313,2475.0837,2516.9055,2634.6675,2598.7156,2471.6919,2482.2161,2447.5068,2389.8047,2493.5647,2426.0193,2453.5481,2490.8040,2483.9570,2497.6699,2370.2737,2325.3523,2311.1152,2408.8013,2487.7722,2452.0974,2393.5786,2478.0046,2523.3081,2499.7568,2440.6208,2450.6885,2392.9209,2527.3657,2462.3350,2446.7886,2451.2090,2437.5583,2485.3799,2504.9375,2383.2002,2398.2278,2288.1631,2264.4023,2322.3208,2266.2170,2252.1389,2257.1411,2274.8062,2366.0349,2429.7197,2292.2463,2308.7676,2327.1975,2421.6689,2439.2454,2407.2036,2424.3069,2401.7339,2365.5027,2390.9619,2258.7202,2202.7893,2216.5229,2234.3374,2361.1487,2406.6846,2383.3879,2520.4165,2427.7834,2375.2148,2356.8230,2245.8218,2343.0796,2388.7090,2340.2466,2396.3884,2426.5227,2428.9402,2404.8940,2413.3933,2345.7617,2338.1982,2285.4631,2311.1814,2313.9973,2156.6787,2196.1335,2178.8970,2211.9822,2286.8047,2178.6733,2217.4082,2205.9050,2249.1470,2225.6179,2125.3962,1954.0663,1951.1925,1873.0264,1769.5762,1772.9240,1663.0897,1672.1276,1771.7802,1694.1217,1633.7240,1590.5444,1541.0625,1560.0027,1540.2653,1515.4623,1384.5425,1317.0476,1263.4554,1238.6057,1144.6562,1087.2070,1011.7462,986.1076,929.1895,890.6489,929.7570,916.7237,905.0211,950.4493,970.6379,903.3111,939.9742,932.0755,932.0405,973.0540,882.6550,844.9791,857.4903,827.1065,819.1274,717.6518,725.1671,739.3217,677.9875,697.7618,600.2474,514.3611,554.8943,465.6590,409.8708,375.7155,354.0534,305.3842,311.0800,254.9552,222.9193,223.0749,182.2088,0.0000,0.0000,0.0000,0.0000,0.0000,0.0000,0.0000,0.0000,0.0000,0.0000,0.0000,0.0000,0.0000,0.0000,0.0000,0.0000,0.0000,0.0000,0.0000,0.0000,0.0000,0.0000,0.0000,0.0000,0.0000,0.0000
0.0000,0.0000,0.0000,0.0000,0.0000,0.0000,0.0000,0.0000,0.0000,0.0000,0.0000,0.0000,0.0000,0.0000,0.0000,0.0000,0.0000,0.0000,0.0000,0.0000,0.0000,0.0000,0.0000,0.0000,0.0000,0.0000,372.6732,340.1392,409.6643,420.1848,455.7287,464.0236,496.8623,532.8332,573.7042,565.8379,562.8109,568.7286,597.4776,568.7927,569.3265,678.2011,645.0797,697.5433,700.9039,785.1923,803.4641,870.0079,907.7885,906.0856,1080.1000,1143.3256,1100.4467,1150.9808,1160.0145,1135.3254,1205.7551,1146.9307,1133.5504,1181.8290,1195.4235,1244.0167,1245.5575,1241.1685,1281.3230,1241.1727,1354.8120,1347.9073,1395.3065,1417.0469,1489.4830,1502.7805,1430.4633,1386.2678,1425.6722,1412.3944,1489.3044,1625.7635,1624.5013,1692.8180,1794.2208,1833.7751,1911.6635,1979.1271,1911.6024,1948.6053,1986.3792,2005.0859,2090.6907,2089.3103,2166.7175,2193.2771,2128.6467,2199.1821,2177.2903,2170.3284,2255.6313,2211.8086,2261.3645,2353.9978,2397.4377,2495.7407,2631.3215,2454.4377,2489.0522,2515.3394,2436.7861,2600.7083,2509.9495,2453.1252,2538.7485,2491.1897,2429.3628,2377.1201,2286.9165,2255.2834,2386.9470,2436.1411,2439.5117,2448.8616,2386.1492,2431.7783,2500.7429,2480.4783,2423.1169,2447.3042,2615.2751,2627.8367,2664.9229,2673.0037,2577.9019,2601.9775,2652.9897,2638.8718,2644.7988,2700.5574,2668.9553,2862.5422,2805.0325,2753.9834,2721.8677,2711.4526,2741.6460,2977.6455,2934.8960,2977.0229,2960.0986,2985.8948,3114.2949,2976.8501,2938.2834,2931.7910,2964.5503,3017.8088,2992.9377,3039.8403,3155.5920,3128.0613,3046.0151,3012.1802,2824.8721,2851.3328,2814.5842,2678.5334,2825.4883,2780.9893,2805.5867,2906.5100,2858.4951,2705.0437,2707.0859,2657.9963,2735.7256,2827.8364,2777.9827,2787.2307,2757.6765,2726.6738,2717.8071,2574.0337,2524.9998,2501.5747,2582.4580,2778.7075,2665.4851,2765.3723,2917.2969,2864.5901,2908.9265,2881.0637,2709.2788,2721.8235,2737.1292,2751.0154,2812.7925,2683.8792,2597.0173,2776.0813,2762.4517,2686.8240,2740.9556,2701.4226,2738.9036,2794.7034,2826.0149,2800.5867,2699.6445,2643.4709,2746.4407,2771.2080,2825.8013,2771.6116,2722.7166,2868.2937,2852.2041,2760.1543,2757.3445,2619.2476,2687.4019,2712.9529,2630.3115,2620.6509,2483.2515,2503.1755,2531.6013,2486.5330,2435.7822,2537.3479,2504.0220,2449.9976,2507.1689,2442.3311,2433.5237,2474.3655,2467.6243,2535.7253,2444.9163,2376.1060,2287.9792,2330.4814,2364.5635,2332.2676,2408.0549,2556.5549,2520.3696,2474.6206,2462.6331,2394.4465,2414.3020,2469.6611,2408.3953,2499.5996,2457.1106,2384.5391,2449.5083,2401.5498,2375.9441,2391.4553,2369.1858,2483.5271,2419.1489,2289.0613,2264.6931,2231.9089,2295.4983,2221.8835,2258.1396,2299.0430,2309.8401,2359.8845,2456.8291,2354.3679,2300.1855,2460.1543,2411.6123,2499.6565,2431.8789,2359.4622,2351.9236,2358.7925,2306.9553,2278.4700,2271.1709,2183.2041,2357.9072,2395.2747,2334.7869,2377.7935,2312.5623,2356.9084,2486.6213,2396.8569,2359.8867,2310.3306,2344.1511,2431.5339,2433.2356,2494.7251,2432.1436,2451.5139,2471.8027,2448.9351,2333.9800,2255.7195,2187.1333,2156.3713,2218.5920,2203.7375,2219.1917,2254.3860,2152.5793,2324.1460,2278.8850,2137.2588,2130.6233,2097.4919,2013.6724,1969.5812,1849.0708,1878.1112,1803.4910,1767.6378,1650.8616,1596.3707,1609.1873,1604.8044,1590.0463,1658.2094,1555.0795,1453.9032,1503.8593,1409.7416,1336.0769,1230.5310,1220.0692,1082.1823,1141.0608,1024.3308,996.5013,997.3586,962.1136,966.4126,962.5825,901.2956,926.9243,886.8830,980.1852,941.8242,923.4099,927.9103,937.2812,889.3257,894.6716,788.0370,784.1713,778.7783,760.1837,748.0503,698.7651,652.5181,658.4030,586.2581,569.1561,517.2934,441.0577,408.9605,389.8395,380.7087,334.1681,270.4815,233.2787,206.3210,184.7258,129.2817,0.0000,0.0000,0.0000,0.0000,0.0000,0.0000,0.0000,0.0000,0.0000,0.0000,0.0000,0.0000,0.0000,0.0000,0.0000,0.0000,0.0000,0.0000,0.0000,0.0000,0.0000,0.0000,0.0000,0.0000,0.0000,0.0000
0.0000,0.0000,0.0000,0.0000,0.0000,0.0000,0.0000,0.0000,0.0000,0.0000,0.0000,0.0000,0.0000,0.0000,0.0000,0.0000,0.0000,0.0000,0.0000,0.0000,0.0000,0.0000,0.0000,0.0000,0.0000,0.0000,327.4297,394.8839,382.3437,428.2458,492.5450,479.9570,502.5154,548.5441,544.7540,532.7701,551.1166,546.2220,584.0933,627.7505,566.0739,582.9747,709.0286,596.0969,747.7319,744.3247,791.7465,853.2396,972.2794,989.3470,1016.8963,1028.8076,1083.3781,1146.5308,1126.9132,1179.0031,1163.0112,1152.8051,1188.6782,1113.9227,1192.8030,1238.6534,1157.7236,1270.3577,1216.2977,1282.7775,1333.9503,1347.4972,1462.2534,1492.4366,1411.2808,1417.3333,1355.6080,1329.7437,1439.7865,1437.5681,1513.2301,1598.1478,1655.3119,1708.1586,1748.9739,1778.7762,1848.0116,1942.7909,2022.3552,2002.7462,1974.7068,2054.1001,2110.3542,2127.0498,2173.3728,2085.5083,2113.5698,2224.9255,2198.2332,2230.4487,2281.6965,2234.0098,2378.7625,2418.9402,2360.4507,2459.9580,2501.3850,2577.8328,2591.6484,2591.6648,2568.0769,2524.2947,2505.7485,2481.5552,2456.8718,2430.8452,2360.0173,2384.3000,2395.8357,2423.0493,2347.1548,2390.0491,2411.3125,2415.7085,2436.8630,2351.8159,2380.0461,2531.7576,2454.9841,2599.5894,2621.8977,2569.0044,2614.9280,2622.7583,2550.2842,2533.1086,2543.0691,2613.6755,2792.7307,2801.3074,2793.7437,2746.7134,2747.2747,2748.7371,2734.5059,2720.4006,2847.6860,2890.6914,3117.1809,3173.0215,3016.0251,3000.5112,2960.7187,2941.2678,3106.5417,2911.9644,2912.7288,3105.3723,3047.6460,3178.1892,3174.6941,2929.4307,2999.6199,3087.2751,2979.1594,2952.7915,2811.2415,2750.6763,2835.6880,2861.6025,2842.4355,2773.3335,2732.0752,2726.5667,2762.0461,2728.7852,2827.5166,2748.9749,2845.4446,2850.2725,2728.9111,2625.6250,2599.4319,2656.4243,2697.2520,2592.8049,2585.8276,2718.0427,2645.6069,2766.4849,2856.6040,2774.0774,2781.4788,2804.3171,2840.9229,2897.4863,2843.8140,2770.3989,2697.8362,2716.7451,2623.4102,2643.1038,2631.4595,2669.3738,2832.4414,2848.7476,2901.2434,2769.5615,2748.8459,2700.6467,2641.1934,2713.2842,2675.9092,2761.1306,2945.8181,2855.5212,2829.4412,2842.0447,2773.9116,2770.9009,2746.6821,2643.0579,2676.8040,2670.1841,2604.7771,2679.4636,2576.1521,2425.7083,2451.6252,2494.7009,2513.5322,2443.0796,2451.0022,2490.7351,2469.1069,2506.0186,2465.5439,2389.9495,2408.5642,2390.2734,2401.6262,2413.9424,2346.4941,2325.3892,2484.2625,2444.9009,2462.9141,2499.5637,2377.3347,2455.9473,2481.8406,2418.0918,2452.7356,2363.2502,2453.4424,2457.5735,2459.2861,2387.6890,2309.8501,2345.2671,2397.0347,2457.7451,2511.3745,2434.8750,2346.7427,2397.3467,2305.6812,2164.7104,2204.7329,2263.3992,2273.4944,2458.9453,2408.3821,2344.1777,2457.9189,2358.8306,2411.4229,2450.8318,2356.5703,2428.5254,2446.9065,2442.3940,2413.2739,2347.2207,2239.8713,2307.6248,2244.3706,2270.3770,2286.5300,2349.1687,2394.0479,2480.9448,2447.9058,2414.9785,2337.0393,2376.5969,2343.2993,2344.1584,2402.6948,2485.3015,2506.3455,2688.4253,2550.4192,2500.7644,2402.4248,2368.5945,2286.3044,2268.0767,2152.4666,2179.2024,2249.0334,2243.2634,2268.5176,2212.0571,2181.1270,2239.7285,2199.8540,2147.3083,2074.8213,2090.2664,2058.2695,2005.4114,1893.3823,1862.2650,1710.9657,1682.9388,1692.5765,1677.6014,1651.3160,1636.4800,1561.2405,1667.0746,1551.2054,1547.4810,1465.6154,1342.9687,1361.8865,1286.1544,1202.8141,1109.8217,1057.6191,1038.3469,998.1969,1005.5609,986.5867,929.4539,944.8351,982.9586,957.4225,947.5492,983.4499,912.1938,934.3816,875.1602,878.7800,900.2216,837.2303,812.9714,819.2808,796.5886,755.9878,781.8566,679.9448,665.3605,623.6201,598.7118,530.9775,512.8212,462.6021,443.8550,387.6924,369.0922,313.2346,275.4904,229.8782,228.2404,178.5918,155.0461,0.0000,0.0000,0.0000,0.0000,0.0000,0.0000,0.0000,0.0000,0.0000,0.0000,0.0000,0.0000,0.0000,0.0000,0.0000,0.0000,0.0000,0.0000,0.0000,0.0000,0.0000,0.0000,0.0000,0.0000,0.0000,0.0000
0.0000,0.0000,0.0000,0.0000,0.0000,0.0000,0.0000,0.0000,0.0000,0.0000,0.0000,0.0000,0.0000,0.0000,0.0000,0.0000,0.0000,0.0000,0.0000,0.0000,0.0000,0.0000,0.0000,0.0000,0.0000,0.0000,386.6266,408.8824,449.3289,428.5398,472.0757,477.0596,471.8239,496.1374,559.1250,534.1049,602.7589,555.5229,576.4178,607.0393,652.3092,590.7480,625.2775,646.4441,757.5107,786.3645,853.5110,873.6025,913.0107,996.1530,986.2796,1111.6118,1065.4819,1146.6321,1189.5129,1221.3119,1151.7277,1152.6018,1143.7997,1110.6919,1211.1620,1208.7275,1200.1267,1241.9308,1226.7228,1313.1263,1398.3474,1318.7827,1378.5094,1421.3065,1386.9348,1371.6560,1334.8068,1400.0651,1417.4188,1463.9696,1486.1577,1557.7747,1554.5616,1649.6727,1704.2562,1873.8540,1903.4503,1938.6547,1993.4138,2012.4139,1999.3392,2067.7571,2049.6541,2077.6765,2183.3127,2171.0156,2192.0161,2204.0979,2205.8279,2264.2041,2310.9185,2201.9951,2279.5330,2356.6118,2454.8479,2519.8921,2587.6162,2627.0784,2577.5942,2616.5073,2563.8518,2475.7363,2431.0647,2481.2466,2522.9597,2524.7217,2451.7751,2264.2341,2386.7869,2327.1890,2289.7605,2398.5278,2348.1523,2433.5198,2527.8035,2499.6023,2511.3928,2477.8125,2371.1260,2517.9248,2632.8018,2527.8086,2538.3865,2535.0894,2641.3162,2719.1414,2674.3672,2679.3445,2655.2180,2710.4656,2791.0703,2758.3972,2826.7114,2771.4917,2775.0540,2942.4463,2970.4233,2905.6387,3045.5627,3059.5615,3051.8506,3163.4763,3060.6897,3053.8923,3101.2546,3043.1431,3062.0703,3086.7739,2941.3083,3040.7009,3077.4954,3152.6802,3153.8550,3004.0273,3073.4102,3010.2192,2923.4517,2791.8760,2714.5449,2768.9065,2815.7520,2792.6172,2788.7322,2824.0779,2806.7588,2829.0100,2854.3010,2759.9109,2797.8264,2736.7625,2730.6809,2783.9463,2691.5110,2600.5640,2581.7537,2584.5903,2592.0178,2646.2241,2588.1782,2708.4663,2815.6831,2876.6279,2880.8230,2774.5088,2777.4663,2856.0452,2776.0488,2753.6848,2629.4451,2670.8359,2666.1997,2726.5173,2797.8521,2864.4304,2734.9487,2833.2583,2842.8408,2759.6389,2789.5066,2652.8215,2703.7856,2857.3054,2776.3394,2801.0645,2852.7478,2775.4275,2826.4954,2824.0083,2756.7971,2713.3835,2711.4663,2828.2429,2777.9563,2752.1123,2580.8115,2518.5864,2519.5969,2489.9299,2376.1299,2488.1111,2508.4236,2465.5886,2576.0613,2524.1973,2388.2151,2441.3040,2415.3770,2421.1016,2456.1577,2380.6248,2392.9746,2409.2422,2376.5862,2341.3896,2433.4573,2419.1760,2494.1050,2497.1145,2453.6775,2474.5996,2428.1611,2481.0793,2480.6077,2401.0728,2419.2012,2364.0703,2375.7129,2368.1472,2336.8735,2335.5090,2377.9319,2416.6118,2489.8711,2389.5947,2289.9187,2283.2007,2199.8059,2264.8433,2301.8977,2266.3542,2325.9363,2369.4771,2438.7366,2433.5039,2363.1509,2311.4268,2386.6665,2489.2285,2530.9795,2528.0752,2397.6948,2379.5591,2375.6484,2340.8584,2258.2732,2126.5527,2250.3896,2322.4399,2365.5667,2393.9612,2419.4221,2348.7344,2413.1104,2386.6516,2383.4446,2307.4851,2282.1118,2408.2368,2611.4219,2548.7219,2534.3279,2600.8623,2526.2817,2467.6455,2461.8110,2312.5137,2311.8977,2251.2832,2260.0645,2264.8342,2277.6958,2241.4517,2241.0349,2282.6885,2284.3879,2188.3093,2215.1619,2172.6155,2142.6370,2120.0017,2035.7891,1848.5562,1896.4209,1847.7186,1796.4481,1792.2397,1698.5667,1738.1730,1691.1482,1618.3522,1610.0165,1596.8024,1547.1743,1524.9419,1479.2454,1345.3091,1322.0292,1236.7205,1150.5043,1088.8179,1048.7611,1000.6111,933.1420,967.1770,988.1750,950.0246,955.3218,946.2404,942.4504,958.5295,944.2935,855.7579,971.3705,915.0937,847.9656,900.6222,812.3484,808.7871,796.3611,772.5450,743.5026,676.3238,617.2741,615.9603,624.9733,531.0912,537.1509,480.0428,440.1306,359.1076,349.2195,323.2503,333.0528,277.0095,234.2781,197.8105,215.2450,170.8527,0.0000,0.0000,0.0000,0.0000,0.0000,0.0000,0.0000,0.0000,0.0000,0.0000,0.0000,0.0000,0.0000,0.0000,0.0000,0.0000,0.0000,0.0000,0.0000,0.0000,0.0000,0.0000,0.0000,0.0000,0.0000,0.0000
0.0000,0.0000,0.0000,0.0000,0.0000,0.0000,0.0000,0.0000,0.0000,0.0000,0.0000,0.0000,0.0000,0.0000,0.0000,0.0000,0.0000,0.0000,0.0000,0.0000,0.0000,0.0000,0.0000,0.0000,0.0000,0.0000,0.0000,449.5652,424.4674,401.9152,467.7406,483.0665,472.0269,497.7264,577.2695,565.0831,560.0091,569.5777,618.4535,649.7018,622.5269,640.9114,664.4428,731.9394,698.7749,752.2928,798.8252,855.5483,837.5541,942.6556,958.0001,1076.5287,1131.6700,1100.5602,1137.6746,1157.5005,1119.7046,1099.8596,1087.3041,1096.1146,1094.5693,1129.6285,1139.6039,1143.5756,1187.8713,1216.9100,1284.0756,1342.6598,1339.0992,1321.3185,1381.1881,1375.9437,1362.7104,1382.9425,1340.7959,1419.8875,1479.0930,1475.1805,1614.5529,1639.1936,1677.4540,1862.6772,1932.4524,1900.5825,1973.0920,1889.3331,1884.5104,2032.5469,2057.0349,2133.5967,2124.4868,2177.0581,2175.2859,2187.3584,2189.5327,2173.2795,2245.4836,2377.5671,2395.4375,2385.5796,2413.1123,2488.9053,2576.6526,2634.8923,2535.1111,2512.6235,2479.7820,2469.9675,2592.3115,2537.2776,2510.3843,2476.0344,2451.3730,2285.5488,2271.2664,2283.5989,2289.0540,2424.3992,2394.8660,2458.7014,2446.6255,2391.4736,2423.3113,2444.8064,2458.2295,2461.1423,2526.3582,2657.5549,2642.0776,2623.7048,2647.0330,2586.8958,2646.1484,2699.2808,2639.5210,2739.7410,2755.5894,2828.4634,2978.9939,2858.2891,2780.5625,2796.0994,2881.1045,2946.4937,3121.3479,3066.7871,3117.4209,3157.3682,3141.9763,3101.6953,3030.6802,2964.8616,3055.8347,3078.3337,3113.5442,3087.8281,3041.1663,3206.4263,3195.6736,3136.3611,3058.0994,2855.1306,2860.4045,2881.6423,2744.0168,2839.1316,2719.3125,2778.3315,2882.8357,2865.4714,2749.6621,2812.5525,2686.3403,2718.7185,2817.3115,2839.4331,2746.0977,2670.4436,2639.5247,2604.1594,2547.7100,2473.5583,2488.2114,2588.9595,2701.9827,2752.2151,2803.1165,2811.5620,2852.0627,2791.4158,2842.9009,2728.9802,2787.0479,2775.5381,2721.4951,2811.4917,2754.8406,2707.8291,2821.7219,2799.4133,2743.7522,2798.7903,2706.7117,2852.0657,2923.5344,2833.6113,2750.4597,2745.9067,2716.5862,2804.1267,2875.1709,2815.3271,2782.3904,2798.0964,2877.5042,2746.0662,2734.6787,2745.1270,2707.6289,2728.8440,2668.9053,2470.6233,2494.2214,2521.4548,2494.0427,2615.1870,2487.7852,2332.3210,2442.6897,2475.0615,2439.8755,2504.1477,2414.7900,2430.2959,2454.3958,2383.6819,2374.3105,2286.7842,2289.7603,2327.7124,2458.1621,2467.9727,2494.5657,2430.1995,2509.5491,2513.8857,2415.3174,2428.9685,2365.2446,2385.8762,2437.3669,2366.1443,2369.0090,2337.8516,2345.4485,2442.0034,2465.2422,2346.4268,2360.9624,2332.3557,2367.8271,2389.6819,2255.9832,2270.6990,2239.4612,2298.7798,2388.7004,2355.0361,2352.6172,2355.7312,2387.3420,2441.9978,2429.0776,2475.9226,2540.7646,2481.4241,2449.4939,2466.0393,2266.4958,2291.1833,2275.4543,2239.7329,2246.3474,2358.3557,2297.3801,2387.2612,2385.8469,2386.3733,2352.0125,2373.4895,2443.8157,2450.2830,2341.0239,2373.8953,2456.1108,2564.2126,2502.3870,2563.4702,2529.6885,2496.9807,2487.0518,2430.7539,2268.6267,2175.5125,2233.5564,2248.9766,2244.9001,2300.7639,2212.6985,2265.8340,2263.9824,2274.7576,2261.0547,2114.6440,2025.0585,2035.7332,2022.5063,1911.2693,1876.5114,1767.2424,1771.5879,1814.3511,1696.6807,1668.6659,1658.3770,1594.5382,1609.3143,1635.2821,1587.7738,1491.5906,1395.6464,1353.8514,1250.7767,1194.9716,1183.4041,1040.8425,1063.7441,1026.3907,986.9501,947.0500,970.5714,942.5870,976.8378,955.7567,923.2080,906.0292,908.6813,918.6342,925.0355,871.0939,861.4401,907.3970,864.0982,765.2878,758.3245,749.9149,719.1633,694.8638,631.1796,662.5969,631.8697,569.6037,522.2928,468.6380,415.0041,411.2566,366.8108,372.2389,292.0234,254.6203,211.4044,188.4519,203.4599,0.0000,0.0000,0.0000,0.0000,0.0000,0.0000,0.0000,0.0000,0.0000,0.0000,0.0000,0.0000,0.0000,0.0000,0.0000,0.0000,0.0000,0.0000,0.0000,0.0000,0.0000,0.0000,0.0000,0.0000,0.0000,0.0000,0.0000
0.0000,0.0000,0.0000,0.0000,0.0000,0.0000,0.0000,0.0000,0.0000,0.0000,0.0000,0.0000,0.0000,0.0000,0.0000,0.0000,0.0000,0.0000,0.0000,0.0000,0.0000,0.0000,0.0000,0.0000,0.0000,0.0000,0.0000,364.9748,408.0705,439.8243,450.1241,452.0157,447.4272,513.7195,532.7591,512.3178,546.5174,572.7546,594.8965,640.5161,649.5491,630.4124,678.9399,697.0231,699.7395,747.8995,802.1064,846.1019,974.9926,981.8278,925.2618,1022.5300,892.9814,1162.7676,1138.0438,1161.1581,1161.6234,1074.0449,1036.3707,1080.0841,1040.1335,1071.2303,1103.6326,1157.3118,1250.5930,1234.9557,1270.2096,1340.6593,1332.4453,1367.9250,1385.3953,1331.1555,1348.6575,1407.8462,1368.8922,1399.2909,1468.9709,1528.6637,1574.9976,1674.0955,1653.6116,1773.9171,1804.2357,1847.9943,1917.6366,1961.0381,2007.6873,2005.2200,2053.1106,2076.2688,2117.6631,2150.1616,2131.0278,2175.2288,2302.9658,2266.8032,2258.8057,2365.2869,2351.4998,2444.1194,2534.9453,2401.9041,2556.4014,2603.4607,2557.7573,2649.0100,2503.0791,2494.1543,2539.3057,2559.1753,2509.6704,2460.0403,2339.7673,2314.5881,2312.6880,2294.5210,2353.6091,2279.9119,2378.0339,2423.8777,2436.5317,2463.0491,2388.9963,2402.8301,2590.5239,2573.0515,2564.8340,2663.4500,2558.3779,2672.2271,2719.0293,2591.0615,2618.2971,2662.5901,2753.3342,2937.2961,2912.7305,2831.2261,2844.1252,2821.1685,2849.5305,2884.9788,2891.8210,3041.7456,3123.2078,3184.0793,3229.1936,3066.1350,3095.4177,3026.8909,3113.3738,3147.7102,3011.8911,3068.5183,3130.9470,3101.7527,3138.7175,3157.4509,3069.3313,3153.1411,3120.2209,2976.4849,2927.3123,2822.2927,2781.5117,2903.2751,2806.4910,2798.5212,2726.9270,2784.7913,2789.6321,2829.2683,2824.4458,2857.6177,2800.5156,2742.9641,2769.4536,2569.2097,2531.0835,2545.9685,2569.9563,2664.4658,2578.1145,2504.8447,2627.8232,2661.7378,2750.7446,2795.6948,2635.2522,2791.2930,2833.8291,2841.0940,2836.7903,2758.2451,2664.0942,2820.7969,2767.2627,2729.2471,2708.8455,2748.0969,2844.6814,2877.4990,2838.7576,2856.2061,2814.3608,2826.6223,2828.4565,2768.1118,2832.4856,2767.5496,2849.0691,2958.4722,2864.8318,2757.2395,2738.2761,2682.9915,2799.1023,2794.9126,2649.5725,2648.2610,2617.6426,2603.9827,2563.2520,2487.0127,2354.8687,2444.6008,2472.5020,2459.3516,2444.6638,2449.0071,2503.9648,2543.8875,2546.9460,2493.5295,2412.3618,2316.6606,2316.9922,2350.3225,2397.2288,2412.7659,2440.9431,2560.9187,2476.8235,2389.8896,2462.9832,2385.6521,2462.8264,2500.5146,2460.6057,2396.8242,2363.8005,2344.7424,2317.1040,2331.7351,2262.9978,2356.9792,2396.6934,2434.7927,2370.7490,2295.3789,2288.3152,2326.3481,2345.9246,2257.3623,2225.9111,2301.3948,2375.3801,2412.4778,2514.7190,2378.4656,2369.6606,2482.0188,2498.0630,2548.7092,2590.0242,2435.3967,2498.1277,2502.9614,2330.4053,2233.1003,2239.7437,2132.3584,2311.1423,2343.2451,2338.3940,2369.5083,2375.2820,2412.6919,2423.6880,2422.9268,2362.2395,2295.9153,2448.4043,2449.1968,2486.7544,2577.3755,2616.2522,2566.6387,2660.5198,2522.8799,2413.5813,2408.9153,2193.2629,2245.0229,2240.3647,2220.1353,2305.1545,2334.6462,2262.9822,2329.9956,2299.5286,2159.9292,2195.9102,2205.3735,2130.5183,2046.8444,1969.4730,1950.7617,1859.5696,1835.1299,1796.9559,1680.5278,1760.4801,1718.7150,1635.3168,1681.2833,1606.7704,1539.8531,1616.8647,1466.7983,1362.3279,1309.8602,1268.8081,1208.6831,1165.8159,1043.0284,1062.5579,1064.7085,1016.7604,933.0309,941.3818,942.9548,990.6993,1007.8334,944.5597,936.3279,917.3424,909.6979,914.6763,881.2730,868.6630,831.6672,838.1483,818.7612,846.0897,756.0806,720.3594,668.4086,659.0042,622.3825,577.5956,527.2764,473.8636,459.8799,419.1005,384.4251,329.2234,316.5348,232.9022,252.9313,256.4969,207.0948,205.6491,0.0000,0.0000,0.0000,0.0000,0.0000,0.0000,0.0000,0.0000,0.0000,0.0000,0.0000,0.0000,0.0000,0.0000,0.0000,0.0000,0.0000,0.0000,0.0000,0.0000,0.0000,0.0000,0.0000,0.0000,0.0000,0.0000,0.0000
0.0000,0.0000,0.0000,0.0000,0.0000,0.0000,0.0000,0.0000,0.0000,0.0000,0.0000,0.0000,0.0000,0.0000,0.0000,0.0000,0.0000,0.0000,0.0000,0.0000,0.0000,0.0000,0.0000,0.0000,0.0000,0.0000,0.0000,378.1110,389.1333,433.8350,421.4204,447.3995,452.2026,490.2990,508.1720,548.0516,572.4850,584.5682,605.7103,609.0465,640.5601,652.5245,656.3939,619.2753,712.4061,786.1314,803.4269,875.1819,934.8994,891.2239,855.8439,915.6257,998.1631,987.3002,1155.5222,1138.3307,1150.5452,1066.2072,1033.3357,983.0225,1031.1375,1120.7561,1094.7880,1114.2837,1214.3268,1262.4202,1274.8032,1300.8202,1273.2665,1365.3486,1370.5795,1378.0364,1384.6779,1368.1008,1383.9536,1441.6525,1467.1226,1509.3534,1492.5907,1602.2098,1688.2087,1743.7023,1858.1884,1904.1855,1862.7815,2006.8782,1983.4912,1959.0208,2011.7898,2010.0494,2059.3455,2229.3992,2210.9539,2260.1892,2298.3508,2232.9878,2361.9687,2389.4397,2386.1919,2434.3379,2459.8943,2505.9033,2599.0610,2577.3557,2570.0830,2541.2415,2535.9885,2479.2964,2451.4236,2504.7280,2502.5657,2423.1533,2527.9033,2440.9146,2272.8018,2322.4226,2233.0884,2235.7346,2380.2805,2418.0613,2361.1633,2541.0635,2441.2642,2434.1628,2490.8694,2454.3257,2594.1506,2660.1780,2571.5337,2643.4714,2669.7646,2692.8809,2760.2585,2724.7017,2759.5642,2828.4565,2874.1201,2863.4216,2828.7554,2791.7385,2889.0559,2921.4846,3018.2053,3099.9255,3003.0769,3141.0286,3081.1113,3138.0979,3237.9624,3089.0884,3090.1333,3183.6553,3105.7605,3096.8264,3091.8335,2991.2280,3142.8792,3288.5891,3215.7058,3215.9502,3081.4734,3015.3323,2986.5283,2863.9246,2794.7791,2741.0178,2774.8513,2811.5576,2805.7493,2764.4216,2856.6301,2777.9790,2867.0078,2858.9844,2647.4915,2708.1123,2608.0173,2612.3306,2661.7112,2599.3552,2518.5295,2565.8186,2473.6477,2488.0923,2549.3027,2548.0378,2674.2617,2764.4636,2717.3691,2822.7715,2715.0288,2740.7742,2816.0608,2741.8059,2793.9099,2689.5945,2754.1548,2857.4670,2858.8899,2826.8420,2817.6475,2754.2139,2845.3474,2864.1890,2822.4680,2882.6013,2786.5510,2856.6743,2896.9771,2845.4697,2818.5674,2840.6267,2863.3196,2838.5769,2828.5559,2707.7117,2750.4548,2846.8447,2814.2549,2713.4839,2581.2405,2482.8130,2470.7595,2499.9231,2497.4443,2401.5605,2458.5544,2542.6125,2507.2793,2573.7380,2530.1558,2391.1829,2480.4824,2465.1689,2427.5779,2446.9861,2355.4146,2419.5544,2508.5212,2468.1523,2352.7551,2384.5994,2303.2185,2396.1909,2435.5378,2501.4861,2453.6531,2387.2065,2439.6028,2397.7810,2361.7380,2192.6904,2216.1206,2330.5295,2457.1555,2429.5208,2369.0562,2362.5798,2314.0247,2335.1670,2275.9717,2228.6167,2230.1467,2287.3125,2341.0266,2412.7007,2358.5918,2367.5813,2404.7388,2351.9917,2356.7625,2454.9480,2451.8765,2504.4412,2536.4380,2498.2664,2413.9275,2357.2468,2268.8679,2199.4192,2206.0427,2272.3123,2234.0251,2383.0449,2465.9468,2427.3452,2365.2881,2415.6021,2317.1870,2410.1968,2432.3643,2343.6765,2445.2109,2523.9326,2546.3860,2741.9521,2592.1724,2549.8953,2566.4338,2491.6213,2389.0933,2345.4238,2199.2449,2295.2529,2243.3025,2323.2429,2306.3308,2297.1077,2342.8120,2291.7253,2311.3372,2305.1990,2156.5391,2168.8857,2143.7659,2064.4167,2027.4135,1895.7560,1773.6661,1832.6327,1859.6362,1772.7708,1746.0682,1666.6396,1714.5027,1671.1445,1613.7275,1523.3918,1502.9623,1422.9932,1425.0107,1283.8281,1265.5930,1159.4098,1128.3025,1100.6754,1059.6627,1018.5952,1021.0622,959.3607,980.4790,985.6208,967.1668,956.4492,928.5280,914.5076,928.7050,906.1452,896.7006,881.5862,845.4962,852.3200,837.0240,773.8390,773.5657,744.0652,630.3013,645.3292,622.6422,579.7266,538.4831,483.1541,451.3086,433.6205,384.5002,386.2138,324.4065,249.5524,302.0176,281.0590,224.4916,238.1711,171.6133,0.0000,0.0000,0.0000,0.0000,0.0000,0.0000,0.0000,0.0000,0.0000,0.0000,0.0000,0.0000,0.0000,0.0000,0.0000,0.0000,0.0000,0.0000,0.0000,0.0000,0.0000,0.0000,0.0000,0.0000,0.0000,0.0000,0.0000
0.0000,0.0000,0.0000,0.0000,0.0000,0.0000,0.0000,0.0000,0.0000,0.0000,0.0000,0.0000,0.0000,0.0000,0.0000,0.0000,0.0000,0.0000,0.0000,0.0000,0.0000,0.0000,0.0000,0.0000,0.0000,0.0000,0.0000,358.9881,397.4588,409.8180,425.7255,443.8505,472.0753,495.7561,481.1541,508.8324,530.6626,569.8097,620.9208,627.7660,605.1111,677.7885,694.2143,669.1834,692.2228,745.4839,795.4235,873.2762,871.9446,984.3025,886.2599,735.7531,1055.0811,1061.3062,1130.6561,1145.3054,1089.9762,1055.9990,1037.8218,993.7041,1022.6094,1027.9315,1069.0898,1158.7345,1153.7505,1163.5670,1195.2358,1262.2465,1309.6808,1316.4645,1353.0621,1364.0984,1375.2762,1392.6071,1406.7681,1347.0227,1429.7225,1552.8157,1538.9489,1662.2531,1708.0090,1675.1373,1829.6309,1824.7875,1812.4800,1876.4675,1924.9592,1974.4918,2072.1130,2045.7976,2134.6370,2176.1011,2169.5630,2198.2866,2204.0386,2240.8342,2250.3655,2378.3560,2503.6782,2441.2773,2381.4580,2475.6174,2525.9128,2534.2627,2476.7126,2424.2634,2459.5146,2458.6531,2486.3652,2542.7395,2521.8735,2410.9807,2479.6445,2437.3618,2326.2288,2247.1245,2210.9055,2319.0488,2446.8918,2465.0298,2490.5461,2439.2332,2425.7930,2426.8660,2495.0017,2504.5615,2537.3687,2642.8833,2781.5691,2739.3704,2697.7327,2650.8147,2671.2131,2731.2646,2814.9905,2822.9773,2892.4875,2903.0962,2812.9595,2978.6296,2904.4067,2768.8794,2930.8735,2966.0305,3034.9202,3118.2629,3088.2620,3144.0588,3219.7173,3145.2439,3011.7202,3060.6863,3006.3206,3034.1648,3113.7717,3136.8171,3151.2358,3190.9492,3308.5474,3234.4460,3105.3005,3002.8186,2927.0840,2898.0012,2869.4485,2748.9246,2801.2937,2832.5183,2757.1938,2869.3140,2809.6372,2679.7141,2730.4902,2719.9941,2797.6035,2798.2168,2680.9236,2628.3091,2636.4866,2567.2761,2495.0732,2433.0508,2435.2629,2495.3518,2622.4729,2651.4934,2621.1616,2624.4585,2721.3435,2713.5225,2794.5691,2731.7129,2642.7576,2767.2581,2859.8098,2817.5129,2880.2092,2858.7322,2760.4377,2893.9587,2834.0491,2789.6709,2830.2166,2810.9819,2961.6843,3009.9644,2898.8611,2870.0793,2768.1963,2773.5864,2856.6367,2853.3169,2868.3806,2828.4241,2820.3206,2866.2236,2821.9226,2682.8059,2674.7717,2601.3367,2616.3992,2597.7949,2420.3918,2494.9565,2519.4509,2413.4519,2494.8110,2487.4292,2410.5947,2562.7542,2496.4495,2477.5737,2435.4937,2452.2791,2498.9236,2470.2466,2407.4578,2358.6501,2390.5793,2436.3296,2401.1997,2404.1641,2364.6106,2380.8623,2390.5020,2579.2720,2447.2407,2358.4302,2354.0215,2236.0881,2353.1985,2375.5569,2256.6267,2309.0659,2451.7927,2410.3801,2440.1538,2328.6411,2200.2830,2220.6956,2237.5669,2252.9148,2324.7346,2316.5300,2372.1453,2383.9897,2433.0415,2336.3291,2307.7451,2315.9189,2405.0132,2502.9265,2486.9155,2484.6965,2446.1406,2436.8599,2371.6895,2291.8550,2244.9280,2117.9131,2257.8159,2344.1555,2359.4587,2369.2776,2380.9297,2331.6453,2399.4062,2341.1892,2290.9773,2380.9248,2346.6562,2435.2617,2593.7327,2547.2524,2560.3389,2586.6060,2592.7749,2596.9563,2554.1753,2448.2085,2481.2844,2392.8909,2360.3735,2232.7874,2256.6829,2247.1030,2324.5798,2345.2390,2410.3518,2311.5425,2341.5850,2379.7456,2209.1523,2149.5671,2082.6096,1982.2640,2023.6434,1975.1075,1835.7115,1861.1094,1786.9884,1762.8403,1784.5933,1720.4504,1621.4264,1627.9248,1573.7274,1553.1475,1491.2637,1368.8695,1360.7684,1304.9902,1256.9137,1154.2638,1064.9344,1080.9747,1064.8505,1008.2073,1034.8105,947.4579,989.1420,949.7747,929.0690,941.4611,930.2557,899.3684,977.3682,920.4634,880.6352,885.1619,846.9918,844.3755,840.3083,809.3218,732.4824,740.5918,662.3925,662.0259,578.9974,643.6315,515.7517,440.2394,439.8742,407.0997,366.5997,361.6731,313.9770,298.2722,266.5018,226.1156,212.6877,177.7765,151.7488,0.0000,0.0000,0.0000,0.0000,0.0000,0.0000,0.0000,0.0000,0.0000,0.0000,0.0000,0.0000,0.0000,0.0000,0.0000,0.0000,0.0000,0.0000,0.0000,0.0000,0.0000,0.0000,0.0000,0.0000,0.0000,0.0000,0.0000
0.0000,0.0000,0.0000,0.0000,0.0000,0.0000,0.0000,0.0000,0.0000,0.0000,0.0000,0.0000,0.0000,0.0000,0.0000,0.0000,0.0000,0.0000,0.0000,0.0000,0.0000,0.0000,0.0000,0.0000,0.0000,0.0000,0.0000,0.0000,371.6347,406.2322,434.7539,464.6691,414.5124,492.4231,525.7937,526.4955,529.2994,585.1152,650.8146,659.9021,676.0406,632.3430,628.4489,692.8630,747.2908,721.3890,787.9097,886.2809,922.3873,988.7094,1015.0176,991.4667,1004.7670,1151.1671,1071.7281,1110.4098,1071.8549,1083.2683,1081.7670,1045.2434,1067.1503,1020.9019,1016.3992,1096.0696,1131.2605,1243.6228,1254.9082,1251.1034,1361.6823,1360.1000,1418.1735,1372.6993,1373.0480,1383.4292,1413.0916,1409.4957,1465.2677,1549.5966,1567.9656,1694.7679,1700.1609,1718.4032,1734.2865,1799.2157,1832.7629,1937.7996,1926.0231,1979.6295,1975.8088,2049.2830,2130.5002,2088.6233,2117.5593,2144.6121,2208.5215,2306.3831,2368.7126,2341.3005,2479.8838,2427.5149,2437.5813,2528.9521,2413.3477,2518.9204,2509.7488,2507.8652,2559.8059,2504.1409,2392.9905,2439.0479,2510.5259,2493.8611,2417.4795,2326.9175,2421.1526,2335.0637,2269.1968,2361.5500,2316.0928,2406.2871,2392.9392,2399.3313,2417.8760,2474.2664,2505.9475,2662.8574,2601.7778,2656.7903,2743.1497,2710.0618,2728.1350,2763.9448,2624.6995,2747.0112,2856.0337,2853.1218,2969.9495,2901.6345,2847.7419,2871.9526,2889.1948,2874.5303,2906.4194,2941.3362,3045.1128,3174.5859,3203.1772,3113.5461,3019.8496,3034.7563,3123.5222,3126.2307,3149.0408,3097.1316,3112.7080,3217.7410,3202.1033,3169.4287,3280.8628,3122.4048,3214.5649,3207.8386,2972.3123,2953.2107,2850.9656,2822.9395,2872.1450,2848.1951,2661.6704,2745.0210,2751.1360,2814.9680,2884.6968,2789.1938,2842.4924,2775.3674,2737.5020,2640.0874,2519.3250,2477.9858,2412.4321,2485.6313,2556.0708,2521.0383,2458.7043,2632.9099,2619.6860,2686.2705,2698.9092,2671.7437,2813.1809,2856.2065,2741.4651,2848.2620,2790.7825,2778.3450,2911.7354,2885.9648,2815.2131,2816.3872,2820.9204,2889.9509,2958.9741,2886.5239,2961.9531,2961.0017,2967.5107,2882.3367,2815.3342,2836.9028,2898.5759,2912.4741,3049.1287,2904.5684,2713.2056,2826.7244,2714.0208,2767.4243,2721.2363,2536.6106,2641.0239,2642.6934,2551.4961,2540.9023,2405.9578,2357.5491,2499.8914,2475.4609,2490.1392,2508.2212,2435.5007,2480.3870,2506.5422,2448.5222,2460.3625,2394.5227,2455.5840,2476.7305,2443.8403,2488.6367,2407.4248,2356.3247,2439.6985,2420.7070,2418.6621,2477.3589,2388.3843,2432.7937,2415.9033,2298.3875,2272.2139,2356.3689,2273.7925,2427.8384,2368.2551,2299.0054,2297.9475,2265.0334,2350.0269,2278.5317,2184.4248,2229.1257,2315.4102,2336.4014,2335.7610,2296.4065,2398.5715,2420.7595,2393.8765,2410.2561,2445.6836,2428.4646,2498.3506,2430.7947,2423.1934,2384.6921,2246.9917,2343.7769,2326.3760,2197.6006,2206.2883,2296.1853,2291.9104,2414.5503,2400.9993,2353.5815,2407.3909,2379.2358,2411.9587,2387.6743,2308.2812,2408.7610,2464.8008,2611.6677,2601.9468,2574.4409,2645.7356,2695.2771,2592.9988,2598.3989,2373.8992,2273.2810,2361.8750,2304.2227,2384.5295,2358.4421,2326.0417,2436.5408,2471.9563,2405.6602,2332.3806,2190.4241,2139.8647,2173.4009,2173.4817,2008.5073,1935.4070,1872.1987,1913.0143,1880.1642,1822.0029,1733.5082,1690.5282,1748.4026,1720.4768,1661.2858,1613.7765,1550.8151,1446.9786,1413.1317,1298.7073,1217.8064,1213.4049,1125.8057,1130.2633,1125.7279,1060.3650,1062.1996,984.2643,956.8198,985.2198,904.1602,941.9532,991.9966,899.8485,898.3317,920.0584,917.4609,882.7083,912.1987,850.2964,803.0287,814.0637,825.1891,764.2835,715.9465,700.4205,675.2416,622.5295,572.0698,522.7761,480.3585,432.5573,412.2748,366.4091,319.5183,297.9758,289.7990,236.0779,193.2320,229.0867,195.0026,0.0000,0.0000,0.0000,0.0000,0.0000,0.0000,0.0000,0.0000,0.0000,0.0000,0.0000,0.0000,0.0000,0.0000,0.0000,0.0000,0.0000,0.0000,0.0000,0.0000,0.0000,0.0000,0.0000,0.0000,0.0000,0.0000,0.0000,0.0000
0.0000,0.0000,0.0000,0.0000,0.0000,0.0000,0.0000,0.0000,0.0000,0.0000,0.0000,0.0000,0.0000,0.0000,0.0000,0.0000,0.0000,0.0000,0.0000,0.0000,0.0000,0.0000,0.0000,0.0000,0.0000,0.0000,0.0000,0.0000,373.0834,367.2424,417.1743,404.9995,460.3109,451.7295,509.5780,564.8531,605.7403,625.0032,576.5776,616.8618,633.4199,651.4158,629.5419,645.8109,654.1104,753.7747,830.3282,835.2988,917.9289,918.0691,964.1926,996.5984,1048.5061,1022.5024,1070.8087,1088.6912,1063.7238,1127.4318,979.4504,1021.7827,984.8690,1004.0186,1077.3700,1083.0511,1131.6198,1205.0945,1256.3463,1236.9521,1302.9005,1315.4830,1353.7070,1380.1033,1392.7708,1427.9967,1424.0002,1389.1255,1508.8966,1485.1882,1576.2731,1591.5535,1656.9364,1768.3038,1783.5579,1809.1473,1903.7716,1878.7772,1994.2701,1940.0922,1897.6061,1983.3114,2060.4111,2105.5630,2277.4277,2201.5090,2175.9651,2336.0493,2306.0381,2361.3882,2383.0413,2358.0547,2449.0117,2553.9021,2525.4348,2561.0776,2510.4863,2459.1003,2446.6746,2464.9878,2394.1445,2373.7285,2395.4871,2523.4226,2476.4121,2415.2444,2340.0803,2245.5066,2273.9092,2345.4568,2255.0505,2405.1350,2392.9658,2468.9839,2568.6360,2530.8079,2503.3281,2552.1084,2533.1084,2662.2578,2730.5698,2752.4146,2737.6975,2688.6978,2757.4111,2820.3933,2798.2725,2769.6909,2835.3545,2927.1917,2939.2886,2852.6631,2878.2725,2945.9800,2912.0547,3062.3994,3040.2031,3041.1633,3115.4861,3094.2937,3067.7324,3204.4202,3131.9846,3111.8843,3254.6877,3152.6875,3095.1094,3107.6250,3137.9214,3314.6560,3399.5337,3305.7278,3195.1758,3139.5757,3022.5984,2939.9912,2814.3081,2752.6523,2781.2717,2823.4666,2918.0151,2742.5593,2718.8633,2870.7905,2908.5193,2900.9863,2809.7185,2677.8418,2675.0925,2624.1985,2664.4517,2651.5098,2457.4397,2423.9749,2532.1479,2481.3740,2495.1624,2458.8850,2504.2581,2690.0024,2758.3018,2748.3943,2776.5540,2758.3079,2754.0686,2853.3560,2819.8306,2828.5134,2808.2622,2848.7261,2972.8879,2910.5769,2838.2346,2874.5859,2815.7078,2983.0923,2968.3376,2954.6919,2944.2075,3002.3381,2933.5610,2983.8123,2961.8191,2879.0930,2948.3730,2846.9348,2861.8589,2818.3000,2710.4192,2815.4587,2770.2854,2665.1013,2677.6997,2543.3860,2502.5828,2470.4539,2469.9290,2435.3633,2429.9990,2437.0857,2573.4722,2489.5100,2467.7981,2391.1724,2369.6057,2449.3015,2523.9001,2446.5933,2541.6497,2480.7119,2477.3169,2483.6797,2335.4272,2287.4275,2375.5193,2387.1682,2599.8501,2546.1318,2446.4272,2400.9539,2410.7151,2260.5640,2245.5261,2326.6819,2277.0725,2350.2412,2427.6565,2409.6892,2282.5835,2223.9324,2262.8840,2215.2725,2228.4207,2250.6931,2264.4963,2339.7629,2384.9319,2439.4680,2469.0286,2348.0449,2349.5435,2426.1882,2397.1719,2411.6577,2423.2012,2360.9507,2480.2974,2362.6611,2268.8101,2204.2456,2186.4480,2151.5063,2233.7805,2256.1653,2357.9807,2364.9387,2403.9592,2473.9067,2359.2737,2345.9832,2293.4009,2301.9294,2437.8210,2452.6709,2493.5886,2578.3557,2657.7988,2675.5894,2676.5017,2577.1411,2400.9866,2425.6548,2318.7825,2317.6465,2313.3054,2285.0747,2418.9280,2428.9492,2407.3203,2382.6582,2400.3210,2317.5688,2292.1750,2247.5916,2196.5676,2178.0974,2107.2944,2070.8564,1950.9438,1928.1290,1831.9089,1817.4305,1887.7771,1862.9381,1747.4977,1708.7606,1697.2344,1653.8412,1581.3590,1465.9602,1408.9098,1384.1168,1306.6439,1253.4331,1183.8860,1091.6166,1111.4116,1098.3470,1041.1853,987.9283,998.7017,937.7905,931.2977,961.2614,927.7876,956.4425,874.7333,877.8617,945.0714,906.8713,849.5405,850.4164,848.1182,849.5863,767.1752,775.0150,704.6303,691.3776,666.1664,612.4612,631.4531,518.1091,477.7344,467.7297,445.0581,410.1906,369.6652,334.5114,294.3062,263.4822,235.3885,228.9597,183.6453,139.8157,0.0000,0.0000,0.0000,0.0000,0.0000,0.0000,0.0000,0.0000,0.0000,0.0000,0.0000,0.0000,0.0000,0.0000,0.0000,0.0000,0.0000,0.0000,0.0000,0.0000,0.0000,0.0000,0.0000,0.0000,0.0000,0.0000,0.0000,0.0000
0.0000,0.0000,0.0000,0.0000,0.0000,0.0000,0.0000,0.0000,0.0000,0.0000,0.0000,0.0000,0.0000,0.0000,0.0000,0.0000,0.0000,0.0000,0.0000,0.0000,0.0000,0.0000,0.0000,0.0000,0.0000,0.0000,0.0000,0.0000,355.5627,363.5826,388.9626,418.4553,439.3633,525.1943,478.2045,556.8781,516.4498,572.1662,575.3228,601.6979,618.2103,566.6719,657.1487,661.5457,603.9749,663.9662,749.6852,810.2714,851.2900,888.9543,931.6541,1016.1103,1029.7439,1077.6660,1091.1384,1009.5195,1029.8783,1025.7162,1026.8037,1003.5513,980.9362,991.5916,1039.6490,1063.3899,1090.4033,1113.6617,1191.3970,1194.3268,1307.2520,1358.6176,1398.2585,1333.3547,1408.2748,1422.9840,1463.9403,1416.5707,1400.4246,1488.3779,1602.7595,1619.3083,1750.8746,1780.8734,1779.3723,1823.8071,1862.7170,1817.7366,1896.5778,1891.2417,1928.4436,2067.9443,1997.5312,2075.6816,2189.6917,2145.7026,2164.9915,2187.6245,2237.3455,2283.2480,2372.9753,2482.5186,2456.9485,2484.5452,2503.7830,2494.2302,2508.0681,2467.3660,2380.0481,2361.4121,2467.1499,2414.6899,2453.8337,2478.1084,2388.8433,2372.8064,2292.7271,2195.6667,2246.6990,2248.8101,2341.6016,2489.4563,2432.2649,2376.6626,2489.3833,2437.0410,2531.4531,2542.2546,2538.9812,2660.0078,2759.3330,2841.6477,2800.6221,2675.4966,2710.7405,2682.2295,2768.5999,2839.7942,2783.9397,2898.8591,3055.6606,2927.6262,2960.5234,2899.6492,2813.8452,3040.7227,3036.9087,3085.5093,3118.4683,3054.2007,3095.5369,3218.2510,3176.8323,3073.9260,3050.1094,3056.8877,3183.5125,3274.4641,3277.1975,3286.3958,3288.8101,3306.8337,3230.8767,3137.1152,3042.8179,2911.7729,2943.8887,3014.7524,2898.3369,2848.9360,2803.9250,2716.5046,2838.0530,2804.2993,2792.1470,2870.1204,2811.5454,2814.4836,2815.4119,2653.5020,2592.6438,2583.5459,2512.8823,2419.9536,2427.5122,2465.1311,2534.9097,2612.4658,2622.7417,2645.2043,2672.0876,2674.9290,2731.8984,2751.2219,2769.7205,2751.3113,2906.8589,2937.0217,2813.1423,2763.4268,2792.9233,2755.2771,2904.3037,2893.1924,2852.3235,2981.1177,3011.9443,3066.0952,3108.1455,2929.7258,2929.3164,2971.2407,2931.1213,2970.7856,2961.1670,2897.1438,2938.2910,2914.3337,2862.6594,2771.2219,2624.1001,2697.5095,2663.9875,2632.3154,2614.8154,2449.2026,2466.9131,2588.3806,2491.7554,2495.1594,2481.4780,2393.6953,2435.2480,2495.4971,2423.8098,2529.3606,2502.5937,2552.4958,2606.8765,2477.4229,2420.5698,2356.9109,2364.9746,2400.8987,2438.4858,2480.6880,2500.6035,2509.8442,2552.5925,2392.4758,2262.6846,2283.3005,2267.4216,2368.9343,2459.5046,2404.0730,2378.9822,2365.0208,2270.1885,2298.5571,2234.1492,2146.4343,2263.7366,2323.0630,2300.8679,2428.9451,2376.4529,2393.3542,2522.7151,2395.4485,2395.5300,2350.5439,2424.3291,2503.4617,2478.7842,2394.8445,2341.3889,2284.1877,2183.8098,2081.8054,2124.8789,2183.7410,2187.9097,2391.7700,2465.6475,2376.0337,2392.6438,2353.7512,2285.9912,2326.8071,2332.5457,2260.5283,2439.4014,2429.4707,2547.5928,2679.4712,2612.4314,2536.8821,2644.3223,2523.0483,2448.0874,2336.9412,2317.2495,2328.0701,2353.1301,2306.2488,2283.1541,2273.2422,2352.2834,2388.5894,2390.3308,2363.8765,2235.3396,2210.7207,2231.3567,2088.0525,2026.4847,1983.3046,1877.1072,1990.5725,1910.5742,1901.9290,1881.0677,1785.5670,1745.4208,1748.3207,1714.7898,1655.2133,1561.6218,1522.5730,1445.4039,1331.7153,1261.4873,1210.8218,1150.4185,1070.9246,1067.1510,972.3865,987.5386,985.7684,965.1576,963.6117,942.5737,981.5575,953.1394,859.0340,926.2306,916.0276,831.2097,893.9415,890.8066,853.8711,844.6813,800.0864,733.5533,718.6613,675.5063,634.1522,675.1971,600.8156,594.9564,520.6923,479.8642,460.9583,407.1102,369.7795,382.4774,334.0009,305.7993,263.7753,245.3191,242.2381,150.1301,165.6814,0.0000,0.0000,0.0000,0.0000,0.0000,0.0000,0.0000,0.0000,0.0000,0.0000,0.0000,0.0000,0.0000,0.0000,0.0000,0.0000,0.0000,0.0000,0.0000,0.0000,0.0000,0.0000,0.0000,0.0000,0.0000,0.0000,0.0000,0.0000
0.0000,0.0000,0.0000,0.0000,0.0000,0.0000,0.0000,0.0000,0.0000,0.0000,0.0000,0.0000,0.0000,0.0000,0.0000,0.0000,0.0000,0.0000,0.0000,0.0000,0.0000,0.0000,0.0000,0.0000,0.0000,0.0000,0.0000,0.0000,0.0000,353.8973,409.9431,418.0621,406.7706,412.2489,473.5746,483.4689,526.6949,580.8596,558.4528,570.2269,589.1262,646.7394,620.4388,635.2079,626.2874,689.8493,688.4181,779.8151,827.1388,870.6918,979.4752,943.0159,996.4456,1032.3704,1025.7823,1047.5383,1017.8125,984.3395,1020.0485,1032.2007,994.1014,1020.3675,976.7375,1043.2053,1036.8085,1113.8158,1201.7429,1211.1440,1304.0730,1391.2261,1357.9850,1314.9017,1348.6931,1366.2183,1473.3789,1506.0201,1457.9020,1559.7554,1650.3983,1645.4479,1835.2186,1751.1537,1767.7463,1791.7578,1771.1073,1827.8119,1866.3381,1823.7225,1924.2585,2018.0016,2033.9231,2064.6958,2049.8003,2082.1340,2119.2563,2231.1829,2368.2930,2298.2002,2310.2344,2430.6597,2428.1150,2464.4299,2500.8589,2368.2285,2493.7664,2550.9175,2374.0339,2462.7307,2372.5874,2301.4907,2430.1885,2476.3413,2468.2849,2415.8486,2281.2317,2304.5696,2310.9971,2294.0896,2268.0945,2347.3501,2408.3123,2435.4211,2461.0200,2479.3437,2523.5125,2584.5698,2680.0569,2673.8645,2659.8582,2739.6392,2722.5979,2795.4497,2825.2427,2728.9746,2812.8352,2911.8723,2859.4993,2973.6853,2994.5981,2898.1230,2932.5505,2925.2288,2909.4055,2993.1331,3031.9685,3132.4023,3174.5493,3110.1577,3078.2639,3077.0063,3188.4873,3160.2959,3129.6885,3161.8945,3234.4165,3193.0044,3335.8406,3207.6143,3169.4319,3274.5742,3197.2549,3266.1653,3186.7581,2954.8250,2962.1233,3057.3030,2908.8733,2915.9226,2802.0205,2617.4695,2775.6865,2833.3391,2910.7202,2932.0488,2807.0076,2793.0454,2808.5078,2742.3591,2615.5129,2476.8469,2522.9050,2560.2876,2537.8604,2611.9529,2525.4851,2523.5649,2653.2476,2561.5300,2671.2905,2637.4626,2629.3838,2839.1567,2940.5166,2800.7520,2890.0259,2815.2959,2726.5605,2900.1536,2846.3972,2810.9739,2858.7961,2944.3191,3016.3472,3084.3716,2999.9536,3010.0151,3019.1021,3026.6780,2987.7534,2995.6250,3059.0635,3059.4131,3022.6382,3086.0503,2921.9651,2795.7810,2869.6121,2767.9236,2844.9624,2768.5254,2702.2727,2629.9780,2692.9412,2479.2065,2450.6191,2461.4456,2474.4172,2446.6055,2528.6814,2456.1055,2427.3743,2408.5876,2525.1755,2577.2739,2447.1089,2464.4678,2534.5471,2534.1047,2484.1060,2404.5112,2387.9287,2396.1187,2420.8342,2520.7078,2518.0959,2489.1523,2488.2793,2395.0098,2434.7185,2356.2871,2268.1602,2371.4221,2456.7175,2397.3774,2368.3455,2272.9690,2206.2473,2266.3035,2272.1157,2277.5696,2256.7979,2251.5137,2334.8647,2376.5713,2426.7209,2351.5337,2326.1169,2432.7910,2517.5586,2450.5403,2493.8154,2419.4504,2389.2822,2356.4226,2306.6853,2258.1880,2127.0312,2147.4709,2227.3208,2266.4041,2278.0171,2278.9302,2319.7737,2336.4712,2470.5127,2328.0183,2307.2893,2318.0640,2278.3774,2328.1284,2379.0227,2343.6965,2442.1819,2573.2163,2601.9558,2624.6899,2513.0271,2466.8374,2466.0847,2331.9370,2315.7896,2252.9380,2223.6089,2320.7180,2341.0093,2368.2422,2424.3147,2306.9617,2412.1240,2344.5403,2216.5437,2175.4927,2097.2717,2057.9028,2121.6938,1992.1710,2006.4650,1962.3439,1882.5236,1868.3972,1825.9921,1787.8583,1728.2662,1695.2067,1689.5626,1657.8328,1512.9479,1469.2292,1393.4983,1334.5887,1246.0109,1199.2842,1123.8048,1117.0315,1120.0726,1054.3912,1025.3927,920.7274,979.5753,960.7606,960.5765,967.7915,900.1234,847.9326,918.0385,907.2617,844.4804,921.4458,878.9857,823.6910,842.6099,779.6332,734.2466,716.7896,674.4176,650.3732,626.0120,634.8627,535.4541,530.7529,524.8799,454.7010,430.2165,408.4764,336.7910,298.8209,265.5811,268.5406,297.0216,213.2742,198.7563,0.0000,0.0000,0.0000,0.0000,0.0000,0.0000,0.0000,0.0000,0.0000,0.0000,0.0000,0.0000,0.0000,0.0000,0.0000,0.0000,0.0000,0.0000,0.0000,0.0000,0.0000,0.0000,0.0000,0.0000,0.0000,0.0000,0.0000,0.0000,0.0000
0.0000,0.0000,0.0000,0.0000,0.0000,0.0000,0.0000,0.0000,0.0000,0.0000,0.0000,0.0000,0.0000,0.0000,0.0000,0.0000,0.0000,0.0000,0.0000,0.0000,0.0000,0.0000,0.0000,0.0000,0.0000,0.0000,0.0000,0.0000,0.0000,348.3662,386.3569,436.0726,474.3406,502.7805,517.6636,476.7028,519.7704,552.2305,509.2212,594.8589,561.8768,623.6321,591.7515,624.2614,598.6343,661.6104,750.7382,777.6707,807.3016,840.1830,894.4934,984.9543,952.6863,989.0953,971.9931,1046.5784,1045.6670,1022.2218,1035.4484,938.5648,947.8536,976.5798,974.2655,1008.7222,1048.8313,1079.4644,1188.3898,1241.1719,1295.5940,1333.6151,1280.5575,1328.9591,1408.0963,1400.5776,1418.6311,1431.5243,1447.8922,1595.2740,1614.1381,1622.8392,1681.3850,1755.9213,1857.7633,1798.2279,1814.8459,1849.0781,1838.9808,1884.1099,1891.3677,1845.0332,1998.7104,2024.7665,2073.5793,2231.0396,2194.6118,2165.9917,2273.5769,2314.8127,2338.9436,2373.2473,2328.5491,2458.3948,2513.3911,2473.8088,2474.5232,2424.3801,2406.9722,2345.0349,2368.1616,2310.5742,2400.4700,2464.8342,2527.1038,2394.7725,2322.3638,2239.2817,2227.0818,2297.7007,2298.6279,2270.1978,2456.5396,2464.9695,2525.0911,2616.4175,2527.4158,2454.6523,2632.2871,2655.7446,2740.4700,2798.0095,2736.7554,2837.2400,2890.8403,2853.0549,2796.9092,2784.7795,2783.0632,2936.7017,3002.5977,2948.9270,2910.5610,2931.7197,3000.8057,3062.9558,3023.4172,3050.7803,3012.4839,3152.5098,3198.2117,3210.5251,3306.4309,3190.0251,3183.9890,3256.9224,3156.5449,3135.4741,3120.3032,3126.0410,3287.6985,3347.1650,3266.4143,3191.2041,3221.8711,3053.8359,3045.4392,2952.0422,2859.7915,2871.4529,2873.0259,2865.0137,2769.5369,2744.5598,2788.9927,2769.6929,2880.8062,2789.6924,2711.6433,2796.3042,2728.7361,2623.2837,2626.1060,2518.6482,2493.4761,2591.3530,2528.5010,2516.6213,2558.2466,2518.7969,2784.7644,2799.7764,2733.6196,2788.5613,2848.9465,2822.3967,2830.8557,2840.3420,2749.3938,2849.1030,2894.2915,3015.1248,2912.3445,2855.3665,2957.2407,3022.2808,3151.9109,2991.9272,2922.5952,3123.6433,3169.6233,3126.9280,3144.8413,3018.0852,2924.2192,3058.8105,2987.2759,2974.6902,2890.7603,2777.0935,2804.6609,2841.5420,2698.9607,2566.1794,2485.5271,2506.9404,2559.1458,2645.7566,2602.8225,2521.2278,2482.1304,2544.6143,2469.5383,2430.3521,2422.3699,2500.6626,2619.5051,2664.1489,2542.9797,2611.5037,2518.0212,2528.4214,2576.4583,2518.6287,2433.1414,2499.4695,2491.4238,2561.6147,2526.9287,2417.2000,2377.3486,2423.6255,2432.3147,2351.8223,2380.9392,2434.0103,2396.8264,2367.9573,2320.6274,2251.2268,2215.2051,2255.9744,2272.1450,2323.9417,2372.3149,2324.0234,2428.3965,2461.2529,2323.1313,2450.0115,2405.6892,2442.6050,2498.1589,2422.5596,2346.0320,2317.4070,2227.1438,2269.3931,2210.4365,2098.7532,2117.7827,2245.2419,2267.5154,2354.9495,2289.8325,2325.6912,2381.3416,2404.1277,2361.9487,2255.0474,2218.6951,2310.1750,2356.3276,2463.7588,2471.4229,2540.1362,2680.5618,2584.2771,2516.5752,2440.5510,2293.1912,2318.0825,2292.5056,2269.3713,2245.7363,2316.7671,2278.8237,2384.7251,2461.5249,2320.6399,2317.3545,2227.2344,2146.5515,2163.5488,2090.2473,2114.8518,2027.1484,1993.7770,1986.1428,1936.3231,1911.0583,1863.9711,1828.1302,1864.1920,1800.6847,1649.0015,1675.4559,1618.3722,1505.4819,1467.8700,1362.8052,1304.5175,1320.7784,1238.8903,1170.7654,1098.8663,1047.1915,1037.1935,1049.2192,1016.2599,936.2979,963.5378,941.6577,940.4734,932.3804,926.1178,892.0934,889.8815,918.8041,854.1797,864.2849,850.8503,822.4802,829.0715,746.8073,681.4518,662.9648,634.5848,617.0330,567.9938,576.5250,526.7739,560.3969,478.0403,456.4454,404.1125,355.4001,328.3176,319.9796,273.0355,259.9657,208.2843,179.5801,0.0000,0.0000,0.0000,0.0000,0.0000,0.0000,0.0000,0.0000,0.0000,0.0000,0.0000,0.0000,0.0000,0.0000,0.0000,0.0000,0.0000,0.0000,0.0000,0.0000,0.0000,0.0000,0.0000,0.0000,0.0000,0.0000,0.0000,0.0000,0.0000
0.0000,0.0000,0.0000,0.0000,0.0000,0.0000,0.0000,0.0000,0.0000,0.0000,0.0000,0.0000,0.0000,0.0000,0.0000,0.0000,0.0000,0.0000,0.0000,0.0000,0.0000,0.0000,0.0000,0.0000,0.0000,0.0000,0.0000,0.0000,0.0000,344.6313,379.6339,390.4401,433.1926,486.2398,499.0208,472.1557,529.7703,507.2688,530.1517,598.1880,561.4884,614.7945,619.7481,637.1642,632.7589,644.9302,677.8549,724.5895,828.8010,851.9852,876.1055,957.6043,1019.1640,980.5449,1011.1000,1004.8479,935.1075,1020.9874,967.8663,969.0525,1002.3676,946.2302,969.7296,1094.3175,1013.7654,1028.7542,1121.8099,1163.3014,1279.0941,1324.9149,1300.9088,1329.5999,1344.6829,1409.4454,1399.9744,1371.9177,1411.0593,1486.0281,1580.6100,1687.2367,1732.2932,1737.6644,1814.4384,1820.2017,1796.1104,1803.2812,1758.3488,1859.6223,1808.9453,1904.4584,2024.0531,1953.7894,2032.8599,2154.2102,2121.4709,2092.4312,2178.6218,2201.7427,2375.6299,2412.4111,2455.3811,2434.0286,2352.0205,2350.8037,2351.8589,2405.7063,2353.6875,2277.4897,2301.9302,2413.2700,2339.2993,2401.4939,2436.5686,2356.9739,2437.3125,2304.9863,2167.1892,2279.2185,2293.7510,2373.0334,2556.1042,2517.8442,2505.3298,2541.7922,2524.6338,2557.7490,2551.7874,2653.3416,2810.6428,2878.2524,2844.9087,2847.1792,2848.4438,2773.8325,2800.4897,2878.8303,2968.6538,2933.2417,3003.0503,3087.9473,2944.4912,2970.0286,2975.9287,2939.1226,3121.6248,3076.0203,3117.5449,3215.4062,3133.6548,3180.6125,3301.0637,3133.5010,3108.6650,3167.1641,3178.8318,3234.9167,3218.8147,3140.2556,3283.5481,3323.7710,3291.7275,3203.8491,3131.7095,3075.6440,3050.5962,3114.2668,3043.2207,2891.7285,2811.5654,2822.6699,2776.5354,2780.8083,2717.0281,2705.3357,2873.6543,2890.7253,2838.9192,2803.5295,2607.8159,2588.2729,2630.8384,2581.0029,2532.3882,2530.8455,2524.8977,2669.9658,2673.5322,2578.2881,2608.1335,2657.4995,2727.0122,2791.3679,2820.2742,2885.2725,2804.8713,2867.9070,2992.7161,2797.4888,2821.8767,2850.5374,2841.9546,3072.0293,3070.6309,3027.8777,3220.3396,3167.2417,3061.3569,3212.2429,3055.2673,3058.0393,3139.8591,3075.8191,3097.3130,3045.5862,2968.0750,3046.4773,2969.9421,2831.8528,2776.8501,2668.8013,2669.0671,2650.9856,2552.1794,2674.5337,2602.5471,2722.3027,2734.5833,2556.0044,2526.2380,2521.7603,2437.8647,2587.4294,2602.0193,2577.5564,2627.8704,2630.7512,2590.0598,2629.1936,2458.7456,2477.7104,2547.5630,2579.6875,2612.9790,2479.2786,2457.6853,2524.9775,2485.2244,2484.1033,2423.0955,2345.1145,2406.1450,2435.4622,2439.4480,2486.6865,2316.8599,2300.1094,2322.9009,2236.6062,2311.6389,2241.9980,2258.3257,2452.5796,2509.4009,2378.3975,2415.3428,2330.2654,2360.7859,2480.8027,2441.2422,2439.8975,2466.2034,2399.0769,2409.4753,2321.4434,2218.9514,2127.5881,2142.9968,2190.1729,2213.3870,2267.5078,2328.0764,2380.4163,2390.1138,2455.9480,2294.1558,2278.5603,2247.3027,2254.0020,2267.4026,2313.5593,2342.7693,2456.8027,2554.9478,2488.2178,2521.1357,2514.3562,2413.1880,2450.4109,2304.5525,2209.7131,2219.1084,2202.3767,2352.5652,2294.6880,2312.2424,2337.5471,2304.9246,2425.6665,2334.4641,2222.4609,2196.6636,2153.5017,2149.4387,2027.1986,1899.9873,1894.1686,1900.2440,1867.8323,1957.4604,1856.9083,1809.3918,1802.3801,1755.2081,1671.1788,1616.2957,1534.7240,1466.0977,1436.2510,1384.0725,1292.5959,1167.5538,1172.2987,1079.0353,1098.6639,1056.6707,1026.3348,1003.9787,960.7402,991.6078,966.4598,955.0637,901.0794,941.1931,942.0017,849.7862,895.1563,887.9138,840.1053,887.6461,850.3045,771.8489,765.2643,710.0288,701.5406,678.3110,625.5956,585.1922,599.4568,535.3317,485.0894,465.5576,436.7706,387.3873,361.4175,323.4590,297.9181,282.3239,286.4201,231.4935,201.9419,205.2787,0.0000,0.0000,0.0000,0.0000,0.0000,0.0000,0.0000,0.0000,0.0000,0.0000,0.0000,0.0000,0.0000,0.0000,0.0000,0.0000,0.0000,0.0000,0.0000,0.0000,0.0000,0.0000,0.0000,0.0000,0.0000,0.0000,0.0000,0.0000,0.0000
0.0000,0.0000,0.0000,0.0000,0.0000,0.0000,0.0000,0.0000,0.0000,0.0000,0.0000,0.0000,0.0000,0.0000,0.0000,0.0000,0.0000,0.0000,0.0000,0.0000,0.0000,0.0000,0.0000,0.0000,0.0000,0.0000,0.0000,0.0000,0.0000,360.3154,359.5480,382.2633,400.6362,417.2139,474.7861,441.8150,472.9964,486.1234,549.6436,533.4519,601.5510,600.7014,615.9550,620.4294,616.9716,661.8938,736.0333,743.6835,770.3459,824.0019,873.7280,915.8776,914.5414,917.0852,970.7247,927.3931,965.4191,953.6049,945.3854,971.2754,992.1682,949.1523,876.6329,923.8721,1015.2374,1022.5926,1104.8029,1190.8732,1250.0341,1261.2830,1326.6461,1277.1936,1228.2783,1291.9587,1301.1924,1399.2518,1460.3904,1442.9094,1570.9561,1638.2495,1678.1550,1753.1685,1772.0741,1742.3185,1810.4006,1769.2889,1779.8138,1833.4421,1782.3994,1817.2526,1886.0244,1900.1416,1992.2109,2040.0448,2126.9077,2150.0120,2183.3108,2286.1860,2319.1086,2311.6611,2371.7522,2297.1719,2305.7266,2363.8384,2327.5391,2439.0569,2418.6829,2287.8245,2209.4578,2285.5923,2260.1809,2378.2468,2408.2087,2332.4883,2418.1340,2361.2637,2373.9724,2302.4229,2247.2500,2313.9395,2424.3962,2548.2317,2500.6377,2496.8684,2488.8188,2530.4641,2624.4048,2692.2825,2699.6931,2714.0520,2821.2158,2810.2771,2931.1172,2915.5137,2802.7986,2897.0747,3006.6533,2956.8984,2949.5771,2895.2124,2851.5017,2951.6384,3001.7432,3056.4424,3061.5522,3048.1353,3099.0623,3231.6514,3146.6089,3129.1299,3145.9333,3229.7385,3267.7686,3166.8193,3177.0574,3147.2986,3165.9424,3246.0173,3123.2761,3166.7107,3237.6060,3206.7192,3267.6440,3298.4885,3069.9907,3074.3572,3040.6121,2877.7112,2834.0674,2747.8574,2700.7529,2733.1755,2784.8201,2722.8611,2814.0781,2738.1353,2765.6699,2745.2109,2700.3364,2608.0522,2599.4175,2640.5708,2636.2771,2564.7512,2585.0642,2519.0488,2595.2651,2679.0781,2591.3899,2634.6062,2697.1152,2745.2070,2898.4500,2978.6057,2813.5742,2787.2363,2857.5005,2859.5024,2924.7329,2871.1426,2865.3599,3062.6687,3107.2571,3191.9114,3173.8267,3057.2466,3001.1992,3107.8379,3144.7686,3124.3792,3093.4939,3082.4905,3184.7754,3155.4397,3032.5591,2919.9236,2831.1196,2863.8491,2841.1848,2735.6348,2739.2944,2671.6755,2718.7578,2814.3357,2720.6926,2687.5613,2649.4529,2554.0344,2692.1204,2623.5525,2559.4849,2634.3083,2562.1333,2587.9934,2647.2017,2602.9617,2559.7644,2612.2305,2621.8813,2701.3242,2580.1311,2557.9348,2544.3059,2541.2107,2510.8462,2404.2703,2431.5217,2447.6233,2447.0471,2477.2495,2486.2017,2397.8025,2413.8108,2379.4495,2251.1272,2292.2529,2289.6748,2323.4126,2477.6697,2370.5359,2358.1145,2415.9607,2337.8076,2408.5681,2368.9143,2357.3840,2370.6875,2387.3611,2472.2070,2523.5176,2419.8784,2336.0166,2315.6912,2208.5571,2176.5876,2074.8708,2105.3037,2209.5562,2280.4036,2336.8633,2420.4031,2294.2854,2268.9231,2326.9673,2269.6641,2304.7163,2175.2666,2226.8735,2333.1060,2346.6621,2398.7957,2357.8984,2400.5513,2457.1475,2502.7983,2510.7500,2459.5591,2287.4131,2273.2324,2282.2998,2208.0857,2253.4863,2189.3936,2207.4763,2344.8315,2373.5068,2348.8750,2336.1365,2207.3394,2237.8979,2212.4277,2046.1417,2031.1373,2004.9399,1903.8831,1989.7692,1905.2227,1832.5245,1843.5175,1879.7939,1729.2449,1724.0504,1702.0991,1658.2057,1634.8437,1571.1541,1470.1089,1338.0063,1283.5089,1222.7753,1184.8031,1196.9093,1081.1285,1088.7427,1052.3647,1066.0474,1005.8654,1023.1730,991.1543,950.1197,933.6556,908.1428,917.6964,920.1864,888.9279,915.9670,879.7435,821.0929,849.6071,730.0654,767.2128,692.6150,703.0551,687.1605,710.3965,649.5263,575.4507,492.0643,518.2466,491.6315,482.8396,403.0729,393.7689,377.4935,395.8857,292.5469,286.7739,247.0425,225.3483,208.4917,179.3855,0.0000,0.0000,0.0000,0.0000,0.0000,0.0000,0.0000,0.0000,0.0000,0.0000,0.0000,0.0000,0.0000,0.0000,0.0000,0.0000,0.0000,0.0000,0.0000,0.0000,0.0000,0.0000,0.0000,0.0000,0.0000,0.0000,0.0000,0.0000,0.0000
0.0000,0.0000,0.0000,0.0000,0.0000,0.0000,0.0000,0.0000,0.0000,0.0000,0.0000,0.0000,0.0000,0.0000,0.0000,0.0000,0.0000,0.0000,0.0000,0.0000,0.0000,0.0000,0.0000,0.0000,0.0000,0.0000,0.0000,0.0000,0.0000,0.0000,343.3527,391.2673,399.1677,446.4394,491.6596,450.3801,496.1507,485.0021,502.6286,523.9044,578.4100,569.3454,604.9427,595.2425,632.6091,665.0596,713.2178,744.0035,762.4476,813.3171,792.0409,856.3106,900.3621,931.0527,963.1872,931.0413,1001.6653,976.0018,957.2325,895.0684,905.6124,984.5032,951.2948,897.8665,962.0866,1006.8300,1085.8268,1235.6626,1233.5350,1216.6570,1237.3993,1216.3304,1295.4110,1359.5720,1253.5994,1354.0955,1473.9240,1427.0277,1484.9965,1566.0292,1604.7240,1744.3477,1753.9349,1768.1223,1787.7166,1692.2290,1770.1782,1740.1061,1795.6957,1765.9518,1763.1282,1882.9707,2031.7609,2051.4854,2126.0979,2063.6646,2053.2427,2213.1621,2181.6482,2244.9365,2211.6851,2229.4399,2359.9651,2344.0703,2284.9905,2324.0625,2277.3135,2188.8635,2233.7893,2294.3889,2230.1777,2354.0867,2422.0686,2447.0227,2372.4575,2300.3035,2242.1067,2258.0996,2313.5732,2350.1360,2307.2617,2498.3167,2554.3525,2551.5146,2601.3359,2491.2976,2504.6975,2687.3413,2650.8208,2850.2705,2940.2178,2869.1096,2967.0261,2912.7693,2834.5874,2841.7463,2892.3845,2885.1077,2996.4658,2942.4397,2988.7256,2978.3545,2985.2559,3017.4417,3007.2520,3002.5723,3005.2212,3082.0229,3225.5654,3280.0381,3180.3765,3271.8645,3166.4966,3147.4172,3191.0576,3044.8865,3051.6318,3195.0925,3128.9854,3336.5269,3345.3318,3127.0098,3228.3135,3259.1890,3155.0601,3041.2229,2881.6956,2826.6799,2828.9502,2842.9639,2782.7925,2683.6731,2606.6694,2698.8645,2756.9333,2734.7080,2699.6082,2669.9951,2764.4707,2768.1355,2611.0454,2625.4561,2628.5381,2531.7026,2677.3154,2556.2402,2515.8818,2628.3542,2606.5476,2754.6248,2769.8281,2681.3188,2777.8545,2811.9392,2782.9817,2878.1077,2827.5176,2893.5693,2944.1580,3018.0391,3085.7627,3059.2334,3019.1653,3052.8301,3147.7043,3192.4995,3178.8667,3072.8228,3205.3147,3252.7300,3197.2881,3236.4387,3122.5364,3094.0471,3119.1997,2919.2183,2926.7048,2900.9907,2881.8008,2852.0193,2837.0261,2703.7224,2646.9846,2768.5342,2752.7996,2817.1897,2818.6731,2757.8911,2697.2537,2726.8611,2663.8000,2573.5872,2585.2402,2611.6567,2650.9536,2746.2432,2722.6475,2588.4709,2646.3611,2667.2539,2620.0239,2645.6206,2526.9961,2445.3867,2509.6655,2436.4365,2489.4482,2466.6277,2385.1174,2485.3203,2523.2732,2354.6211,2386.1765,2275.8521,2226.5068,2383.3110,2416.4995,2415.3135,2425.5122,2383.9211,2343.9363,2356.5437,2321.0681,2335.3113,2381.4946,2436.1877,2521.4592,2390.8835,2426.0364,2396.5369,2359.6873,2380.5854,2250.9373,2207.6572,2194.9087,2138.8560,2240.0547,2314.7949,2223.1113,2333.0286,2376.2380,2348.5886,2372.3972,2250.1631,2252.4629,2280.1250,2197.6057,2204.1250,2203.7422,2233.4590,2336.5076,2351.0525,2488.3210,2507.0635,2404.6602,2443.8845,2426.2832,2195.5461,2210.7009,2176.8389,2136.0457,2237.4199,2201.7166,2250.2473,2342.3408,2378.2422,2407.4097,2367.6606,2235.9080,2175.4868,2121.5403,2074.0115,2011.4937,1891.0154,1892.7062,1962.5358,1863.5686,1833.7632,1789.0557,1770.3628,1792.3702,1760.4597,1747.1302,1707.2565,1592.8232,1503.8040,1464.1984,1364.9879,1246.3519,1199.2661,1169.8210,1174.1390,1100.2179,1066.7117,1053.5906,994.9406,969.1728,969.4340,924.2427,943.1566,898.9880,903.5549,936.1600,922.8801,865.4473,897.5889,884.3970,816.2217,797.1021,778.1624,824.1469,721.5327,698.0632,661.6667,554.1962,593.8566,563.2731,510.0916,481.2104,463.1042,452.7999,439.3432,398.7060,330.1275,304.8596,291.8745,271.5262,227.7399,236.6431,201.2681,0.0000,0.0000,0.0000,0.0000,0.0000,0.0000,0.0000,0.0000,0.0000,0.0000,0.0000,0.0000,0.0000,0.0000,0.0000,0.0000,0.0000,0.0000,0.0000,0.0000,0.0000,0.0000,0.0000,0.0000,0.0000,0.0000,0.0000,0.0000,0.0000,0.0000
0.0000,0.0000,0.0000,0.0000,0.0000,0.0000,0.0000,0.0000,0.0000,0.0000,0.0000,0.0000,0.0000,0.0000,0.0000,0.0000,0.0000,0.0000,0.0000,0.0000,0.0000,0.0000,0.0000,0.0000,0.0000,0.0000,0.0000,0.0000,0.0000,0.0000,314.7747,370.1737,415.3843,433.8834,464.0978,457.7744,454.6728,446.5517,488.4738,498.6107,529.5276,543.0021,565.1055,599.5897,617.8765,641.1226,696.0471,675.7952,721.4034,819.9562,831.7207,797.5861,864.4936,956.1390,939.0132,959.4760,939.2956,873.6842,946.1631,955.5188,941.4238,933.3477,902.4672,924.8392,999.2855,1033.5353,1003.8113,1067.7307,1173.9470,1298.4404,1279.1642,1249.9189,1281.3578,1284.4385,1295.0879,1353.2942,1360.5992,1428.4687,1547.0676,1588.6710,1706.9540,1693.4810,1714.5939,1724.3828,1695.5988,1711.1304,1714.8929,1650.2543,1746.0713,1760.7872,1810.2548,1857.6213,1884.5114,1938.5680,2095.8550,2021.5730,2020.2228,2108.2588,2151.8655,2243.5671,2220.1619,2199.6267,2254.7642,2220.6389,2214.6636,2228.2051,2183.7146,2213.9963,2216.8530,2238.3877,2323.6726,2270.4475,2352.4421,2354.5291,2333.6902,2372.2214,2235.7151,2155.6448,2336.7913,2341.1506,2395.5029,2550.2209,2470.0159,2400.0659,2538.1128,2507.4980,2557.5879,2616.4275,2627.9377,2874.8381,2968.6677,2889.6245,2859.4963,2836.9089,2900.1499,2883.5537,2973.4893,3000.3025,2900.0354,2966.7461,2999.4907,2976.6189,2856.9104,2903.0984,2923.8291,3147.6189,3139.6599,3089.9106,3225.9475,3192.5364,3251.9587,3246.3020,3106.2043,3031.1370,3124.0835,3097.5400,3187.5261,3185.2292,3146.0005,3215.4687,3268.6909,3161.2417,3152.6355,3105.0271,3101.2273,3041.8628,3025.7996,2950.0364,2821.2454,2750.8689,2710.1035,2657.0974,2582.7073,2595.7202,2649.9407,2846.2593,2794.5544,2628.4651,2720.0408,2584.3333,2535.6306,2613.4480,2559.9917,2508.0271,2554.5801,2575.0686,2714.2617,2603.3193,2568.8096,2595.8501,2691.5291,2662.9299,2673.1189,2722.9373,2821.1221,2845.9504,2949.0857,3095.4875,2872.0916,2913.9607,2983.6360,3064.4373,3168.2515,3137.7610,3125.6201,3230.1335,3261.8044,3177.2629,3207.6570,3134.8667,3201.8069,3298.3020,3285.7227,3040.4963,2995.2292,2877.7883,2964.9670,2969.4011,2878.4092,2766.0916,2719.4714,2799.6035,2754.1682,2808.2727,2827.6367,2764.2998,2787.8828,2743.7214,2633.5852,2631.8892,2612.6313,2608.6873,2748.1809,2735.2910,2573.6638,2717.1372,2661.1614,2628.5325,2672.7839,2588.1902,2611.1125,2631.3120,2521.8955,2517.0251,2440.0945,2382.8010,2469.0706,2515.4163,2493.0571,2429.4841,2470.9707,2496.9326,2426.0522,2350.1926,2373.7759,2292.0640,2403.1909,2444.2769,2417.0662,2462.5608,2377.3540,2367.7874,2460.1455,2400.5288,2319.7949,2439.3027,2404.7815,2423.3972,2482.1697,2393.7131,2289.8628,2351.8721,2280.4722,2228.8425,2134.2815,2072.6169,2134.9160,2286.0791,2369.4070,2388.2075,2285.2681,2351.8662,2327.1440,2310.2734,2238.1912,2113.6558,2164.6626,2247.6780,2215.8857,2331.7358,2360.1262,2363.7427,2485.7283,2473.6296,2364.3311,2311.2058,2189.1533,2215.5359,2239.5156,2206.2864,2157.7996,2212.9512,2214.5266,2299.2632,2346.1389,2279.5825,2277.8494,2247.9062,2236.8372,2201.4104,2049.9285,2013.4852,1973.4622,1921.3932,1920.0129,1832.8347,1874.3955,1818.0394,1764.3328,1851.4304,1823.2340,1697.1178,1705.8226,1646.4886,1481.6768,1470.0474,1384.5814,1303.3459,1301.1871,1142.8918,1072.3966,1071.7859,1039.8705,1031.2189,984.3087,975.4135,969.0955,964.3370,956.8479,987.9480,868.7070,866.3953,938.0770,871.7195,887.4580,862.1752,854.9264,865.0067,792.8924,773.2870,751.2042,690.6226,668.7335,618.5867,605.7445,562.7097,548.6795,500.6557,502.7827,472.3964,420.8753,401.7006,362.8754,356.6018,293.3087,324.4917,245.8382,198.4133,222.2265,166.8687,0.0000,0.0000,0.0000,0.0000,0.0000,0.0000,0.0000,0.0000,0.0000,0.0000,0.0000,0.0000,0.0000,0.0000,0.0000,0.0000,0.0000,0.0000,0.0000,0.0000,0.0000,0.0000,0.0000,0.0000,0.0000,0.0000,0.0000,0.0000,0.0000,0.0000
0.0000,0.0000,0.0000,0.0000,0.0000,0.0000,0.0000,0.0000,0.0000,0.0000,0.0000,0.0000,0.0000,0.0000,0.0000,0.0000,0.0000,0.0000,0.0000,0.0000,0.0000,0.0000,0.0000,0.0000,0.0000,0.0000,0.0000,0.0000,0.0000,0.0000,293.7093,367.8428,405.9169,372.0953,411.4754,366.5522,419.0926,396.8394,458.5679,483.4394,533.2521,524.1281,584.6790,541.0774,599.1230,626.9822,655.5253,743.5128,735.8815,810.3881,843.0697,831.5057,829.3715,885.0482,877.6590,969.4284,950.1111,920.3796,958.8348,946.3471,997.5907,976.9389,927.4373,895.5131,970.8272,993.3249,1068.5165,1112.5833,1168.6775,1259.3894,1234.8688,1276.6274,1217.5927,1226.0157,1311.2762,1293.4341,1418.9686,1485.4730,1466.0117,1561.9814,1638.8831,1645.0759,1665.6173,1650.7603,1647.2075,1677.6781,1717.4960,1685.9181,1683.7708,1653.8494,1686.1244,1850.7333,1854.5096,1915.6371,1927.0660,2016.2416,2091.1548,2098.4993,2087.9387,2064.8647,2059.6367,2161.3582,2091.7126,2166.6584,2197.1287,2176.6292,2258.9185,2293.3232,2142.7463,2114.0691,2196.6909,2218.0691,2317.0583,2402.1724,2317.4033,2406.1614,2264.6267,2240.5759,2283.1262,2235.3406,2316.5493,2411.5537,2482.9314,2519.8293,2475.8005,2510.8916,2550.6006,2642.6733,2681.7986,2723.6472,2872.2014,2946.9543,2886.4978,2880.3896,2903.1611,2882.8186,3031.6626,3027.8196,2919.4775,2913.7278,2920.1814,2882.1392,3022.3162,3040.5178,2949.5923,3039.7903,3033.3687,3065.5166,3140.9136,3110.7488,3071.9888,3214.5994,3187.7925,3188.2271,3076.6907,2985.2961,3132.4932,3122.9824,3181.9619,3091.4785,3057.3706,3210.9019,3171.5376,3191.3943,3155.3596,2989.1108,2840.8418,2919.4048,2743.8210,2663.7109,2607.2041,2641.1116,2733.8242,2692.1787,2671.2600,2684.4333,2674.1572,2669.4541,2675.9758,2612.9409,2582.6692,2561.8931,2603.5928,2649.8550,2649.2280,2572.5618,2585.2483,2551.8047,2615.4658,2531.5750,2548.6843,2660.3376,2628.7639,2767.4146,2828.2358,2823.4929,2885.7129,2968.9475,2924.5076,3075.4319,3063.0151,3092.9685,3269.7283,3184.3342,3111.7236,3209.7063,3126.9417,3151.9548,3283.3423,3229.3406,3285.2126,3190.8633,3208.1411,3184.7222,3033.8501,2873.6243,2841.5022,2893.6848,3015.7715,2910.0728,2872.6379,2875.9849,2842.1187,2898.4861,2871.5110,2679.3186,2643.5176,2641.4421,2675.5793,2752.2222,2707.8074,2608.9661,2693.0830,2680.3489,2618.1926,2628.9316,2629.7251,2649.2629,2700.0100,2695.1074,2645.9160,2495.8032,2410.2576,2360.6265,2404.1111,2430.2410,2412.0103,2471.0427,2507.5247,2601.8613,2507.3550,2470.7739,2329.9329,2321.7815,2377.8076,2332.8120,2391.0037,2434.1309,2485.2920,2601.1809,2512.9788,2358.1921,2358.5994,2354.7893,2341.2607,2409.3752,2429.7314,2479.4805,2448.7761,2401.6758,2353.4458,2236.8931,2169.5432,2119.2744,2115.6353,2176.2576,2167.0928,2218.4678,2393.1484,2345.2834,2319.8435,2405.3362,2204.1980,2221.0698,2182.6453,2139.0586,2200.6963,2218.5962,2257.0232,2352.9968,2380.5044,2280.5720,2305.2178,2338.7043,2313.3186,2288.5828,2209.8164,2188.3718,2176.1445,2144.6970,2149.5728,2109.4097,2188.7175,2205.0381,2332.3076,2355.2427,2244.9993,2195.4890,2198.7419,2174.9001,2098.9207,2018.1188,1827.9821,1891.8580,1854.7792,1826.2834,1896.3839,1768.3795,1724.2977,1808.8873,1764.7917,1686.4102,1649.6095,1577.0181,1521.9054,1477.1440,1377.5800,1255.4062,1157.1527,1120.4919,1053.5110,1004.9332,1021.4501,1016.8847,959.6996,1051.6792,1004.4679,947.4275,946.4985,912.4104,922.4651,864.2980,867.0857,871.1977,877.0630,818.5296,920.2614,817.0954,771.5571,765.8972,710.5015,684.9830,703.8590,671.4943,628.2325,579.2166,549.5354,532.1370,494.7570,482.7431,405.2743,429.3011,401.5163,355.9897,326.6106,329.5549,254.2305,160.1313,177.1351,152.1918,0.0000,0.0000,0.0000,0.0000,0.0000,0.0000,0.0000,0.0000,0.0000,0.0000,0.0000,0.0000,0.0000,0.0000,0.0000,0.0000,0.0000,0.0000,0.0000,0.0000,0.0000,0.0000,0.0000,0.0000,0.0000,0.0000,0.0000,0.0000,0.0000,0.0000
0.0000,0.0000,0.0000,0.0000,0.0000,0.0000,0.0000,0.0000,0.0000,0.0000,0.0000,0.0000,0.0000,0.0000,0.0000,0.0000,0.0000,0.0000,0.0000,0.0000,0.0000,0.0000,0.0000,0.0000,0.0000,0.0000,0.0000,0.0000,0.0000,0.0000,0.0000,310.3222,349.8120,388.1686,360.2324,398.5045,418.0552,477.7682,522.1459,500.9640,516.9925,509.5787,546.7653,561.8167,601.6404,613.5773,633.1168,712.3087,709.0510,737.7606,738.3033,758.7693,866.5063,886.9355,889.9556,966.9485,953.5022,893.2844,920.7152,862.6472,884.7471,899.1302,909.4116,990.2909,918.3787,997.7000,1025.8982,1073.5208,1148.0161,1184.7800,1142.2190,1198.6976,1212.8656,1269.5476,1384.7469,1310.5670,1396.8027,1413.7516,1394.6262,1464.5229,1546.4865,1580.1449,1690.1896,1657.5701,1673.0524,1678.9960,1664.3604,1643.3473,1659.3882,1624.7747,1710.1766,1692.7765,1833.7106,1958.8156,1947.7805,1963.7860,1884.4233,2001.4374,2085.8025,2035.6041,2006.7435,2088.5007,2084.9275,2164.0713,2218.7163,2130.9377,2162.4932,2183.8125,2131.1062,2158.7720,2089.1663,2184.4373,2286.4553,2359.8621,2357.3391,2301.6743,2159.0139,2156.5535,2278.3025,2314.6396,2366.7224,2349.3513,2501.0559,2526.8591,2521.5947,2476.0107,2473.3328,2510.4072,2735.0942,2757.9592,2884.0881,2924.7566,2871.6145,2906.8843,2942.7949,2905.7065,2890.0476,2876.6104,2936.4202,3074.4541,3059.9709,2993.8762,2991.8191,2968.9929,2954.3577,2936.9033,2914.4312,2984.2407,3052.9087,3210.4165,3239.1001,3135.7131,3136.5906,3066.1465,3000.4731,3101.2014,2961.8843,3026.2080,3175.5852,3126.4146,3184.8513,3226.0288,3141.2852,3094.8743,3148.9719,2990.6843,2872.7932,2814.1682,2743.6951,2770.6382,2719.2605,2648.2024,2631.8130,2624.3201,2671.0969,2599.7976,2620.9587,2633.9368,2587.3103,2617.6499,2656.1145,2531.9707,2602.3613,2575.5518,2629.7285,2672.7725,2565.5820,2591.4062,2707.6035,2587.4241,2625.2246,2665.1331,2528.1045,2673.4309,2840.9011,2891.6289,2919.1465,2922.9446,2998.5496,3174.5144,3185.0376,3098.9111,3060.2107,3072.5876,3167.3152,3194.4163,3249.1824,3216.3230,3141.8953,3283.3069,3282.6626,3128.8523,3137.7705,2954.9070,2973.3894,3108.0728,3005.5205,2912.0635,3033.2205,2960.4524,2980.1511,2944.9346,2796.2747,2715.4609,2701.2378,2651.6565,2745.1689,2665.6333,2617.2983,2663.9727,2637.3010,2615.0227,2588.2019,2650.0107,2622.7021,2653.6687,2787.3152,2754.5779,2627.4753,2617.1592,2506.6987,2429.6528,2425.2158,2304.9265,2352.7461,2467.1514,2501.7004,2513.6577,2543.6145,2453.6111,2504.3950,2508.4805,2360.0859,2350.9546,2307.6509,2386.8508,2519.5591,2510.7224,2521.6042,2453.2695,2480.5452,2502.6147,2373.8884,2322.9404,2381.5100,2440.2146,2526.1372,2502.1240,2363.4133,2323.7192,2266.8965,2195.5476,2243.2136,2104.6279,2084.1252,2183.2126,2121.7864,2242.1816,2314.2288,2237.4460,2273.3391,2285.8582,2232.0471,2213.6890,2141.2871,2125.3906,2182.9065,2215.0803,2259.3577,2228.5007,2254.9702,2312.8240,2357.1902,2311.6707,2221.7307,2141.9307,2162.3687,2147.2075,2051.4524,2074.1465,2096.8250,2168.5457,2284.1619,2278.6780,2255.3213,2323.0791,2224.3179,2175.1660,2157.9548,2059.3113,1970.2400,1915.5396,1836.4805,1902.3124,1812.3500,1758.3489,1822.2601,1800.2614,1730.5052,1687.3049,1663.8116,1660.1187,1667.0294,1578.5697,1523.0093,1408.4269,1340.0835,1244.3263,1154.3759,1117.2465,1040.3591,1032.5061,1073.4584,998.3843,949.5239,957.7868,929.7758,947.0370,928.0692,876.7939,927.8245,926.7477,907.5396,922.0387,826.1150,828.6967,812.0710,803.2968,792.2968,730.0209,741.0043,733.2142,707.9662,700.5839,577.1573,541.2383,499.4329,504.7339,525.2908,432.5534,441.6198,401.0593,363.9706,324.1573,299.7340,240.2328,246.7296,167.5221,187.0724,0.0000,0.0000,0.0000,0.0000,0.0000,0.0000,0.0000,0.0000,0.0000,0.0000,0.0000,0.0000,0.0000,0.0000,0.0000,0.0000,0.0000,0.0000,0.0000,0.0000,0.0000,0.0000,0.0000,0.0000,0.0000,0.0000,0.0000,0.0000,0.0000,0.0000,0.0000
0.0000,0.0000,0.0000,0.0000,0.0000,0.0000,0.0000,0.0000,0.0000,0.0000,0.0000,0.0000,0.0000,0.0000,0.0000,0.0000,0.0000,0.0000,0.0000,0.0000,0.0000,0.0000,0.0000,0.0000,0.0000,0.0000,0.0000,0.0000,0.0000,0.0000,0.0000,313.8952,409.1375,394.5294,364.8307,389.9131,400.4580,435.1098,462.0397,460.7471,511.0871,509.5991,499.6315,551.2291,610.5023,620.9017,602.8588,622.0690,707.4293,718.6320,774.7307,814.8647,819.8965,810.8983,912.0754,795.7169,848.4607,894.9587,877.2210,914.4133,902.0702,870.2374,968.2159,935.5126,961.7956,1027.0354,970.8907,1028.3093,1136.8550,1122.7170,1189.8676,1219.4479,1142.3888,1251.2136,1293.2988,1289.2173,1384.6396,1342.1018,1366.3422,1479.2048,1537.5697,1585.9059,1552.9299,1531.4674,1568.4974,1595.7068,1650.4854,1626.2611,1568.3187,1729.4884,1704.4635,1760.2157,1751.8068,1764.7312,1835.5521,1971.9017,1986.9802,1940.3927,2006.4349,1936.8398,2081.2302,2108.8396,1988.2056,2017.3068,2110.2109,2100.4966,2136.8225,2112.1824,2129.9626,2079.6863,2144.5923,2231.3716,2142.1768,2220.3201,2289.1711,2259.0212,2317.1279,2262.7373,2169.3281,2275.7952,2343.1853,2278.8706,2403.9114,2439.6948,2443.2241,2533.9712,2535.6628,2527.0476,2657.0317,2727.3662,2874.8701,2931.8884,2801.7285,2769.3376,2820.5352,2874.3545,2917.1277,2957.3975,3015.6846,2991.0251,3106.6299,3051.5076,2902.2139,2898.2109,2846.0842,2899.4109,3061.9282,3042.2788,2990.8269,3126.2441,3182.9001,3136.4531,3136.3054,2981.0254,2955.9207,3114.4121,3080.3413,3162.7876,3068.8511,3041.7412,3089.4106,3203.7644,3048.9382,2999.3115,2961.1287,3110.0723,2994.4380,2979.7024,2807.3025,2708.7947,2647.8977,2659.3567,2607.3735,2566.8784,2563.6313,2647.2144,2748.7664,2772.9021,2547.6709,2588.1128,2572.7043,2540.0981,2721.4812,2658.5298,2621.7717,2744.1257,2702.8525,2711.2102,2650.6812,2558.3108,2519.1536,2673.4094,2643.2224,2731.9712,2724.8572,2855.6704,2943.5369,3002.7354,3026.6411,3004.9641,3043.4441,3090.2571,3061.4836,3200.8032,3268.4929,3159.0562,3248.1226,3322.5146,3109.1270,3141.1389,3109.2917,3104.8752,3271.6658,3036.4221,2981.7273,3080.5781,2990.2676,3098.2827,3052.3982,2949.8586,2895.4028,2894.9846,2855.1182,2750.0891,2621.1196,2608.6606,2595.2063,2638.6958,2614.2151,2499.9094,2574.3369,2672.8167,2625.7517,2736.1018,2707.0933,2622.9609,2713.1909,2679.0278,2581.5745,2540.3655,2403.8215,2374.9111,2437.3083,2357.2192,2395.1179,2412.1250,2418.2378,2504.2900,2519.4888,2461.6748,2443.1345,2391.3730,2414.6987,2479.7905,2408.6045,2457.6938,2442.4412,2449.4810,2545.7546,2438.3132,2452.1736,2439.6089,2383.1880,2527.7185,2461.6050,2347.4888,2397.1467,2392.2749,2364.1177,2323.6135,2215.6353,2160.2427,2194.6079,2113.9670,2109.8350,2142.2422,2181.2314,2255.9380,2339.2568,2361.9963,2292.4675,2201.8279,2159.5354,2248.6614,2150.6875,2141.5776,2060.9324,2129.7083,2247.8049,2229.4062,2336.1592,2273.7371,2250.7974,2292.7729,2170.1086,2031.5465,2089.0239,1990.1632,2053.1091,2120.0723,2159.8154,2173.7996,2249.5308,2232.0962,2211.3647,2186.3877,2149.9094,2123.3533,2126.3977,2066.2307,2019.0646,1846.4854,1828.5038,1834.2214,1795.9089,1820.2377,1726.5059,1732.2682,1711.5331,1713.4807,1697.6584,1653.2703,1533.6139,1555.1191,1430.0431,1337.7875,1264.8342,1198.1936,1089.6798,1136.7744,1091.1757,1037.2201,1029.5254,964.3669,992.8254,924.4607,933.9616,946.0158,926.0128,907.0626,929.8423,898.4717,846.5290,834.1491,844.2012,836.9384,805.6204,808.6165,791.4260,715.0963,740.3609,702.1752,568.0132,589.1163,598.0187,550.8883,540.8099,490.4001,421.0088,461.8669,414.1523,384.7993,321.7850,309.0993,255.2452,232.6553,199.7594,169.7606,170.6043,0.0000,0.0000,0.0000,0.0000,0.0000,0.0000,0.0000,0.0000,0.0000,0.0000,0.0000,0.0000,0.0000,0.0000,0.0000,0.0000,0.0000,0.0000,0.0000,0.0000,0.0000,0.0000,0.0000,0.0000,0.0000,0.0000,0.0000,0.0000,0.0000,0.0000,0.0000
0.0000,0.0000,0.0000,0.0000,0.0000,0.0000,0.0000,0.0000,0.0000,0.0000,0.0000,0.0000,0.0000,0.0000,0.0000,0.0000,0.0000,0.0000,0.0000,0.0000,0.0000,0.0000,0.0000,0.0000,0.0000,0.0000,0.0000,0.0000,0.0000,0.0000,0.0000,324.3733,350.5984,323.5063,342.0132,366.1949,452.9248,429.5367,453.6691,456.7216,470.2675,518.2603,517.0162,522.0297,550.8217,564.7004,614.6134,679.5389,713.0625,696.3506,735.9153,822.6038,785.8926,845.2571,833.9075,830.5264,886.6483,912.4529,843.6515,905.5349,827.5451,863.3725,873.8316,920.2916,897.7021,987.5718,1017.4030,1086.6875,1108.5431,1153.5433,1134.8285,1149.0894,1211.0631,1183.4669,1213.1974,1292.8634,1309.8778,1383.7900,1415.6664,1330.4841,1389.4774,1504.6603,1422.1893,1504.4530,1589.9750,1533.2483,1664.1630,1644.1287,1625.3817,1609.0552,1592.1266,1626.6191,1748.7324,1728.5867,1814.9117,1872.6779,1899.1733,1992.7659,1832.8226,1898.0448,1911.2853,1970.0988,2010.6428,1994.3049,1958.3560,2124.1714,2105.0620,2145.7598,2148.3792,2013.0240,2042.9354,2151.2156,2144.5559,2296.4895,2221.7173,2217.8752,2263.4614,2267.2610,2150.0042,2220.4941,2184.0869,2228.2930,2469.6545,2442.5930,2473.8535,2444.2014,2424.5925,2576.4966,2634.9353,2677.1108,2725.4944,2797.3337,2883.0076,2873.6812,2850.1057,2896.4045,2926.8835,3023.7456,3059.1897,2957.0449,2963.6741,2953.7356,2929.9248,3015.0205,2987.6116,2794.8257,2943.6826,2951.5525,2894.1687,3005.8560,2972.2261,3072.0264,3092.0420,3091.6038,3144.3171,2979.7385,2964.3469,3010.4795,2996.1826,3038.5032,2953.9446,2973.6858,3122.6797,3021.4360,2968.3823,3007.6638,2907.3237,2950.7056,2851.7903,2654.0435,2593.8718,2645.8416,2591.7124,2684.4768,2641.8843,2551.1562,2601.1970,2605.1428,2557.1453,2573.3003,2522.9236,2632.4875,2761.7991,2689.2080,2698.4077,2622.1235,2644.8518,2587.8733,2743.4192,2724.1494,2605.7161,2545.5354,2679.4265,2716.1182,2749.6646,2838.9575,2746.3618,2905.0007,3043.5881,3045.7747,3045.1716,2992.1931,3025.4485,3184.0845,3244.8716,3121.5928,3092.2695,3003.7419,3097.4124,3205.3860,3106.7439,3137.6587,3041.4092,3047.6731,3053.5334,3010.5947,2993.1990,2975.5962,3026.4241,3055.1035,2940.8838,2850.0989,2768.8708,2657.4321,2650.2971,2604.1682,2495.1387,2524.7673,2568.7163,2511.0937,2656.3713,2689.6099,2559.8091,2682.1035,2677.0261,2651.9875,2664.0332,2582.1760,2600.7288,2580.2668,2431.8752,2362.9265,2284.1060,2246.2727,2354.8625,2387.8499,2351.8511,2384.8313,2376.3726,2444.5813,2420.4331,2336.7039,2399.9873,2431.5293,2520.2217,2504.9861,2391.1567,2424.1746,2428.9573,2424.6802,2460.3911,2436.8918,2356.3918,2448.1958,2410.9016,2438.6199,2433.0876,2333.7861,2321.7195,2282.2444,2178.7649,2115.2065,2052.8169,2082.4465,2142.9062,2177.6392,2246.7664,2258.6919,2223.3140,2256.8855,2210.5208,2165.5691,2147.9795,2063.8291,2115.5923,2157.7019,2161.3003,2257.1277,2238.0352,2196.3857,2357.8596,2241.4036,2145.6370,2130.1267,2035.4990,2048.2507,2066.4075,2030.4961,2062.1912,2065.4045,2081.9917,2133.9578,2178.3674,2161.0535,2165.2649,2207.6428,2232.9883,2081.5310,2020.2885,1986.8015,1897.2140,1858.0237,1865.9148,1746.4523,1742.6995,1835.7778,1731.4478,1758.9368,1733.0454,1645.4883,1668.4446,1615.2147,1500.9058,1490.2262,1386.8381,1329.5360,1279.3340,1172.0247,1085.9182,1064.2769,1042.4930,989.1229,1003.3860,981.4565,933.2498,976.2311,960.3192,964.7246,896.9523,886.4814,936.9461,913.0249,867.2577,873.9470,813.0630,869.4312,835.0389,776.4687,833.3049,733.0084,734.8853,669.2426,646.1423,602.0565,551.4599,526.6852,536.5701,493.0413,406.5271,410.2122,354.4026,361.9023,346.9601,297.8399,251.7142,245.8873,216.7758,146.3765,152.8371,0.0000,0.0000,0.0000,0.0000,0.0000,0.0000,0.0000,0.0000,0.0000,0.0000,0.0000,0.0000,0.0000,0.0000,0.0000,0.0000,0.0000,0.0000,0.0000,0.0000,0.0000,0.0000,0.0000,0.0000,0.0000,0.0000,0.0000,0.0000,0.0000,0.0000,0.0000
0.0000,0.0000,0.0000,0.0000,0.0000,0.0000,0.0000,0.0000,0.0000,0.0000,0.0000,0.0000,0.0000,0.0000,0.0000,0.0000,0.0000,0.0000,0.0000,0.0000,0.0000,0.0000,0.0000,0.0000,0.0000,0.0000,0.0000,0.0000,0.0000,0.0000,0.0000,0.0000,295.7635,375.0342,367.8032,366.1114,412.7964,401.9182,430.3684,474.1636,483.6338,444.8460,541.3120,505.4593,541.0853,601.9496,581.9559,657.8364,686.1257,686.3178,738.3126,740.6238,766.4510,850.3622,856.5522,838.7663,884.5823,905.9232,927.0384,869.5486,878.4036,840.0351,897.4892,971.1075,973.1453,981.7562,988.4318,1036.9344,1049.2817,1063.9236,1052.1168,1047.3292,1155.5522,1191.7189,1278.7323,1314.8362,1308.9269,1327.9003,1342.2615,1301.7593,1358.7495,1400.6472,1455.2218,1551.2582,1572.5554,1501.7349,1579.9399,1578.0181,1591.7919,1594.8890,1583.6169,1618.5231,1670.6165,1749.5714,1843.6823,1816.9749,1816.5062,1825.4928,1866.5323,1930.0638,1879.4192,1890.7958,1996.6438,1990.1882,2039.5406,2115.4241,2019.4209,2109.8665,2083.8225,2078.8054,2106.7695,2123.6787,2185.1482,2258.4912,2295.4016,2211.0107,2198.6909,2165.0757,2094.1235,2165.7429,2224.6638,2345.1235,2370.4675,2443.6665,2552.9124,2441.4165,2453.5156,2475.5889,2572.6143,2737.1067,2753.4668,2808.5024,2962.7166,2891.5383,2943.6819,2936.8328,2802.1121,2877.2334,2966.3218,3066.5498,3159.6416,3013.8496,2924.8435,3032.4348,2900.7927,2869.6050,2745.7571,2761.7866,2867.7317,2983.3970,3088.6567,3028.0518,3052.0227,3017.7214,3031.0801,3025.9543,2987.5691,2866.7849,2953.1714,3045.7441,3027.5681,3023.9463,2997.3147,2926.5593,2992.4053,3002.1775,2843.8184,2909.8430,2765.4583,2786.2280,2801.9700,2682.9468,2607.5435,2580.0161,2553.2944,2581.2529,2580.7993,2565.6245,2609.4299,2602.8740,2651.0913,2667.2568,2627.0908,2622.1829,2644.7781,2630.2480,2768.1372,2698.0125,2648.6501,2790.9277,2665.7246,2665.5986,2664.1128,2621.7461,2724.7585,2881.1174,2762.8271,2893.3381,2980.3862,2975.9487,3112.5947,3010.1025,2958.2332,3051.2778,3062.2571,3124.4880,3096.1665,3097.8589,3088.0066,3081.6580,3117.7432,3081.6521,2972.2361,3015.6343,2971.3445,3056.1340,3142.8208,3005.3748,2909.5884,2920.6067,2875.3569,2831.7273,2774.8215,2619.3992,2602.5408,2587.3755,2622.2520,2530.0205,2504.8303,2468.7893,2548.0999,2632.7837,2585.6687,2600.7781,2626.1238,2800.0403,2772.7537,2658.5806,2578.1365,2386.4360,2357.6548,2351.4236,2322.4714,2349.0886,2329.8545,2420.1045,2512.7578,2427.8325,2275.2234,2273.4827,2262.2844,2360.5823,2449.6084,2440.1309,2513.3010,2524.6204,2457.6311,2489.4949,2443.3962,2336.3289,2375.9504,2428.8167,2454.0925,2435.9973,2403.9360,2476.0239,2392.9231,2356.0432,2248.6555,2134.1445,2146.9377,2053.7317,2135.4954,2133.1792,2128.5076,2225.5667,2311.8987,2243.4390,2173.0593,2191.0957,2103.0315,2110.6685,2120.4331,2042.3944,2150.3118,2162.7751,2164.2820,2238.2578,2220.9978,2179.6162,2208.2053,2212.6956,2142.3474,2123.5215,2003.3866,2018.0275,1956.8879,2025.0975,1994.9541,1966.4989,2072.0481,2087.8435,2198.2156,2253.9014,2173.3435,2081.5894,2079.2988,2013.3251,1937.6271,1919.4994,1783.6326,1865.6342,1846.5699,1816.6984,1750.9968,1723.7014,1680.9319,1697.6204,1722.5955,1628.6796,1582.0916,1553.4559,1547.3416,1440.5352,1356.0779,1257.6726,1192.4296,1121.7516,1078.1780,1027.4969,1024.1283,1030.3247,1012.4908,1023.1349,967.7250,921.5811,969.7117,918.8053,952.6808,932.1995,934.6966,949.2340,919.9055,943.3084,838.3047,814.5977,787.8274,786.5073,780.1733,757.8445,701.2589,627.8476,639.5670,609.5382,556.9961,464.9834,485.0185,476.5312,444.8562,409.7361,356.3018,337.8121,316.2594,319.3842,264.0933,188.0590,195.5889,179.2423,0.0000,0.0000,0.0000,0.0000,0.0000,0.0000,0.0000,0.0000,0.0000,0.0000,0.0000,0.0000,0.0000,0.0000,0.0000,0.0000,0.0000,0.0000,0.0000,0.0000,0.0000,0.0000,0.0000,0.0000,0.0000,0.0000,0.0000,0.0000,0.0000,0.0000,0.0000,0.0000
0.0000,0.0000,0.0000,0.0000,0.0000,0.0000,0.0000,0.0000,0.0000,0.0000,0.0000,0.0000,0.0000,0.0000,0.0000,0.0000,0.0000,0.0000,0.0000,0.0000,0.0000,0.0000,0.0000,0.0000,0.0000,0.0000,0.0000,0.0000,0.0000,0.0000,0.0000,0.0000,279.6772,321.5822,360.8536,346.0894,370.4202,374.1763,402.8777,443.3984,449.2680,478.3031,482.4900,485.8985,531.3306,585.7776,586.4516,600.4768,645.6816,689.5550,690.1896,693.7388,735.6325,760.8284,813.3126,857.3615,818.8889,821.8989,810.6216,838.3437,891.8622,900.1245,897.4483,921.5684,945.7628,925.4526,999.7958,967.0613,1026.6095,993.3717,1049.9631,1110.3383,1132.0336,1152.9681,1203.0056,1229.8728,1177.1478,1241.5619,1240.3290,1359.3202,1344.0389,1419.6376,1468.0286,1493.9493,1517.3063,1509.6232,1520.7789,1570.8872,1598.1652,1577.5627,1695.4221,1687.1399,1600.3164,1679.1420,1680.8298,1783.6700,1785.6088,1785.3472,1843.5905,1919.1143,1916.4308,1951.0352,1967.3444,1879.8502,1952.9980,2064.3286,2034.1599,2085.1594,2052.8496,2030.6780,2145.1890,2158.2002,2165.1348,2099.1042,2223.4468,2169.1155,2159.3806,2246.3369,2164.2454,2180.7239,2238.1621,2260.6326,2327.7869,2443.7104,2397.2122,2420.1262,2624.9836,2536.9219,2606.3867,2692.1008,2754.1792,2838.2803,2969.9021,2872.4990,2879.0315,2851.8777,2942.2412,3000.1733,2971.1162,3032.1257,3049.6350,3028.3047,2951.6753,2825.3936,2860.5801,2827.3035,2808.1807,2798.8362,2866.1272,2805.4912,2953.3682,2991.9348,2901.9016,3006.7976,2923.2102,2920.2832,3028.0679,2962.9395,2899.2056,2908.7952,2862.9221,2938.0923,2954.0996,2821.3674,2859.4512,2915.1641,2933.6646,2968.6963,2768.5813,2722.9055,2691.4143,2661.8733,2613.3704,2512.9104,2532.9084,2581.5757,2584.3179,2649.7974,2699.5305,2519.0776,2583.1887,2585.5408,2587.9810,2756.8347,2612.5481,2704.4280,2790.7349,2799.2888,2755.4043,2653.9565,2593.6001,2613.0701,2740.6565,2741.4160,2681.9734,2729.3699,2821.4111,2947.5251,2878.4014,2896.2668,2824.6555,2914.7551,3004.0017,2983.6218,3021.5239,3135.7046,2967.8760,3050.8577,3009.2827,2856.6499,2908.3884,2903.7664,2996.5164,3126.3186,3007.2778,3007.9668,2990.9685,2916.5386,2867.4690,2827.4058,2761.7729,2761.0791,2771.4636,2767.8599,2682.5017,2532.8616,2489.5415,2473.9368,2458.7195,2467.2715,2481.6353,2566.8281,2659.3538,2703.5430,2760.4424,2787.2612,2657.2786,2629.4541,2498.4475,2331.9807,2412.0193,2266.4404,2413.3923,2485.0439,2440.3589,2348.1274,2375.0383,2312.0671,2281.7913,2306.3567,2229.7339,2320.1453,2421.6455,2488.2078,2487.9539,2433.8159,2414.7859,2377.4453,2367.4102,2395.3140,2331.8650,2351.4998,2477.5222,2481.9099,2453.9160,2395.8936,2220.7239,2219.6848,2135.9844,2123.1587,2170.5688,2064.8726,2113.6489,2234.9294,2201.3867,2125.1079,2180.8259,2135.0112,2099.7825,2185.3643,2114.1118,2039.7830,2072.2114,2063.8965,2122.3601,2102.2402,2096.9019,2138.3818,2228.5950,2289.3735,2173.5505,2134.7141,2090.6003,2013.8983,2040.6588,1983.5878,1885.5504,1978.0564,1970.5321,2026.4271,2149.0879,2098.5049,2142.4807,2163.7556,2090.4907,2006.1719,1987.7867,1899.4229,1915.8264,1861.2080,1790.8181,1760.3308,1676.9707,1718.4734,1698.3560,1654.7137,1667.7478,1630.5494,1640.6302,1699.3525,1576.5223,1511.9932,1426.2684,1403.1896,1373.2664,1265.3333,1117.3379,1123.6316,1095.7566,1070.2815,1065.1946,974.9841,969.5378,974.3218,950.7469,940.4087,981.5109,918.4141,1029.9200,1004.6672,980.5054,932.5521,909.7235,854.6039,851.4554,826.8259,818.8500,780.7268,727.4747,724.9177,670.7582,644.5923,627.8658,548.0823,572.7707,492.1848,460.1588,443.4801,393.2300,378.1127,374.9958,290.3055,234.8870,238.2752,231.4306,215.9889,225.7831,137.3183,0.0000,0.0000,0.0000,0.0000,0.0000,0.0000,0.0000,0.0000,0.0000,0.0000,0.0000,0.0000,0.0000,0.0000,0.0000,0.0000,0.0000,0.0000,0.0000,0.0000,0.0000,0.0000,0.0000,0.0000,0.0000,0.0000,0.0000,0.0000,0.0000,0.0000,0.0000,0.0000
0.0000,0.0000,0.0000,0.0000,0.0000,0.0000,0.0000,0.0000,0.0000,0.0000,0.0000,0.0000,0.0000,0.0000,0.0000,0.0000,0.0000,0.0000,0.0000,0.0000,0.0000,0.0000,0.0000,0.0000,0.0000,0.0000,0.0000,0.0000,0.0000,0.0000,0.0000,0.0000,0.0000,318.8419,301.2427,349.3499,392.3792,413.5573,368.5518,432.1761,424.9539,451.9577,502.3474,473.9382,499.1387,498.7650,590.1771,641.4925,623.6237,672.5520,677.9363,688.7526,751.7206,729.7847,797.3832,835.1658,843.2812,883.9784,879.5135,856.5369,894.5338,889.7214,902.5720,931.8049,943.1066,954.6527,961.9126,1025.0493,1053.8291,1016.6570,994.2578,1093.7206,1120.3281,1177.7496,1154.1981,1174.6536,1250.3840,1253.6864,1243.7319,1266.3773,1290.8951,1313.3199,1467.5380,1448.3986,1552.2902,1527.0643,1573.7682,1653.5909,1710.9781,1605.8792,1637.7107,1572.6576,1605.6766,1689.3250,1674.9838,1759.3612,1813.8296,1863.5756,1840.3191,1835.7825,1871.5712,1882.8204,1932.1484,1957.7574,1958.3916,1967.3604,2107.6721,2064.8865,2121.8066,2082.5312,2002.5950,2103.9648,2127.5835,2139.1580,2249.3989,2259.6677,2180.5547,2251.4985,2268.1055,2079.8149,2160.5525,2200.2949,2366.6609,2527.0647,2524.1287,2551.5120,2572.3521,2633.8572,2610.8936,2659.1277,2705.3628,2856.9663,2966.4687,3090.5994,2990.5107,2873.0667,2949.9807,3007.4392,3015.3286,3054.9138,2856.7197,2892.7424,2946.2971,2944.6482,2911.4043,2810.2583,2707.6421,2766.1611,2771.2241,2713.8345,2756.1597,2719.4932,2846.3694,3041.1741,3001.7100,2918.1201,2894.2434,2851.4368,2848.3733,2872.4692,2866.8892,2820.6978,2833.3940,2950.0581,2921.8628,2882.0457,2897.6570,2798.8831,2871.3081,2806.7073,2641.4834,2642.3987,2620.6858,2595.9480,2597.1169,2572.9883,2454.1921,2576.3274,2593.5837,2550.5100,2597.3721,2621.7029,2719.6736,2824.7307,2733.4434,2715.3113,2704.0430,2715.8303,2691.5154,2714.1943,2738.5715,2751.5881,2673.3545,2783.5200,2800.6499,2714.2373,2774.7170,2722.7996,2832.4565,2999.9824,2896.8879,2935.8572,2956.8965,3052.3474,3113.8894,2971.2944,2852.0259,2888.1038,2861.5217,2971.2603,2974.0144,2933.5503,2931.3074,3014.9929,2994.1562,2871.5286,2814.5925,2794.7129,2776.8066,2793.2935,2873.0381,2798.2002,2712.1479,2768.5547,2691.0283,2650.4211,2550.6013,2412.0894,2431.6934,2555.3887,2542.3796,2611.2178,2614.9231,2609.6702,2713.4902,2735.2625,2613.1243,2570.2087,2316.7341,2376.5872,2465.8191,2400.8804,2315.9729,2396.4009,2416.1199,2367.2358,2425.4082,2314.4338,2309.0945,2291.6282,2326.2251,2308.3748,2380.9324,2411.2358,2344.3926,2429.5901,2428.1069,2305.7822,2371.5916,2353.5208,2361.9377,2463.7168,2406.5635,2349.8701,2363.3867,2324.9893,2167.0271,2238.5813,2127.0310,2141.5120,2176.7410,2113.7500,2128.2292,2137.9319,2184.6641,2175.9304,2204.6572,2202.2627,2166.7087,2124.7097,2089.1541,2009.8594,1947.4138,2027.0154,2067.0881,2182.3130,2188.7275,2147.8501,2249.6526,2236.9033,2128.4255,2131.4734,2075.5798,1940.8151,2011.8500,1912.1558,1957.6149,2046.4087,1946.8264,2046.9340,2078.3147,2131.7988,2048.8923,2040.5516,2033.7648,2001.9315,1935.6144,1903.3445,1826.5233,1752.8704,1746.0044,1710.1455,1751.9817,1708.8328,1610.8879,1696.8086,1748.8341,1644.0212,1623.0634,1594.1791,1488.0581,1489.2850,1446.2939,1349.0563,1272.2134,1240.0470,1222.3175,1111.9501,1063.4990,978.5711,1005.1789,969.2011,994.7333,969.9041,960.0988,949.6480,967.5395,986.7183,1017.7958,949.9078,930.6631,907.4872,912.9472,888.4006,855.8382,870.0986,806.0380,730.9891,725.7869,687.5037,657.8870,695.1622,561.3566,584.9509,557.1212,526.4553,425.0042,441.8098,433.5003,366.7694,297.9820,295.7374,279.9585,278.2030,246.1339,207.3305,176.2479,0.0000,0.0000,0.0000,0.0000,0.0000,0.0000,0.0000,0.0000,0.0000,0.0000,0.0000,0.0000,0.0000,0.0000,0.0000,0.0000,0.0000,0.0000,0.0000,0.0000,0.0000,0.0000,0.0000,0.0000,0.0000,0.0000,0.0000,0.0000,0.0000,0.0000,0.0000,0.0000,0.0000
0.0000,0.0000,0.0000,0.0000,0.0000,0.0000,0.0000,0.0000,0.0000,0.0000,0.0000,0.0000,0.0000,0.0000,0.0000,0.0000,0.0000,0.0000,0.0000,0.0000,0.0000,0.0000,0.0000,0.0000,0.0000,0.0000,0.0000,0.0000,0.0000,0.0000,0.0000,0.0000,0.0000,273.9333,336.7137,350.7037,361.4687,390.3978,406.5092,403.7258,431.1943,443.2358,406.3711,501.0525,530.9528,543.2253,611.3109,624.0467,652.7471,680.6201,609.4990,662.6049,695.0435,736.5847,807.7547,798.8115,802.5303,828.6423,832.4346,823.2162,770.3401,802.8922,865.9094,881.4330,906.5583,1008.9641,992.7479,952.6990,936.3708,974.1282,1018.4257,1027.7043,1048.4106,1159.8220,1156.1337,1186.5677,1205.5802,1189.8190,1277.5182,1242.8929,1246.2743,1325.7360,1378.3188,1469.8843,1534.8433,1488.0865,1534.4460,1639.5009,1587.8746,1665.7111,1658.9012,1615.5513,1616.6649,1653.1895,1731.4232,1749.7921,1708.1639,1749.1035,1767.0334,1819.1532,1907.4170,1914.3022,1865.6432,2017.6163,1984.4576,2062.2957,2039.1074,1964.6194,2075.2363,2089.8176,2061.4143,2082.7695,2048.1345,2069.1223,2302.6724,2214.8257,2172.9836,2115.6941,2123.8853,2136.6038,2170.9187,2249.4905,2388.9641,2463.7339,2517.9155,2538.9058,2495.1768,2516.6123,2546.4614,2649.3657,2871.5715,2909.3716,2930.4644,3083.7529,3021.3015,2987.4172,2971.7329,2830.3811,2884.0667,2953.7014,2937.0503,2965.5957,2827.5718,2773.7041,2819.8835,2739.0112,2663.6287,2636.0735,2666.9260,2733.8733,2744.8779,2769.2698,2811.2869,2837.7549,2874.0205,2827.3999,2839.0784,2885.9043,2744.4333,2842.4707,2888.0811,2808.6497,2702.7529,2808.7280,2772.7258,2861.5596,2864.0493,2779.9036,2779.1548,2797.0139,2699.9727,2780.3135,2620.7646,2420.7278,2509.6179,2512.5996,2505.5122,2497.2800,2516.6809,2602.0898,2649.1465,2735.0190,2708.4509,2625.6189,2715.6289,2696.8362,2798.2881,2861.6772,2733.4167,2773.8337,2844.1155,2812.7153,2718.9519,2744.5771,2617.5950,2759.8079,2876.3599,2862.3486,2840.4973,2860.1938,2884.6777,3016.5364,3003.5466,2861.2571,2921.0735,2874.9814,2839.1562,2841.2607,2811.9077,2758.4048,2852.6365,2801.6118,2885.1194,2811.0002,2810.6245,2748.6106,2824.4375,2832.4143,2693.1140,2692.4373,2774.1770,2771.6821,2686.7297,2712.9160,2623.7834,2641.4358,2578.0334,2479.5349,2487.8313,2456.9187,2473.6396,2573.3359,2533.1946,2567.6841,2578.3845,2541.2478,2602.7341,2480.5703,2338.1418,2370.1042,2292.4907,2290.2078,2337.2617,2319.0183,2365.3936,2412.6384,2374.6379,2448.4084,2301.9497,2182.9304,2311.5425,2305.1067,2347.2314,2372.5828,2300.7915,2318.5825,2354.4368,2285.3787,2292.4111,2263.5605,2185.6448,2281.5527,2355.9536,2335.7979,2233.5435,2134.0503,2233.4617,2123.9607,2113.5112,2062.9839,2051.6880,2163.7971,2158.7495,2233.9663,2211.8140,2154.2192,2243.9065,2216.4463,2067.6902,1985.0063,1995.3000,1947.4312,2042.7412,2084.1956,2120.1941,2163.8735,2174.3740,2083.1992,2208.4548,2172.2681,2111.0930,2043.3712,1967.6598,2015.5922,2000.7482,1913.6810,1950.0490,2035.7137,2005.1421,2003.0371,2037.5408,2027.1277,2003.5769,2023.5635,1949.0328,1939.8871,1839.1202,1851.9906,1696.7902,1677.0436,1678.3889,1609.9521,1687.2225,1732.4258,1620.2747,1640.7365,1610.9580,1566.3844,1571.7362,1523.3990,1496.2090,1463.2249,1358.8898,1346.2203,1244.7332,1139.1747,1090.6261,1045.9982,1044.8163,1024.3756,979.5302,972.4022,1008.7979,1024.2084,1004.6368,986.4901,933.7056,991.4842,969.4398,957.2361,953.2464,926.6564,903.5636,909.7831,849.7130,831.2925,727.9975,702.3401,670.3621,691.3954,705.4398,591.4630,582.7673,545.9485,526.9547,486.5457,439.6796,391.6437,365.7155,319.3737,288.5256,275.7743,269.9274,195.0695,189.8561,183.0533,157.9973,0.0000,0.0000,0.0000,0.0000,0.0000,0.0000,0.0000,0.0000,0.0000,0.0000,0.0000,0.0000,0.0000,0.0000,0.0000,0.0000,0.0000,0.0000,0.0000,0.0000,0.0000,0.0000,0.0000,0.0000,0.0000,0.0000,0.0000,0.0000,0.0000,0.0000,0.0000,0.0000,0.0000
0.0000,0.0000,0.0000,0.0000,0.0000,0.0000,0.0000,0.0000,0.0000,0.0000,0.0000,0.0000,0.0000,0.0000,0.0000,0.0000,0.0000,0.0000,0.0000,0.0000,0.0000,0.0000,0.0000,0.0000,0.0000,0.0000,0.0000,0.0000,0.0000,0.0000,0.0000,0.0000,0.0000,321.9715,338.3940,331.4865,362.7399,389.6097,402.1490,395.2681,425.6033,428.3087,456.2286,482.4456,489.6698,537.6849,580.9182,563.2317,598.1043,623.8918,629.0292,705.5478,693.9321,662.6704,706.2587,760.5292,777.6891,819.5544,779.1188,830.3749,824.9044,861.2554,842.8697,852.9316,896.3571,950.6025,912.5910,909.8522,941.4161,956.9631,1022.5776,1038.8444,1040.6797,1105.2321,1059.7126,1165.8613,1204.0640,1220.4503,1204.8547,1206.9059,1284.1407,1428.7620,1365.6412,1406.2235,1439.3721,1474.4432,1561.3124,1528.6592,1603.1219,1629.6333,1632.0903,1685.8458,1725.0306,1631.7773,1694.3467,1697.6554,1720.6759,1832.1672,1803.1448,1872.3428,1927.3223,1931.2494,1940.4716,2006.7217,1895.4570,1963.7292,1982.7852,1977.7881,2051.6655,2035.6508,1997.9919,2093.1523,2071.3105,2043.5122,2141.2876,2131.4956,2196.4844,2217.8220,2169.4744,2183.1001,2181.4636,2330.8958,2347.2544,2386.2361,2481.3403,2524.2493,2567.7202,2673.3132,2615.3979,2667.1687,2835.6831,2871.9011,2917.0193,3009.0283,2853.4919,2965.8030,2976.5317,2973.8228,2986.3894,2841.8757,2794.9329,2868.7969,2764.3591,2736.4075,2628.6482,2646.2754,2757.1646,2722.1389,2722.6855,2692.2515,2555.7134,2721.9480,2774.2007,2752.2898,2864.8584,2770.2161,2932.7439,2968.6477,2873.1799,2720.2380,2677.4053,2667.4324,2746.2476,2744.9287,2691.4812,2842.4951,2826.5242,2846.3591,2817.8174,2715.5198,2627.4573,2604.4260,2617.2429,2547.0818,2461.6609,2419.9885,2497.6355,2544.8550,2551.0591,2528.2183,2491.8313,2624.1257,2646.3665,2702.2527,2792.3840,2716.5483,2750.4951,2882.4939,2758.7170,2727.2595,2772.9207,2740.8005,2820.2439,2849.6353,2775.8721,2787.9336,2842.9155,2835.3782,2824.2876,2772.8140,2797.8115,2867.7371,2979.1880,3004.0393,2899.4421,2819.4622,2815.3132,2716.8738,2801.4685,2735.2644,2657.2913,2728.9802,2820.8047,2821.8770,2870.0068,2667.2175,2638.9607,2689.1838,2677.5491,2629.4753,2616.9163,2629.9700,2740.6521,2733.9062,2691.1682,2578.1914,2467.1155,2420.9919,2485.8696,2512.3667,2450.8159,2481.6709,2496.4033,2595.9773,2567.7539,2449.6616,2402.0537,2285.4382,2332.3091,2298.8301,2236.1262,2294.0420,2308.7803,2405.1704,2447.8086,2372.5481,2315.9878,2323.4585,2285.5132,2319.0466,2356.0327,2262.3462,2330.4519,2271.1919,2285.8662,2222.0881,2207.5366,2158.0979,2203.6211,2240.7939,2298.2656,2291.4739,2244.0969,2337.5496,2227.3894,2145.3430,2094.8359,2048.2869,2098.1013,2025.3214,2057.3437,2174.4736,2150.7625,2248.6074,2267.1331,2160.8320,2109.0417,2126.0691,2026.4077,2056.9280,2017.8358,1968.7156,1976.2771,2053.4114,2105.1172,2138.1260,2080.3743,2064.0151,2095.6487,2084.0098,2111.6819,2003.4913,1965.8783,2004.2938,1969.2629,1968.9884,1944.3711,1884.9883,2006.0645,2052.2637,2084.8745,2064.3667,1962.5151,1968.6664,1943.2708,1870.5077,1741.0199,1674.6949,1669.4711,1786.9668,1720.2075,1689.2406,1674.3229,1627.2571,1580.9957,1626.9288,1632.9894,1555.1549,1536.7426,1519.4572,1486.2090,1425.9296,1348.8564,1258.9707,1204.1964,1155.3038,1091.8296,1020.9146,1044.9393,996.9194,987.6028,1043.9365,956.2479,975.4127,1005.1479,938.1792,989.5078,1001.0777,993.0460,975.7970,1008.8282,945.3276,914.5449,868.5111,852.6828,791.7435,789.9414,762.4156,711.6244,692.8278,650.0051,663.7284,558.5997,511.6796,465.0360,486.6753,413.6155,375.4032,387.7292,312.0936,326.8244,269.6440,266.2229,200.9126,201.5890,163.8402,146.5905,0.0000,0.0000,0.0000,0.0000,0.0000,0.0000,0.0000,0.0000,0.0000,0.0000,0.0000,0.0000,0.0000,0.0000,0.0000,0.0000,0.0000,0.0000,0.0000,0.0000,0.0000,0.0000,0.0000,0.0000,0.0000,0.0000,0.0000,0.0000,0.0000,0.0000,0.0000,0.0000,0.0000
0.0000,0.0000,0.0000,0.0000,0.0000,0.0000,0.0000,0.0000,0.0000,0.0000,0.0000,0.0000,0.0000,0.0000,0.0000,0.0000,0.0000,0.0000,0.0000,0.0000,0.0000,0.0000,0.0000,0.0000,0.0000,0.0000,0.0000,0.0000,0.0000,0.0000,0.0000,0.0000,0.0000,0.0000,279.2855,333.8975,346.5200,378.9469,412.0421,417.9691,475.9698,426.2177,408.6701,508.2698,493.1896,503.4763,541.1886,579.7828,551.2149,573.4980,621.2910,691.5122,679.6349,694.1041,698.7073,728.5892,749.9537,834.0999,819.1813,797.1246,830.1641,854.1719,836.0084,843.6240,913.5619,863.7985,892.2864,887.3771,990.2489,926.7758,1019.8434,997.9517,1009.7884,1056.3403,1070.1790,1134.1475,1150.1731,1235.8975,1210.4941,1227.5034,1182.3678,1255.5188,1374.0066,1439.7123,1415.0444,1474.3622,1559.9084,1585.3237,1653.1166,1648.1328,1620.1572,1606.4794,1668.9943,1633.5817,1667.0945,1675.0304,1756.3683,1791.5603,1856.2969,1792.8389,1845.6222,1870.5682,1916.1967,1964.4958,1969.9971,2010.4774,1991.3002,2046.2100,2084.1067,2027.9515,1984.8352,1925.9739,1982.3837,2107.2681,2084.7383,2184.2949,2234.6016,2168.6963,2251.2454,2236.0652,2177.9929,2295.1821,2276.9531,2426.3503,2629.5405,2578.5112,2665.1636,2671.6707,2661.2700,2640.1384,2787.0823,2801.6550,2929.5459,3032.1484,3098.2151,3006.9243,2931.8782,2883.8813,2814.6367,2794.4841,2808.4619,2671.7371,2689.2378,2786.6907,2660.2200,2664.2825,2688.8594,2621.5935,2683.5166,2608.5146,2571.4617,2596.5986,2614.9399,2765.9922,2924.7905,2857.1853,2822.4124,2856.0142,2770.4751,2707.1057,2665.9258,2631.8259,2687.6023,2670.6743,2844.1257,2780.2527,2713.5039,2741.3032,2752.1440,2826.7029,2757.2461,2572.6716,2594.4744,2608.2913,2541.4292,2494.0359,2477.9790,2369.1609,2516.5591,2525.3347,2562.8538,2649.9709,2620.0010,2753.5208,2891.8428,2758.6025,2742.5784,2732.0259,2741.2034,2812.3379,2819.6001,2804.3064,2824.6858,2788.1211,2872.3567,2827.4805,2797.8350,2773.7290,2669.3726,2842.3455,2989.2529,2865.5479,2872.8572,2975.1492,2856.1150,2876.3738,2774.1196,2647.3730,2730.6626,2694.5359,2706.8740,2781.4761,2650.0959,2634.2944,2714.4866,2583.2590,2527.8745,2555.6909,2541.3193,2626.3101,2684.2561,2721.8792,2606.4465,2571.9465,2557.3735,2493.9041,2440.8623,2427.8850,2365.0342,2450.4373,2550.8655,2471.3972,2452.2561,2412.4565,2310.3977,2360.5161,2284.5669,2154.4407,2236.7021,2230.4011,2276.0681,2316.0281,2232.9663,2246.7209,2330.6294,2371.8057,2374.5447,2307.6079,2341.8655,2410.4517,2380.2532,2384.1670,2343.7507,2148.1899,2133.0937,2105.0198,2195.6567,2184.3601,2168.4570,2226.7407,2311.7930,2286.6436,2230.7676,2165.7114,2104.6057,2111.5579,2061.2676,2034.9196,2092.6914,2046.4587,2098.5242,2252.8293,2243.9565,2203.1106,2148.7554,2166.2278,2153.8127,2104.1541,2027.5262,2080.5698,1979.9031,2046.6011,2052.6599,2029.7372,2072.8589,2084.9648,2098.0698,2195.3210,2078.3169,2071.1599,2028.1670,1928.7759,1946.3328,1896.5194,1894.2195,2023.4686,1985.6630,1992.2925,2063.2478,2019.8264,2052.4529,2065.6306,1932.6381,1854.8210,1801.6936,1769.4587,1812.3356,1706.3256,1691.3169,1628.4324,1655.1302,1637.0806,1594.5369,1597.0256,1589.0819,1589.2637,1605.2426,1575.3724,1463.6415,1433.6161,1424.1909,1390.9531,1306.3785,1237.1476,1171.4385,1114.1533,1073.3312,1038.3372,1024.3197,997.2852,984.3120,1013.9761,993.8179,987.5945,1009.2930,974.4721,1050.6188,1061.8070,1048.1661,986.7132,1000.3898,947.5353,881.8461,895.6561,844.9534,789.3321,774.3483,772.6359,685.9311,681.1190,628.5744,597.9164,563.5598,547.8409,483.7344,437.1573,469.2143,384.4793,349.6412,301.5713,262.0113,311.5095,248.9796,224.2988,192.8126,128.0050,0.0000,0.0000,0.0000,0.0000,0.0000,0.0000,0.0000,0.0000,0.0000,0.0000,0.0000,0.0000,0.0000,0.0000,0.0000,0.0000,0.0000,0.0000,0.0000,0.0000,0.0000,0.0000,0.0000,0.0000,0.0000,0.0000,0.0000,0.0000,0.0000,0.0000,0.0000,0.0000,0.0000,0.0000
0.0000,0.0000,0.0000,0.0000,0.0000,0.0000,0.0000,0.0000,0.0000,0.0000,0.0000,0.0000,0.0000,0.0000,0.0000,0.0000,0.0000,0.0000,0.0000,0.0000,0.0000,0.0000,0.0000,0.0000,0.0000,0.0000,0.0000,0.0000,0.0000,0.0000,0.0000,0.0000,0.0000,0.0000,299.6402,311.4899,386.2491,383.3258,383.3886,388.0284,422.6908,424.0211,399.4434,429.9333,488.0720,514.4493,499.2249,534.8221,576.9296,577.1641,587.6805,572.2348,670.2777,694.3039,701.4411,706.1017,739.9811,749.0352,770.1910,805.9589,808.9338,797.0557,787.5420,840.3181,885.6271,899.5109,940.8899,904.5606,894.8550,941.5527,962.7611,992.5753,1008.6370,1026.2314,1100.2866,1128.2023,1137.4142,1174.2197,1160.4072,1197.1882,1243.0400,1231.5073,1334.8713,1418.5900,1381.9633,1520.1411,1577.8151,1495.7402,1554.1656,1581.5037,1632.6400,1633.0280,1607.8119,1645.9929,1717.3425,1741.7163,1802.6733,1717.8358,1797.9501,1806.3445,1842.4950,1932.7983,1952.6108,1951.8278,1972.4773,1968.0989,1927.4773,1957.7686,1936.9387,1976.6049,2030.8739,1910.6261,2003.1993,2056.3811,2087.9370,2187.0237,2160.8345,2171.8777,2204.5291,2293.3987,2255.5784,2334.6113,2337.7698,2431.3213,2560.7920,2609.5374,2595.2285,2607.8848,2716.1663,2654.7515,2769.7517,2935.1958,2957.6931,2864.2776,3006.1113,2956.8811,2887.7288,2854.3545,2736.4202,2804.3091,2808.6648,2695.7478,2626.5889,2669.2112,2598.3198,2672.3870,2686.3040,2587.0601,2585.4995,2603.6833,2686.6301,2765.5083,2674.0779,2743.5229,2727.8694,2813.8779,2836.6650,2769.0210,2742.9336,2671.5322,2668.0850,2740.9866,2669.9463,2586.8838,2641.2778,2671.0559,2816.2729,2820.5454,2709.4392,2755.2234,2811.2021,2672.0701,2661.6892,2605.7388,2418.0317,2499.4885,2438.4890,2432.0161,2516.6812,2428.5039,2537.2678,2602.9421,2595.3582,2633.9023,2692.4387,2744.1533,2761.5007,2755.9937,2827.6230,2808.8157,2816.1182,2964.2732,2874.7754,2832.9888,2791.0552,2828.0974,2867.7812,2871.3828,2735.9219,2816.3188,2892.7520,2874.3616,2905.4351,2842.8032,2726.7434,2785.8979,2785.7483,2786.3821,2730.4873,2578.8005,2609.9109,2627.1477,2587.9551,2508.5681,2509.5100,2507.5088,2591.0232,2576.4067,2634.7322,2624.8298,2557.5615,2618.8652,2545.0962,2530.7227,2459.6802,2370.3564,2467.8049,2458.1843,2457.7920,2395.5439,2393.2246,2373.1577,2424.4612,2354.6313,2255.6240,2194.6436,2169.7175,2219.4058,2217.3782,2098.7607,2120.9053,2126.5007,2239.3533,2234.8311,2282.8384,2308.7439,2369.6135,2456.5708,2531.6685,2414.1160,2408.6147,2389.8489,2212.0518,2214.4316,2160.0671,2035.2325,2159.5103,2207.6277,2188.0410,2191.8652,2263.7400,2136.9902,2203.2734,2143.3496,2123.9023,2092.3723,2005.2411,2053.7703,2027.1462,2025.1237,2056.4397,2199.0200,2244.6150,2278.2737,2219.3696,2176.7871,2163.4138,2115.4548,2084.8877,1985.1104,1942.1765,2011.0012,2007.1221,2074.5020,2129.7332,2017.3617,2066.6873,2048.1709,2055.8403,1962.3536,1922.5267,1864.3525,1957.2267,1897.2432,1915.1543,1943.8689,1904.4781,1960.5321,1979.3586,1976.1256,1931.7365,1851.7612,1848.5663,1855.2732,1799.9822,1753.6202,1702.0822,1595.5026,1631.2493,1635.2119,1631.1224,1573.2625,1575.5106,1598.2579,1662.8970,1597.5056,1521.7264,1474.8683,1446.8557,1418.1567,1408.9294,1329.6053,1258.3040,1252.9148,1156.4001,1129.3444,1045.2985,1025.2388,990.4188,1043.8665,1006.3260,963.0585,964.4832,1015.3573,997.0693,944.2147,976.1298,1012.7360,978.3323,968.6039,958.5414,948.9910,926.0958,896.4991,850.0782,766.4681,774.2158,686.5463,680.7108,695.5779,618.6913,609.6343,571.9839,534.4844,505.4471,460.0718,407.4800,403.1903,319.3576,294.4045,285.7203,276.0372,263.3454,201.0261,181.2547,171.3746,0.0000,0.0000,0.0000,0.0000,0.0000,0.0000,0.0000,0.0000,0.0000,0.0000,0.0000,0.0000,0.0000,0.0000,0.0000,0.0000,0.0000,0.0000,0.0000,0.0000,0.0000,0.0000,0.0000,0.0000,0.0000,0.0000,0.0000,0.0000,0.0000,0.0000,0.0000,0.0000,0.0000,0.0000
0.0000,0.0000,0.0000,0.0000,0.0000,0.0000,0.0000,0.0000,0.0000,0.0000,0.0000,0.0000,0.0000,0.0000,0.0000,0.0000,0.0000,0.0000,0.0000,0.0000,0.0000,0.0000,0.0000,0.0000,0.0000,0.0000,0.0000,0.0000,0.0000,0.0000,0.0000,0.0000,0.0000,0.0000,0.0000,299.5567,336.2231,356.9864,347.5757,377.1784,420.4626,452.2368,464.9969,456.7227,449.6257,490.5746,495.8051,534.1796,507.0789,542.2670,568.7151,593.9823,643.7145,632.7179,654.5986,717.6516,669.6315,710.8242,744.8832,787.0826,766.0765,751.1470,815.5289,863.9489,833.3339,918.8456,843.8885,866.1198,941.8849,941.5317,951.2322,975.1217,967.5945,996.3143,1021.2030,1054.7800,1165.8367,1190.0413,1113.9821,1226.2584,1247.7288,1248.2930,1350.5011,1327.3328,1353.8842,1420.9683,1518.4468,1545.4656,1551.0669,1538.2443,1596.1960,1636.9586,1651.5925,1621.9554,1588.7421,1678.2849,1772.0457,1729.1648,1802.0049,1725.0967,1795.0947,1938.0201,1860.7578,1845.2179,1855.3842,1813.8738,1965.9901,1994.5836,1934.9382,1955.0605,1922.9088,1936.0526,1956.2345,2036.7117,2067.1663,2033.2225,2154.4058,2294.0439,2249.0249,2262.8840,2338.9329,2327.0366,2353.3481,2445.6797,2456.2869,2562.9790,2590.6807,2612.2024,2711.6072,2691.6199,2658.9905,2839.6074,2788.6140,2835.6721,2904.8411,2802.5671,2900.9810,2889.0073,2762.7375,2772.4878,2732.0542,2626.9062,2572.6765,2569.6226,2558.9226,2566.8909,2592.7803,2673.1343,2631.0630,2542.4727,2580.4763,2607.0693,2657.5183,2706.1982,2654.3054,2777.3823,2839.8491,2762.3772,2826.4846,2636.9595,2525.0828,2687.3281,2551.5295,2600.3103,2625.0757,2559.6523,2637.7671,2738.0532,2740.9563,2672.9341,2615.3098,2514.5935,2591.4067,2616.5447,2572.9863,2447.6284,2409.8787,2506.0061,2495.3752,2506.8787,2482.6021,2382.9644,2567.4307,2619.6155,2664.4465,2748.8440,2709.6689,2850.0032,2895.9795,2814.5366,2783.2292,2814.0122,2777.0471,2966.4648,2962.8464,2816.2598,2837.2776,2816.4932,2735.0630,2789.5269,2779.2041,2867.9443,2869.2871,2874.5269,2881.8315,2795.1643,2662.7280,2745.4412,2672.9822,2665.3125,2563.1318,2475.4536,2548.9546,2470.0215,2557.2927,2599.1611,2510.5691,2524.8308,2569.6482,2523.4563,2477.7029,2481.7168,2432.3896,2540.0046,2486.2881,2406.9834,2412.1733,2375.4934,2330.6372,2389.2542,2343.6667,2314.6345,2309.6382,2266.9478,2293.1169,2191.4907,2051.2722,2056.5259,2055.4702,2076.1606,2089.3445,2009.4636,2149.0747,2170.0244,2171.0740,2390.8301,2316.4753,2337.0820,2513.0791,2457.1531,2510.9998,2378.5847,2233.9626,2250.6895,2178.0293,2103.5144,2082.6399,2059.3364,2121.7830,2253.8677,2273.9900,2179.5703,2098.5039,2033.7371,2064.8901,2048.3860,1982.9592,1957.3225,1991.6628,2092.6001,2199.7502,2200.8857,2291.9106,2241.2422,2205.4407,2177.7295,2042.6235,1973.0298,2040.0396,1988.0244,2033.4572,2083.7798,2008.8550,2043.7460,2093.7637,2009.1205,2040.6165,1989.5509,1965.4261,1904.2078,1915.0577,1902.3750,1847.9542,1847.2905,1915.5553,1895.0907,1974.1235,1992.6980,1940.4666,2016.2329,1988.1008,1834.3722,1867.3409,1789.3889,1715.5889,1678.7852,1578.5214,1580.3533,1602.1080,1614.6154,1614.4818,1608.1124,1535.3906,1569.0652,1553.1929,1513.2521,1480.4272,1437.1362,1399.6866,1409.9515,1344.1259,1326.4506,1147.0361,1112.3219,1093.9642,1001.6442,1052.4021,960.9621,994.8888,980.6232,998.3328,968.3807,941.5110,934.7426,953.9583,958.9346,1035.3102,1040.7429,991.4562,982.0377,954.6210,982.9271,889.8442,865.2928,835.5510,789.8866,782.4590,700.5066,688.1437,664.8250,619.1301,555.0455,468.8147,466.1897,423.2527,425.9788,405.5238,342.4792,313.3283,304.5053,240.2941,237.2610,219.4073,183.6901,144.8218,0.0000,0.0000,0.0000,0.0000,0.0000,0.0000,0.0000,0.0000,0.0000,0.0000,0.0000,0.0000,0.0000,0.0000,0.0000,0.0000,0.0000,0.0000,0.0000,0.0000,0.0000,0.0000,0.0000,0.0000,0.0000,0.0000,0.0000,0.0000,0.0000,0.0000,0.0000,0.0000,0.0000,0.0000,0.0000
0.0000,0.0000,0.0000,0.0000,0.0000,0.0000,0.0000,0.0000,0.0000,0.0000,0.0000,0.0000,0.0000,0.0000,0.0000,0.0000,0.0000,0.0000,0.0000,0.0000,0.0000,0.0000,0.0000,0.0000,0.0000,0.0000,0.0000,0.0000,0.0000,0.0000,0.0000,0.0000,0.0000,0.0000,0.0000,297.9243,317.9019,311.9536,332.3750,409.3891,379.3839,382.7191,387.0838,454.3697,400.7162,458.4284,447.3071,439.3644,479.8330,514.3914,573.1184,616.5186,631.2512,639.0772,642.0912,576.8994,720.2808,723.3328,773.4910,757.5488,792.5113,728.7935,812.6802,811.1871,807.2948,857.1147,892.2869,912.5340,969.0389,932.6074,961.6028,975.2007,990.9278,1007.8340,1110.4547,1088.1298,1134.6562,1169.5681,1177.5416,1187.9546,1175.3138,1214.9659,1208.2692,1325.8521,1401.0627,1412.6647,1470.9486,1560.4186,1516.9116,1599.6414,1544.5984,1551.0039,1583.8910,1604.8195,1617.9071,1734.4803,1693.0310,1758.4395,1827.0670,1786.8357,1730.7178,1817.6440,1870.6416,1898.6000,1892.3230,1845.7798,1939.7334,1878.0414,1951.3334,1860.2257,1880.3459,1871.8286,1892.9504,2038.4111,2069.8835,2065.5559,2096.2683,2276.3723,2242.7715,2377.5771,2241.4556,2230.6489,2344.8110,2476.9238,2549.4319,2630.7578,2590.2695,2613.8945,2720.5159,2676.3987,2626.2280,2615.5237,2701.8625,2884.1382,2937.6934,2936.3652,2882.2944,2804.8926,2750.2449,2736.3818,2680.4707,2675.2627,2555.2263,2610.8970,2709.7041,2580.2878,2579.7637,2573.1799,2522.8350,2595.0984,2561.4807,2530.8286,2619.9414,2616.2207,2722.0215,2824.2842,2777.6514,2669.3831,2712.3721,2704.7952,2640.9656,2635.8967,2528.6458,2614.0906,2615.6636,2599.7300,2591.5884,2600.7881,2576.2966,2617.8430,2652.1348,2637.3367,2621.2964,2592.4966,2627.5032,2571.7170,2535.7710,2420.5024,2396.1677,2522.0386,2463.6826,2398.7444,2464.9495,2533.6421,2604.9243,2753.1099,2703.6399,2675.5259,2791.0474,2791.1663,2882.2383,2830.7502,2869.4058,2961.2363,2950.8662,2900.4380,2791.7676,2732.1975,2694.8962,2806.7676,2865.6023,2911.2036,2846.2178,2792.7961,2814.9041,2699.7341,2766.4563,2697.4553,2609.5969,2634.4343,2588.3074,2525.7041,2549.0352,2467.4470,2466.4839,2623.4075,2519.7957,2460.9116,2458.7346,2389.4978,2523.5168,2471.1013,2463.3367,2355.9568,2322.0330,2299.8145,2315.0930,2365.4243,2334.0427,2339.4780,2350.0637,2361.3958,2244.8423,2123.2200,2087.0745,1995.0427,2053.6914,2073.3479,2008.0258,2045.7206,2019.5446,2098.0439,2155.5862,2112.4507,2117.8259,2225.7542,2335.5427,2415.0588,2466.3508,2525.5476,2537.0371,2447.1499,2322.8621,2160.9338,2058.6365,2108.5107,2075.8528,2133.1558,2244.0564,2207.6292,2248.2441,2224.5723,2093.0002,2018.1713,1968.9341,1927.5236,2041.5822,2107.2068,2068.8857,2204.9963,2254.7339,2190.4587,2303.7224,2160.0459,2154.2297,2196.2961,2123.4741,2127.5571,2026.7378,1996.3710,2077.7148,2036.7830,2119.9839,2039.8756,1961.3577,1969.7427,2042.4492,2025.2678,1974.5214,1850.5508,1831.0890,1907.9872,1851.7236,1879.4812,1869.5968,1828.1178,1968.0948,1967.2329,1906.3043,1905.2094,1852.0413,1783.2087,1745.2446,1701.3971,1660.3646,1584.1033,1583.1586,1591.3373,1626.5154,1625.3680,1564.5265,1558.4299,1584.5823,1546.8455,1557.9054,1528.1440,1497.1477,1438.5457,1438.6357,1265.3940,1246.3856,1235.8328,1129.1105,1155.6024,1013.4371,1007.6619,1040.9883,1007.5585,987.9313,978.5527,906.9050,962.4436,959.8141,959.4742,998.4980,1016.3907,982.9877,1034.9945,1041.5583,976.3051,915.7759,899.3117,940.3320,867.4795,798.2617,789.1584,722.8907,758.0746,698.1631,625.2685,623.0051,574.3752,491.8405,478.4908,420.1184,373.6891,368.2117,314.1703,326.2460,309.2335,242.5200,246.3380,212.1493,167.8010,171.2202,0.0000,0.0000,0.0000,0.0000,0.0000,0.0000,0.0000,0.0000,0.0000,0.0000,0.0000,0.0000,0.0000,0.0000,0.0000,0.0000,0.0000,0.0000,0.0000,0.0000,0.0000,0.0000,0.0000,0.0000,0.0000,0.0000,0.0000,0.0000,0.0000,0.0000,0.0000,0.0000,0.0000,0.0000,0.0000
0.0000,0.0000,0.0000,0.0000,0.0000,0.0000,0.0000,0.0000,0.0000,0.0000,0.0000,0.0000,0.0000,0.0000,0.0000,0.0000,0.0000,0.0000,0.0000,0.0000,0.0000,0.0000,0.0000,0.0000,0.0000,0.0000,0.0000,0.0000,0.0000,0.0000,0.0000,0.0000,0.0000,0.0000,0.0000,276.5174,305.4020,348.1287,337.1525,391.9755,378.9511,400.0292,426.6935,380.5571,386.1792,423.0427,453.8210,457.3033,510.8711,490.9496,545.4366,582.6580,550.6826,601.3893,665.7394,661.8663,669.5910,729.9503,723.8559,770.4781,766.4561,741.6398,765.5873,769.8986,830.1686,898.7001,884.4006,897.4229,882.3535,972.0743,934.5322,970.2173,995.5159,1004.3357,1097.4321,1151.1289,1159.8181,1177.7908,1179.8118,1223.0413,1252.0750,1284.2766,1243.0138,1359.9850,1404.0771,1485.6913,1513.2495,1465.9283,1439.3383,1553.6951,1600.0387,1619.3167,1593.7086,1549.9275,1679.8878,1752.2963,1765.4866,1731.3361,1707.2485,1719.7731,1762.1658,1832.8715,1870.1277,1850.7511,1811.2087,1900.5953,1882.3259,1837.8350,1835.1370,1787.1305,1911.1238,2011.1660,1914.7688,1974.1429,1993.6364,2035.5956,2157.3687,2166.0737,2166.7651,2284.6082,2333.0149,2379.4099,2423.6436,2397.2043,2471.7097,2603.6824,2586.6777,2547.2129,2559.5332,2624.1179,2673.2393,2721.6816,2795.0935,2784.9832,2815.4431,2871.9832,2825.2747,2785.6372,2754.3291,2665.7695,2802.3843,2777.8589,2523.5881,2566.3865,2566.2031,2499.8357,2575.6055,2551.9265,2458.8025,2572.1221,2566.9670,2586.1233,2617.5610,2546.0061,2602.7959,2765.6238,2779.3325,2668.2715,2589.8496,2651.3877,2664.2783,2604.7507,2555.7007,2469.2937,2414.5168,2519.3298,2469.9312,2580.1343,2620.9810,2557.4922,2680.0005,2745.9155,2657.9167,2647.8872,2555.3413,2481.8032,2595.3997,2580.4216,2488.3718,2462.8054,2367.8604,2472.1035,2540.1855,2551.0483,2517.1006,2543.6406,2666.2852,2761.4607,2804.8923,2843.7485,2850.3013,2834.3389,2908.0574,2851.3682,2898.2480,2915.6055,2869.9412,2918.9563,2903.0916,2763.5183,2856.6362,2939.9983,2844.0811,2780.3699,2761.2598,2668.9849,2807.3076,2726.7478,2746.8389,2650.8838,2537.1377,2522.4355,2550.3857,2511.6616,2511.7134,2480.1567,2555.7910,2524.5117,2482.0447,2458.9929,2384.7983,2239.5618,2346.6953,2317.3313,2241.8855,2300.9055,2264.2517,2323.0310,2382.7737,2271.6108,2208.6301,2282.4492,2146.0815,2105.8623,2108.3140,2021.2870,2064.1865,2050.4990,2047.3309,2072.2527,1965.3990,1982.0856,2076.2996,2187.5356,2180.9146,2173.9919,2330.6941,2529.3589,2496.2402,2496.8894,2457.9070,2368.9612,2355.2319,2166.8179,2149.7915,2137.3108,2120.5647,2186.2715,2296.7283,2215.8474,2151.4854,2131.6582,2074.4651,2101.9255,2066.4600,2047.3265,2117.6418,2126.5588,2144.8074,2215.7698,2176.2161,2233.0132,2278.3828,2285.7671,2294.1750,2151.9551,2079.5071,2104.7749,2027.5306,2099.6321,2057.4619,2045.7820,2090.3833,2025.4084,2049.0918,2036.2292,1916.7432,1890.9017,1882.8953,1763.5206,1754.8851,1755.4075,1843.0129,1893.8792,1838.2736,1854.1674,1853.5891,1900.8535,1815.7222,1850.2902,1812.1169,1718.0992,1686.0222,1691.6686,1696.2115,1593.6677,1550.8608,1541.3800,1587.7477,1593.2998,1566.1663,1531.8828,1617.4633,1510.7361,1585.4597,1549.8650,1415.6547,1393.2916,1283.9587,1252.4296,1165.8153,1137.7166,1099.8923,1066.3434,1057.4655,987.9833,987.0079,933.2212,969.3606,1028.2018,950.8631,947.3540,976.2012,953.5529,1044.0464,1039.1326,1040.3916,1004.7023,987.5082,1027.3773,955.6994,929.1814,970.6769,845.1595,811.4893,803.4081,723.0105,694.8472,690.1069,671.5320,633.1797,554.3817,492.0063,491.9958,451.5621,364.9915,352.4164,312.2045,289.9938,291.4332,303.7441,224.6529,231.8992,163.9068,175.0478,0.0000,0.0000,0.0000,0.0000,0.0000,0.0000,0.0000,0.0000,0.0000,0.0000,0.0000,0.0000,0.0000,0.0000,0.0000,0.0000,0.0000,0.0000,0.0000,0.0000,0.0000,0.0000,0.0000,0.0000,0.0000,0.0000,0.0000,0.0000,0.0000,0.0000,0.0000,0.0000,0.0000,0.0000,0.0000
0.0000,0.0000,0.0000,0.0000,0.0000,0.0000,0.0000,0.0000,0.0000,0.0000,0.0000,0.0000,0.0000,0.0000,0.0000,0.0000,0.0000,0.0000,0.0000,0.0000,0.0000,0.0000,0.0000,0.0000,0.0000,0.0000,0.0000,0.0000,0.0000,0.0000,0.0000,0.0000,0.0000,0.0000,0.0000,0.0000,351.5144,313.6898,311.0690,339.5080,318.6386,415.8899,419.7383,431.3234,395.8640,389.4122,437.4280,446.8180,486.9047,439.7641,542.2606,588.7952,596.3641,618.7504,652.7570,623.5893,650.1526,693.8444,714.9952,753.8630,795.5236,820.6102,765.3739,767.7985,775.5477,859.2856,886.6700,898.4769,906.9964,903.3754,914.7213,893.9840,1029.1150,985.2302,1042.7990,1109.5845,1158.8699,1149.4257,1197.5759,1180.5833,1207.7252,1275.4911,1325.4663,1359.7706,1469.2643,1396.7418,1452.6479,1519.0228,1549.1705,1565.1309,1566.7356,1651.0237,1613.3275,1629.9149,1653.1692,1660.9746,1780.7087,1732.5271,1757.3491,1771.2144,1748.9540,1768.2100,1873.1770,1810.1520,1755.4208,1813.1930,1790.5281,1895.8636,1862.6444,1806.1864,1912.6954,1968.6458,1930.0842,1940.7871,1925.0247,1977.6012,2097.0698,2221.1819,2301.1760,2317.5774,2257.4272,2327.7488,2372.9460,2387.3948,2454.1443,2413.8184,2597.4939,2640.8848,2622.9507,2681.3384,2552.7551,2532.5994,2698.6785,2746.8843,2748.6631,2780.1941,2768.6147,2898.6853,2949.6663,2786.9253,2718.7139,2620.3235,2565.8958,2539.3928,2526.9575,2527.2817,2503.6135,2515.8318,2564.1401,2541.5859,2496.1511,2476.9673,2502.9363,2584.3933,2617.6990,2623.7932,2698.7847,2747.5396,2705.5276,2706.3342,2602.4988,2517.2346,2574.2178,2457.2187,2431.7781,2447.8137,2469.5068,2558.3201,2630.0837,2525.8118,2567.8770,2605.5398,2637.5227,2684.0381,2675.7932,2641.1094,2609.0942,2536.3745,2516.2666,2473.4773,2429.1741,2392.5825,2413.2122,2594.5459,2593.1077,2526.7959,2671.0039,2724.5000,2785.3674,2851.4170,2710.0515,2664.6697,2847.0493,2826.5747,3031.7612,3001.7314,2865.0068,2885.9583,2925.8994,2862.3367,2844.9893,2813.8850,2826.9971,2867.2170,2899.7725,2883.7798,2756.3301,2711.9307,2751.4275,2686.3518,2658.6116,2482.1521,2455.9907,2519.5078,2559.5986,2474.2290,2494.7124,2415.9229,2352.5640,2431.5759,2285.5864,2290.4028,2274.6069,2249.1726,2353.7200,2325.8589,2231.1106,2213.6079,2195.1238,2199.0818,2189.7886,2230.8799,2179.5359,2177.4583,2137.5835,2079.2917,2061.2273,1960.8372,1974.3688,2065.4600,2045.7643,2071.3704,1987.8699,2130.5261,2249.5698,2271.4819,2393.1050,2378.8813,2416.4749,2532.4834,2442.5820,2449.1892,2291.5732,2218.1709,2232.0449,2205.6128,2079.2351,2078.6016,2173.4792,2129.9019,2195.2490,2156.7546,2113.2837,2065.2480,2125.1743,2103.4797,2103.7068,2177.2729,2208.4468,2271.4558,2388.5811,2401.6213,2279.3926,2227.8474,2212.2764,2199.3298,2194.7244,2052.5293,2049.2170,2199.3298,2108.0259,2149.1477,2156.0552,2001.6448,1933.1970,1994.8102,1844.7018,1778.6729,1755.7827,1738.2142,1805.9023,1800.9594,1752.6285,1787.1945,1767.1458,1784.2169,1822.2793,1809.9264,1786.6526,1686.5104,1824.2917,1733.8572,1651.7150,1574.8138,1516.2145,1513.4717,1597.0417,1548.1752,1603.9142,1580.5894,1541.1636,1604.7819,1572.2668,1528.0669,1493.9510,1431.9269,1412.7612,1333.7606,1286.6116,1207.2517,1226.8594,1145.1753,1052.5481,1037.4585,985.0281,945.0532,932.1136,946.1073,1009.5048,983.8428,958.8825,993.3986,966.4908,983.2260,998.7332,1002.4327,1066.3158,1005.6436,982.3019,1027.4935,961.5217,953.4856,920.3635,856.3222,773.9905,794.1415,718.7982,725.9981,649.9617,617.8821,610.7994,543.9735,464.0698,420.1664,420.6814,387.2702,329.2286,326.9202,265.9158,249.1104,208.8887,212.2275,154.1053,160.1178,0.0000,0.0000,0.0000,0.0000,0.0000,0.0000,0.0000,0.0000,0.0000,0.0000,0.0000,0.0000,0.0000,0.0000,0.0000,0.0000,0.0000,0.0000,0.0000,0.0000,0.0000,0.0000,0.0000,0.0000,0.0000,0.0000,0.0000,0.0000,0.0000,0.0000,0.0000,0.0000,0.0000,0.0000,0.0000,0.0000
0.0000,0.0000,0.0000,0.0000,0.0000,0.0000,0.0000,0.0000,0.0000,0.0000,0.0000,0.0000,0.0000,0.0000,0.0000,0.0000,0.0000,0.0000,0.0000,0.0000,0.0000,0.0000,0.0000,0.0000,0.0000,0.0000,0.0000,0.0000,0.0000,0.0000,0.0000,0.0000,0.0000,0.0000,0.0000,0.0000,262.0832,305.3015,324.3329,340.4189,376.0088,440.2876,416.0443,387.4576,374.7260,377.9395,387.3721,393.9820,456.9873,500.1947,550.5131,477.6033,572.2728,559.5279,589.0685,636.5992,615.1038,685.4082,789.0327,749.7250,729.2954,766.3531,760.9380,792.9307,795.3714,774.7160,872.5860,870.8058,942.3537,961.3401,896.1511,874.0333,949.7872,1026.6412,1017.7413,1090.2134,1104.7808,1171.8442,1191.4976,1197.5367,1148.1857,1207.7950,1238.5405,1329.5566,1370.2012,1490.9277,1449.6969,1540.1265,1563.8555,1577.8389,1562.8860,1560.6381,1600.9910,1618.7957,1638.9802,1668.9462,1772.9436,1723.6613,1731.6685,1792.2445,1713.4178,1720.8899,1702.7151,1760.9276,1847.6780,1827.4707,1780.7008,1790.1174,1775.8407,1759.9799,1808.8405,1884.4370,1891.7301,1982.1823,2003.1210,2076.2178,2095.1250,2149.9939,2262.1460,2256.2581,2361.6128,2305.7258,2310.6887,2402.3318,2408.9968,2470.4739,2595.5591,2538.8503,2524.4587,2650.8550,2545.2593,2499.7734,2594.1799,2748.1184,2838.9724,2835.5942,2826.0383,2801.6621,2846.0835,2758.2336,2636.3047,2557.7949,2452.0293,2484.7527,2563.0715,2561.4771,2358.0627,2356.7363,2455.2073,2435.2795,2548.6892,2507.4585,2393.7107,2523.7136,2589.7676,2600.6025,2688.2869,2566.0342,2566.9294,2643.2581,2624.8064,2547.6650,2439.1426,2405.5483,2547.9597,2509.5264,2458.3000,2383.7410,2411.5278,2499.3962,2545.9087,2656.3015,2694.7314,2657.3018,2623.0586,2687.5852,2637.7842,2564.2253,2480.6069,2390.1179,2533.2896,2504.4297,2454.5920,2543.1042,2510.5913,2523.3208,2669.2378,2671.6677,2640.4192,2700.1277,2730.0591,2828.8823,2847.6528,2799.9707,2910.5796,2923.7903,2893.2571,2886.8508,2857.5815,2878.4346,2954.3645,2960.6919,3057.2961,2829.0884,2870.1047,2851.1543,2710.1843,2779.5737,2678.0872,2641.3364,2783.3081,2656.6721,2519.0796,2489.0918,2458.0947,2448.2375,2561.4873,2395.5874,2335.4773,2400.8164,2293.1589,2335.8528,2275.8640,2222.4656,2201.4602,2273.7617,2229.5227,2211.1543,2165.7959,2211.0479,2279.4121,2333.9038,2313.8584,2130.4700,2115.6819,2149.5022,2069.0449,2087.7322,1991.3198,2011.1990,2093.0708,2126.9402,2098.6235,2137.1035,2191.9702,2203.9365,2379.7886,2438.1772,2458.3831,2409.8286,2404.2048,2393.3325,2374.8694,2308.8806,2151.6428,2133.8162,2102.1633,2171.9102,2180.9912,2196.9397,2164.7637,2145.6743,2142.7371,2054.8589,2089.9895,2148.5671,2193.1877,2347.5071,2435.6948,2293.5674,2384.9600,2362.8435,2284.4333,2239.8232,2118.5054,2110.9351,2175.9258,2159.2170,2184.0486,2090.7153,2110.3213,2122.8193,2121.8892,2062.9128,1977.5312,1830.6902,1823.2076,1758.2622,1756.4780,1759.2322,1701.7352,1726.7216,1748.1718,1717.7655,1776.8978,1786.1152,1797.3972,1859.9240,1780.0731,1673.6615,1672.2253,1618.8951,1512.8910,1577.9692,1538.6106,1540.6887,1572.0698,1593.5020,1553.6908,1523.8715,1489.2164,1545.6084,1499.1791,1488.2723,1460.8030,1373.0267,1430.9030,1324.0865,1243.0355,1203.1605,1116.3918,1029.2976,999.1241,992.7365,961.6816,884.7577,938.4615,943.1912,907.8044,949.5491,950.0500,933.2924,997.8781,1033.4182,1009.6307,1011.1148,989.1823,967.8959,1006.9626,945.6261,914.2195,867.1367,854.4612,848.0923,776.4216,719.3384,712.8669,722.1320,633.3925,572.0507,543.8281,484.1888,457.3139,465.0742,430.8408,344.7010,322.0634,265.9756,236.5664,226.6432,206.5227,215.6057,165.3197,131.0789,0.0000,0.0000,0.0000,0.0000,0.0000,0.0000,0.0000,0.0000,0.0000,0.0000,0.0000,0.0000,0.0000,0.0000,0.0000,0.0000,0.0000,0.0000,0.0000,0.0000,0.0000,0.0000,0.0000,0.0000,0.0000,0.0000,0.0000,0.0000,0.0000,0.0000,0.0000,0.0000,0.0000,0.0000,0.0000,0.0000
0.0000,0.0000,0.0000,0.0000,0.0000,0.0000,0.0000,0.0000,0.0000,0.0000,0.0000,0.0000,0.0000,0.0000,0.0000,0.0000,0.0000,0.0000,0.0000,0.0000,0.0000,0.0000,0.0000,0.0000,0.0000,0.0000,0.0000,0.0000,0.0000,0.0000,0.0000,0.0000,0.0000,0.0000,0.0000,0.0000,0.0000,265.1960,292.0081,324.6023,382.9839,366.1616,371.1640,392.1728,376.6094,386.9409,412.8831,438.4669,429.6666,500.6040,471.7091,508.6708,511.1569,561.5577,578.3405,643.5426,596.8667,650.7188,700.0054,721.9821,760.4046,733.3765,750.5484,748.2540,797.6168,798.5328,854.6390,912.2205,868.4750,878.1519,874.9968,947.4911,941.7487,1047.2858,1030.4375,1058.3412,1149.3685,1089.2472,1140.8606,1221.0977,1193.2692,1246.2213,1282.2698,1321.8762,1384.7836,1526.2404,1443.7185,1493.0880,1497.3290,1482.3644,1584.8104,1621.2549,1585.6581,1604.1938,1603.1962,1645.0535,1727.1134,1743.9685,1685.5732,1683.2117,1700.8550,1737.0896,1714.4114,1764.4255,1819.2025,1745.2028,1833.7948,1688.9792,1661.6899,1713.2898,1810.4869,1951.2800,2028.0739,1915.1409,1963.3118,2068.3457,2084.7131,2199.9451,2244.1082,2253.1318,2376.2146,2385.1309,2355.0029,2338.6814,2333.7793,2407.9851,2544.1101,2548.0176,2488.1562,2446.2661,2540.4363,2628.1995,2633.0024,2662.3162,2628.8821,2660.9021,2791.1582,2765.5037,2821.2649,2762.0354,2622.5449,2640.5515,2628.6865,2409.9170,2418.1514,2362.8948,2337.2209,2384.5994,2418.9380,2401.5562,2537.3833,2436.4429,2433.2512,2423.4243,2446.4404,2463.1995,2615.9839,2628.0325,2596.5974,2536.8042,2570.0269,2564.6243,2519.6926,2457.1311,2416.1296,2416.5291,2405.5847,2317.0840,2457.6960,2531.7078,2487.2090,2637.7683,2705.8591,2552.3750,2574.9814,2633.2996,2608.2954,2680.9119,2664.4546,2523.8479,2576.2598,2472.3184,2448.6077,2471.6731,2411.2725,2465.5081,2580.5378,2634.3267,2701.0999,2650.6135,2673.8740,2737.5117,2843.4436,2884.0779,2769.4194,2764.9556,2876.9172,2959.1094,2956.8047,3016.1748,2908.0137,2973.0117,3010.1919,2883.2107,2853.5864,2811.6196,2775.4109,2860.4951,2805.0813,2726.5291,2757.5869,2502.4963,2521.2983,2564.2266,2511.4233,2469.7861,2426.8979,2483.6450,2536.3237,2352.0654,2275.0776,2275.6902,2264.1868,2320.5964,2298.8457,2280.8391,2284.2551,2220.9739,2313.2346,2393.9456,2268.1384,2254.4099,2290.6631,2213.6909,2225.3726,2165.3289,2109.7524,2144.2253,2138.2168,2123.5466,2143.8425,2095.8784,2100.5078,2203.7529,2235.9426,2325.1624,2353.9651,2415.3596,2406.9268,2342.6438,2364.0654,2306.1577,2293.8171,2320.6802,2245.8840,2177.3594,2182.8728,2158.1025,2180.2168,2282.4397,2073.5986,2125.6851,2155.9812,2212.4841,2299.3782,2248.8262,2282.8594,2381.8013,2388.8708,2314.4546,2334.3569,2229.7373,2230.6904,2285.3940,2227.0879,2284.3176,2127.9683,2158.8511,2144.4771,2211.5374,2208.7583,2075.2227,2019.8738,2017.7828,2005.5271,1881.8184,1842.5205,1716.4810,1678.3917,1693.7677,1641.3417,1668.4988,1681.9617,1739.9558,1850.2649,1842.5795,1763.1285,1735.2124,1746.1262,1645.8523,1635.0229,1480.8967,1482.1997,1539.5161,1553.6315,1531.0583,1532.4230,1535.3848,1482.7648,1524.1957,1569.3794,1500.8672,1525.8018,1479.0043,1424.5392,1413.5111,1350.2572,1267.8619,1242.0615,1162.3363,1075.9846,1036.2665,1003.8435,956.5768,989.5204,950.1743,902.6906,910.8223,932.1357,1001.0577,981.9056,996.6118,1002.0150,955.7292,1005.1889,1008.5753,982.2520,968.4576,975.2553,913.4573,957.2878,909.1953,832.8569,833.0729,742.9047,705.4642,709.1794,623.1863,605.2989,575.9459,543.7039,507.8040,449.2948,394.2722,414.6783,374.5985,309.2138,233.2375,239.6389,232.6412,199.9974,214.0582,166.2303,0.0000,0.0000,0.0000,0.0000,0.0000,0.0000,0.0000,0.0000,0.0000,0.0000,0.0000,0.0000,0.0000,0.0000,0.0000,0.0000,0.0000,0.0000,0.0000,0.0000,0.0000,0.0000,0.0000,0.0000,0.0000,0.0000,0.0000,0.0000,0.0000,0.0000,0.0000,0.0000,0.0000,0.0000,0.0000,0.0000,0.0000
0.0000,0.0000,0.0000,0.0000,0.0000,0.0000,0.0000,0.0000,0.0000,0.0000,0.0000,0.0000,0.0000,0.0000,0.0000,0.0000,0.0000,0.0000,0.0000,0.0000,0.0000,0.0000,0.0000,0.0000,0.0000,0.0000,0.0000,0.0000,0.0000,0.0000,0.0000,0.0000,0.0000,0.0000,0.0000,0.0000,0.0000,288.4302,303.9534,316.8925,354.7915,345.1475,381.9500,405.8988,394.4368,391.5887,402.2264,388.0583,470.2925,424.8101,468.2061,509.9540,497.6182,545.2778,593.8016,580.5560,610.6787,667.7302,721.1019,690.5128,730.1046,768.3250,774.8719,742.0433,751.3233,776.6395,817.1511,873.6530,878.3131,837.2438,948.7166,944.7499,1009.8073,1048.9930,1042.5197,1038.2285,1107.8055,1108.1870,1189.1887,1200.1758,1190.9697,1257.5358,1340.9785,1336.9572,1418.9128,1409.3303,1434.7233,1543.1528,1560.6469,1580.8760,1610.0846,1547.2998,1601.0883,1617.0308,1582.3256,1620.8309,1634.5839,1755.5601,1720.7457,1671.7410,1727.5400,1710.2316,1647.1948,1731.0463,1740.0477,1694.5934,1674.9125,1711.7799,1746.6151,1808.6510,1776.5693,1851.5210,1928.2281,1874.6874,1936.4580,1950.7888,2046.8058,2157.2068,2287.9648,2367.9160,2348.7854,2313.9617,2357.8662,2361.8823,2339.2124,2362.6899,2396.8259,2552.3711,2526.0059,2542.5320,2574.8469,2527.0461,2549.0789,2626.9172,2648.2151,2668.6223,2760.9800,2736.9216,2842.2886,2856.0256,2622.8977,2505.9773,2482.8386,2407.1301,2322.9541,2315.9954,2323.6460,2440.5093,2434.1619,2491.7468,2444.5503,2374.1812,2344.9287,2389.7722,2484.3997,2470.2476,2470.8013,2598.0317,2625.0303,2547.4939,2571.2146,2449.0007,2409.5730,2531.9355,2510.1565,2453.0056,2378.3154,2336.1016,2399.5291,2522.0613,2462.4131,2461.9612,2498.8474,2530.5457,2624.9009,2691.9331,2651.9487,2620.0967,2636.5872,2546.7603,2526.4263,2424.4932,2408.9487,2447.2314,2526.4324,2547.3269,2475.4590,2532.9651,2629.3823,2601.6550,2707.0190,2702.6677,2703.8616,2800.9797,2770.6863,2867.6357,2920.1443,2834.5247,2967.8354,3023.4602,2938.1003,2919.5105,2937.7156,2967.2822,2982.7456,2928.9985,2780.7446,2806.8445,2704.9265,2669.4685,2659.7473,2547.0342,2540.5972,2540.5007,2598.6567,2576.6692,2494.1033,2412.3711,2391.1379,2385.2209,2393.7815,2268.3103,2204.3132,2323.7585,2328.8018,2375.0940,2347.7913,2215.4148,2344.1694,2409.2664,2428.8989,2414.9285,2352.5688,2334.7097,2347.9160,2302.4509,2244.6289,2133.8831,2096.8987,2143.1201,2203.1274,2244.4075,2253.9365,2159.5610,2294.0212,2353.8376,2310.4626,2278.8379,2219.7812,2248.8857,2328.4282,2328.0403,2320.8872,2347.9253,2218.7153,2242.9314,2209.0420,2106.9421,2141.8940,2146.6272,2205.7141,2287.3513,2225.7837,2336.1384,2360.7019,2417.0107,2431.0745,2376.1672,2358.6404,2333.9209,2326.4243,2356.6184,2350.0190,2180.1521,2166.7581,2203.2708,2174.8838,2213.5337,2193.9448,2181.7910,2239.7468,2137.0129,2087.6565,1990.8076,1880.0288,1833.3972,1825.1005,1655.2611,1646.6246,1620.1288,1643.8716,1746.0447,1676.5485,1757.7994,1797.4186,1822.1924,1743.9861,1640.1583,1622.2314,1593.8409,1583.9854,1589.1350,1538.8967,1410.4745,1491.7280,1484.8042,1489.4808,1507.0404,1511.0203,1546.6771,1534.1702,1523.2031,1451.8696,1442.8617,1330.1749,1293.4956,1289.3616,1230.1157,1206.8436,1042.9916,1001.5125,1055.1404,985.2730,971.2247,902.4975,932.9658,929.8136,962.0488,978.3078,1006.6207,977.0771,1078.5194,1027.1942,1020.0178,1015.2661,995.2086,1001.0760,1047.0042,1016.0524,936.4285,926.2034,873.5826,836.9501,791.6733,747.4154,699.5620,726.3138,623.5783,627.4799,552.9935,531.6237,494.9341,439.6566,436.9968,359.0054,349.2567,270.7003,273.4719,254.2972,222.4829,203.7370,194.3954,212.1067,0.0000,0.0000,0.0000,0.0000,0.0000,0.0000,0.0000,0.0000,0.0000,0.0000,0.0000,0.0000,0.0000,0.0000,0.0000,0.0000,0.0000,0.0000,0.0000,0.0000,0.0000,0.0000,0.0000,0.0000,0.0000,0.0000,0.0000,0.0000,0.0000,0.0000,0.0000,0.0000,0.0000,0.0000,0.0000,0.0000,0.0000
0.0000,0.0000,0.0000,0.0000,0.0000,0.0000,0.0000,0.0000,0.0000,0.0000,0.0000,0.0000,0.0000,0.0000,0.0000,0.0000,0.0000,0.0000,0.0000,0.0000,0.0000,0.0000,0.0000,0.0000,0.0000,0.0000,0.0000,0.0000,0.0000,0.0000,0.0000,0.0000,0.0000,0.0000,0.0000,0.0000,0.0000,0.0000,313.9975,315.1183,342.1421,352.9852,373.8652,360.4076,384.8000,386.6965,376.5845,360.6784,406.2347,440.2357,461.8248,492.0531,484.9144,521.6088,528.9249,549.7872,544.8510,603.4641,688.8581,713.1251,766.6663,761.1689,772.5392,714.3936,748.6129,791.8098,820.9930,827.5938,845.4377,927.6162,979.6588,981.0890,959.3334,984.5917,1043.1857,1060.3770,1127.2688,1155.4447,1233.3208,1293.8602,1237.9966,1261.7771,1270.1832,1342.4619,1449.0549,1490.3489,1569.1272,1568.9174,1586.0833,1635.3285,1592.4971,1613.1976,1581.4977,1531.8014,1657.4777,1672.4149,1578.1967,1720.3597,1686.2643,1704.7988,1716.8711,1620.3090,1624.3108,1692.1831,1671.9574,1691.9366,1693.3303,1561.1129,1668.4980,1737.1104,1733.6565,1770.4496,1826.6680,1903.4427,2038.6948,2075.6465,2160.2109,2133.6482,2195.9338,2287.2634,2289.7224,2353.7939,2311.6772,2319.7131,2447.9402,2451.5474,2380.2092,2455.1648,2457.4663,2474.2747,2634.3118,2500.7227,2526.5886,2533.4246,2542.5627,2678.9287,2730.3694,2719.7734,2670.9001,2718.1213,2625.2310,2547.1819,2410.2656,2364.7222,2399.3015,2322.5754,2363.9065,2358.9424,2286.1709,2381.4629,2371.0774,2418.2068,2404.1692,2389.4795,2489.6101,2512.7571,2448.0432,2511.4004,2493.4280,2470.3821,2570.0010,2522.7886,2500.7317,2518.3015,2473.7354,2481.4226,2441.9343,2306.1282,2327.8713,2368.1938,2416.1147,2508.0186,2487.6619,2523.5393,2524.3887,2649.5256,2694.3799,2565.7849,2588.1553,2549.3005,2500.3833,2604.5728,2500.7122,2397.8567,2456.4475,2441.6948,2479.1792,2505.6985,2458.7585,2570.5396,2727.4988,2771.5181,2750.6338,2742.6528,2726.7603,2839.6963,2854.4983,2899.4275,2930.0066,2896.1279,3107.1824,3077.3533,3123.5586,3029.8057,2932.1201,2895.0562,2865.7949,2803.8413,2787.9578,2655.5891,2618.6777,2702.5515,2732.8943,2595.5459,2540.9424,2524.5947,2423.7844,2481.0398,2394.6501,2340.1555,2377.9568,2294.9387,2262.3787,2340.8860,2256.2563,2262.5366,2377.8113,2361.1182,2410.9951,2460.4141,2524.5208,2549.3340,2504.9873,2444.3743,2348.1687,2298.0056,2286.0579,2229.8550,2256.1418,2211.4094,2230.6204,2365.8994,2306.2012,2241.4297,2310.0994,2175.1340,2197.0015,2271.8354,2159.1978,2170.0618,2248.7517,2313.8228,2356.0945,2338.7893,2190.3662,2253.3560,2211.0850,2231.4583,2220.7888,2140.1394,2204.8872,2292.7163,2391.7017,2485.9946,2408.5635,2409.7664,2511.2490,2477.9441,2526.7483,2399.9941,2269.3062,2279.5825,2245.4463,2146.7976,2167.6763,2065.6426,2216.7241,2346.3811,2228.4973,2211.6331,2192.4434,2110.8347,2028.2462,1978.1829,1903.1394,1768.4027,1699.3291,1666.7504,1682.0852,1715.2036,1677.0295,1653.0289,1700.9222,1752.3564,1738.2729,1780.4882,1734.8838,1690.6617,1660.3054,1630.5306,1482.8618,1480.8599,1452.2753,1464.7141,1518.5737,1475.5859,1517.4915,1527.5349,1528.2577,1570.6926,1543.0830,1425.1240,1430.1382,1446.6252,1400.5027,1327.4141,1223.8096,1216.0900,1136.9918,1079.6709,1013.1686,939.4604,949.5630,940.8795,919.2278,961.7896,980.6018,964.9131,1001.5277,1049.4521,971.9294,1038.4344,1094.8231,1038.6227,1060.9731,1023.0303,1005.8724,994.3741,952.9171,885.5741,915.8652,804.8371,791.3953,794.3543,785.5928,699.9554,624.7791,567.4942,568.8353,566.7291,496.0863,437.0840,395.0238,401.0772,340.4698,322.6699,291.0515,245.4185,241.4976,215.6797,183.8380,188.2921,0.0000,0.0000,0.0000,0.0000,0.0000,0.0000,0.0000,0.0000,0.0000,0.0000,0.0000,0.0000,0.0000,0.0000,0.0000,0.0000,0.0000,0.0000,0.0000,0.0000,0.0000,0.0000,0.0000,0.0000,0.0000,0.0000,0.0000,0.0000,0.0000,0.0000,0.0000,0.0000,0.0000,0.0000,0.0000,0.0000,0.0000,0.0000
0.0000,0.0000,0.0000,0.0000,0.0000,0.0000,0.0000,0.0000,0.0000,0.0000,0.0000,0.0000,0.0000,0.0000,0.0000,0.0000,0.0000,0.0000,0.0000,0.0000,0.0000,0.0000,0.0000,0.0000,0.0000,0.0000,0.0000,0.0000,0.0000,0.0000,0.0000,0.0000,0.0000,0.0000,0.0000,0.0000,0.0000,0.0000,278.6401,305.9941,360.8174,314.0934,329.3642,410.2410,443.2292,362.7789,372.3184,381.0122,427.7918,407.3004,438.6906,470.4077,464.5095,501.9747,496.3889,544.3652,592.0554,572.2022,644.1334,650.6425,713.8500,753.1350,722.7742,751.7850,774.1859,781.3446,761.2240,834.2816,834.0187,837.7041,908.0031,947.8708,953.5500,945.9597,1037.0149,1075.7878,1118.6741,1123.4493,1137.6174,1164.0215,1214.8612,1254.9001,1338.3018,1418.2228,1385.4637,1482.8575,1591.6776,1524.6466,1539.4935,1560.0209,1545.3203,1655.5032,1641.2747,1610.5879,1616.4503,1593.4843,1600.7275,1692.5718,1651.0204,1632.9945,1668.1417,1638.3700,1695.9608,1626.2957,1606.5660,1626.8423,1610.3278,1656.4814,1578.9302,1657.0657,1717.3755,1770.4023,1855.9312,1952.9893,1931.6545,2040.8615,2127.2415,2092.4873,2196.4536,2315.6528,2309.9404,2453.8667,2395.5881,2305.1821,2332.6531,2289.6753,2244.9937,2382.2056,2384.4409,2455.6365,2552.0012,2526.4636,2549.0847,2537.7371,2409.8601,2514.9626,2614.8357,2657.5503,2629.7539,2600.2488,2623.1675,2547.1753,2478.3816,2449.7456,2280.8958,2241.3948,2272.0151,2171.9592,2350.6748,2332.0605,2322.2419,2488.2153,2454.3376,2419.8005,2406.2615,2344.8032,2371.7004,2491.9546,2558.4473,2511.2437,2502.5669,2534.9331,2624.2488,2574.6934,2449.5801,2380.1577,2332.9226,2460.2107,2363.8813,2321.5444,2412.2603,2406.8826,2450.7849,2540.2090,2433.5793,2517.4785,2558.8440,2590.0974,2683.7571,2618.7012,2511.0947,2467.5015,2479.4519,2453.8015,2379.2202,2281.8013,2395.0056,2521.1770,2546.8474,2621.1523,2593.6897,2635.4819,2648.3767,2682.8320,2699.6479,2666.6377,2730.1975,2940.3267,3006.6863,3003.2554,3069.9617,2984.8416,3043.3811,3114.1250,2923.4780,2925.1692,2863.7190,2840.0752,2837.4355,2710.1877,2590.4443,2698.0510,2703.8779,2602.5193,2622.9177,2486.9141,2470.6836,2441.7380,2450.1125,2407.5229,2314.3682,2277.1746,2246.9719,2292.9973,2340.7500,2312.9036,2370.9990,2514.1492,2571.4084,2587.0173,2572.6433,2506.0508,2549.8711,2562.0232,2482.9260,2442.7034,2383.8311,2265.9670,2369.3560,2389.2739,2247.3823,2321.7554,2254.8105,2258.0100,2280.3755,2263.8669,2221.6482,2159.6228,2174.0620,2136.5205,2220.2776,2210.2598,2252.0271,2314.2893,2360.6992,2329.0659,2240.5605,2214.5134,2179.2068,2233.8733,2281.1733,2258.9097,2416.5608,2482.4590,2482.2852,2588.1570,2574.9749,2475.8262,2513.3928,2379.3538,2152.8770,2152.6482,2116.3135,2132.4895,2202.2083,2234.7749,2248.5671,2215.1323,2225.4648,2176.0906,2150.3188,2089.0603,2030.4800,1904.8888,1910.0848,1807.7625,1669.1475,1654.1223,1670.9434,1638.3512,1744.6149,1645.2500,1705.6454,1753.8610,1770.7954,1753.6880,1696.1016,1613.8318,1553.3959,1554.8687,1480.0179,1464.4583,1359.9196,1455.1066,1499.9607,1488.7870,1496.4056,1447.5458,1488.7267,1517.8801,1546.8521,1485.7015,1446.4851,1368.5763,1387.4620,1299.9681,1205.7997,1165.1160,1061.6923,1032.1180,1071.8013,965.2968,989.2948,962.0120,957.6434,1049.3673,987.1694,908.4015,945.9943,992.1141,1067.4109,1053.3242,1019.4047,1067.6317,1094.0616,1056.0427,1037.5876,993.7244,914.9630,911.7825,903.1379,817.9241,816.2338,733.6306,736.5017,701.0137,629.6223,584.0508,612.4994,538.6505,522.9786,400.4740,396.2808,368.1387,311.3005,302.9180,275.7703,235.4885,212.2632,232.1661,181.4621,202.0695,0.0000,0.0000,0.0000,0.0000,0.0000,0.0000,0.0000,0.0000,0.0000,0.0000,0.0000,0.0000,0.0000,0.0000,0.0000,0.0000,0.0000,0.0000,0.0000,0.0000,0.0000,0.0000,0.0000,0.0000,0.0000,0.0000,0.0000,0.0000,0.0000,0.0000,0.0000,0.0000,0.0000,0.0000,0.0000,0.0000,0.0000,0.0000
0.0000,0.0000,0.0000,0.0000,0.0000,0.0000,0.0000,0.0000,0.0000,0.0000,0.0000,0.0000,0.0000,0.0000,0.0000,0.0000,0.0000,0.0000,0.0000,0.0000,0.0000,0.0000,0.0000,0.0000,0.0000,0.0000,0.0000,0.0000,0.0000,0.0000,0.0000,0.0000,0.0000,0.0000,0.0000,0.0000,0.0000,0.0000,288.4742,317.9250,374.3676,361.5390,414.7535,366.9246,367.9614,382.8497,364.2527,386.1744,373.1345,400.2686,421.0421,463.0093,476.4220,482.1282,467.3566,569.4023,565.6722,508.7009,640.2461,657.5441,698.1036,727.3580,749.4514,772.4140,729.6240,750.5417,776.3414,796.3867,865.8677,930.8277,867.9721,944.8961,1000.3107,1009.3549,988.0759,1017.2070,1036.1016,1135.4310,1173.1995,1144.2672,1255.8141,1233.6327,1326.4985,1398.9069,1389.0350,1483.1296,1521.8604,1567.3885,1602.6968,1578.2706,1624.1747,1608.0449,1616.7639,1612.7515,1551.9646,1581.2449,1609.0488,1649.6799,1721.8706,1711.0455,1647.4716,1607.5944,1617.1808,1600.1019,1590.6917,1578.0897,1585.0131,1640.7339,1630.8837,1708.4026,1771.4785,1745.7982,1849.3000,1957.8037,1918.2234,2000.3883,2014.2921,2097.8074,2326.3772,2353.1880,2309.2141,2316.3281,2301.5815,2271.9292,2293.1492,2292.2119,2226.8718,2324.4956,2461.8403,2477.7073,2471.7974,2429.9785,2387.6921,2457.3948,2525.9885,2531.0488,2492.7180,2590.9058,2593.3672,2682.4265,2680.0249,2430.1228,2363.9407,2406.4539,2251.7007,2263.5627,2204.5137,2248.2686,2347.2881,2379.3352,2409.5928,2421.0105,2463.2881,2418.2366,2432.0623,2486.0503,2470.2520,2409.5720,2479.4443,2498.9080,2493.9294,2504.2620,2491.1782,2464.3430,2591.1492,2499.7112,2464.8652,2480.6853,2394.7983,2466.8542,2433.3369,2319.4434,2374.5095,2475.9656,2442.3376,2580.6421,2512.1890,2543.2368,2632.5742,2593.6138,2523.7515,2404.9399,2362.2974,2384.4404,2401.2351,2444.8477,2418.5671,2359.0115,2427.3325,2494.2678,2503.6848,2603.7825,2562.3696,2580.1843,2784.6555,2716.6104,2758.9172,2853.1121,2809.1143,3001.3877,3099.7598,2978.2241,2997.1096,2946.9463,2967.7241,3014.4810,2895.3127,2819.5510,2686.9258,2681.0317,2633.2336,2736.3357,2705.8032,2747.7871,2636.1060,2640.7346,2552.8767,2362.7712,2360.5266,2284.9761,2352.3906,2428.1006,2314.4331,2314.1887,2435.5254,2450.8838,2530.8572,2509.8413,2522.9849,2658.9600,2712.4453,2633.5603,2609.7842,2638.9824,2596.2507,2563.5222,2521.5359,2370.1467,2310.4072,2366.8130,2363.1982,2332.0378,2347.8960,2294.8391,2248.8262,2268.5835,2173.2588,2041.4696,2081.6370,2108.5200,2193.0913,2356.3230,2332.9648,2309.4084,2439.6562,2316.6960,2292.2898,2269.4980,2125.0105,2206.4092,2314.9634,2416.5981,2517.7046,2585.6799,2517.5132,2632.2539,2582.1326,2476.4810,2353.3511,2270.4355,2261.8005,2270.4165,2143.4346,2135.3467,2098.8391,2197.0571,2233.5054,2247.6252,2234.1013,2117.6362,2070.3005,2114.5376,2023.9719,1889.6521,1846.1154,1705.0634,1680.3448,1724.4775,1648.9420,1693.5309,1743.3323,1661.7844,1816.6622,1801.8143,1722.0258,1681.3455,1636.9583,1615.1740,1554.2518,1474.0726,1509.3834,1453.3861,1437.2198,1463.9067,1402.3202,1459.4150,1497.4030,1498.0736,1506.1902,1509.2710,1511.6781,1498.2825,1401.9844,1330.2867,1322.9467,1196.7300,1232.1776,1175.1659,1082.0645,1050.0250,972.3324,977.6582,957.2729,933.6570,916.1460,956.6553,958.3241,1004.1992,1008.1820,979.9745,1020.9368,1072.3517,1120.3142,1085.3534,970.4510,1014.3293,1013.4666,950.8931,969.9178,919.2902,912.3277,830.9398,754.0056,756.8440,722.1950,645.2972,611.4920,582.9035,561.5314,554.7807,438.4611,396.5870,392.5530,337.9438,331.7998,284.4343,250.0400,222.2560,241.0128,200.1450,192.7341,145.7127,0.0000,0.0000,0.0000,0.0000,0.0000,0.0000,0.0000,0.0000,0.0000,0.0000,0.0000,0.0000,0.0000,0.0000,0.0000,0.0000,0.0000,0.0000,0.0000,0.0000,0.0000,0.0000,0.0000,0.0000,0.0000,0.0000,0.0000,0.0000,0.0000,0.0000,0.0000,0.0000,0.0000,0.0000,0.0000,0.0000,0.0000,0.0000
0.0000,0.0000,0.0000,0.0000,0.0000,0.0000,0.0000,0.0000,0.0000,0.0000,0.0000,0.0000,0.0000,0.0000,0.0000,0.0000,0.0000,0.0000,0.0000,0.0000,0.0000,0.0000,0.0000,0.0000,0.0000,0.0000,0.0000,0.0000,0.0000,0.0000,0.0000,0.0000,0.0000,0.0000,0.0000,0.0000,0.0000,0.0000,0.0000,368.9399,334.7110,343.7099,385.9470,329.1937,391.4119,377.9004,336.2685,399.5307,382.1210,395.1018,370.0209,425.3698,462.6211,447.7938,506.7427,455.4425,523.8846,566.1863,587.1141,619.8312,686.4262,690.3771,651.1890,686.9794,715.3788,763.8419,763.3677,773.7420,832.1968,866.2430,892.6968,932.5746,905.7015,978.3370,1015.0746,1037.0812,1055.1106,1150.0039,1118.0465,1179.9387,1270.0598,1215.4441,1250.0013,1333.9136,1392.4039,1455.5140,1531.2897,1560.7108,1586.9410,1537.0031,1613.5952,1581.5084,1583.2186,1573.4095,1542.2888,1658.2069,1652.9945,1644.7823,1643.0023,1634.6094,1602.8716,1626.0104,1508.8800,1588.3044,1560.0344,1579.2854,1580.5966,1674.7310,1613.5504,1711.5748,1730.8110,1694.5276,1806.7446,1858.4661,2003.1604,2085.7024,2113.5815,2174.1135,2213.6226,2259.1543,2277.9395,2270.9634,2296.0349,2273.3757,2259.0964,2341.0449,2343.1091,2286.0261,2315.5691,2349.0857,2419.6755,2515.5908,2466.0388,2393.3003,2503.8618,2472.8269,2511.2820,2507.6216,2471.6719,2515.5164,2534.6445,2468.1887,2382.5139,2254.9929,2285.6572,2321.7114,2226.0637,2186.4563,2193.0176,2242.4797,2360.8789,2425.0515,2481.3667,2506.7412,2424.6394,2508.8567,2468.4744,2380.1343,2372.6545,2375.6265,2377.8674,2571.1736,2493.9175,2458.7786,2543.0859,2509.1589,2510.9648,2536.7263,2392.5083,2361.6982,2385.5244,2433.2268,2476.1926,2409.9409,2384.2959,2438.6841,2528.3755,2477.5701,2493.2461,2424.2676,2503.9504,2464.3638,2471.3696,2429.7983,2314.6609,2397.4653,2389.8955,2343.6885,2438.8501,2415.9165,2470.2014,2602.5850,2579.9312,2575.2561,2587.7803,2588.7007,2658.5652,2861.9893,2801.8962,2904.4976,2974.0205,3005.4954,3104.1067,2974.7051,2970.4211,2906.0120,2860.4824,2837.7778,2644.3030,2633.3831,2723.9031,2737.7122,2885.3975,2791.5767,2513.7402,2491.5859,2450.0061,2397.1233,2471.1711,2353.1992,2398.6538,2476.7666,2447.8247,2480.4041,2453.5403,2408.7068,2532.6155,2636.1335,2653.3140,2724.5969,2656.0735,2696.1680,2816.0359,2712.5017,2596.1521,2505.9084,2497.0198,2536.6892,2420.5164,2412.6145,2382.0215,2291.3997,2320.7346,2280.5747,2137.2939,2186.7698,2119.5237,2104.0515,2165.9919,2161.2122,2250.3730,2305.9490,2308.6934,2349.6809,2421.6746,2291.5188,2236.1973,2276.0911,2301.5615,2364.8367,2321.5718,2439.8577,2471.9651,2526.7214,2547.5776,2439.4998,2439.8096,2410.3589,2329.8257,2311.1560,2257.9797,2135.6384,2209.4143,2169.2056,2101.4875,2234.5171,2237.4602,2196.1182,2276.8860,2169.1919,2017.3728,1979.1741,1925.1335,1805.4745,1803.6407,1690.8595,1696.8108,1707.7803,1713.6598,1696.5590,1670.7568,1695.2482,1689.4283,1757.5250,1764.1001,1580.4819,1592.4780,1575.6193,1531.8424,1554.5300,1457.2844,1351.9652,1430.6072,1452.9829,1416.3822,1445.1697,1449.1537,1497.7965,1567.8254,1487.6929,1377.5660,1372.3810,1301.9353,1270.5468,1287.2529,1225.9498,1143.0966,1112.7948,1070.3342,1034.2994,953.7363,899.7194,895.9742,939.9889,932.4072,923.6866,963.9830,964.2819,969.3337,981.1484,1037.2421,979.1739,1011.7961,998.6470,1043.2445,1046.6306,984.5513,932.7748,951.1423,833.5001,843.3604,817.6166,752.9379,711.8617,703.8373,657.3489,583.2628,560.1572,490.9626,468.3112,397.2501,335.5327,345.8212,332.6834,285.4478,253.4640,225.4466,250.4000,266.2466,162.2588,149.9436,0.0000,0.0000,0.0000,0.0000,0.0000,0.0000,0.0000,0.0000,0.0000,0.0000,0.0000,0.0000,0.0000,0.0000,0.0000,0.0000,0.0000,0.0000,0.0000,0.0000,0.0000,0.0000,0.0000,0.0000,0.0000,0.0000,0.0000,0.0000,0.0000,0.0000,0.0000,0.0000,0.0000,0.0000,0.0000,0.0000,0.0000,0.0000,0.0000
0.0000,0.0000,0.0000,0.0000,0.0000,0.0000,0.0000,0.0000,0.0000,0.0000,0.0000,0.0000,0.0000,0.0000,0.0000,0.0000,0.0000,0.0000,0.0000,0.0000,0.0000,0.0000,0.0000,0.0000,0.0000,0.0000,0.0000,0.0000,0.0000,0.0000,0.0000,0.0000,0.0000,0.0000,0.0000,0.0000,0.0000,0.0000,0.0000,273.7132,289.5310,354.5897,308.9333,354.5790,373.2409,376.8580,353.0655,356.2467,351.6645,422.2784,398.0650,417.0937,428.9279,409.4108,426.7595,496.7592,541.6832,575.1855,552.5526,641.1036,626.5550,651.3113,670.4938,696.7309,687.1904,731.5284,723.3411,761.6505,783.2466,790.0945,873.5368,916.0526,928.4842,961.5022,974.5074,969.6296,1079.5309,1079.1868,1071.2324,1143.3884,1134.8964,1242.0514,1267.2131,1336.5879,1366.2502,1486.3541,1556.8385,1618.6367,1491.8174,1521.0797,1556.0055,1553.2186,1644.3137,1579.8329,1531.9386,1617.1768,1594.5941,1552.2032,1582.2494,1591.7228,1568.4414,1579.7452,1576.6857,1556.7903,1540.8926,1486.1075,1587.0496,1638.7880,1662.9244,1650.1113,1679.6857,1777.3596,1841.2716,1849.2001,1994.4998,2001.2543,2015.4348,2145.3721,2099.4978,2259.7007,2238.3198,2292.0461,2391.4810,2357.8408,2224.4707,2254.5164,2198.5198,2270.0061,2324.5522,2361.8611,2422.2742,2403.9490,2476.0063,2527.6477,2432.1680,2332.6074,2324.3530,2453.4451,2513.7661,2451.9368,2473.6934,2430.9221,2423.4368,2372.4771,2298.4097,2204.2363,2207.5984,2215.2510,2162.5696,2294.8430,2399.5762,2464.1047,2586.6807,2510.9250,2389.2668,2432.3892,2312.4175,2386.6863,2448.6216,2424.6553,2467.5105,2455.5725,2512.2419,2478.8833,2490.2097,2461.7473,2490.3772,2490.5901,2555.5054,2451.4607,2393.7131,2452.2241,2471.9795,2473.8633,2451.9875,2317.5969,2340.8955,2419.2051,2453.0530,2602.5342,2506.0898,2385.9995,2450.6553,2445.2537,2333.6816,2348.4604,2296.8923,2383.3923,2492.1770,2390.8147,2486.5964,2470.6802,2504.5759,2567.7454,2580.6343,2578.6001,2637.2302,2664.0464,2870.9028,2903.8020,2907.5835,2916.5369,2884.7466,2909.1987,2933.2278,2805.6555,2773.2368,2719.4092,2707.4412,2809.6130,2791.9539,2692.3760,2747.0610,2658.0559,2616.3691,2584.3906,2451.4084,2421.4316,2491.9839,2448.7354,2446.9905,2449.4492,2424.5574,2491.6587,2522.8923,2583.0896,2644.6826,2615.3123,2740.0847,2696.1846,2650.4165,2682.2407,2685.6667,2734.9451,2737.5251,2641.8821,2635.5774,2552.1975,2491.6692,2481.1162,2362.5833,2203.6445,2285.5757,2211.9070,2193.5381,2214.3828,2083.4844,2091.4648,2146.6831,2154.6167,2203.4409,2247.7034,2308.1787,2374.5764,2429.4832,2419.7842,2361.0847,2269.6853,2304.1045,2322.1638,2352.0452,2431.9229,2362.6824,2505.1135,2599.8335,2498.5627,2478.6543,2331.2886,2201.6328,2258.2048,2176.2468,2089.1624,2130.8669,2117.1895,2228.2800,2310.4331,2225.8989,2209.3171,2127.7322,2067.0374,1974.2737,1889.2544,1790.2349,1762.7377,1713.5543,1731.6128,1656.5710,1644.8738,1660.3961,1681.2677,1750.8507,1754.9592,1732.7935,1718.4407,1690.1954,1634.8691,1620.4397,1562.3994,1451.4982,1504.2767,1452.4890,1433.6547,1449.2274,1400.2820,1456.0511,1462.0273,1465.9275,1456.8483,1432.2185,1398.9001,1380.8048,1384.2979,1310.1344,1305.6455,1242.0388,1212.2811,1105.1460,1043.7860,1020.7303,964.3799,977.4434,970.1726,901.8147,939.6168,919.5438,946.3744,913.6621,1019.7322,913.4954,937.2281,1031.8878,1037.6866,1027.8435,998.8342,980.5539,1007.9923,968.7303,892.8577,881.9556,807.8397,806.9694,761.9562,750.5829,658.5080,623.4131,607.6935,557.4119,511.6652,468.2268,424.3362,402.4902,382.8001,372.6914,316.9168,296.6158,253.5720,229.0010,176.0940,219.8503,182.5375,170.8810,0.0000,0.0000,0.0000,0.0000,0.0000,0.0000,0.0000,0.0000,0.0000,0.0000,0.0000,0.0000,0.0000,0.0000,0.0000,0.0000,0.0000,0.0000,0.0000,0.0000,0.0000,0.0000,0.0000,0.0000,0.0000,0.0000,0.0000,0.0000,0.0000,0.0000,0.0000,0.0000,0.0000,0.0000,0.0000,0.0000,0.0000,0.0000,0.0000
0.0000,0.0000,0.0000,0.0000,0.0000,0.0000,0.0000,0.0000,0.0000,0.0000,0.0000,0.0000,0.0000,0.0000,0.0000,0.0000,0.0000,0.0000,0.0000,0.0000,0.0000,0.0000,0.0000,0.0000,0.0000,0.0000,0.0000,0.0000,0.0000,0.0000,0.0000,0.0000,0.0000,0.0000,0.0000,0.0000,0.0000,0.0000,0.0000,0.0000,288.2034,336.2425,371.1545,388.6275,379.5484,378.7294,334.8614,354.4864,353.7033,373.1993,409.0078,456.8156,460.4809,446.6866,487.3866,474.6657,520.6005,606.9954,550.6302,618.2652,632.5996,635.7317,703.3210,700.4658,693.0006,708.4864,700.2292,747.6671,831.2966,879.0620,866.6276,894.1382,941.6134,971.6929,1004.7906,1007.8665,998.5800,1045.3645,1136.8888,1173.4778,1192.7743,1269.1096,1222.9395,1319.4659,1405.9811,1436.2855,1468.8063,1526.2504,1527.6407,1633.7570,1541.3151,1495.7460,1586.9939,1602.5099,1602.0399,1631.9232,1544.3885,1588.8167,1653.6833,1637.5580,1646.8984,1574.4399,1551.5031,1477.3824,1525.5435,1554.1373,1548.8293,1630.3666,1717.2888,1704.5948,1737.0104,1774.4998,1817.8313,1918.6074,1929.1202,1983.3802,2077.6055,2164.3484,2157.5779,2262.0879,2255.4456,2219.5144,2298.2981,2270.3647,2300.7261,2285.2512,2241.8574,2218.9912,2309.8167,2407.8625,2376.3464,2378.2808,2380.2334,2426.3215,2422.3740,2496.3071,2336.3083,2312.4631,2445.0671,2441.0706,2480.1284,2486.1641,2323.7939,2362.4849,2350.1138,2236.3120,2307.5266,2174.3782,2238.2671,2346.8352,2395.9109,2384.2456,2393.7107,2396.9944,2430.1943,2442.3391,2386.3813,2422.1514,2321.7607,2413.7688,2465.7146,2397.0254,2405.5808,2393.1628,2498.5847,2634.4207,2617.5112,2519.6484,2590.1882,2461.0039,2447.8337,2554.0559,2361.3403,2406.0544,2432.3569,2358.2756,2444.8806,2394.3508,2351.1904,2467.3242,2475.5337,2376.8958,2362.0745,2406.5815,2374.0112,2388.5762,2407.9824,2390.5059,2392.8926,2407.2844,2436.4897,2484.4595,2537.7407,2534.1619,2578.2065,2697.6272,2692.8223,2663.3660,2726.3113,2782.8623,2871.7820,2890.0220,2845.7805,2919.2839,2914.6104,2850.7930,2903.8325,2757.9924,2645.2576,2737.0750,2760.0115,2783.7866,2769.3220,2728.9282,2685.4172,2645.0315,2556.7012,2499.9153,2371.0425,2434.3884,2516.7705,2545.3647,2578.7053,2579.2231,2567.9478,2716.0176,2697.9758,2635.0959,2684.5730,2555.3474,2675.0396,2763.6440,2686.2129,2734.4524,2738.0315,2659.8987,2708.6123,2627.6833,2432.1418,2448.1082,2340.5112,2292.1475,2273.1777,2154.7471,2155.5945,2111.5818,2091.8162,2035.0563,2073.3782,2089.2542,2131.9946,2275.6467,2439.7437,2409.2209,2375.0884,2433.3750,2370.8359,2348.6877,2341.8921,2341.1963,2416.9878,2530.9702,2473.8616,2506.3853,2433.0923,2354.3972,2336.5286,2204.6667,2165.8757,2118.0015,2150.8459,2181.9839,2159.9292,2161.3418,2191.8611,2217.2107,2253.8027,2219.3958,2075.2610,2027.0270,1951.3394,1890.9308,1825.9203,1705.3859,1593.7107,1677.5835,1646.3217,1722.8254,1694.5562,1682.8646,1751.2979,1799.3682,1718.5471,1735.0997,1653.8821,1573.0299,1575.9860,1547.0034,1462.3744,1439.6996,1410.5007,1446.8687,1424.5490,1440.0555,1405.8691,1372.8047,1463.8649,1491.4064,1432.9869,1420.4482,1343.8352,1284.4753,1358.0444,1256.4978,1202.5764,1173.6685,1076.6455,1077.0137,1053.1078,1018.4866,945.3950,925.4823,879.8779,934.3798,863.6599,887.4431,969.2531,896.4622,982.4120,1009.1244,986.7947,973.6021,1038.0688,1004.2939,1006.9666,935.5659,930.9290,903.7941,900.9746,861.5945,813.7281,712.1598,703.5458,644.0480,567.7152,587.0233,530.3328,468.8867,421.3065,436.4573,361.2263,323.6467,297.7903,340.1210,283.0238,316.5584,259.7176,225.5294,199.4877,197.5806,0.0000,0.0000,0.0000,0.0000,0.0000,0.0000,0.0000,0.0000,0.0000,0.0000,0.0000,0.0000,0.0000,0.0000,0.0000,0.0000,0.0000,0.0000,0.0000,0.0000,0.0000,0.0000,0.0000,0.0000,0.0000,0.0000,0.0000,0.0000,0.0000,0.0000,0.0000,0.0000,0.0000,0.0000,0.0000,0.0000,0.0000,0.0000,0.0000,0.0000
0.0000,0.0000,0.0000,0.0000,0.0000,0.0000,0.0000,0.0000,0.0000,0.0000,0.0000,0.0000,0.0000,0.0000,0.0000,0.0000,0.0000,0.0000,0.0000,0.0000,0.0000,0.0000,0.0000,0.0000,0.0000,0.0000,0.0000,0.0000,0.0000,0.0000,0.0000,0.0000,0.0000,0.0000,0.0000,0.0000,0.0000,0.0000,0.0000,0.0000,345.7876,303.0923,355.6058,357.1429,337.2712,358.1370,389.3778,358.7665,348.5504,377.9026,396.8792,429.0608,443.3277,409.0225,460.5707,450.8780,502.2175,550.5815,542.0950,602.6830,619.7153,656.4196,682.5541,676.5781,657.6598,754.5941,757.2178,770.7714,777.9521,888.7187,944.5698,914.3275,924.5179,939.9171,936.0495,1024.5828,998.1311,1025.8582,1053.2117,1152.8555,1201.4005,1253.4922,1209.5088,1288.7936,1408.4727,1467.1359,1487.0928,1551.1874,1543.3446,1602.0405,1615.1182,1587.7379,1537.7048,1600.2667,1657.6876,1579.1586,1651.6982,1629.2001,1571.9188,1612.3297,1612.4327,1543.7804,1550.0353,1474.8424,1511.4829,1625.7268,1619.5989,1651.2449,1690.3094,1648.4180,1729.2706,1801.1162,1814.9186,1862.0952,1912.5310,1984.0068,2115.4880,2141.5376,2134.8894,2175.4426,2207.6750,2215.7910,2246.5454,2264.5549,2272.9878,2220.8599,2265.1919,2254.3723,2200.6365,2249.3738,2231.6777,2361.5618,2443.2922,2391.7405,2384.7800,2540.1787,2389.1689,2347.7002,2360.4700,2366.0334,2442.4248,2481.4819,2417.0278,2331.8284,2302.2170,2307.6040,2318.1445,2208.0452,2195.5027,2227.1794,2340.3452,2393.7688,2423.5886,2398.3330,2471.4905,2457.6812,2432.5437,2421.0498,2273.3523,2317.5745,2317.8674,2346.6277,2502.5037,2437.3396,2460.9019,2589.7881,2573.2327,2476.8259,2502.4124,2388.4946,2486.0432,2549.6345,2533.4265,2477.6362,2372.7961,2288.4773,2304.6443,2384.1257,2291.4036,2271.3899,2351.5220,2419.9517,2415.3123,2421.2585,2357.8845,2217.8247,2353.8657,2356.4785,2298.1714,2380.3950,2367.7026,2460.5591,2648.5410,2538.3484,2535.0447,2506.7725,2535.6621,2630.6968,2731.5681,2705.7463,2742.3833,2801.3181,2814.5781,2882.1294,2829.1890,2760.2629,2758.1614,2652.8406,2738.4465,2684.9028,2740.1404,2798.4609,2740.8301,2740.2571,2696.1191,2571.6318,2520.6138,2481.2356,2494.0632,2558.9707,2558.4407,2566.8115,2667.9895,2609.1184,2549.3413,2630.8267,2589.5916,2649.5330,2655.8367,2602.0068,2672.0481,2664.0073,2744.8240,2773.1953,2688.1855,2608.7986,2579.7979,2652.5618,2592.3437,2400.8293,2330.6377,2287.0303,2220.0154,2175.9885,2138.4509,1981.9670,2079.3726,2023.4121,2061.7964,2154.1040,2198.8972,2182.1289,2346.2546,2339.8079,2369.8020,2342.2183,2296.3179,2411.7644,2497.5232,2463.2319,2485.7336,2422.2922,2425.6736,2488.8032,2386.0432,2360.9470,2155.3010,2175.9360,2227.3484,2129.1392,2159.1914,2173.3201,2146.4395,2226.1704,2175.5808,2175.6926,2161.8774,2084.8716,2067.7483,2047.3727,1886.2350,1727.1021,1737.7522,1720.4036,1641.2343,1638.2744,1649.5992,1718.4136,1703.0540,1745.9230,1719.4834,1670.9299,1626.9435,1600.9937,1629.2015,1573.9803,1507.7472,1470.8768,1513.5302,1446.5944,1476.0079,1411.1586,1390.4410,1428.9902,1433.2433,1434.3303,1496.1476,1394.2324,1436.1139,1461.0874,1327.9476,1264.7932,1193.8044,1164.6104,1189.5496,1163.9167,1052.6211,1053.9253,985.5356,970.0623,897.8939,893.8041,891.4302,883.1920,920.3199,928.9802,900.3025,925.0067,945.5430,971.3141,1004.7017,940.5826,981.5354,992.5868,971.9116,960.5153,935.7997,878.9138,840.6097,811.6075,792.7303,725.8405,659.5500,619.9431,617.8138,586.4114,492.8464,469.6805,455.3356,342.9318,388.3512,352.0860,307.7793,298.0952,272.2603,234.5602,214.0550,176.4971,164.4384,185.2863,0.0000,0.0000,0.0000,0.0000,0.0000,0.0000,0.0000,0.0000,0.0000,0.0000,0.0000,0.0000,0.0000,0.0000,0.0000,0.0000,0.0000,0.0000,0.0000,0.0000,0.0000,0.0000,0.0000,0.0000,0.0000,0.0000,0.0000,0.0000,0.0000,0.0000,0.0000,0.0000,0.0000,0.0000,0.0000,0.0000,0.0000,0.0000,0.0000,0.0000
0.0000,0.0000,0.0000,0.0000,0.0000,0.0000,0.0000,0.0000,0.0000,0.0000,0.0000,0.0000,0.0000,0.0000,0.0000,0.0000,0.0000,0.0000,0.0000,0.0000,0.0000,0.0000,0.0000,0.0000,0.0000,0.0000,0.0000,0.0000,0.0000,0.0000,0.0000,0.0000,0.0000,0.0000,0.0000,0.0000,0.0000,0.0000,0.0000,0.0000,0.0000,332.9437,358.5686,335.7940,343.1800,345.7277,327.8253,337.4532,350.1581,363.4791,336.4245,362.5599,418.5220,469.0221,420.4500,486.0249,491.7149,506.3601,545.7561,544.8812,637.1440,610.9280,678.8051,675.3670,620.5612,701.1564,729.9457,715.5664,747.7270,810.9682,831.9127,903.4040,932.4442,936.5090,936.6556,1009.6340,974.7569,1051.6595,1089.4580,1083.0219,1135.4584,1239.7191,1298.0535,1274.2520,1319.8077,1451.7869,1499.0409,1540.2695,1584.9998,1512.0846,1586.2424,1560.5560,1604.7181,1685.8046,1629.0939,1575.1046,1651.8865,1568.7721,1569.7251,1547.8905,1578.4541,1559.1079,1575.3807,1571.5253,1523.7648,1534.2240,1523.6702,1680.4634,1681.5610,1723.0990,1749.3738,1801.9753,1879.0001,1881.3472,1895.1270,2000.3195,2064.6213,2140.8271,2220.5769,2148.9851,2143.6245,2210.9490,2239.1956,2353.1450,2304.5981,2206.0583,2208.8420,2227.6523,2158.1409,2292.4841,2238.2419,2344.9839,2438.1582,2472.5056,2365.3860,2406.2778,2275.5361,2326.9656,2409.3264,2467.5151,2513.3347,2408.4270,2513.5503,2443.2017,2338.5281,2244.6653,2202.2051,2201.2905,2242.1968,2214.1389,2329.0979,2329.7878,2372.8333,2492.3601,2399.6421,2346.4297,2356.6753,2274.4956,2291.7490,2404.4038,2336.1140,2344.3979,2443.4319,2326.2871,2404.4873,2450.0388,2408.5115,2484.6521,2491.0618,2584.6611,2547.9995,2489.3674,2543.6807,2478.2566,2419.8596,2380.8201,2238.6584,2261.6653,2331.9033,2244.2571,2360.5000,2363.4077,2319.3005,2421.5103,2374.6248,2281.0496,2380.4443,2315.6279,2408.3877,2481.8701,2421.4824,2415.5164,2471.1504,2477.0359,2481.0264,2442.1921,2457.7849,2635.9104,2686.9224,2774.1660,2759.1121,2699.3474,2699.3074,2750.6326,2822.1475,2777.5869,2590.9026,2651.8184,2772.0212,2704.8384,2761.9968,2791.2766,2711.6650,2748.6172,2739.7454,2630.3889,2604.2468,2490.7493,2505.7373,2593.5571,2558.5789,2502.0063,2522.1313,2552.4524,2644.9658,2684.3306,2704.5349,2642.9541,2595.1333,2673.5574,2611.0037,2623.2354,2638.3977,2637.2756,2666.3955,2762.9128,2605.9993,2586.9045,2529.5684,2409.8459,2368.0471,2221.3381,2155.3948,2151.6650,2146.9419,2114.6694,2170.9539,2124.8992,2117.9609,2170.8018,2144.6702,2165.5400,2231.7385,2225.2358,2395.2917,2414.2605,2446.4695,2400.7290,2379.8142,2424.1597,2417.7246,2399.0146,2424.7693,2335.5012,2311.3203,2310.0461,2187.4348,2121.0044,2111.9172,2078.6570,2186.6799,2169.5225,2148.7085,2182.6233,2168.8726,2210.8857,2197.8718,2020.5997,1927.9280,1864.8422,1866.9479,1744.2804,1670.6262,1641.7363,1652.3870,1686.9379,1676.0249,1660.3776,1682.6426,1683.7372,1701.9819,1641.3198,1702.0215,1586.1589,1595.7203,1543.0485,1521.5480,1479.8666,1443.8430,1428.8796,1476.7789,1494.7484,1459.7881,1424.1746,1443.9563,1437.0364,1506.4124,1400.2080,1346.2930,1342.5496,1296.0729,1248.6534,1229.6652,1151.2216,1143.7888,1103.6028,1016.6353,958.7659,912.9435,908.0836,892.1634,889.8109,949.9193,850.1117,863.9886,899.5720,865.1590,882.6202,904.0382,880.3750,892.7932,949.0327,938.4636,939.5746,906.8134,896.6328,896.8329,796.4976,781.6501,723.8043,742.7956,686.5487,636.3620,579.2496,519.7290,491.8359,466.5691,408.3148,409.3706,377.9481,308.6661,335.6322,308.4978,281.6462,199.3809,181.2022,196.9969,206.3540,161.3679,0.0000,0.0000,0.0000,0.0000,0.0000,0.0000,0.0000,0.0000,0.0000,0.0000,0.0000,0.0000,0.0000,0.0000,0.0000,0.0000,0.0000,0.0000,0.0000,0.0000,0.0000,0.0000,0.0000,0.0000,0.0000,0.0000,0.0000,0.0000,0.0000,0.0000,0.0000,0.0000,0.0000,0.0000,0.0000,0.0000,0.0000,0.0000,0.0000,0.0000,0.0000
0.0000,0.0000,0.0000,0.0000,0.0000,0.0000,0.0000,0.0000,0.0000,0.0000,0.0000,0.0000,0.0000,0.0000,0.0000,0.0000,0.0000,0.0000,0.0000,0.0000,0.0000,0.0000,0.0000,0.0000,0.0000,0.0000,0.0000,0.0000,0.0000,0.0000,0.0000,0.0000,0.0000,0.0000,0.0000,0.0000,0.0000,0.0000,0.0000,0.0000,0.0000,344.8167,269.8827,322.9898,365.6529,342.3115,324.1808,287.9758,368.4498,423.0988,404.0074,378.4813,401.8274,432.2817,410.2072,456.0298,460.8575,508.4510,555.6100,554.6156,589.6523,613.3073,599.3794,609.3997,693.5682,629.9760,706.0779,680.0093,781.5742,819.4770,849.7688,871.1591,927.0105,991.1070,993.5481,975.7161,971.9432,1015.3063,1057.3986,1184.4420,1129.3735,1154.5887,1253.3341,1279.2744,1395.2502,1463.8119,1434.6976,1480.5844,1525.2646,1539.8291,1596.9930,1560.5756,1556.5645,1634.9902,1680.9967,1569.0582,1576.5391,1505.5901,1589.8468,1585.9049,1608.8848,1551.4070,1486.6699,1492.7986,1538.2953,1562.5833,1564.8571,1636.9198,1686.2333,1809.3643,1839.2288,1805.0649,1820.8655,1827.3597,1896.2618,2040.1461,2059.7554,2156.2866,2209.6221,2171.0923,2215.9045,2204.9746,2178.9084,2204.7964,2254.7236,2206.9165,2190.0896,2203.4668,2187.7727,2184.1785,2239.9749,2211.4065,2272.6819,2325.7319,2385.8894,2456.3796,2452.0959,2426.5566,2445.5315,2540.6064,2495.8584,2436.4402,2421.2603,2355.9644,2416.0881,2430.9719,2204.2292,2236.8372,2204.4456,2190.2693,2243.6541,2291.2383,2203.5034,2309.9868,2323.7378,2417.2783,2394.8245,2296.3105,2312.4731,2288.5342,2289.2163,2296.2268,2222.3335,2305.6873,2365.8916,2464.5376,2518.1155,2462.3015,2373.5183,2527.9275,2512.7986,2512.8916,2562.4131,2402.0977,2456.7244,2425.9651,2338.3083,2316.8850,2248.3198,2203.2590,2292.3240,2284.3960,2274.5579,2314.3635,2301.9863,2345.1189,2356.2720,2390.7996,2427.9663,2417.2671,2408.3547,2381.1567,2434.0112,2458.6577,2438.7009,2460.9248,2568.0256,2592.7742,2544.3901,2664.9624,2637.6570,2743.0583,2791.1704,2687.2307,2755.0413,2770.3557,2631.8857,2664.6504,2599.5339,2510.8433,2684.8960,2718.9270,2736.1553,2774.7461,2666.7739,2725.2024,2698.2393,2561.3960,2465.4165,2467.1111,2508.6660,2516.9985,2510.5254,2661.2539,2654.5281,2691.6433,2762.7925,2596.0498,2497.1235,2599.3396,2544.1240,2745.5911,2761.6802,2629.0618,2692.1650,2643.8496,2547.8503,2580.8889,2445.1084,2316.4893,2283.8359,2282.0159,2285.2915,2256.3357,2137.7166,2164.1924,2225.3723,2150.3303,2130.7869,2113.1885,2244.8557,2319.4526,2312.7715,2378.6086,2362.8970,2354.1570,2440.8804,2398.8086,2419.2068,2463.7244,2405.2720,2438.3921,2513.5518,2413.5413,2271.9233,2203.7900,2057.2268,2143.9189,2148.4697,2073.0081,2125.0081,2176.9375,2215.4116,2237.4741,2164.6833,2114.9067,2054.6499,1989.6019,1925.0529,1792.7126,1755.4404,1710.3302,1655.5425,1731.4974,1684.3888,1612.1185,1678.0435,1691.8209,1706.8870,1783.9033,1712.6182,1672.8125,1631.9666,1556.1926,1478.5815,1469.0120,1470.3018,1477.9932,1412.7064,1432.1228,1394.9410,1455.5859,1448.5956,1466.2252,1435.7072,1436.8771,1443.5126,1443.9851,1386.5383,1307.1426,1255.2506,1211.4331,1144.2749,1157.4125,1029.9703,978.1929,947.2155,895.8569,942.5828,908.5216,869.4070,868.1644,905.3607,791.4040,898.4323,860.7495,869.5223,846.8491,908.3508,914.4121,951.2012,871.5325,864.0891,895.2656,852.8135,809.1691,766.7185,767.8244,762.8641,724.2213,697.3604,645.5249,608.3871,643.7689,543.4913,531.3525,481.5959,390.4455,366.2852,341.6437,320.7703,284.9062,279.4357,235.3046,217.2702,185.8506,181.8344,149.1974,162.6282,0.0000,0.0000,0.0000,0.0000,0.0000,0.0000,0.0000,0.0000,0.0000,0.0000,0.0000,0.0000,0.0000,0.0000,0.0000,0.0000,0.0000,0.0000,0.0000,0.0000,0.0000,0.0000,0.0000,0.0000,0.0000,0.0000,0.0000,0.0000,0.0000,0.0000,0.0000,0.0000,0.0000,0.0000,0.0000,0.0000,0.0000,0.0000,0.0000,0.0000,0.0000
0.0000,0.0000,0.0000,0.0000,0.0000,0.0000,0.0000,0.0000,0.0000,0.0000,0.0000,0.0000,0.0000,0.0000,0.0000,0.0000,0.0000,0.0000,0.0000,0.0000,0.0000,0.0000,0.0000,0.0000,0.0000,0.0000,0.0000,0.0000,0.0000,0.0000,0.0000,0.0000,0.0000,0.0000,0.0000,0.0000,0.0000,0.0000,0.0000,0.0000,0.0000,0.0000,312.9028,323.9034,375.9745,383.9084,349.6034,367.2919,378.2535,357.2778,403.9872,415.9005,383.9662,355.7296,434.4746,472.6631,472.5212,518.0521,500.4958,535.8306,601.0468,680.4738,578.3904,627.2252,615.2363,653.5126,697.1688,670.6042,727.0005,772.9510,835.4121,914.6218,890.2322,879.3823,930.4941,947.8246,1063.9717,1072.3372,1092.2312,1135.1464,1154.9629,1189.2981,1213.7153,1209.3021,1348.1538,1413.6124,1447.6184,1486.9418,1475.4005,1495.0500,1562.3555,1569.0465,1599.3715,1613.9678,1575.5226,1664.9476,1618.7948,1571.6914,1597.8694,1529.5979,1559.1212,1557.6935,1502.8137,1559.1884,1515.5320,1555.7638,1685.7834,1664.2747,1745.8955,1819.4165,1777.8129,1809.6672,1863.7395,1781.9388,1984.9086,2056.2983,2053.5762,2227.3037,2212.5759,2133.6289,2176.0344,2206.5779,2183.8777,2125.9868,2217.0093,2285.4138,2241.3108,2269.0825,2199.8608,2122.8284,2213.9392,2208.2671,2312.6716,2427.6858,2383.3687,2439.8708,2567.0513,2488.5374,2435.7708,2415.4954,2422.0134,2517.7734,2523.1775,2449.4741,2417.6045,2313.1360,2296.4409,2244.4370,2211.1287,2170.3188,2154.3699,2201.1687,2314.2358,2280.5017,2323.3472,2386.5950,2328.6016,2380.0430,2241.7700,2215.3521,2248.4321,2236.9124,2301.7908,2360.1968,2339.1821,2333.2837,2473.4722,2391.9814,2348.7427,2425.6726,2395.5857,2570.6602,2573.6797,2488.1414,2509.6367,2362.1226,2358.0713,2298.6702,2225.3677,2197.0898,2178.9077,2286.4729,2337.3188,2361.5229,2253.0088,2317.9175,2351.0430,2472.9883,2412.7644,2315.4636,2406.0479,2387.8794,2475.8657,2539.5972,2428.0449,2343.8987,2486.0415,2564.2332,2669.3267,2735.9004,2597.0481,2731.2122,2829.5288,2753.6028,2771.6274,2661.5618,2509.2004,2565.5056,2642.7024,2594.1240,2651.8257,2704.4988,2809.1472,2815.3611,2741.6421,2647.8696,2485.7993,2587.0378,2484.3452,2461.7158,2456.8049,2454.3311,2577.6282,2604.6965,2631.7664,2525.5864,2538.4185,2521.5842,2634.1062,2656.2285,2622.7949,2640.1853,2634.0042,2558.0596,2593.1382,2533.7473,2437.9038,2444.0254,2441.8687,2423.0764,2281.6951,2238.5408,2267.7510,2234.6919,2283.0190,2195.0991,2114.4343,2186.3098,2193.2063,2203.2644,2355.7744,2292.7305,2279.2395,2387.3413,2340.2158,2349.9568,2399.2366,2445.6665,2514.1204,2557.9731,2472.3489,2392.0903,2328.9534,2230.3718,2169.7910,2140.7588,2100.8491,2037.7043,2175.1777,2241.8669,2158.7424,2163.2258,2182.0652,2159.8589,2146.5076,2071.7593,1988.4320,1945.6896,1853.2064,1765.9125,1809.5854,1661.7983,1633.2224,1659.7603,1698.8529,1723.7473,1735.5250,1671.5168,1695.4326,1733.6031,1641.4055,1609.2882,1544.7125,1522.3600,1494.8394,1489.7593,1460.6792,1438.4541,1436.4979,1417.8041,1442.4363,1439.6425,1459.7943,1406.3973,1480.8337,1447.5510,1398.4200,1428.4915,1399.3636,1280.7021,1262.8390,1198.5842,1136.7161,1151.8350,1045.2305,1024.7388,1039.3009,909.1949,926.3951,925.9752,887.2087,867.3826,855.4429,847.6289,891.6178,907.5258,899.8922,886.4838,893.4783,924.0521,906.6541,874.8972,903.2073,857.7371,861.9719,829.7853,781.6475,723.6011,691.1022,691.3461,654.2861,639.8685,589.1862,530.7303,521.1440,455.8765,399.7773,399.7591,336.3175,353.2045,288.0345,300.9742,238.1889,225.2405,201.7580,218.5582,159.3954,169.2413,0.0000,0.0000,0.0000,0.0000,0.0000,0.0000,0.0000,0.0000,0.0000,0.0000,0.0000,0.0000,0.0000,0.0000,0.0000,0.0000,0.0000,0.0000,0.0000,0.0000,0.0000,0.0000,0.0000,0.0000,0.0000,0.0000,0.0000,0.0000,0.0000,0.0000,0.0000,0.0000,0.0000,0.0000,0.0000,0.0000,0.0000,0.0000,0.0000,0.0000,0.0000,0.0000
0.0000,0.0000,0.0000,0.0000,0.0000,0.0000,0.0000,0.0000,0.0000,0.0000,0.0000,0.0000,0.0000,0.0000,0.0000,0.0000,0.0000,0.0000,0.0000,0.0000,0.0000,0.0000,0.0000,0.0000,0.0000,0.0000,0.0000,0.0000,0.0000,0.0000,0.0000,0.0000,0.0000,0.0000,0.0000,0.0000,0.0000,0.0000,0.0000,0.0000,0.0000,0.0000,0.0000,315.1574,354.4084,380.1190,382.8842,333.5617,301.9660,397.0562,342.9833,366.5079,388.8698,427.3516,431.3354,480.9048,484.1995,525.6810,532.3024,520.1450,591.0010,577.5034,578.1488,616.6282,658.0243,645.2556,630.1395,713.5888,752.3584,777.4434,828.7072,847.9877,927.8394,960.3582,928.7223,990.1242,1037.1069,1063.4525,1075.4907,1139.6432,1131.7736,1178.1472,1293.7397,1288.2683,1334.1210,1386.7498,1409.6161,1471.2042,1517.8055,1536.5328,1489.0160,1564.8497,1615.9070,1589.6022,1608.8154,1622.0886,1533.1873,1583.6377,1566.4911,1560.1185,1548.5962,1520.6620,1546.6874,1637.4351,1559.7504,1544.7114,1577.5245,1683.7350,1701.2570,1784.5596,1834.1086,1858.0879,1886.1838,1916.8755,1954.8356,1946.4197,2056.6248,2165.5549,2235.7336,2255.6453,2184.3542,2177.8774,2266.6541,2220.0823,2223.6685,2237.4873,2165.8193,2180.8860,2170.9705,2165.0107,2254.1399,2195.1104,2292.6399,2436.1270,2397.3555,2359.3254,2470.3467,2436.3743,2477.5300,2516.7087,2458.7603,2435.3394,2410.4998,2414.7700,2377.1096,2275.3025,2218.1235,2214.9177,2306.0325,2354.5127,2201.5825,2227.8110,2308.4678,2315.3318,2365.5217,2313.0991,2214.7332,2284.9937,2281.7417,2263.8545,2351.0081,2197.9883,2216.9055,2313.9829,2311.5278,2286.8569,2268.3645,2288.0161,2351.4517,2455.3501,2473.1357,2444.5098,2426.5146,2463.7434,2431.6560,2375.8442,2341.6309,2268.1575,2309.6985,2333.6223,2272.1733,2237.0720,2270.3860,2268.9673,2331.6787,2315.8232,2317.3191,2399.6326,2414.5154,2437.4709,2451.2686,2349.9687,2409.7112,2472.5168,2466.3318,2517.1936,2501.1028,2544.4207,2689.5002,2773.5950,2761.9939,2741.1094,2683.4016,2691.8525,2726.2903,2733.6182,2667.5903,2519.0100,2515.4011,2667.2891,2639.5249,2730.1096,2702.8135,2655.9368,2782.7864,2669.0002,2556.6223,2568.5083,2398.1074,2473.1223,2504.4775,2396.3254,2443.9128,2503.5784,2497.3079,2595.0122,2564.9309,2484.9497,2590.4375,2578.4978,2652.8208,2631.0403,2548.1934,2563.1528,2533.2458,2532.8623,2561.9556,2383.5222,2383.9055,2402.8110,2341.3064,2302.2480,2265.1877,2224.4612,2301.4453,2310.5034,2264.4236,2230.6284,2148.1450,2180.3523,2331.9080,2329.6345,2333.0774,2321.8762,2392.3430,2512.2832,2540.8574,2460.0063,2455.5659,2408.0962,2427.1584,2376.9700,2380.6404,2274.8391,2177.6313,2188.2070,2240.3330,2119.3599,2141.9119,2152.1560,2125.0486,2238.8403,2166.4272,2094.6211,2122.3999,2018.6780,2020.2526,1928.9967,1784.2201,1731.7593,1690.3374,1649.4543,1649.6998,1696.2634,1706.4269,1771.3737,1774.3058,1640.4021,1685.6205,1638.6228,1610.6919,1551.9016,1567.8387,1524.6327,1468.4840,1474.2974,1487.4023,1411.9126,1379.1166,1397.7373,1400.6299,1470.5914,1445.3197,1456.9973,1454.6180,1424.8566,1393.2299,1400.2708,1290.3444,1255.8083,1224.1765,1249.5345,1158.2574,1049.0072,992.7776,955.3731,954.7195,901.2323,861.3194,903.2863,846.8441,880.0829,898.4730,918.9026,864.7528,874.3166,909.5606,812.3283,866.8384,849.8494,831.3378,866.3931,839.1597,831.7320,845.3074,760.7817,715.3093,764.4944,682.5586,662.9948,610.4020,572.8350,541.0839,511.5309,441.0410,402.3198,392.1882,414.2680,331.2546,285.7629,326.5426,248.6529,269.3702,227.2181,177.7680,214.0534,160.6402,0.0000,0.0000,0.0000,0.0000,0.0000,0.0000,0.0000,0.0000,0.0000,0.0000,0.0000,0.0000,0.0000,0.0000,0.0000,0.0000,0.0000,0.0000,0.0000,0.0000,0.0000,0.0000,0.0000,0.0000,0.0000,0.0000,0.0000,0.0000,0.0000,0.0000,0.0000,0.0000,0.0000,0.0000,0.0000,0.0000,0.0000,0.0000,0.0000,0.0000,0.0000,0.0000,0.0000
0.0000,0.0000,0.0000,0.0000,0.0000,0.0000,0.0000,0.0000,0.0000,0.0000,0.0000,0.0000,0.0000,0.0000,0.0000,0.0000,0.0000,0.0000,0.0000,0.0000,0.0000,0.0000,0.0000,0.0000,0.0000,0.0000,0.0000,0.0000,0.0000,0.0000,0.0000,0.0000,0.0000,0.0000,0.0000,0.0000,0.0000,0.0000,0.0000,0.0000,0.0000,0.0000,0.0000,357.5427,319.0701,331.8610,357.1244,320.3780,319.9568,362.9464,394.7594,371.8820,347.2339,409.6183,394.4798,412.2273,459.5573,454.6452,544.7297,538.5107,602.9377,576.2899,620.3671,590.4647,654.3995,647.3083,620.6619,658.7101,656.6063,782.5904,780.4640,835.6312,859.8007,896.3352,965.7938,941.6337,974.7148,1023.3655,1051.9105,1111.7777,1230.0701,1272.5750,1248.7273,1285.0653,1301.4075,1335.1808,1426.5870,1385.0219,1454.3517,1598.6477,1517.5123,1549.5507,1560.1281,1580.9099,1640.9108,1590.3103,1568.9949,1550.8533,1527.6420,1521.4438,1539.2664,1534.1686,1544.2603,1530.9629,1568.0665,1529.2697,1600.0691,1708.3063,1697.9170,1818.4232,1931.7078,1877.4896,1834.9927,1866.0076,1892.0499,2015.1407,2099.5464,2087.6240,2231.1892,2310.8552,2206.3452,2232.3447,2200.0044,2089.8669,2166.5693,2175.1304,2206.0833,2157.2888,2121.2576,2233.9832,2277.2856,2248.5908,2239.9980,2250.1877,2350.1167,2399.2273,2407.5198,2533.3591,2528.6514,2432.6758,2519.6401,2376.1746,2375.3445,2351.8691,2255.5054,2302.9402,2382.7810,2186.8384,2245.1306,2250.6809,2234.3291,2291.0886,2279.1702,2138.3357,2222.9143,2249.4768,2284.3076,2353.8379,2193.3127,2207.9058,2258.6138,2198.5288,2193.9512,2127.9099,2196.6157,2215.5879,2243.8130,2294.6060,2341.6323,2343.6934,2400.6648,2390.6387,2385.7964,2407.7886,2338.1155,2468.6665,2439.7798,2271.1450,2313.5508,2301.3655,2226.4385,2312.0776,2207.0105,2192.9402,2258.4756,2272.7844,2394.1897,2445.7271,2274.6704,2254.2976,2358.6931,2365.9058,2424.4175,2374.3364,2434.6177,2546.9414,2617.4912,2758.4392,2628.4116,2616.2507,2737.1987,2697.5334,2804.4089,2775.2761,2667.6987,2750.6125,2748.4236,2487.6299,2568.4309,2549.1418,2553.1150,2686.1572,2780.6475,2724.9307,2710.2559,2630.7288,2583.5896,2554.6084,2396.1697,2335.5071,2311.6797,2364.5696,2464.8479,2464.1377,2471.6851,2454.7695,2432.8755,2529.5151,2502.8799,2503.4458,2522.5889,2552.1311,2608.3357,2656.0083,2475.2153,2397.9512,2447.3696,2322.7063,2414.3481,2343.1389,2257.2141,2361.0671,2359.0916,2324.6433,2322.7571,2258.1819,2244.6677,2226.1023,2210.6821,2202.1914,2295.1597,2319.8301,2447.2856,2466.1733,2429.5208,2474.9712,2420.1655,2471.1760,2405.4426,2430.8560,2368.6589,2355.3840,2393.0771,2361.4888,2173.9211,2171.5442,2184.1414,2104.6572,2170.3450,2101.3003,2142.8684,2195.5127,2160.3152,2109.6594,2040.7627,1930.3752,1870.4471,1804.4412,1779.5148,1714.6306,1623.4734,1655.1455,1698.1641,1719.8120,1720.0319,1709.0110,1651.8721,1724.9885,1662.2351,1658.5438,1643.9937,1513.0942,1479.0364,1586.4316,1394.4224,1386.6719,1356.3960,1358.6890,1405.1499,1437.8756,1395.2531,1436.7899,1457.5509,1431.9344,1424.4305,1430.2509,1391.9578,1338.4972,1329.1842,1244.8125,1225.3834,1175.3564,1124.4011,1053.3173,1009.6935,927.3256,907.1460,920.5250,833.6327,895.8430,921.1724,864.0079,875.2165,853.8048,889.4203,872.9376,867.4095,858.1628,879.3601,918.0258,866.4760,806.9365,845.2020,784.8710,799.5072,728.6713,724.5433,690.5043,680.9495,632.0184,580.4705,515.0886,457.7865,480.4966,437.5780,391.6537,420.3711,352.2006,313.0906,272.1835,266.6609,253.2243,171.8152,212.8118,179.8074,166.3135,153.7609,0.0000,0.0000,0.0000,0.0000,0.0000,0.0000,0.0000,0.0000,0.0000,0.0000,0.0000,0.0000,0.0000,0.0000,0.0000,0.0000,0.0000,0.0000,0.0000,0.0000,0.0000,0.0000,0.0000,0.0000,0.0000,0.0000,0.0000,0.0000,0.0000,0.0000,0.0000,0.0000,0.0000,0.0000,0.0000,0.0000,0.0000,0.0000,0.0000,0.0000,0.0000,0.0000,0.0000
0.0000,0.0000,0.0000,0.0000,0.0000,0.0000,0.0000,0.0000,0.0000,0.0000,0.0000,0.0000,0.0000,0.0000,0.0000,0.0000,0.0000,0.0000,0.0000,0.0000,0.0000,0.0000,0.0000,0.0000,0.0000,0.0000,0.0000,0.0000,0.0000,0.0000,0.0000,0.0000,0.0000,0.0000,0.0000,0.0000,0.0000,0.0000,0.0000,0.0000,0.0000,0.0000,0.0000,0.0000,312.8908,302.9814,299.1203,355.4167,306.5506,355.4543,291.0262,360.8648,306.0951,346.1700,382.1813,366.0776,470.9882,481.7772,499.4281,542.9199,564.2930,595.9563,599.9461,565.8306,562.8244,615.6677,652.1003,638.8120,681.0276,736.9717,817.7340,834.8251,835.7609,837.5358,869.3782,948.6685,979.9918,1025.6688,1062.6179,1058.1071,1199.7603,1165.8523,1215.4666,1259.0149,1294.0618,1292.8081,1401.6423,1419.3120,1449.8940,1433.8950,1454.5360,1528.5743,1557.9899,1582.1663,1542.9479,1552.7959,1596.6699,1641.9227,1576.9072,1556.4543,1499.5566,1520.5253,1564.4720,1567.1084,1572.2029,1600.5774,1595.4329,1739.9381,1730.5895,1761.9354,1810.0083,1843.2574,1873.6107,1923.4224,1844.0675,1936.8571,2063.4038,2063.7649,2198.0737,2206.6106,2161.3577,2184.5342,2148.8723,2128.8125,2171.0139,2109.4771,2193.4509,2202.1914,2191.9954,2173.0396,2165.5828,2251.1069,2244.8240,2245.1091,2381.8945,2396.4880,2437.0510,2535.8538,2444.8640,2355.3525,2381.5974,2306.5981,2422.3245,2416.1780,2254.9646,2281.7505,2268.2146,2277.2727,2289.3162,2275.9802,2205.0051,2220.6646,2323.5327,2330.2739,2181.8374,2163.2190,2180.6196,2260.5759,2196.2268,2113.7092,2094.7810,2220.4993,2205.3479,2136.0088,2213.1621,2177.3018,2130.0281,2261.0310,2192.4304,2267.2100,2309.8218,2321.6201,2427.4861,2547.4424,2345.0769,2351.4287,2391.9304,2274.6724,2304.1484,2329.8916,2234.0308,2259.5386,2237.5779,2303.9050,2226.9019,2229.2007,2242.8743,2289.3433,2281.2910,2316.9468,2231.4795,2380.8440,2402.6333,2492.7166,2602.7236,2545.4968,2475.3638,2636.6299,2573.6299,2675.6726,2781.8320,2731.9946,2858.9009,2848.2896,2737.9016,2662.9854,2577.2668,2482.6023,2571.2671,2544.7815,2637.0125,2646.0054,2711.5503,2723.9043,2645.0593,2575.3223,2487.2935,2428.7603,2397.4739,2351.1982,2268.5742,2306.3186,2328.4033,2365.1155,2476.1357,2388.0059,2351.4065,2423.2371,2426.4529,2548.8801,2538.8486,2528.8855,2585.7288,2545.1267,2460.8650,2358.5427,2352.9028,2297.0916,2459.8125,2484.8218,2432.0122,2337.7612,2310.3901,2344.1545,2314.6309,2266.0005,2175.8408,2109.5154,2212.7205,2316.3892,2291.1609,2443.6990,2388.5452,2435.6765,2550.4377,2452.6011,2416.4719,2432.6357,2322.8210,2405.4255,2392.1545,2291.3347,2292.6519,2232.9597,2210.5032,2192.0283,2206.8262,2175.5063,2196.0120,2228.9268,2212.7151,2172.7119,2121.4919,1984.2681,1926.8108,1972.5101,1899.3542,1780.2710,1791.8945,1784.0792,1672.1719,1687.7625,1653.1675,1634.2194,1742.8010,1672.2410,1739.8623,1710.6946,1623.9828,1664.2637,1621.2875,1467.3005,1435.4756,1469.3810,1409.1924,1393.6654,1419.7251,1381.6917,1406.3646,1416.5182,1400.4133,1414.9124,1415.8158,1406.7816,1391.0349,1405.5188,1404.1453,1272.6486,1264.5568,1230.5798,1132.1339,1148.4890,1033.1639,1026.0861,977.4773,911.9899,919.4396,882.5238,890.2040,883.2886,913.4066,896.9521,862.4526,856.1520,863.6984,850.9481,911.8160,891.0581,883.8517,833.4709,821.2800,826.7331,799.7861,780.8688,737.3450,759.1421,705.9907,642.0253,629.8481,587.3312,570.3452,518.2292,529.4855,463.2695,392.4779,391.7293,381.0821,357.7072,269.5562,270.6810,276.5083,262.9987,188.6528,198.3400,160.6739,163.5777,0.0000,0.0000,0.0000,0.0000,0.0000,0.0000,0.0000,0.0000,0.0000,0.0000,0.0000,0.0000,0.0000,0.0000,0.0000,0.0000,0.0000,0.0000,0.0000,0.0000,0.0000,0.0000,0.0000,0.0000,0.0000,0.0000,0.0000,0.0000,0.0000,0.0000,0.0000,0.0000,0.0000,0.0000,0.0000,0.0000,0.0000,0.0000,0.0000,0.0000,0.0000,0.0000,0.0000,0.0000
0.0000,0.0000,0.0000,0.0000,0.0000,0.0000,0.0000,0.0000,0.0000,0.0000,0.0000,0.0000,0.0000,0.0000,0.0000,0.0000,0.0000,0.0000,0.0000,0.0000,0.0000,0.0000,0.0000,0.0000,0.0000,0.0000,0.0000,0.0000,0.0000,0.0000,0.0000,0.0000,0.0000,0.0000,0.0000,0.0000,0.0000,0.0000,0.0000,0.0000,0.0000,0.0000,0.0000,0.0000,314.1503,309.7330,331.3448,311.5948,321.1085,280.1286,294.7346,325.9173,343.7581,382.1436,383.4959,383.8620,396.1639,427.8647,469.7534,520.3888,495.1620,466.4384,574.9691,598.6797,590.1279,534.8018,634.6591,623.2010,693.5829,761.8165,707.9806,791.4778,821.6063,802.9181,897.4962,922.9738,949.0091,1024.3101,1053.8344,1124.6124,1143.1000,1174.2572,1233.5179,1314.0811,1326.4811,1370.8719,1344.3145,1334.3054,1371.2046,1446.6475,1510.3226,1449.4851,1513.7947,1591.1270,1540.1115,1548.5972,1546.4316,1518.1827,1554.5396,1516.6464,1474.7751,1541.8367,1521.6587,1603.8025,1677.4819,1593.6016,1574.7053,1720.3510,1741.4318,1752.0621,1802.4368,1818.2898,1884.1370,1932.5447,1954.4965,1901.7369,1920.4739,2036.7983,2093.5481,2198.1489,2205.5781,2130.4106,2178.0823,2180.0974,2080.1597,2075.1614,2097.6064,2054.5146,2238.7642,2191.6790,2218.7676,2248.5332,2168.0229,2233.8232,2369.5442,2346.3215,2338.3911,2368.4907,2345.7927,2425.1997,2397.7380,2262.0996,2335.2222,2279.6001,2258.3359,2257.6167,2195.6279,2206.9915,2268.0603,2325.5081,2396.8311,2243.0769,2196.0291,2245.0042,2155.4382,2201.8743,2119.1389,2084.3862,2152.9001,2180.3821,2126.1907,2181.5422,2153.1038,2153.9810,2233.3315,2143.4353,2104.8948,2146.1592,2138.2378,2255.2583,2347.2351,2288.7607,2331.5969,2343.2617,2389.9456,2359.0649,2307.6323,2326.2759,2328.2285,2359.7932,2402.9370,2210.3103,2177.1106,2210.1545,2194.8589,2255.7915,2293.9199,2172.5967,2286.1187,2297.0183,2280.3921,2412.1155,2356.5898,2395.3625,2528.5247,2571.5032,2560.4817,2638.3669,2604.4873,2790.7207,2852.6807,2789.8696,2729.1975,2726.8813,2724.5847,2735.9856,2609.8406,2620.0879,2478.9109,2569.0901,2657.6165,2621.8955,2617.0496,2625.3767,2583.9309,2706.5547,2644.0796,2418.9780,2419.1279,2335.4966,2299.1709,2335.7644,2255.8518,2198.0205,2322.0742,2334.0391,2463.3313,2441.2217,2449.4854,2496.4211,2564.1345,2499.9810,2458.5037,2388.0278,2414.5686,2428.5269,2405.8003,2467.2756,2440.8694,2406.9121,2430.1086,2341.6970,2375.8152,2317.0417,2267.2537,2345.1089,2308.9739,2244.7200,2236.3633,2240.1379,2298.5430,2451.3303,2381.1599,2429.2717,2526.4846,2492.7219,2515.9612,2434.4590,2370.0823,2299.6836,2323.3955,2293.0103,2213.2795,2213.6821,2252.6357,2256.5796,2261.3281,2283.2917,2191.4487,2129.3389,2098.9851,2098.1206,2104.5469,1971.8856,1896.1807,1893.9973,1916.2332,1717.1929,1716.8170,1645.7211,1646.6675,1673.3850,1640.9586,1684.1526,1684.1896,1649.7014,1717.5150,1648.5968,1591.8931,1526.7319,1427.4879,1508.3997,1433.8743,1450.5925,1416.3552,1375.0896,1342.8615,1399.2269,1387.7478,1347.8458,1365.1553,1375.5402,1382.2162,1387.1151,1354.0376,1351.6201,1290.0680,1183.6553,1251.1300,1135.1232,1050.4031,1061.2925,1005.8561,1043.7166,960.6014,941.1818,852.3513,861.6669,897.9344,867.0337,883.2934,892.4700,886.7117,892.8044,861.7786,857.1796,856.7540,874.4564,809.1634,815.3358,834.6746,813.8402,789.8178,779.1483,757.8898,744.2313,724.9605,641.0964,607.7590,549.7305,549.5320,505.8937,460.0169,411.1695,361.1575,325.8151,319.6703,325.0527,305.9709,229.1890,257.3304,230.0698,219.6965,195.0910,172.7504,157.5047,0.0000,0.0000,0.0000,0.0000,0.0000,0.0000,0.0000,0.0000,0.0000,0.0000,0.0000,0.0000,0.0000,0.0000,0.0000,0.0000,0.0000,0.0000,0.0000,0.0000,0.0000,0.0000,0.0000,0.0000,0.0000,0.0000,0.0000,0.0000,0.0000,0.0000,0.0000,0.0000,0.0000,0.0000,0.0000,0.0000,0.0000,0.0000,0.0000,0.0000,0.0000,0.0000,0.0000,0.0000
0.0000,0.0000,0.0000,0.0000,0.0000,0.0000,0.0000,0.0000,0.0000,0.0000,0.0000,0.0000,0.0000,0.0000,0.0000,0.0000,0.0000,0.0000,0.0000,0.0000,0.0000,0.0000,0.0000,0.0000,0.0000,0.0000,0.0000,0.0000,0.0000,0.0000,0.0000,0.0000,0.0000,0.0000,0.0000,0.0000,0.0000,0.0000,0.0000,0.0000,0.0000,0.0000,0.0000,0.0000,0.0000,302.6726,332.9248,313.4091,302.7732,301.7077,337.3435,354.9760,324.8565,314.1757,398.5852,414.9511,384.0730,437.6602,477.4389,542.9351,550.2313,560.5673,566.7101,572.5228,567.7442,580.1516,643.7723,649.9348,659.4453,745.3314,779.8615,817.7797,809.7533,841.2090,856.9709,898.2255,949.1930,970.8317,1035.9045,1093.4603,1166.2021,1224.3486,1172.6123,1224.1183,1257.6484,1258.7891,1360.6722,1336.6947,1333.1547,1467.8571,1559.9750,1530.5864,1533.0841,1564.4878,1475.4592,1548.5546,1515.4252,1478.3663,1579.5225,1533.0673,1552.2592,1608.1735,1502.9618,1499.0146,1601.7449,1600.5968,1590.6406,1675.3955,1730.4388,1784.5245,1868.0626,1881.4283,1857.7112,1886.5841,1905.2493,1903.1547,1988.2047,2055.4983,2077.5986,2145.3916,2223.2703,2083.6721,2111.8230,2067.3799,2009.4600,2086.6426,2073.6890,2063.5896,2127.9114,2188.3918,2232.0408,2233.2622,2205.8960,2175.6255,2247.8889,2331.9580,2386.6206,2350.6902,2366.2422,2398.6125,2363.5430,2312.9004,2171.7200,2150.0791,2263.4978,2209.5037,2280.2727,2302.7129,2298.5496,2324.9153,2361.7947,2369.3064,2293.8977,2164.1287,2115.3110,2198.2407,2163.6287,2110.8269,2118.9636,2032.6233,2066.6843,2200.5759,2223.7896,2136.7434,2126.9001,2169.3882,2212.2073,2197.3110,2170.1680,2163.9229,2200.6001,2277.4080,2301.9487,2324.6228,2384.4995,2317.2493,2410.8125,2411.0061,2310.0781,2312.0244,2299.2302,2243.2581,2286.0488,2184.9531,2185.0334,2300.3152,2242.5791,2257.4807,2228.9019,2209.1152,2197.1177,2318.9263,2437.6624,2515.5415,2533.3735,2578.0439,2692.2542,2700.3796,2700.2520,2664.9565,2722.9219,2799.4766,2779.5413,2728.9429,2776.3794,2748.6111,2689.0459,2759.1616,2482.0691,2465.5962,2475.6248,2549.6311,2696.4250,2669.2043,2631.1577,2686.9204,2580.0845,2506.7742,2411.8474,2300.4751,2271.8042,2236.5281,2311.9470,2341.8865,2284.4739,2359.5691,2472.6218,2423.7229,2418.9353,2367.4568,2424.0889,2507.0601,2503.1653,2538.7537,2529.4636,2406.7690,2457.0659,2559.0525,2500.5798,2454.4084,2365.6223,2406.4763,2449.0957,2407.1465,2287.4695,2234.5164,2201.3291,2213.8730,2314.6450,2284.1311,2360.8674,2423.1599,2493.3516,2578.8315,2553.6299,2432.7351,2361.2981,2310.8357,2374.1748,2292.4592,2257.6160,2324.8337,2287.3633,2321.1252,2345.2803,2263.6748,2264.9678,2266.8137,2181.6609,2180.4800,2148.7373,2070.3516,2070.4041,1999.3032,1951.0815,1847.5090,1765.8308,1780.0913,1736.6210,1804.0090,1671.5503,1675.7783,1746.4141,1656.5934,1661.0353,1630.4419,1586.8795,1592.3311,1636.4762,1507.8165,1464.4301,1441.4290,1410.5861,1494.5684,1456.9073,1324.3790,1381.0717,1395.0558,1410.7084,1412.8130,1368.5251,1311.8400,1339.9069,1342.8834,1312.3074,1277.6093,1172.4998,1141.3344,1159.5323,1141.2661,1042.0166,971.3442,970.3436,973.2352,939.6316,909.0574,913.6223,879.3588,858.4129,855.8603,910.6916,933.7974,856.0045,946.4420,939.6949,893.0428,910.4913,869.7547,840.4397,881.5249,850.4587,780.5953,777.4489,758.1951,715.0387,706.6819,662.8607,611.2007,546.1857,528.3327,501.1936,465.6616,447.8524,429.3126,366.1605,344.1829,334.9687,299.2509,266.5937,254.0218,226.2409,191.2925,165.6617,196.8093,171.4340,0.0000,0.0000,0.0000,0.0000,0.0000,0.0000,0.0000,0.0000,0.0000,0.0000,0.0000,0.0000,0.0000,0.0000,0.0000,0.0000,0.0000,0.0000,0.0000,0.0000,0.0000,0.0000,0.0000,0.0000,0.0000,0.0000,0.0000,0.0000,0.0000,0.0000,0.0000,0.0000,0.0000,0.0000,0.0000,0.0000,0.0000,0.0000,0.0000,0.0000,0.0000,0.0000,0.0000,0.0000,0.0000
0.0000,0.0000,0.0000,0.0000,0.0000,0.0000,0.0000,0.0000,0.0000,0.0000,0.0000,0.0000,0.0000,0.0000,0.0000,0.0000,0.0000,0.0000,0.0000,0.0000,0.0000,0.0000,0.0000,0.0000,0.0000,0.0000,0.0000,0.0000,0.0000,0.0000,0.0000,0.0000,0.0000,0.0000,0.0000,0.0000,0.0000,0.0000,0.0000,0.0000,0.0000,0.0000,0.0000,0.0000,0.0000,285.7441,277.3497,325.5874,322.7128,294.0646,291.5287,346.0033,314.6274,331.3218,354.1772,356.4589,378.2075,427.9830,489.4310,529.6506,514.1982,563.8851,564.9777,569.1093,535.9472,540.5511,682.8427,649.8373,698.2495,698.3698,758.7828,780.2698,820.5359,793.2809,830.1649,893.1156,940.6859,981.9786,1061.9717,1072.9568,1126.0767,1159.5714,1111.7834,1121.1410,1253.5840,1236.8287,1347.4436,1407.1492,1367.9856,1355.0530,1366.4402,1400.4442,1439.9706,1506.5944,1477.0270,1489.6708,1517.2811,1540.8811,1517.4756,1439.3464,1524.4949,1474.6794,1571.5364,1524.9786,1495.4349,1615.7695,1661.6202,1708.1073,1775.2101,1754.3291,1737.6731,1872.9459,1860.8660,1925.4445,1982.3113,1905.5848,2009.1792,2092.4622,2019.5985,2044.5663,2040.8625,2040.4397,2118.4348,2062.7693,2087.4827,1994.5270,1969.8776,2059.8098,2083.0576,2086.3723,2072.2507,2108.4883,2186.3557,2237.0107,2242.9937,2245.1721,2296.3865,2300.3115,2386.1658,2232.0010,2240.7732,2263.6311,2186.5312,2280.9602,2319.6899,2225.7444,2202.7183,2340.0676,2268.3481,2344.9204,2320.6199,2261.6311,2353.7180,2270.3784,2265.7903,2113.7881,2081.2400,2034.0284,2005.1051,2011.4016,2045.2239,2093.5295,2136.5449,2208.4055,2185.1375,2195.1492,2131.4253,2159.8508,2215.7957,2086.9475,2116.7173,2239.7700,2223.4060,2379.3201,2392.4077,2245.9360,2261.0811,2344.1748,2304.6973,2260.8516,2246.0503,2243.3538,2247.6863,2251.2573,2235.2085,2177.4697,2154.1758,2153.8079,2161.5928,2279.0005,2274.8589,2280.4241,2425.1367,2516.8171,2551.5039,2572.3647,2523.6821,2566.2971,2714.5237,2718.3301,2815.4756,2743.2439,2681.5002,2811.3123,2881.5203,2676.5088,2609.5371,2583.4583,2532.0710,2603.0759,2622.2903,2602.3015,2590.8628,2616.0684,2662.4939,2646.7190,2558.7554,2465.5994,2368.2383,2386.8984,2352.3630,2238.6436,2280.0518,2292.8303,2350.8516,2444.6025,2298.9114,2336.2725,2400.2524,2391.0935,2451.0181,2537.8279,2483.0945,2536.4438,2476.3613,2353.0723,2389.6279,2467.9456,2456.6614,2503.3196,2431.2996,2391.3193,2362.7625,2233.1145,2210.2620,2192.5857,2212.9866,2249.2329,2324.2102,2361.4661,2438.6221,2372.6311,2478.7075,2559.1248,2464.0508,2469.3989,2313.1812,2244.8911,2315.3313,2237.3091,2328.4944,2334.4937,2186.1475,2285.6230,2293.1638,2224.6851,2275.2710,2195.5115,2163.3989,2217.9204,2147.2542,2070.2751,1883.8680,1851.0287,1887.9365,1850.0854,1820.3358,1842.1210,1744.9004,1806.3234,1777.7440,1712.1234,1718.7671,1594.8779,1614.3981,1608.3175,1557.8448,1536.6243,1523.7778,1392.3094,1436.6895,1416.1501,1332.6521,1359.9037,1350.1888,1376.0762,1417.6340,1350.2827,1307.3361,1351.4062,1337.6764,1281.4050,1283.8959,1252.7755,1256.0114,1209.1353,1189.0576,1105.4481,1043.2919,1047.0239,959.4800,915.8390,884.1929,877.1735,866.7724,900.7236,866.0270,860.3703,878.2831,846.3672,810.6075,864.7099,865.6698,886.5920,904.9420,913.1965,929.9601,870.9980,848.1788,839.3743,835.9231,784.5597,751.1804,712.3365,716.5139,719.4379,661.8671,587.2153,552.3157,544.6076,474.5607,434.5663,431.0292,336.7491,336.1622,361.4919,278.8871,295.4533,282.8434,219.7405,215.1474,229.4305,195.8027,160.1626,151.8544,0.0000,0.0000,0.0000,0.0000,0.0000,0.0000,0.0000,0.0000,0.0000,0.0000,0.0000,0.0000,0.0000,0.0000,0.0000,0.0000,0.0000,0.0000,0.0000,0.0000,0.0000,0.0000,0.0000,0.0000,0.0000,0.0000,0.0000,0.0000,0.0000,0.0000,0.0000,0.0000,0.0000,0.0000,0.0000,0.0000,0.0000,0.0000,0.0000,0.0000,0.0000,0.0000,0.0000,0.0000,0.0000
0.0000,0.0000,0.0000,0.0000,0.0000,0.0000,0.0000,0.0000,0.0000,0.0000,0.0000,0.0000,0.0000,0.0000,0.0000,0.0000,0.0000,0.0000,0.0000,0.0000,0.0000,0.0000,0.0000,0.0000,0.0000,0.0000,0.0000,0.0000,0.0000,0.0000,0.0000,0.0000,0.0000,0.0000,0.0000,0.0000,0.0000,0.0000,0.0000,0.0000,0.0000,0.0000,0.0000,0.0000,0.0000,0.0000,284.7130,272.4287,273.6478,298.3658,291.3100,292.3531,319.1704,296.1140,355.7213,346.4100,354.0115,391.7375,437.8190,453.6707,508.5971,456.2466,519.3272,544.4402,564.4353,576.1738,563.7081,639.2267,666.8878,730.5994,724.9673,701.3222,778.3229,820.6827,812.1625,863.8905,876.3866,912.6923,1016.2882,1041.8276,1053.9775,1113.4689,1156.4742,1161.5304,1219.3466,1269.9219,1259.4030,1312.9790,1327.8987,1342.8112,1404.8892,1415.4783,1390.8665,1503.5280,1497.3716,1496.9626,1470.5956,1468.8004,1406.9164,1529.6200,1543.0778,1498.6638,1536.1135,1517.1578,1569.4836,1632.7137,1649.9766,1669.8848,1729.1060,1711.8198,1749.6241,1786.5690,1813.6068,1973.5110,1957.2406,1967.2684,1972.7504,1926.1993,1995.7549,1984.7800,2065.7664,2084.9397,2066.6042,2081.5642,2019.4127,1942.0439,1932.2207,1983.3436,2025.4447,2141.8164,2165.7510,2106.8613,2250.1360,2224.4277,2246.1582,2305.6211,2222.8472,2236.1265,2277.0352,2302.0913,2309.1028,2284.9189,2212.6746,2289.3689,2309.3215,2241.3047,2214.5537,2166.1509,2306.0266,2350.5107,2446.8645,2386.3008,2263.4976,2210.8757,2153.1497,2137.4512,2070.3167,1984.2462,1917.1893,2063.0244,2052.8115,2091.4741,2174.8179,2142.8059,2124.7646,2221.5249,2153.2903,2116.3376,2135.1636,2138.0937,2233.6621,2287.3167,2246.2302,2236.4475,2252.2112,2234.3845,2247.8259,2186.9744,2277.6985,2276.7937,2348.7749,2309.9236,2251.6118,2205.8955,2251.2217,2216.5916,2325.0786,2270.2991,2193.9561,2335.7400,2274.5798,2275.1772,2340.8738,2403.4707,2424.4434,2540.8684,2496.9255,2576.2893,2674.4363,2676.9976,2780.2424,2755.2209,2661.7847,2603.7588,2720.2410,2702.7158,2646.8911,2545.0361,2565.5200,2519.0679,2577.7705,2641.6106,2531.2876,2583.7263,2596.6296,2614.9084,2616.8992,2497.1587,2372.3792,2373.9915,2353.2695,2269.8850,2251.3125,2266.3699,2254.1736,2397.0278,2385.1917,2383.5632,2370.7368,2363.6689,2389.9690,2531.5708,2473.7559,2373.8354,2416.8140,2400.5208,2429.5876,2463.7803,2421.3921,2360.3457,2312.5564,2336.6682,2290.9058,2266.3450,2206.2158,2173.8328,2272.9263,2284.2766,2233.7751,2303.0261,2401.3181,2423.9387,2562.4536,2457.8044,2386.4312,2456.9409,2283.9253,2213.5471,2268.3845,2159.6245,2259.2856,2343.8123,2360.0425,2326.6282,2330.3911,2309.5942,2250.6338,2201.3479,2200.3840,2073.0356,2024.5804,1971.8977,1883.7515,1908.5090,1865.2505,1788.1500,1875.3350,1842.5924,1786.3990,1753.5712,1738.7642,1714.2388,1719.9723,1699.6450,1611.3601,1601.9031,1520.0707,1481.9698,1476.2123,1383.3479,1404.1317,1366.9646,1447.3630,1373.7745,1340.5748,1390.3058,1385.9874,1342.5782,1329.2754,1281.3110,1281.7202,1261.4369,1236.2682,1291.5381,1230.3920,1116.6791,1116.9744,1078.0219,975.2717,959.9343,895.6908,858.6134,888.7556,932.1231,872.7147,865.4171,853.3269,849.8537,812.8415,863.4685,797.8480,853.3825,881.8427,883.2781,875.9160,912.9703,809.7712,843.8475,805.4802,834.2842,795.2731,821.1597,739.9232,760.1782,695.1083,653.2263,600.1474,588.0999,556.5601,494.9847,470.5426,390.9117,384.3246,372.5393,337.4799,307.1892,290.6498,275.8924,278.9646,223.9222,223.4292,210.0373,198.8913,176.0589,0.0000,0.0000,0.0000,0.0000,0.0000,0.0000,0.0000,0.0000,0.0000,0.0000,0.0000,0.0000,0.0000,0.0000,0.0000,0.0000,0.0000,0.0000,0.0000,0.0000,0.0000,0.0000,0.0000,0.0000,0.0000,0.0000,0.0000,0.0000,0.0000,0.0000,0.0000,0.0000,0.0000,0.0000,0.0000,0.0000,0.0000,0.0000,0.0000,0.0000,0.0000,0.0000,0.0000,0.0000,0.0000,0.0000
0.0000,0.0000,0.0000,0.0000,0.0000,0.0000,0.0000,0.0000,0.0000,0.0000,0.0000,0.0000,0.0000,0.0000,0.0000,0.0000,0.0000,0.0000,0.0000,0.0000,0.0000,0.0000,0.0000,0.0000,0.0000,0.0000,0.0000,0.0000,0.0000,0.0000,0.0000,0.0000,0.0000,0.0000,0.0000,0.0000,0.0000,0.0000,0.0000,0.0000,0.0000,0.0000,0.0000,0.0000,0.0000,0.0000,0.0000,283.7072,257.4211,282.1853,303.7245,270.8622,272.9386,313.6299,346.2911,332.7680,381.6071,352.6764,399.3210,429.1573,514.2633,529.5655,542.1993,549.1946,591.5182,581.2949,632.9923,627.4321,686.9891,697.4543,697.9061,741.1597,744.3570,752.6805,796.0599,885.5015,893.7595,915.2249,963.2757,1015.3521,1065.5238,1095.4938,1162.4080,1156.9757,1165.7430,1214.7231,1235.3989,1280.7400,1302.8168,1339.5333,1442.2673,1453.9685,1404.9500,1423.9481,1465.7365,1460.7883,1466.0117,1441.7709,1410.0044,1499.7859,1501.3517,1523.5164,1534.5729,1438.6108,1538.5934,1632.5747,1647.9681,1678.1951,1692.8195,1709.5818,1825.5588,1796.4944,1837.9353,1856.8625,1871.2920,1965.1895,1932.7350,1973.2413,2017.4539,1996.9785,2073.7402,2097.8145,2041.3315,2013.7252,2012.3839,1963.8490,1975.4318,2017.2087,2005.4520,2103.5415,2093.1111,2155.4331,2204.7493,2154.3965,2203.7612,2272.7075,2257.3579,2270.0076,2288.2102,2230.1714,2237.5425,2220.0381,2238.5664,2244.0833,2205.8987,2271.1509,2236.8733,2287.7981,2309.2590,2316.9126,2332.7319,2330.3486,2223.8052,2235.0989,2167.1433,2077.1365,2140.0369,2074.0198,1939.0437,2024.6458,2015.1541,2017.7094,2177.5798,2101.2468,2184.3601,2247.4043,2216.4919,2253.0522,2144.3003,2099.1943,2145.3535,2258.9895,2291.6951,2222.9170,2209.6755,2243.2471,2210.8862,2299.7571,2313.7339,2179.2100,2187.9709,2247.2144,2248.7036,2385.5579,2258.4797,2220.9131,2306.5879,2322.8359,2220.8137,2265.3665,2213.2815,2219.5554,2405.4299,2411.8740,2400.4067,2417.8899,2490.1201,2622.8081,2670.9287,2628.7634,2591.7971,2555.6550,2705.4927,2656.3035,2698.3245,2685.5161,2632.9387,2642.1418,2592.3816,2445.0432,2470.1196,2511.7693,2539.2854,2725.3862,2675.2285,2553.4626,2579.9988,2551.5430,2435.3528,2393.0339,2312.3079,2254.1555,2342.7622,2316.8169,2391.6343,2343.7795,2329.7312,2349.9194,2361.4182,2355.4556,2382.0200,2388.7559,2503.9907,2422.5403,2442.3687,2366.0051,2359.6511,2368.1758,2435.4424,2268.0320,2248.7451,2264.9106,2271.5105,2335.1206,2262.9341,2131.6428,2197.8040,2276.8701,2208.0837,2346.1499,2370.6106,2462.9146,2506.6189,2481.9067,2470.1340,2243.4094,2215.0315,2161.9973,2146.5840,2197.8022,2230.6042,2294.2117,2376.2122,2356.9995,2333.7742,2277.9038,2169.1104,2157.9277,2136.0898,2037.7743,2007.8091,1945.6141,1852.7018,1920.1567,1900.7357,1851.5850,1800.7299,1767.9528,1778.2021,1853.1771,1783.9606,1807.2852,1699.3396,1664.5807,1604.3312,1529.9955,1478.2281,1445.4598,1410.6946,1417.7277,1391.2887,1330.9447,1390.8185,1348.6616,1357.4944,1409.7053,1319.7150,1347.7184,1326.5050,1248.9641,1330.9784,1242.3303,1219.0594,1239.8298,1194.7919,1123.3940,1073.7247,1042.0306,976.2877,926.7904,874.7694,783.6034,861.0057,782.6146,834.3840,829.0627,856.5035,813.9419,815.5758,854.0154,830.3336,826.6873,847.4872,838.5409,867.5231,821.9984,825.4173,790.3113,832.0068,851.9992,791.3500,749.0228,687.3691,691.9146,661.1719,645.5524,538.5448,533.6845,490.5855,446.1676,444.0796,422.8785,358.2106,318.3541,305.0559,275.7175,269.2686,283.2609,218.9292,226.5476,235.3308,197.2209,138.6909,0.0000,0.0000,0.0000,0.0000,0.0000,0.0000,0.0000,0.0000,0.0000,0.0000,0.0000,0.0000,0.0000,0.0000,0.0000,0.0000,0.0000,0.0000,0.0000,0.0000,0.0000,0.0000,0.0000,0.0000,0.0000,0.0000,0.0000,0.0000,0.0000,0.0000,0.0000,0.0000,0.0000,0.0000,0.0000,0.0000,0.0000,0.0000,0.0000,0.0000,0.0000,0.0000,0.0000,0.0000,0.0000,0.0000,0.0000
0.0000,0.0000,0.0000,0.0000,0.0000,0.0000,0.0000,0.0000,0.0000,0.0000,0.0000,0.0000,0.0000,0.0000,0.0000,0.0000,0.0000,0.0000,0.0000,0.0000,0.0000,0.0000,0.0000,0.0000,0.0000,0.0000,0.0000,0.0000,0.0000,0.0000,0.0000,0.0000,0.0000,0.0000,0.0000,0.0000,0.0000,0.0000,0.0000,0.0000,0.0000,0.0000,0.0000,0.0000,0.0000,0.0000,0.0000,261.6306,260.2495,270.0986,293.9223,235.7234,265.4234,296.4068,288.8913,327.4609,353.9675,354.0164,430.1161,425.2394,419.8583,479.1119,487.8275,494.9456,532.6014,564.2551,582.3801,659.9031,704.3506,718.8177,656.2932,729.2333,709.6707,767.0488,742.7969,807.1984,858.7809,970.8739,944.2621,965.5260,996.9631,1073.9362,1095.9868,1124.7585,1144.7988,1169.8506,1178.6284,1305.3381,1320.5020,1297.5186,1361.7174,1340.4904,1372.3193,1424.7102,1435.4113,1460.7850,1427.0541,1434.3041,1433.5735,1431.7271,1440.3127,1417.6151,1512.0131,1561.0083,1554.5715,1572.9150,1686.4897,1693.5898,1697.4235,1781.7974,1712.2526,1680.1769,1845.6998,1842.2281,1943.9604,1943.8002,1946.0845,1977.9004,2037.3164,1912.2272,1929.2332,1950.9799,1954.7889,2075.5964,2015.6144,1971.3779,2008.6946,1956.7378,1965.7454,1990.1536,2030.3552,2110.8167,2148.6133,2247.2285,2264.2607,2199.3970,2263.8926,2255.2773,2295.2463,2228.4089,2160.7852,2173.5974,2301.2048,2265.1289,2308.9058,2339.1143,2223.2070,2289.0623,2333.9529,2241.4753,2305.8535,2244.6016,2230.4055,2297.4617,2250.5215,2101.6980,2011.9847,1990.0110,1972.2836,2024.1437,2011.7838,2036.5059,2073.6687,2215.8853,2303.4128,2213.4771,2209.8079,2200.8169,2235.7063,2262.1421,2169.2693,2176.4341,2286.1294,2330.0200,2299.5049,2291.0352,2191.5908,2192.7737,2271.2209,2224.3838,2251.7634,2261.4255,2233.5007,2391.6716,2381.1194,2265.3875,2312.9006,2272.0300,2279.1985,2296.8032,2310.3728,2304.3721,2316.3784,2373.0095,2425.0854,2368.6680,2409.5117,2467.1658,2581.1448,2702.0344,2601.5591,2551.5630,2663.0249,2643.2717,2702.6636,2739.2866,2475.9521,2493.8027,2487.7095,2531.6702,2570.7000,2557.9661,2507.8774,2627.3652,2660.7883,2618.5264,2603.1904,2492.0618,2482.7222,2440.3589,2450.9587,2438.8586,2316.0024,2310.8638,2359.5464,2323.9421,2337.6592,2234.4392,2361.2371,2476.6562,2502.7805,2433.7598,2438.8020,2303.8286,2378.7905,2394.9727,2319.8879,2314.3252,2232.3157,2253.1628,2342.4128,2328.9431,2202.3699,2195.5957,2194.8118,2160.4678,2234.2302,2203.5403,2286.9629,2299.1072,2487.4092,2486.5791,2382.2397,2345.9990,2318.8394,2274.9316,2220.4199,2160.7996,2201.5776,2254.3796,2276.3425,2291.3936,2366.7542,2296.0693,2254.9111,2244.6030,2202.0510,2130.3096,2098.3936,1998.7985,2041.4995,1909.6576,1839.4943,1780.0844,1804.1285,1870.0812,1876.1539,1879.7810,1910.6984,1834.6187,1796.4020,1799.9672,1669.2595,1599.8452,1542.0972,1489.4077,1525.4369,1421.8600,1410.9910,1445.3861,1368.2397,1360.3723,1373.3822,1299.9420,1345.3064,1357.6196,1328.4557,1321.3542,1269.2302,1214.4797,1216.0823,1238.4739,1158.0984,1137.0686,1093.7017,1035.8502,979.3392,910.0814,884.1378,816.5401,767.8379,848.9706,744.3340,753.0242,763.3711,824.6774,837.9975,847.4988,830.6258,790.5968,762.8693,862.6866,840.0775,800.6538,850.5131,800.9377,797.5928,838.9030,842.2382,741.7006,773.3663,755.2400,704.5302,699.6257,647.7297,604.2568,591.8650,536.9811,454.6384,438.0903,400.0700,382.8945,347.1614,355.0693,322.0320,246.6963,263.5041,233.8830,182.6556,169.2667,179.7213,196.0554,137.1543,0.0000,0.0000,0.0000,0.0000,0.0000,0.0000,0.0000,0.0000,0.0000,0.0000,0.0000,0.0000,0.0000,0.0000,0.0000,0.0000,0.0000,0.0000,0.0000,0.0000,0.0000,0.0000,0.0000,0.0000,0.0000,0.0000,0.0000,0.0000,0.0000,0.0000,0.0000,0.0000,0.0000,0.0000,0.0000,0.0000,0.0000,0.0000,0.0000,0.0000,0.0000,0.0000,0.0000,0.0000,0.0000,0.0000,0.0000
0.0000,0.0000,0.0000,0.0000,0.0000,0.0000,0.0000,0.0000,0.0000,0.0000,0.0000,0.0000,0.0000,0.0000,0.0000,0.0000,0.0000,0.0000,0.0000,0.0000,0.0000,0.0000,0.0000,0.0000,0.0000,0.0000,0.0000,0.0000,0.0000,0.0000,0.0000,0.0000,0.0000,0.0000,0.0000,0.0000,0.0000,0.0000,0.0000,0.0000,0.0000,0.0000,0.0000,0.0000,0.0000,0.0000,0.0000,0.0000,277.2428,262.5819,279.3977,297.0614,282.8203,282.9224,336.4254,335.1716,335.0007,379.1081,413.8230,442.8864,419.7197,407.6807,496.4811,528.2241,563.5979,532.1018,605.5655,645.7444,711.5342,659.3315,701.0336,718.6138,715.3198,761.5403,826.6880,812.1981,876.1630,912.1163,952.5963,1019.9683,978.4457,1046.1498,1069.2308,1125.5762,1207.0630,1216.2499,1142.9967,1220.7187,1302.8628,1259.3093,1283.9216,1311.3984,1363.6327,1358.9612,1399.9785,1469.4235,1393.8192,1340.0605,1350.5651,1365.0548,1404.6954,1447.9556,1469.2672,1488.3274,1573.2271,1606.1914,1670.2817,1632.7137,1702.9115,1752.9847,1721.2773,1765.8676,1772.7001,1784.6362,1910.5776,1946.4231,1941.7825,1897.0416,1851.5522,1935.8790,1984.7019,1993.7737,1987.8121,1985.0542,1987.0188,1998.7168,1939.8002,1939.8220,1931.0901,1959.6273,2106.1785,2157.2041,2171.6187,2229.6025,2242.1360,2280.6914,2237.3782,2131.2837,2183.6304,2226.5496,2230.3459,2275.3652,2265.5459,2203.3950,2262.3701,2277.2214,2225.0234,2173.6462,2196.6921,2298.3896,2333.0388,2267.4011,2238.5872,2171.8127,2198.3562,2153.1304,2077.4194,2119.2314,2070.1953,2013.9713,2118.8369,2137.4658,2058.6187,2141.2102,2194.3743,2273.8164,2289.0186,2279.2683,2178.7478,2285.2373,2239.8813,2284.2380,2303.5542,2175.4558,2187.5366,2243.9988,2230.9290,2207.3682,2184.5815,2217.4954,2273.3408,2245.1221,2289.8081,2207.0203,2248.4080,2293.9089,2307.8215,2340.8967,2389.7610,2341.5908,2389.1475,2433.7026,2285.3157,2330.8320,2256.2888,2385.4585,2512.2751,2557.7622,2554.5923,2612.7886,2552.0042,2604.4148,2640.8179,2524.1980,2530.0293,2563.7891,2511.8508,2618.3704,2533.7957,2517.9429,2526.0720,2509.1768,2503.0725,2492.0232,2536.8547,2617.3425,2594.3169,2625.0872,2588.1948,2451.3723,2462.0825,2373.4001,2311.6306,2308.8733,2266.6270,2299.4121,2378.7498,2346.7271,2351.7263,2369.3391,2309.8867,2330.6819,2348.3413,2269.6140,2248.9778,2278.7749,2259.7205,2297.9595,2235.8735,2205.5222,2206.3191,2240.4065,2219.8269,2206.4241,2183.4666,2218.6829,2262.8381,2396.3311,2334.8845,2208.5579,2356.0657,2394.3591,2401.8848,2402.4700,2215.5789,2232.1851,2265.1460,2262.7002,2200.6057,2213.3833,2171.0535,2287.7383,2396.3562,2336.4329,2271.9915,2192.8281,2224.0837,2187.2126,2115.5261,2067.7800,1878.2407,1875.3184,1926.5138,1876.5360,1872.1095,1918.9229,1838.0471,1902.6722,1901.0839,1795.4008,1769.7321,1700.0425,1655.4039,1675.9528,1593.4709,1484.8843,1486.8379,1423.8932,1368.5189,1361.4418,1338.2732,1314.9869,1370.3657,1333.2695,1380.1736,1336.3853,1297.9781,1283.9939,1240.6450,1205.1627,1148.2019,1164.0667,1195.0450,1128.7866,1063.6311,962.0546,948.4138,930.7318,847.2939,762.9832,744.7930,767.2810,728.4323,843.5637,797.2059,795.3599,797.9216,779.4736,826.7108,780.5944,805.8954,842.1199,801.5844,863.2593,878.4816,811.2127,805.6447,766.8959,748.2633,796.7731,717.3475,694.8638,738.6042,682.9402,670.2343,608.6119,551.0261,502.1319,501.1364,437.6252,432.7718,422.6045,404.5548,333.7923,287.4927,229.1265,267.0929,215.9933,214.9162,197.3358,159.5006,163.2563,0.0000,0.0000,0.0000,0.0000,0.0000,0.0000,0.0000,0.0000,0.0000,0.0000,0.0000,0.0000,0.0000,0.0000,0.0000,0.0000,0.0000,0.0000,0.0000,0.0000,0.0000,0.0000,0.0000,0.0000,0.0000,0.0000,0.0000,0.0000,0.0000,0.0000,0.0000,0.0000,0.0000,0.0000,0.0000,0.0000,0.0000,0.0000,0.0000,0.0000,0.0000,0.0000,0.0000,0.0000,0.0000,0.0000,0.0000,0.0000
0.0000,0.0000,0.0000,0.0000,0.0000,0.0000,0.0000,0.0000,0.0000,0.0000,0.0000,0.0000,0.0000,0.0000,0.0000,0.0000,0.0000,0.0000,0.0000,0.0000,0.0000,0.0000,0.0000,0.0000,0.0000,0.0000,0.0000,0.0000,0.0000,0.0000,0.0000,0.0000,0.0000,0.0000,0.0000,0.0000,0.0000,0.0000,0.0000,0.0000,0.0000,0.0000,0.0000,0.0000,0.0000,0.0000,0.0000,0.0000,248.6970,237.1772,272.9867,264.1839,257.8444,253.2903,302.9345,288.3047,316.3425,333.2081,337.3644,359.1030,385.2141,424.2316,477.4081,443.8661,564.4241,559.0923,559.8210,643.7986,662.0598,689.8420,736.2665,733.1969,693.5433,726.3489,748.1239,786.2745,868.6444,893.7585,927.0699,945.2590,983.0638,1053.9424,1095.6343,1127.2799,1076.5374,1125.5126,1165.3184,1199.1946,1240.2526,1260.9475,1335.1726,1361.9915,1333.1257,1326.0353,1311.2770,1336.6172,1329.8037,1398.2485,1369.3770,1374.1349,1408.5424,1445.9618,1460.9200,1492.1345,1467.1578,1501.1241,1596.3784,1689.4453,1723.3835,1725.2551,1707.5748,1755.5967,1807.9463,1749.0713,1821.3540,1856.7686,1940.1669,1898.0942,1876.4175,1927.9991,1924.8722,1951.8788,2011.3940,1889.1285,1952.0190,1978.6600,2000.1843,2058.1746,2035.4956,1907.3900,2106.6726,2143.8220,2106.2854,2086.6165,2152.2146,2133.3027,2191.5071,2222.0803,2205.1641,2130.2070,2084.0688,2171.6567,2245.2854,2283.6240,2229.9263,2172.7471,2319.2397,2302.4495,2233.2603,2301.2366,2184.4148,2225.4487,2224.1284,2119.4309,2169.2561,2047.7208,2068.6782,2150.8704,2095.7615,2044.5638,2092.2380,1989.8634,2046.5682,2140.6611,2170.7505,2198.2727,2272.8779,2214.7688,2272.5212,2228.5759,2134.7568,2240.7947,2250.0737,2307.2654,2265.7830,2208.3154,2280.6904,2294.9543,2269.7051,2200.0779,2127.2896,2151.9976,2202.7988,2217.6404,2268.4385,2297.2981,2363.0247,2428.5007,2380.8291,2312.5452,2358.2903,2317.5654,2349.5537,2418.8523,2331.0332,2414.7268,2440.2419,2435.0000,2551.5830,2511.4131,2398.7500,2414.1487,2503.3518,2549.0967,2560.2244,2412.3293,2534.0571,2521.5405,2622.9221,2566.9324,2445.5847,2432.8254,2474.3625,2483.9124,2576.9072,2527.8142,2455.4687,2556.4023,2589.9507,2493.6172,2454.1165,2341.0391,2302.8013,2369.7444,2308.1606,2309.1223,2246.6711,2244.1675,2264.6323,2312.9150,2284.9155,2296.5720,2218.5920,2291.4060,2212.2385,2213.2966,2183.2927,2147.2119,2160.8096,2276.8538,2134.4541,2242.3733,2183.8391,2195.3491,2361.4658,2280.5640,2245.9180,2301.7844,2266.1924,2298.7551,2368.3291,2333.9917,2338.3069,2347.9348,2277.0835,2280.7390,2182.9695,2135.5044,2126.2876,2223.3442,2290.2996,2337.5918,2251.7573,2301.2854,2217.2415,2169.6521,2127.1006,2030.9486,2054.7876,2011.8247,1938.8024,1892.6069,1948.2799,1843.7781,1927.7271,1871.4220,1757.2412,1811.8372,1822.8062,1822.9913,1839.9985,1697.0022,1621.8062,1654.7913,1529.2694,1462.1272,1417.5428,1383.1082,1374.7316,1411.5948,1395.4214,1348.3170,1336.7727,1367.5890,1292.2327,1332.3783,1287.4517,1239.2922,1235.3232,1218.4355,1150.7592,1184.3378,1107.7686,1032.6621,993.6534,962.9267,886.1719,829.3992,776.0295,794.0536,806.2327,746.7162,666.1355,738.5939,742.0554,814.9998,789.9680,775.7809,759.7846,815.8456,857.5546,798.9860,796.9036,789.0312,770.7479,781.6080,767.8405,750.7331,704.0657,733.1741,713.1876,685.5917,648.1788,591.4316,596.8953,577.8679,530.9428,506.7318,440.2883,412.3089,451.3017,372.4992,307.1617,284.1822,244.4722,265.8596,205.4562,195.9129,190.2521,146.2636,201.0841,142.8700,0.0000,0.0000,0.0000,0.0000,0.0000,0.0000,0.0000,0.0000,0.0000,0.0000,0.0000,0.0000,0.0000,0.0000,0.0000,0.0000,0.0000,0.0000,0.0000,0.0000,0.0000,0.0000,0.0000,0.0000,0.0000,0.0000,0.0000,0.0000,0.0000,0.0000,0.0000,0.0000,0.0000,0.0000,0.0000,0.0000,0.0000,0.0000,0.0000,0.0000,0.0000,0.0000,0.0000,0.0000,0.0000,0.0000,0.0000,0.0000
0.0000,0.0000,0.0000,0.0000,0.0000,0.0000,0.0000,0.0000,0.0000,0.0000,0.0000,0.0000,0.0000,0.0000,0.0000,0.0000,0.0000,0.0000,0.0000,0.0000,0.0000,0.0000,0.0000,0.0000,0.0000,0.0000,0.0000,0.0000,0.0000,0.0000,0.0000,0.0000,0.0000,0.0000,0.0000,0.0000,0.0000,0.0000,0.0000,0.0000,0.0000,0.0000,0.0000,0.0000,0.0000,0.0000,0.0000,0.0000,0.0000,282.3372,260.0142,215.0627,228.8919,250.1700,279.3379,312.4284,330.9475,337.1028,363.0387,379.7419,371.1317,395.9005,450.1149,436.8375,475.4626,526.3198,570.3522,614.9292,654.2838,620.6239,672.9830,721.7997,673.5328,746.8762,717.6332,787.3890,837.8647,874.4675,910.8893,975.4618,1001.0468,1014.6960,1049.3268,1155.1276,1099.1030,1094.2599,1122.7284,1172.9457,1263.0905,1295.4810,1218.3441,1288.0620,1299.0474,1248.2582,1288.3503,1264.3859,1264.0295,1319.5564,1380.4854,1353.9585,1347.7202,1386.5142,1359.7668,1451.5598,1515.9086,1559.5607,1606.4297,1672.4242,1690.6179,1726.7211,1678.8226,1677.7169,1703.3486,1807.0516,1822.5710,1856.7552,1908.3999,1847.5280,1945.4398,1925.4514,1854.0308,1833.1880,1901.8046,1923.5732,2041.6141,1965.6189,1967.1240,1988.8562,1998.6984,1934.8805,2011.6360,2052.7246,2081.2124,2170.5464,2245.2124,2187.5835,2140.7664,2107.1243,2130.1968,2114.3574,2148.1873,2109.4124,2120.4731,2236.3533,2215.8140,2157.9885,2240.2502,2184.0706,2192.8000,2258.6560,2166.2561,2180.3218,2182.0620,2184.5801,2213.5308,2153.1758,2072.3423,2071.3977,2094.3418,2064.4763,2066.1472,2014.1071,2080.0251,2104.8550,2184.0154,2235.2148,2173.9736,2149.5334,2161.8250,2223.2905,2351.5410,2231.5820,2241.6880,2414.6416,2356.8279,2262.0847,2249.5930,2151.3745,2221.8140,2202.7573,2118.8726,2182.3025,2137.6445,2172.3259,2271.2571,2298.8999,2268.6062,2279.4492,2304.0994,2366.3269,2385.0925,2390.8562,2341.2346,2320.5388,2378.0864,2360.0376,2391.0920,2320.9285,2367.3389,2444.7805,2577.6235,2516.8167,2442.9341,2476.7319,2446.0156,2460.9670,2513.0684,2390.9998,2582.6875,2573.4651,2530.8401,2472.9126,2454.5215,2370.8257,2479.4795,2424.4573,2385.1008,2434.2429,2487.0671,2421.4456,2422.8823,2421.4224,2370.8225,2284.8533,2268.8518,2268.5991,2199.0898,2197.7217,2227.3955,2268.6621,2303.2495,2263.0974,2133.1746,2175.7251,2128.2825,2157.9705,2149.2412,2073.5591,2118.2024,2228.2241,2208.9919,2239.3064,2249.0623,2201.4255,2311.8682,2370.3130,2298.6252,2323.4265,2294.4844,2329.8899,2400.8257,2392.0813,2335.8735,2208.4565,2245.8965,2245.4551,2255.3254,2257.5723,2188.6526,2250.8677,2341.3828,2233.9094,2240.2749,2156.3633,2057.4858,2098.9333,2139.7100,2068.6721,2046.8925,1981.3617,1941.3784,1934.4885,1899.8588,1835.7952,1875.1390,1800.2096,1884.2860,1852.9834,1809.0352,1808.7206,1761.1879,1712.9771,1611.6790,1550.9056,1530.5015,1439.2401,1416.9677,1450.1801,1353.4277,1354.5125,1352.3842,1300.2721,1306.8884,1343.5934,1294.2795,1308.1230,1323.1934,1262.2823,1216.1559,1205.8619,1104.2198,1112.8451,1041.6469,972.5892,921.3398,890.2789,886.4609,796.7704,783.6161,735.2714,731.5381,752.9115,755.2967,710.3129,748.0299,751.5823,793.2568,773.0462,776.0717,771.4381,815.9858,786.9741,805.5726,801.7966,792.9036,780.9093,785.2388,719.2641,700.8098,655.6999,625.9036,623.4989,642.0700,622.3832,530.1667,550.2220,484.7456,478.8155,413.2813,376.9354,299.2759,346.6208,296.2562,265.0225,276.5895,199.8259,209.4712,223.2737,188.5429,188.6783,154.5181,0.0000,0.0000,0.0000,0.0000,0.0000,0.0000,0.0000,0.0000,0.0000,0.0000,0.0000,0.0000,0.0000,0.0000,0.0000,0.0000,0.0000,0.0000,0.0000,0.0000,0.0000,0.0000,0.0000,0.0000,0.0000,0.0000,0.0000,0.0000,0.0000,0.0000,0.0000,0.0000,0.0000,0.0000,0.0000,0.0000,0.0000,0.0000,0.0000,0.0000,0.0000,0.0000,0.0000,0.0000,0.0000,0.0000,0.0000,0.0000,0.0000
0.0000,0.0000,0.0000,0.0000,0.0000,0.0000,0.0000,0.0000,0.0000,0.0000,0.0000,0.0000,0.0000,0.0000,0.0000,0.0000,0.0000,0.0000,0.0000,0.0000,0.0000,0.0000,0.0000,0.0000,0.0000,0.0000,0.0000,0.0000,0.0000,0.0000,0.0000,0.0000,0.0000,0.0000,0.0000,0.0000,0.0000,0.0000,0.0000,0.0000,0.0000,0.0000,0.0000,0.0000,0.0000,0.0000,0.0000,0.0000,0.0000,0.0000,206.3844,248.5455,270.6299,247.9483,248.3582,264.5986,292.9040,282.1605,298.7822,320.4136,361.3981,372.6734,411.2670,456.9369,487.9195,503.7474,572.1849,597.3519,644.9283,632.2245,625.9489,677.9705,663.1198,692.7517,797.0848,797.6730,813.0029,862.7601,861.0252,937.6191,1001.4898,1029.8099,1041.7041,1101.8284,1058.4407,1095.0374,1165.2338,1166.3760,1171.6322,1196.3091,1256.7615,1272.3333,1263.4436,1242.1892,1270.8599,1294.9398,1290.0460,1296.6420,1287.3959,1316.9603,1359.0857,1410.0121,1447.8677,1415.7648,1525.5507,1585.9899,1572.5870,1614.4622,1591.3197,1715.5992,1753.0421,1727.6128,1720.3567,1815.2758,1837.5778,1856.4895,1863.7822,1839.7065,1814.0366,1903.4119,1920.0916,1926.7167,1869.6144,1892.9048,1910.7034,1980.8104,1949.1852,1923.6110,1966.6937,1960.8556,2024.8441,2068.2288,2145.0608,2072.1597,2123.3862,2141.9487,2110.6809,2066.6609,2077.6077,2041.1204,2196.2646,2159.2256,2070.3767,2157.4600,2066.1970,2148.7490,2257.8071,2175.8064,2202.0737,2139.0581,2191.8848,2237.7712,2172.6023,2082.9282,2073.4207,2129.7053,2043.4944,2039.6395,2048.3191,2072.6663,2043.0385,2109.5959,2078.5632,2019.0087,2107.6060,2104.3452,2083.7837,2259.5544,2160.0427,2208.9841,2315.3530,2374.0559,2332.8982,2304.6946,2188.7849,2219.0703,2287.3303,2251.7578,2247.3174,2124.9387,2138.9067,2162.9099,2142.8960,2113.6089,2157.0967,2236.6926,2290.8174,2262.0706,2373.2239,2421.9983,2381.1926,2463.6458,2407.5083,2287.6223,2330.3787,2302.5122,2418.7439,2531.3171,2356.5842,2411.6428,2530.3728,2474.9385,2460.6118,2475.5271,2382.5105,2425.1743,2450.3184,2586.7424,2614.6406,2489.6296,2455.6768,2450.9556,2394.4741,2287.3020,2259.6484,2303.2144,2387.9985,2396.6152,2441.8982,2500.3174,2271.4224,2378.3628,2361.9939,2284.7869,2300.7007,2169.0898,2262.8445,2367.5898,2254.2102,2215.8511,2232.2952,2163.8320,2172.4788,2201.4761,2117.7480,2090.2141,2107.0444,2153.9248,2157.8350,2108.4065,2114.2266,2196.0049,2253.4094,2353.8020,2398.8389,2380.0874,2472.1055,2386.4087,2413.2051,2369.3726,2266.3164,2299.9309,2283.9761,2262.5950,2305.7571,2220.5696,2235.4304,2348.1128,2267.2810,2229.0596,2193.3301,2129.1150,2153.9409,2155.5095,2077.1475,2092.4006,2052.1147,2032.8920,2070.0039,2022.5215,1889.7201,1926.9230,1970.6678,1992.2537,1870.2466,1866.5284,1851.4131,1789.7173,1853.3074,1770.2958,1618.2770,1626.9193,1524.5658,1546.6906,1540.9362,1440.2250,1376.0898,1449.2126,1290.6792,1268.8396,1311.5897,1268.0348,1314.9805,1304.6050,1300.7914,1254.6670,1214.3503,1214.7455,1200.6664,1136.7229,1030.9352,1013.3974,973.1936,1002.5249,938.7596,870.0192,835.6357,787.8721,770.5050,731.0065,710.6214,746.0989,708.8237,750.7296,816.2620,728.3893,766.3922,781.5778,760.2861,731.7272,790.2513,773.1837,781.8221,788.7028,736.7317,768.2277,690.0500,739.0970,637.6887,665.0077,638.6628,651.4552,600.7780,559.9810,515.1655,458.9544,453.4952,400.5058,352.6482,369.5500,303.5346,329.1669,280.7098,275.9678,249.7905,214.4214,195.1034,201.2287,153.9396,148.4624,0.0000,0.0000,0.0000,0.0000,0.0000,0.0000,0.0000,0.0000,0.0000,0.0000,0.0000,0.0000,0.0000,0.0000,0.0000,0.0000,0.0000,0.0000,0.0000,0.0000,0.0000,0.0000,0.0000,0.0000,0.0000,0.0000,0.0000,0.0000,0.0000,0.0000,0.0000,0.0000,0.0000,0.0000,0.0000,0.0000,0.0000,0.0000,0.0000,0.0000,0.0000,0.0000,0.0000,0.0000,0.0000,0.0000,0.0000,0.0000,0.0000,0.0000
0.0000,0.0000,0.0000,0.0000,0.0000,0.0000,0.0000,0.0000,0.0000,0.0000,0.0000,0.0000,0.0000,0.0000,0.0000,0.0000,0.0000,0.0000,0.0000,0.0000,0.0000,0.0000,0.0000,0.0000,0.0000,0.0000,0.0000,0.0000,0.0000,0.0000,0.0000,0.0000,0.0000,0.0000,0.0000,0.0000,0.0000,0.0000,0.0000,0.0000,0.0000,0.0000,0.0000,0.0000,0.0000,0.0000,0.0000,0.0000,0.0000,0.0000,208.4547,250.2974,248.3811,243.7112,239.9184,274.2742,306.4120,388.9242,301.9289,327.2099,375.4966,384.6489,384.4018,412.6320,396.3406,467.2598,524.0060,545.5347,578.4363,666.7110,635.7065,710.4659,720.1232,717.1316,747.1606,781.8420,790.0812,846.4851,852.4271,938.5301,963.1393,991.9590,1064.6201,1067.5244,1054.9182,1045.1807,1102.1029,1140.0563,1175.6154,1171.2001,1198.0863,1241.4619,1241.7244,1203.2087,1148.2491,1201.0459,1230.1010,1232.3674,1312.8032,1247.7478,1209.9062,1318.2187,1403.5322,1409.2308,1462.5641,1456.9674,1487.2943,1634.3837,1653.5736,1634.9033,1694.4138,1724.3118,1764.8062,1799.0280,1773.1649,1795.4092,1796.0273,1886.3800,1879.0629,1842.4369,1830.2491,1772.6326,1849.0352,1812.9938,1847.6692,1918.0745,1933.6053,1903.2902,1989.2196,2007.4712,1959.5604,2010.8229,2058.9758,2044.0677,2074.3223,2082.3723,2116.7590,2167.2275,2115.3804,2102.5449,2045.1808,2022.9802,2010.7457,2117.8538,2051.1235,2136.0029,2150.1370,2222.1677,2184.8899,2159.2170,2194.1980,2179.8835,2162.5803,2179.8142,2046.1195,2041.7731,2078.9575,2092.6960,2136.3257,2066.6633,1970.9159,1985.5082,1974.2838,2027.3472,2133.3591,2033.7938,2126.1912,2192.2317,2193.7983,2251.3125,2247.8611,2148.8350,2333.8977,2338.5796,2364.8586,2286.8823,2214.6060,2268.2261,2269.0842,2163.0801,2093.4629,2015.6123,2199.1409,2236.9321,2163.0383,2259.7949,2232.3203,2308.8257,2426.6538,2366.5220,2291.2695,2286.2700,2247.7991,2293.2925,2478.3552,2397.9895,2339.5745,2472.2966,2394.1707,2409.6006,2469.2002,2487.4912,2466.8975,2409.9841,2498.6145,2459.9905,2477.0176,2547.7104,2559.0371,2528.0325,2428.2671,2349.5559,2292.2664,2319.6309,2229.0088,2234.7603,2263.0547,2223.8042,2340.3328,2351.3220,2275.1631,2314.6560,2294.4841,2405.3057,2365.7847,2283.3877,2233.2351,2279.8315,2199.6997,2238.9424,2207.5273,2198.6763,2120.8535,2189.4873,2155.6614,2153.7444,2078.9961,2065.3354,2122.8232,2165.3545,2270.9697,2216.9561,2320.3127,2446.7283,2470.8286,2491.8535,2458.8057,2362.0420,2385.6873,2308.3977,2357.7319,2292.3186,2252.5203,2259.2014,2393.3110,2253.2026,2245.4365,2209.2310,2222.7844,2225.0081,2271.2822,2176.1953,2100.0720,2019.4581,2054.8516,1992.6700,2007.6617,1968.4762,1919.5308,1932.5437,1973.2339,1923.8359,2004.7825,1926.2484,1878.3723,1921.3308,1847.4691,1736.3916,1730.1825,1671.6536,1658.5868,1584.8726,1498.6016,1493.8192,1402.8398,1395.2372,1344.0699,1356.9847,1306.2552,1299.4929,1305.6085,1321.6576,1299.6381,1232.8030,1258.8866,1272.5651,1226.7513,1176.6440,1130.4945,1096.1499,1071.5457,992.4393,948.7482,914.6301,827.5751,821.6349,781.4099,762.6881,776.1492,697.0149,733.8597,743.4887,658.0540,674.1301,675.2095,692.5297,744.4608,721.2419,743.5024,795.2755,830.8376,793.0662,735.3440,706.0712,739.7386,656.1010,684.9268,695.8177,668.8282,618.8075,594.6212,612.3961,544.9679,499.7362,422.8751,429.5716,416.0763,384.4913,349.3283,279.1310,331.4996,327.7510,255.7558,223.0245,212.7111,170.3918,140.1919,113.7462,154.6481,155.5470,0.0000,0.0000,0.0000,0.0000,0.0000,0.0000,0.0000,0.0000,0.0000,0.0000,0.0000,0.0000,0.0000,0.0000,0.0000,0.0000,0.0000,0.0000,0.0000,0.0000,0.0000,0.0000,0.0000,0.0000,0.0000,0.0000,0.0000,0.0000,0.0000,0.0000,0.0000,0.0000,0.0000,0.0000,0.0000,0.0000,0.0000,0.0000,0.0000,0.0000,0.0000,0.0000,0.0000,0.0000,0.0000,0.0000,0.0000,0.0000,0.0000,0.0000
0.0000,0.0000,0.0000,0.0000,0.0000,0.0000,0.0000,0.0000,0.0000,0.0000,0.0000,0.0000,0.0000,0.0000,0.0000,0.0000,0.0000,0.0000,0.0000,0.0000,0.0000,0.0000,0.0000,0.0000,0.0000,0.0000,0.0000,0.0000,0.0000,0.0000,0.0000,0.0000,0.0000,0.0000,0.0000,0.0000,0.0000,0.0000,0.0000,0.0000,0.0000,0.0000,0.0000,0.0000,0.0000,0.0000,0.0000,0.0000,0.0000,0.0000,0.0000,206.4337,247.3887,265.7639,308.5720,262.6744,258.2384,269.2736,291.4863,327.7956,335.2790,374.8733,416.3216,432.1700,444.6777,457.3801,506.8507,578.5574,548.7141,594.9323,605.6915,606.4002,659.9355,736.7872,742.9232,723.8437,751.5574,801.8973,849.0649,870.9034,932.0026,964.6619,1024.8716,1022.0176,1081.6191,1083.3330,1061.6272,1154.4816,1131.5254,1168.5537,1216.3114,1135.6140,1195.2151,1213.8647,1158.2574,1221.5950,1203.7438,1206.1111,1300.2739,1232.8933,1224.9375,1308.3840,1336.4016,1387.5793,1487.3335,1524.8212,1587.8827,1579.5339,1625.9941,1647.6984,1592.1443,1654.2866,1698.1527,1790.8691,1825.1166,1811.3086,1779.5989,1778.7897,1820.2296,1794.3932,1849.0063,1742.1082,1765.0214,1827.7402,1849.2642,1947.2537,1906.4026,1919.6818,1926.7860,1977.4816,1907.4526,1938.4144,1964.0587,2027.7012,2129.1809,2137.5618,2096.9778,2093.6780,2060.0667,2055.6016,2059.4419,2033.9841,1937.2688,2003.4534,2123.2654,2077.8569,2105.9111,2182.4731,2127.9341,2187.2576,2233.2654,2192.2412,2182.7407,2112.8755,2050.8513,2105.7124,2043.2168,2036.8536,2054.6084,1967.2562,2052.8376,2026.8174,2010.7631,2038.4288,2111.0637,2116.5259,2059.0291,2070.4758,2094.8230,2131.3743,2220.3357,2325.9292,2284.2781,2205.7163,2357.8887,2295.1099,2199.2141,2253.2874,2156.5776,2202.2051,2234.9758,2164.3594,2172.2517,2188.9377,2109.4895,2281.8420,2222.0559,2141.4243,2239.1038,2225.6755,2332.9990,2382.8425,2215.8765,2327.4412,2426.7949,2424.4910,2385.5737,2328.1504,2345.7986,2415.6370,2543.8965,2631.4585,2508.4036,2383.2239,2531.5320,2498.3772,2533.1260,2490.9807,2396.2720,2494.1956,2522.9612,2321.7344,2365.5137,2186.8792,2117.5762,2237.8564,2192.8530,2123.7092,2152.0264,2203.0642,2323.6304,2373.4226,2381.1208,2370.9553,2315.0671,2348.9019,2314.9551,2288.5522,2269.2622,2268.2827,2207.2893,2282.2178,2237.2920,2163.8650,2142.4102,2062.6436,2103.4270,2151.9602,2093.3711,2230.2310,2294.6448,2371.8259,2439.7368,2460.0474,2442.9802,2479.2920,2522.3264,2508.6528,2488.1958,2343.6511,2370.5269,2342.3010,2232.9866,2216.9775,2224.3948,2210.0427,2296.8164,2318.9463,2328.2217,2222.0093,2270.7388,2228.1357,2057.8052,1992.6998,1974.1912,1955.2164,2044.4672,2017.6906,1945.5692,1971.4547,1974.5372,1943.7358,1952.4851,1888.0480,1856.6255,1880.9994,1792.3542,1796.6576,1717.7522,1620.0924,1610.6549,1632.7646,1520.4131,1404.3688,1344.9650,1342.0365,1350.0632,1361.0221,1380.7052,1302.5699,1252.0461,1280.4058,1294.3735,1309.2112,1286.5815,1204.7537,1234.0645,1163.7543,1178.4281,1049.3302,1036.4893,930.8551,921.7363,849.5910,819.6152,763.9068,785.9623,799.1391,713.4442,708.4176,684.1370,725.7274,710.0183,701.5045,768.4923,788.9771,766.3831,752.1040,803.6313,773.7804,735.0624,744.9398,721.6304,759.6709,756.8925,699.2469,698.3785,666.8074,631.1346,641.4088,602.2197,534.2706,523.1491,513.6033,457.0705,431.3276,402.8500,381.2916,351.3226,311.0648,308.8285,265.3536,262.3870,239.6378,196.8758,196.5665,157.7628,149.0348,178.1759,0.0000,0.0000,0.0000,0.0000,0.0000,0.0000,0.0000,0.0000,0.0000,0.0000,0.0000,0.0000,0.0000,0.0000,0.0000,0.0000,0.0000,0.0000,0.0000,0.0000,0.0000,0.0000,0.0000,0.0000,0.0000,0.0000,0.0000,0.0000,0.0000,0.0000,0.0000,0.0000,0.0000,0.0000,0.0000,0.0000,0.0000,0.0000,0.0000,0.0000,0.0000,0.0000,0.0000,0.0000,0.0000,0.0000,0.0000,0.0000,0.0000,0.0000,0.0000
0.0000,0.0000,0.0000,0.0000,0.0000,0.0000,0.0000,0.0000,0.0000,0.0000,0.0000,0.0000,0.0000,0.0000,0.0000,0.0000,0.0000,0.0000,0.0000,0.0000,0.0000,0.0000,0.0000,0.0000,0.0000,0.0000,0.0000,0.0000,0.0000,0.0000,0.0000,0.0000,0.0000,0.0000,0.0000,0.0000,0.0000,0.0000,0.0000,0.0000,0.0000,0.0000,0.0000,0.0000,0.0000,0.0000,0.0000,0.0000,0.0000,0.0000,0.0000,0.0000,210.8725,189.1962,237.9709,218.7485,264.9952,270.1269,314.8190,319.0561,353.6212,360.5255,354.3373,384.5042,456.6201,513.0519,474.9775,478.3170,549.6978,573.4681,622.0866,650.5562,638.3747,672.3869,712.1837,752.6671,784.9543,800.6849,835.8556,922.6907,943.6866,985.6153,997.7124,1045.4427,1049.2745,1066.1901,1156.2981,1133.3940,1107.2844,1128.9391,1163.8093,1151.1018,1171.5474,1152.0845,1173.2318,1197.9132,1224.3412,1211.0425,1158.4622,1145.8892,1226.1831,1273.9219,1379.7600,1413.0856,1432.1886,1505.3761,1537.4650,1523.8551,1622.9554,1560.9447,1560.0210,1750.2006,1674.8215,1735.3293,1763.0560,1727.1396,1708.2535,1753.6963,1728.1331,1738.2108,1787.3217,1754.1652,1807.1833,1732.5983,1778.1322,1838.7738,1881.3431,1884.5596,1844.1479,1911.7081,2016.2512,1993.8276,2024.4963,2062.7688,2041.8073,2078.6558,2081.8994,2010.9796,2088.5388,2037.8037,2052.8525,2089.1306,1961.1094,1947.5394,1957.3437,1972.4794,2032.3925,2146.1658,2095.6895,2164.8367,2169.5010,2197.3694,2192.5103,2085.9880,2003.7292,2014.5520,2005.4282,2010.2894,1941.6912,1923.1396,2017.5762,2018.9888,2043.9703,2018.6564,1968.7019,1999.0087,2058.3196,2104.1155,2203.1421,2105.5796,2149.8623,2320.7937,2286.8027,2190.4478,2174.3997,2191.3333,2334.0947,2290.8164,2232.0432,2207.1462,2203.5735,2167.0071,2225.6086,2175.6370,2122.3308,2156.9089,2200.0964,2225.5454,2119.4224,2190.8879,2273.5315,2195.8870,2251.1272,2290.0198,2270.7632,2363.3176,2333.6021,2385.0212,2517.5396,2464.7153,2429.6550,2551.0830,2491.9541,2479.9111,2514.1187,2467.4441,2587.8904,2564.5635,2539.0627,2407.5503,2379.2336,2258.4731,2224.6421,2198.7324,2174.1143,2149.6230,2133.9011,2237.4084,2168.9919,2185.9512,2276.0935,2258.4578,2383.2603,2379.9485,2357.0449,2363.7815,2332.7285,2341.9419,2439.5647,2284.0886,2200.4900,2268.1011,2269.2815,2197.3140,2208.8611,2123.0693,2177.1199,2255.5444,2220.7107,2280.9646,2266.9111,2281.2986,2518.6086,2501.6155,2593.2390,2514.4600,2480.9507,2564.5430,2476.0378,2311.7549,2352.8147,2161.4834,2303.3137,2233.6108,2281.6123,2306.5371,2248.9910,2234.8093,2403.8716,2291.4050,2141.4412,2146.9124,1978.4478,2057.2197,2031.0277,1970.6427,1956.8234,1956.1471,1914.7646,1948.0261,1896.2904,1846.8436,1898.4092,1929.9354,1941.3704,1828.8715,1752.3911,1748.3307,1640.8230,1680.9575,1578.9125,1500.3390,1490.2366,1424.3893,1378.5890,1398.9235,1339.9792,1286.9930,1344.4944,1294.6902,1306.6456,1275.3839,1219.9723,1265.8947,1283.3734,1169.3931,1200.7332,1173.8024,1106.1256,1046.8782,1015.3805,947.0292,889.3242,884.7551,828.9514,768.9600,764.0539,697.2146,687.4897,752.1614,694.5048,692.8645,743.0151,738.0578,732.6872,761.7834,738.4238,790.1820,761.1784,756.1458,782.2011,740.2772,753.9755,736.2327,723.7789,682.5336,649.7026,628.4276,590.3177,599.7193,537.9583,569.1487,510.9861,500.3841,466.8730,411.4386,381.2054,396.6204,329.1286,302.0357,325.1153,253.5826,225.3452,210.2411,171.6872,225.5290,217.3577,106.4501,0.0000,0.0000,0.0000,0.0000,0.0000,0.0000,0.0000,0.0000,0.0000,0.0000,0.0000,0.0000,0.0000,0.0000,0.0000,0.0000,0.0000,0.0000,0.0000,0.0000,0.0000,0.0000,0.0000,0.0000,0.0000,0.0000,0.0000,0.0000,0.0000,0.0000,0.0000,0.0000,0.0000,0.0000,0.0000,0.0000,0.0000,0.0000,0.0000,0.0000,0.0000,0.0000,0.0000,0.0000,0.0000,0.0000,0.0000,0.0000,0.0000,0.0000,0.0000,0.0000
0.0000,0.0000,0.0000,0.0000,0.0000,0.0000,0.0000,0.0000,0.0000,0.0000,0.0000,0.0000,0.0000,0.0000,0.0000,0.0000,0.0000,0.0000,0.0000,0.0000,0.0000,0.0000,0.0000,0.0000,0.0000,0.0000,0.0000,0.0000,0.0000,0.0000,0.0000,0.0000,0.0000,0.0000,0.0000,0.0000,0.0000,0.0000,0.0000,0.0000,0.0000,0.0000,0.0000,0.0000,0.0000,0.0000,0.0000,0.0000,0.0000,0.0000,0.0000,0.0000,224.5256,232.3401,181.7886,222.6646,268.6247,274.1926,281.3706,295.8969,295.8831,376.5423,372.8603,407.9088,415.4694,461.7844,492.1365,495.5852,463.2066,517.5421,569.4459,570.8114,647.2920,708.5364,701.1923,745.2724,780.7115,750.6434,816.5647,811.8132,880.5510,986.9186,966.1804,993.1489,979.6821,989.2390,1051.3999,1112.1893,1122.2910,1109.8959,1081.1544,1143.3241,1148.0201,1151.1583,1123.3726,1101.2456,1174.0212,1239.0991,1195.7441,1197.3202,1245.5736,1225.0544,1397.8188,1362.8036,1386.5984,1496.5393,1468.6356,1568.6278,1576.5171,1499.9473,1546.2491,1642.4507,1631.3040,1642.6165,1666.3641,1644.7191,1676.3396,1699.6248,1730.9740,1759.4207,1650.1046,1674.1223,1704.0457,1675.7870,1743.6693,1717.3221,1807.8391,1892.1362,1964.8674,1984.1722,1945.8302,1913.5630,2017.3679,2063.4470,2007.1144,2072.9343,1992.9888,2095.4451,2189.9746,2133.2439,2051.2598,1970.4996,1948.4625,1950.5533,1973.6482,1933.1464,2034.3854,2079.5376,2188.9580,2196.2229,2182.1306,2097.4011,2030.7209,1998.7156,2024.5516,1969.4756,1933.1277,1986.1545,1892.3615,1980.9828,1987.8453,1910.9536,1973.6316,2006.0768,2063.5530,2085.2383,2035.9622,2123.7708,2174.2754,2079.0806,2083.1746,2210.5215,2166.9863,2202.9873,2237.3057,2235.5593,2272.5271,2247.9700,2326.7144,2260.1038,2179.8826,2194.6580,2171.8008,2267.5327,2231.8271,2115.5181,2160.4341,2188.3936,2119.0601,2266.8379,2148.4685,2017.5040,2164.5767,2208.3923,2314.8457,2374.6519,2333.0405,2320.4675,2497.6165,2447.3220,2466.5618,2459.2559,2406.4846,2516.8721,2501.7883,2631.3411,2508.4287,2423.6519,2421.8923,2439.0098,2346.5925,2322.3333,2190.7690,2211.8296,2301.1641,2151.3213,2130.0251,2084.8450,2107.9065,2169.2168,2222.0393,2352.6892,2415.3032,2409.9993,2406.2417,2506.0300,2417.5325,2331.8948,2326.7883,2330.4868,2312.9255,2389.2720,2312.6855,2339.9648,2302.9214,2294.0066,2206.8450,2206.5681,2240.8159,2279.6780,2372.3186,2447.1753,2395.5068,2517.7661,2585.5615,2497.4619,2499.4546,2498.0864,2371.7510,2391.5203,2301.7126,2301.1443,2346.5515,2234.0342,2288.0532,2323.3296,2233.3391,2211.0276,2250.0278,2212.6189,2193.3269,2114.5693,2053.8479,2016.0414,2002.8513,1942.4246,1926.3461,1883.9281,1906.1414,1884.6401,1936.4312,1970.7363,1879.1593,1848.0699,1867.3145,1790.2942,1772.7814,1680.8907,1601.6393,1639.4773,1600.4233,1503.5126,1494.6221,1367.7924,1363.4178,1352.7235,1284.8829,1303.1455,1235.9617,1260.9200,1315.6710,1301.1348,1261.3167,1216.8956,1127.9104,1208.1350,1127.7069,1101.8943,1089.1460,980.7375,991.0372,908.3192,848.4399,834.6448,778.4364,806.0505,778.7812,714.1733,717.8123,738.0289,735.3353,747.0693,694.9818,715.6814,719.3906,737.7188,758.8494,763.0549,788.9601,765.9412,770.3398,770.8141,783.0041,734.1547,666.8461,677.3705,649.1606,623.8054,593.4609,548.2915,514.7096,520.7610,481.0413,453.2877,450.5518,397.5166,395.4183,336.1218,283.0145,278.4653,261.5713,258.5865,177.2388,219.9769,165.5105,160.2608,106.1189,164.8965,0.0000,0.0000,0.0000,0.0000,0.0000,0.0000,0.0000,0.0000,0.0000,0.0000,0.0000,0.0000,0.0000,0.0000,0.0000,0.0000,0.0000,0.0000,0.0000,0.0000,0.0000,0.0000,0.0000,0.0000,0.0000,0.0000,0.0000,0.0000,0.0000,0.0000,0.0000,0.0000,0.0000,0.0000,0.0000,0.0000,0.0000,0.0000,0.0000,0.0000,0.0000,0.0000,0.0000,0.0000,0.0000,0.0000,0.0000,0.0000,0.0000,0.0000,0.0000,0.0000
0.0000,0.0000,0.0000,0.0000,0.0000,0.0000,0.0000,0.0000,0.0000,0.0000,0.0000,0.0000,0.0000,0.0000,0.0000,0.0000,0.0000,0.0000,0.0000,0.0000,0.0000,0.0000,0.0000,0.0000,0.0000,0.0000,0.0000,0.0000,0.0000,0.0000,0.0000,0.0000,0.0000,0.0000,0.0000,0.0000,0.0000,0.0000,0.0000,0.0000,0.0000,0.0000,0.0000,0.0000,0.0000,0.0000,0.0000,0.0000,0.0000,0.0000,0.0000,0.0000,0.0000,227.4707,220.2482,245.2925,187.4004,265.8167,322.8761,281.8541,316.7356,343.0065,343.5662,368.7403,414.0138,425.7603,440.8011,496.4841,501.3709,547.5355,536.6863,564.5974,634.1182,648.7694,692.5039,721.6265,724.5390,791.1689,813.3210,854.6539,899.6478,884.0930,902.2477,952.7454,1001.1752,1013.7731,1064.3148,1037.8966,1128.2545,1131.0552,1115.2064,1159.7627,1050.0479,1085.5170,1148.8379,1107.6980,1169.0941,1221.5417,1215.7605,1248.4114,1242.5688,1216.7187,1307.3832,1354.4238,1401.5056,1483.2247,1484.5864,1531.8024,1550.2312,1532.5188,1445.3982,1483.4547,1559.5649,1567.7581,1615.7697,1720.0841,1615.1343,1666.1116,1665.8879,1626.2798,1649.4098,1641.8140,1579.2435,1677.7709,1725.7382,1696.8561,1822.7769,1791.7864,1836.3445,1926.2463,1951.8606,1950.9193,1997.5916,1960.6661,2054.5867,2086.3513,2064.2078,2079.1655,2065.1260,2059.2917,2012.5341,2003.6454,2019.0303,2003.1958,1971.0240,2032.7582,1983.4641,1919.6726,2020.0513,2014.5392,2141.4983,2123.2732,1990.9677,1986.5881,2028.5024,1912.1062,1916.3165,1852.0554,1806.2048,1943.8374,1990.9380,1980.0682,1969.3588,1989.2334,2056.4973,2141.0947,2097.9170,2082.0967,2058.1482,2132.1921,2178.0691,2145.3875,2211.1365,2191.0769,2205.9841,2275.6833,2266.4719,2165.7729,2234.7009,2153.8423,2338.0459,2333.0798,2185.4077,2185.4885,2209.2815,2134.7090,2157.8784,2155.7642,2032.3561,2098.9236,2064.5776,2116.1267,2189.4785,2149.3730,2263.1177,2343.5464,2379.6353,2354.2988,2381.8342,2487.1086,2512.4949,2465.8308,2592.1421,2522.9021,2561.7568,2537.6252,2476.5720,2402.9673,2373.5869,2301.8914,2376.3093,2451.3616,2318.6050,2253.9653,2280.4287,2153.5227,2150.7568,2140.6360,2117.9824,2226.8530,2234.0249,2363.8074,2479.0459,2342.2219,2394.0200,2418.6858,2477.0432,2374.1890,2369.4871,2385.0044,2435.8960,2482.0215,2521.5715,2337.4641,2297.7043,2284.5073,2291.7864,2304.2922,2356.8972,2274.7859,2427.2676,2532.1206,2509.3716,2496.5457,2414.7590,2414.1123,2492.5671,2476.9390,2459.5884,2325.1301,2255.8887,2253.3145,2347.9487,2316.9329,2229.4998,2191.2959,2244.8164,2234.6897,2191.3760,2173.8091,2140.2354,2050.7935,2009.8912,1929.9186,1885.4694,1853.7478,1859.1414,1986.8457,1948.0610,1867.2596,1843.5444,1857.7367,1805.1964,1830.5153,1757.0500,1773.2087,1750.3746,1657.8462,1604.9097,1571.4535,1536.0656,1492.6400,1449.1598,1384.4380,1320.9587,1311.7310,1310.8348,1326.1984,1309.8533,1256.4290,1263.0707,1259.5748,1286.6333,1195.6530,1163.9673,1170.2604,1103.1029,1098.9891,1053.8589,987.2552,866.9781,850.8450,815.7056,774.8265,750.3307,727.2159,739.6099,738.6780,693.6697,708.8764,676.6832,682.8738,736.8792,721.3030,734.6318,691.9508,722.0986,801.7294,737.5033,776.4971,752.4284,723.8818,710.2585,745.1713,752.0477,662.0270,626.0328,618.8557,601.5747,530.3465,503.7429,489.8776,465.9665,417.5392,434.3971,352.6986,338.9781,311.6289,288.5021,297.1294,233.5928,222.1771,214.4046,173.8778,162.7816,148.7671,168.9028,0.0000,0.0000,0.0000,0.0000,0.0000,0.0000,0.0000,0.0000,0.0000,0.0000,0.0000,0.0000,0.0000,0.0000,0.0000,0.0000,0.0000,0.0000,0.0000,0.0000,0.0000,0.0000,0.0000,0.0000,0.0000,0.0000,0.0000,0.0000,0.0000,0.0000,0.0000,0.0000,0.0000,0.0000,0.0000,0.0000,0.0000,0.0000,0.0000,0.0000,0.0000,0.0000,0.0000,0.0000,0.0000,0.0000,0.0000,0.0000,0.0000,0.0000,0.0000,0.0000,0.0000
0.0000,0.0000,0.0000,0.0000,0.0000,0.0000,0.0000,0.0000,0.0000,0.0000,0.0000,0.0000,0.0000,0.0000,0.0000,0.0000,0.0000,0.0000,0.0000,0.0000,0.0000,0.0000,0.0000,0.0000,0.0000,0.0000,0.0000,0.0000,0.0000,0.0000,0.0000,0.0000,0.0000,0.0000,0.0000,0.0000,0.0000,0.0000,0.0000,0.0000,0.0000,0.0000,0.0000,0.0000,0.0000,0.0000,0.0000,0.0000,0.0000,0.0000,0.0000,0.0000,0.0000,0.0000,219.9767,260.5774,263.5218,238.2496,208.4645,274.8346,288.3645,324.9083,282.1851,369.7147,378.7714,425.4218,464.9838,438.7699,465.3224,489.6731,487.0455,524.3203,594.1260,605.5984,607.4577,638.8721,711.6078,748.8716,719.4731,762.0754,819.4872,824.2834,878.4771,892.6820,972.4641,1012.7584,999.8723,1048.3549,1084.8436,1122.0146,1128.3677,1127.5309,1049.9133,1111.0609,1075.5496,1084.2886,1128.7092,1134.7509,1142.4712,1113.8159,1183.6265,1243.7947,1296.5040,1287.6200,1378.7318,1399.9443,1489.4104,1477.0358,1395.4598,1427.1451,1351.2024,1468.1986,1583.9659,1585.6818,1595.9957,1633.9492,1644.6925,1635.6324,1590.7340,1514.1835,1581.0164,1601.5024,1582.8279,1578.8988,1615.7241,1591.3413,1707.4250,1720.9766,1757.6060,1765.3904,1898.9250,2018.6127,1997.9036,2005.4213,1938.0182,1932.6976,1933.9198,1979.1780,1987.3824,2009.1287,2036.0259,2077.7664,2062.6060,1956.1208,1927.4349,1903.9105,1843.2251,1976.6730,1998.7135,1967.1176,2042.3297,2064.4194,2029.2059,1957.0736,1917.6025,1854.8900,1836.8865,1855.6927,1872.7214,1863.4352,1921.5718,1988.5326,2012.8944,2004.3270,2022.7283,2018.3988,2097.4443,2113.7251,2138.8706,2218.7280,2243.9844,2207.3179,2274.8584,2143.0232,2142.3826,2205.4492,2224.4705,2244.3245,2275.1851,2167.2703,2268.8096,2277.3286,2165.7678,2151.9685,2099.3132,2070.9905,2117.0000,2169.4949,2173.4465,2051.3748,1900.7957,2020.7657,2101.3027,2227.5344,2175.2046,2217.7200,2377.9863,2447.0779,2445.9441,2545.1335,2486.4963,2452.2710,2566.2996,2500.2351,2475.1792,2513.7688,2346.8933,2422.1279,2489.1577,2380.2310,2346.6931,2306.6963,2288.2883,2309.0891,2305.2495,2181.8250,2147.8101,2043.0193,2144.6733,2182.2917,2198.9402,2269.8623,2329.4216,2423.0173,2357.3333,2385.8623,2430.7910,2415.5254,2459.9675,2593.9258,2454.9290,2402.5852,2482.0005,2346.8491,2359.8101,2329.1992,2313.1284,2404.4873,2417.7593,2397.7229,2411.1804,2372.2595,2372.0918,2438.7275,2482.9963,2423.4631,2426.5139,2389.2192,2401.9482,2288.0120,2279.2534,2268.0977,2216.3115,2358.2615,2304.9761,2216.8809,2232.2302,2192.6394,2135.4727,2117.3938,2015.8279,1965.8464,1916.2759,1949.1254,1978.2999,1908.0173,1837.5591,1794.5310,1885.4016,1772.8872,1786.4354,1740.4930,1726.0347,1785.6569,1767.1194,1753.3008,1644.3146,1568.3958,1562.0250,1552.4741,1485.4982,1419.5071,1351.7045,1422.3586,1410.9764,1360.1378,1325.6602,1279.9810,1256.9039,1312.5676,1245.7888,1218.3607,1209.8696,1188.2202,1145.5715,1126.8013,1029.2549,1019.9294,984.4244,920.3729,896.3700,815.2491,807.5851,786.9093,781.4991,766.4017,703.4242,679.8742,721.4686,696.0118,694.9645,720.0263,685.0569,707.8630,763.4582,762.5743,758.5839,752.8207,802.0210,760.6732,745.8035,717.6275,678.6411,707.0808,696.3155,703.8818,635.1254,583.4132,565.7470,544.3643,503.6366,484.1224,464.5744,404.2750,415.1414,344.4485,322.4204,316.8680,261.4631,241.1512,272.2699,217.6259,160.4050,168.0780,165.6887,114.9675,0.0000,0.0000,0.0000,0.0000,0.0000,0.0000,0.0000,0.0000,0.0000,0.0000,0.0000,0.0000,0.0000,0.0000,0.0000,0.0000,0.0000,0.0000,0.0000,0.0000,0.0000,0.0000,0.0000,0.0000,0.0000,0.0000,0.0000,0.0000,0.0000,0.0000,0.0000,0.0000,0.0000,0.0000,0.0000,0.0000,0.0000,0.0000,0.0000,0.0000,0.0000,0.0000,0.0000,0.0000,0.0000,0.0000,0.0000,0.0000,0.0000,0.0000,0.0000,0.0000,0.0000,0.0000
0.0000,0.0000,0.0000,0.0000,0.0000,0.0000,0.0000,0.0000,0.0000,0.0000,0.0000,0.0000,0.0000,0.0000,0.0000,0.0000,0.0000,0.0000,0.0000,0.0000,0.0000,0.0000,0.0000,0.0000,0.0000,0.0000,0.0000,0.0000,0.0000,0.0000,0.0000,0.0000,0.0000,0.0000,0.0000,0.0000,0.0000,0.0000,0.0000,0.0000,0.0000,0.0000,0.0000,0.0000,0.0000,0.0000,0.0000,0.0000,0.0000,0.0000,0.0000,0.0000,0.0000,0.0000,216.4937,230.2077,209.4928,217.8916,226.8569,264.6276,339.4803,272.4313,314.9229,326.0377,348.1290,403.6424,430.8022,441.3145,488.1357,461.0678,484.5284,517.0013,589.5974,629.4402,600.6175,664.0855,636.4578,696.9379,718.6172,737.5968,817.7137,832.3289,898.6025,951.0844,931.9556,930.6086,949.4102,1047.7081,1076.0298,1089.8486,1087.0660,1067.2549,1064.0789,1084.2291,1059.3203,1104.2100,1082.9119,1150.0748,1239.3719,1144.3583,1170.4705,1249.8427,1230.1997,1293.7001,1373.1029,1349.8177,1413.8333,1398.9880,1477.3127,1509.0472,1452.6362,1441.3038,1546.1569,1564.0066,1552.2917,1525.6088,1527.2759,1579.1432,1523.1896,1538.7269,1535.9237,1483.8839,1520.8344,1487.2056,1545.3254,1590.4047,1616.7642,1663.1510,1739.4318,1759.8492,1850.5719,1852.7974,1943.2147,1963.0443,1926.3175,1917.7637,2007.1630,1947.6334,2036.8782,2104.5059,1989.6248,1971.9174,1993.1396,1970.0963,1932.4520,1916.6245,1895.7437,1904.3721,2016.4270,1988.0699,1909.4866,1946.9539,1904.9202,1896.7491,1969.5007,1908.4810,1833.3412,1841.5382,1962.9961,1864.6699,1882.6304,1931.8813,1885.6204,2081.1130,2086.1470,2111.0159,2174.5825,2195.5625,2196.2295,2282.5042,2191.4331,2172.3789,2128.8838,2142.6533,2213.7742,2286.6135,2233.4958,2243.6233,2223.1082,2234.0591,2201.1819,2163.5532,2119.5173,2097.0320,2107.7358,2173.8447,2112.4197,2118.0046,2119.6599,2008.5042,1998.9867,2028.4127,2034.4489,2194.4890,2298.9526,2337.4221,2378.7429,2364.1807,2444.6296,2508.7061,2427.5815,2449.2363,2432.6377,2469.4026,2531.9380,2550.5762,2402.5010,2361.0359,2305.4624,2318.2078,2262.5220,2233.4639,2279.9272,2297.5974,2336.2856,2291.6401,2174.8015,2127.9785,2146.4709,2176.0083,2265.3291,2250.1338,2213.7383,2369.9956,2416.3057,2426.5923,2447.3145,2374.9507,2377.0222,2432.2439,2418.7297,2475.9270,2385.0825,2336.9658,2423.8584,2418.6895,2372.8032,2323.7034,2297.3901,2349.3984,2413.0520,2419.2639,2480.0239,2343.7832,2428.6057,2461.9709,2399.8459,2361.5088,2266.2856,2207.0537,2311.8369,2362.8835,2313.4966,2304.5754,2215.4597,2227.2051,2223.9985,2083.1245,2021.9917,2020.4205,1957.9355,2024.5784,1944.5002,1896.4982,1912.3655,1897.4255,1829.5649,1777.2057,1765.1128,1731.0621,1759.4708,1794.1224,1799.7533,1670.4155,1712.5079,1680.4766,1581.1010,1613.2889,1534.1746,1495.7289,1498.3544,1412.1450,1368.3093,1367.8566,1315.2572,1292.5957,1320.2438,1270.4556,1229.4788,1247.5562,1251.7852,1213.1986,1224.7418,1095.8582,1120.3413,1072.0150,1063.9948,941.5870,907.6561,885.0826,831.0453,829.1439,784.9954,758.9371,737.2784,714.2785,659.4246,697.1367,702.3777,659.4006,682.3602,686.7495,728.0125,728.4200,689.4794,705.5177,710.1692,766.5171,725.8359,737.7817,666.8914,739.7430,685.4985,693.3645,656.6257,613.0536,626.6097,597.0591,547.2630,494.6700,495.6877,467.6435,461.7219,357.1501,350.6261,351.5432,256.6161,278.7949,200.0152,203.6083,241.5033,183.4884,140.7840,168.4289,137.9885,165.2555,0.0000,0.0000,0.0000,0.0000,0.0000,0.0000,0.0000,0.0000,0.0000,0.0000,0.0000,0.0000,0.0000,0.0000,0.0000,0.0000,0.0000,0.0000,0.0000,0.0000,0.0000,0.0000,0.0000,0.0000,0.0000,0.0000,0.0000,0.0000,0.0000,0.0000,0.0000,0.0000,0.0000,0.0000,0.0000,0.0000,0.0000,0.0000,0.0000,0.0000,0.0000,0.0000,0.0000,0.0000,0.0000,0.0000,0.0000,0.0000,0.0000,0.0000,0.0000,0.0000,0.0000,0.0000
0.0000,0.0000,0.0000,0.0000,0.0000,0.0000,0.0000,0.0000,0.0000,0.0000,0.0000,0.0000,0.0000,0.0000,0.0000,0.0000,0.0000,0.0000,0.0000,0.0000,0.0000,0.0000,0.0000,0.0000,0.0000,0.0000,0.0000,0.0000,0.0000,0.0000,0.0000,0.0000,0.0000,0.0000,0.0000,0.0000,0.0000,0.0000,0.0000,0.0000,0.0000,0.0000,0.0000,0.0000,0.0000,0.0000,0.0000,0.0000,0.0000,0.0000,0.0000,0.0000,0.0000,0.0000,0.0000,167.7585,241.7788,230.7494,230.1691,211.6931,228.4314,276.1071,330.9352,302.2122,373.7475,424.0673,370.2532,434.1444,474.3630,489.8815,540.0342,518.8060,539.7648,618.2108,641.8202,639.7150,631.1511,680.1997,724.5760,788.3850,797.1678,811.2536,812.3887,856.2641,882.6085,886.0024,987.6523,957.6301,1026.0701,1097.5403,1036.2064,997.3985,1064.5076,992.8425,1083.6158,1094.9436,1035.4762,1097.9893,1158.5757,1125.2943,1132.3048,1199.3458,1158.1912,1219.3574,1269.4932,1368.6359,1350.1678,1358.4750,1392.7374,1429.9620,1392.6398,1377.6342,1437.8423,1487.7987,1553.3380,1498.3492,1562.5670,1444.4950,1430.9434,1507.1187,1421.7727,1383.3075,1406.7700,1447.4962,1545.7427,1545.0389,1572.5692,1639.4757,1643.7190,1694.6001,1773.1555,1909.9091,1894.6685,1866.5399,1910.1603,2000.7219,2023.1698,1960.1356,1929.5917,1964.6793,1957.7839,1970.5848,1960.0037,1954.6511,1923.2942,1915.6453,1912.6924,1820.9512,1835.2963,1874.9860,1845.6887,1879.1735,1939.9561,1863.9946,1901.6052,1941.8000,1819.8167,1840.7069,1837.1591,1849.3870,1929.6664,1925.4210,1959.2272,1998.2388,2015.3704,2106.9917,2167.4883,2124.2275,2089.6736,2191.3052,2217.0439,2233.3904,2161.7456,2126.5171,2152.5659,2203.3789,2206.4050,2131.5293,2098.3359,2156.8218,2120.6133,2167.8157,2140.9021,2008.0729,2033.4131,2117.0195,2116.1472,2144.3650,2048.0012,1991.2836,2083.6265,2122.7043,2210.4910,2182.1765,2142.8254,2244.3755,2365.2515,2428.3740,2409.0613,2386.9883,2423.8464,2499.5320,2438.5081,2467.1155,2459.4709,2370.6121,2384.3347,2319.0254,2307.6824,2237.5085,2212.7136,2280.2917,2322.4480,2287.3325,2253.1470,2236.0029,2114.3467,2158.5979,2081.4087,2123.1975,2249.5642,2211.3669,2282.8127,2363.1611,2286.1516,2310.2356,2355.7654,2419.2075,2416.7339,2404.3992,2456.5107,2410.2563,2398.0808,2381.7478,2293.6633,2288.4680,2342.4172,2267.2712,2351.2737,2358.4529,2304.0293,2450.5811,2366.7812,2270.8801,2293.6021,2323.1467,2258.0520,2386.2092,2312.1162,2205.8843,2319.7815,2265.6785,2333.1440,2303.6760,2186.6455,2144.4399,2109.0254,2093.1116,2030.4738,1894.0818,1941.5861,1946.9327,1929.6283,1886.3951,1840.2515,1775.1766,1826.2560,1762.3162,1790.7522,1776.1625,1685.3406,1668.2861,1694.7078,1634.9406,1666.6506,1589.4795,1539.8959,1576.0825,1580.0883,1469.2905,1391.6919,1366.5164,1305.4543,1367.1041,1307.3660,1289.0044,1234.2498,1215.1317,1227.1746,1265.8031,1235.2412,1118.0400,1110.7549,1116.8040,1067.1063,1023.9444,992.8577,909.5465,920.7852,848.5922,803.3839,720.1026,726.3441,682.0712,663.5040,644.8036,642.8896,685.2031,675.9103,697.7751,690.3632,677.7889,669.5558,682.4958,721.5126,705.5653,693.5182,730.2768,714.7223,709.9844,714.4717,693.6424,657.5992,686.9024,611.0352,561.8378,599.1351,580.7366,525.1208,532.9833,430.2651,412.8090,392.2628,360.9441,359.0415,353.4937,267.0977,246.2541,244.4616,199.0035,169.9518,192.4462,184.3772,141.7710,131.7269,0.0000,0.0000,0.0000,0.0000,0.0000,0.0000,0.0000,0.0000,0.0000,0.0000,0.0000,0.0000,0.0000,0.0000,0.0000,0.0000,0.0000,0.0000,0.0000,0.0000,0.0000,0.0000,0.0000,0.0000,0.0000,0.0000,0.0000,0.0000,0.0000,0.0000,0.0000,0.0000,0.0000,0.0000,0.0000,0.0000,0.0000,0.0000,0.0000,0.0000,0.0000,0.0000,0.0000,0.0000,0.0000,0.0000,0.0000,0.0000,0.0000,0.0000,0.0000,0.0000,0.0000,0.0000,0.0000
0.0000,0.0000,0.0000,0.0000,0.0000,0.0000,0.0000,0.0000,0.0000,0.0000,0.0000,0.0000,0.0000,0.0000,0.0000,0.0000,0.0000,0.0000,0.0000,0.0000,0.0000,0.0000,0.0000,0.0000,0.0000,0.0000,0.0000,0.0000,0.0000,0.0000,0.0000,0.0000,0.0000,0.0000,0.0000,0.0000,0.0000,0.0000,0.0000,0.0000,0.0000,0.0000,0.0000,0.0000,0.0000,0.0000,0.0000,0.0000,0.0000,0.0000,0.0000,0.0000,0.0000,0.0000,0.0000,0.0000,205.5186,229.4781,232.7322,241.5424,288.4589,254.4628,310.6255,307.2400,339.2385,400.7824,414.5244,418.4056,413.9141,428.8161,509.1151,525.8282,550.1777,527.8283,569.3198,595.9286,688.3322,696.7947,662.3082,758.8684,758.3849,812.5148,846.3561,834.4049,864.2175,871.1855,967.2029,994.5576,941.2872,1033.0397,1027.7102,1015.3009,1052.4734,1046.2098,1062.6792,1066.1716,1037.1921,1047.4357,1064.1869,1067.7880,1098.8400,1140.6844,1175.3818,1210.6637,1239.7041,1312.5171,1304.6602,1379.8202,1344.6675,1333.1891,1351.8082,1449.8931,1420.8033,1482.2423,1505.3135,1506.2672,1489.8550,1444.8103,1394.4916,1432.7028,1312.2552,1431.3840,1407.5937,1378.1971,1422.4873,1485.4867,1538.9836,1560.6743,1663.3627,1656.1272,1771.4631,1814.1741,1861.7665,1885.1758,1857.0500,1847.2626,1905.7738,1942.0256,1922.4707,1862.3704,1952.6884,1984.0139,1974.2804,1916.0723,1898.5917,1825.9642,1833.5038,1823.7687,1840.4016,1828.3878,1787.4432,1924.9413,1965.9525,1874.8684,1861.9645,1818.6038,1847.4773,1910.5425,1924.9960,1872.5760,1894.0913,1880.5165,1971.4640,1950.8086,1975.9640,1962.5201,2031.1390,2148.8428,2228.8538,2189.3945,2195.9595,2164.2070,2137.1479,2197.3125,2118.9758,2085.8452,2130.4778,2109.6265,2178.7329,2114.5427,2125.1572,2109.0562,2088.9719,2057.8420,2061.2178,2070.2122,2056.7959,2161.5930,2122.8875,2122.7202,2097.6858,2102.2595,2194.8621,2244.8713,2238.2593,2272.4878,2346.3474,2456.0247,2488.2227,2431.5486,2483.4558,2463.4924,2409.3647,2523.9666,2442.2817,2394.0051,2365.6045,2306.5264,2405.0977,2344.1890,2206.8101,2180.0872,2239.1536,2203.0820,2229.3210,2176.9958,2144.9568,2171.9272,2188.6653,2286.0557,2178.8411,2185.5051,2244.5747,2335.0161,2317.8318,2372.2959,2254.5857,2346.3411,2427.4158,2416.8225,2390.4124,2316.9570,2273.2861,2338.3962,2303.2041,2329.5227,2328.7063,2192.7197,2307.4287,2395.9392,2247.7310,2255.2776,2313.3979,2262.1726,2313.9502,2357.1147,2302.1765,2300.9656,2245.7754,2353.1233,2340.4807,2330.6111,2300.0208,2316.2725,2298.9868,2247.8242,2078.3516,2028.5660,1922.0448,1894.8727,1977.4543,1893.1715,1860.8938,1905.8845,1849.8757,1879.5524,1821.4911,1712.2413,1747.9120,1746.6216,1679.8568,1646.8568,1588.1360,1607.3739,1638.6967,1644.9906,1566.5300,1480.7152,1433.4196,1437.8437,1390.1439,1350.0897,1350.9326,1308.5615,1379.0876,1263.5402,1271.3707,1250.1843,1201.7827,1189.0394,1227.7296,1139.0474,1086.0773,1122.8674,1039.7407,1033.3850,960.3036,911.9182,875.3889,816.5679,776.0707,719.2669,627.2763,659.5803,688.4812,717.8512,702.3941,654.3359,662.9844,646.3956,657.5533,712.3524,682.5561,675.2838,767.3293,714.3167,732.5779,726.3494,733.2899,722.9970,743.7560,732.8777,675.9271,656.5464,615.5070,604.0775,593.9606,470.7327,498.6079,504.2310,383.2834,398.1167,372.7619,372.3789,296.5619,267.7415,262.7985,209.1885,220.6645,199.9822,187.5690,204.6196,129.7257,147.2444,0.0000,0.0000,0.0000,0.0000,0.0000,0.0000,0.0000,0.0000,0.0000,0.0000,0.0000,0.0000,0.0000,0.0000,0.0000,0.0000,0.0000,0.0000,0.0000,0.0000,0.0000,0.0000,0.0000,0.0000,0.0000,0.0000,0.0000,0.0000,0.0000,0.0000,0.0000,0.0000,0.0000,0.0000,0.0000,0.0000,0.0000,0.0000,0.0000,0.0000,0.0000,0.0000,0.0000,0.0000,0.0000,0.0000,0.0000,0.0000,0.0000,0.0000,0.0000,0.0000,0.0000,0.0000,0.0000,0.0000
0.0000,0.0000,0.0000,0.0000,0.0000,0.0000,0.0000,0.0000,0.0000,0.0000,0.0000,0.0000,0.0000,0.0000,0.0000,0.0000,0.0000,0.0000,0.0000,0.0000,0.0000,0.0000,0.0000,0.0000,0.0000,0.0000,0.0000,0.0000,0.0000,0.0000,0.0000,0.0000,0.0000,0.0000,0.0000,0.0000,0.0000,0.0000,0.0000,0.0000,0.0000,0.0000,0.0000,0.0000,0.0000,0.0000,0.0000,0.0000,0.0000,0.0000,0.0000,0.0000,0.0000,0.0000,0.0000,0.0000,0.0000,178.2777,228.9090,210.0498,263.3548,272.2207,253.5311,258.0892,318.4512,349.0229,385.1728,413.5265,426.8157,438.7311,456.5387,525.8414,519.9981,550.3205,545.7039,634.3263,608.1201,646.6525,669.4798,707.2881,770.8056,733.7208,818.5742,871.1509,809.3250,830.9902,902.2694,943.7725,945.7864,1005.0100,970.1220,984.1111,985.4152,975.1821,994.7031,974.6210,961.6404,1039.4083,1057.3724,1071.3671,1062.5109,1097.5154,1158.3098,1199.1699,1227.0732,1263.2316,1202.7389,1287.0715,1322.2079,1329.9711,1368.6545,1328.0127,1368.6860,1429.6266,1424.3230,1415.4987,1378.7267,1374.8290,1343.3796,1406.1364,1371.8550,1327.9291,1263.5552,1339.7883,1399.6482,1446.5529,1461.7313,1489.3594,1571.7227,1680.4180,1662.0052,1743.4120,1782.9935,1800.0857,1910.7897,1929.2271,1824.6936,1881.1439,1862.1304,1879.5634,1919.7805,1861.7405,1872.6011,1895.4376,1825.4661,1885.7948,1894.3086,1827.3995,1879.8146,1883.0958,1860.3795,1833.9800,1780.9783,1814.6115,1848.6892,1895.3119,1916.2491,1879.5404,1921.0117,1937.4280,1905.3628,1866.3610,1831.4883,1859.8866,2031.4374,2042.3813,2041.2295,2175.3467,2134.3181,2150.9414,2227.0586,2129.7954,2089.9614,2126.9353,2070.7119,2148.5979,2062.4331,2024.6827,2103.7122,2122.9456,2077.0979,1998.4907,1938.7186,2062.8318,2026.7074,2064.7136,2155.2876,2115.7439,2074.2834,2122.1050,2076.6443,2157.3516,2183.0837,2165.5957,2345.8748,2344.7683,2340.4719,2437.1577,2342.3416,2391.3689,2426.0278,2416.3938,2412.2285,2443.1931,2397.0405,2498.1648,2418.7783,2292.2573,2238.6006,2292.6667,2231.2588,2117.5178,2134.2722,2150.5061,2145.2639,2201.1816,2196.1848,2114.2881,2087.3040,2161.2717,2171.0811,2276.7949,2231.0811,2218.6536,2311.8381,2336.9958,2261.6614,2329.8665,2267.5759,2260.2571,2344.7490,2217.2114,2227.8809,2176.1716,2151.7917,2216.5437,2255.6343,2241.3044,2145.4858,2191.2681,2267.0259,2261.5793,2217.1216,2258.9006,2303.3123,2323.1118,2359.0737,2265.8098,2252.7217,2226.9512,2268.6023,2372.7881,2343.4871,2203.3223,2208.4177,2197.5972,2033.3350,2004.2448,1906.8938,1867.7604,1973.5494,1891.6871,1931.1343,1875.8333,1784.5813,1788.3407,1838.1843,1687.0625,1723.8931,1584.5734,1672.3638,1630.7773,1603.5710,1580.6378,1519.7467,1481.7583,1539.8768,1485.1853,1417.1660,1378.1495,1287.5077,1343.0281,1334.2953,1266.1836,1264.4780,1192.8030,1203.9498,1215.9497,1200.7777,1172.0878,1179.6852,1097.0648,1085.6249,1067.0017,971.5665,953.9204,911.8417,862.7451,822.8923,740.0411,734.0931,712.4775,682.8112,669.7368,647.6210,642.0585,695.6660,606.2023,653.0489,647.1038,645.1678,729.3297,697.9163,685.3043,705.5127,697.2164,665.9868,722.3918,714.6054,749.9609,671.9462,658.0250,656.1810,603.4412,531.1625,534.2535,544.3547,493.9557,465.5215,404.5523,423.4944,379.7139,366.2778,309.6744,280.9726,228.5687,281.8011,229.5348,165.9759,163.0313,137.7692,141.1028,147.9543,0.0000,0.0000,0.0000,0.0000,0.0000,0.0000,0.0000,0.0000,0.0000,0.0000,0.0000,0.0000,0.0000,0.0000,0.0000,0.0000,0.0000,0.0000,0.0000,0.0000,0.0000,0.0000,0.0000,0.0000,0.0000,0.0000,0.0000,0.0000,0.0000,0.0000,0.0000,0.0000,0.0000,0.0000,0.0000,0.0000,0.0000,0.0000,0.0000,0.0000,0.0000,0.0000,0.0000,0.0000,0.0000,0.0000,0.0000,0.0000,0.0000,0.0000,0.0000,0.0000,0.0000,0.0000,0.0000,0.0000,0.0000
0.0000,0.0000,0.0000,0.0000,0.0000,0.0000,0.0000,0.0000,0.0000,0.0000,0.0000,0.0000,0.0000,0.0000,0.0000,0.0000,0.0000,0.0000,0.0000,0.0000,0.0000,0.0000,0.0000,0.0000,0.0000,0.0000,0.0000,0.0000,0.0000,0.0000,0.0000,0.0000,0.0000,0.0000,0.0000,0.0000,0.0000,0.0000,0.0000,0.0000,0.0000,0.0000,0.0000,0.0000,0.0000,0.0000,0.0000,0.0000,0.0000,0.0000,0.0000,0.0000,0.0000,0.0000,0.0000,0.0000,0.0000,185.6129,210.1442,262.2592,231.5592,240.9556,238.9379,275.8164,276.1236,306.5090,386.4810,395.4023,414.3377,480.3481,460.5296,490.9889,501.7589,480.4592,593.4202,529.9790,619.5554,661.7399,683.4345,717.7698,779.1939,769.6859,817.6105,796.5449,766.1616,854.7059,849.4147,902.8760,907.3232,928.5436,977.3864,939.1082,941.9637,942.6302,960.6124,1002.9548,1059.3851,1036.7488,991.5784,1020.8412,1089.1748,1095.8385,1101.4436,1131.8771,1179.2991,1203.3153,1201.9520,1329.2814,1286.1382,1306.2997,1275.9829,1271.3892,1311.9213,1301.2416,1334.8409,1389.5267,1369.9938,1389.5937,1321.0424,1291.6467,1314.9886,1280.3386,1289.2144,1334.5195,1338.1799,1441.4933,1506.2314,1500.3917,1535.3470,1578.0883,1627.5718,1698.4595,1697.3136,1703.0066,1811.9403,1855.7236,1855.9525,1849.0765,1711.1127,1807.2806,1810.3246,1818.6832,1844.6682,1750.4409,1847.0143,1827.3925,1856.7964,1845.8271,1803.5055,1812.1649,1797.3656,1870.0715,1837.1443,1869.5005,1789.0424,1901.2075,1895.2178,1822.9008,1807.6984,1841.7286,1788.8196,1940.4889,1930.7273,1889.0874,1921.3510,1921.9270,1976.8512,2120.7383,2056.4683,2047.0341,2146.5972,2119.4917,2164.8591,2085.6216,2134.5793,2084.7004,2074.4604,2063.8325,2024.4141,2000.1514,2079.5088,1996.9131,2077.2998,2042.9447,1988.0170,2002.8950,2083.2925,1991.8484,2019.8190,2010.3710,2059.4075,2254.7212,2238.2627,2224.8264,2316.5337,2268.4514,2345.5122,2376.0076,2362.1384,2319.6602,2404.3523,2439.2434,2498.3262,2418.5137,2378.0696,2342.0947,2318.3882,2355.0432,2207.5540,2232.1270,2253.2783,2190.7410,2182.0952,2198.1060,2018.9204,2029.8718,2105.7600,2022.7677,2085.5466,2154.1096,2116.6099,2313.2737,2315.1282,2240.2380,2258.9026,2164.5740,2203.3752,2282.1836,2315.7034,2269.8931,2178.9287,2147.0178,2154.5903,2159.5940,2140.1821,2090.9744,2140.8870,2202.6948,2285.0161,2166.4602,2156.7134,2187.2588,2339.6033,2312.0132,2233.7195,2253.0325,2242.3369,2206.2256,2375.1248,2344.6970,2184.9900,2262.7502,2223.1379,2113.7803,2158.9827,2081.5842,1976.2412,1992.0549,2007.0458,1933.6433,1860.0045,1822.6818,1866.6718,1866.1150,1861.3175,1794.9305,1770.3730,1771.5297,1734.5527,1645.6769,1648.7986,1539.5292,1559.6393,1506.3654,1441.9164,1409.0654,1479.7229,1397.4800,1433.5831,1381.4968,1347.3557,1273.9397,1255.9515,1259.5432,1285.9849,1169.9435,1198.9132,1196.9803,1222.4332,1137.7074,1080.2166,1033.7223,1039.4451,996.8916,937.1198,919.6761,865.4568,891.0861,822.9553,740.0811,725.6215,662.9996,690.9312,655.8627,685.9348,664.6014,654.1108,609.9881,688.9203,691.9520,678.1928,702.0242,683.6840,676.0715,687.7658,699.4221,697.7133,679.2650,757.5565,701.3300,682.4500,614.8237,591.5137,600.3119,562.2744,522.9782,442.5136,465.0274,409.8814,394.7864,404.1737,282.8938,289.9228,272.9627,295.1281,264.2425,171.4149,206.7833,162.7678,123.6641,135.5529,114.2565,82.1799,0.0000,0.0000,0.0000,0.0000,0.0000,0.0000,0.0000,0.0000,0.0000,0.0000,0.0000,0.0000,0.0000,0.0000,0.0000,0.0000,0.0000,0.0000,0.0000,0.0000,0.0000,0.0000,0.0000,0.0000,0.0000,0.0000,0.0000,0.0000,0.0000,0.0000,0.0000,0.0000,0.0000,0.0000,0.0000,0.0000,0.0000,0.0000,0.0000,0.0000,0.0000,0.0000,0.0000,0.0000,0.0000,0.0000,0.0000,0.0000,0.0000,0.0000,0.0000,0.0000,0.0000,0.0000,0.0000,0.0000,0.0000
0.0000,0.0000,0.0000,0.0000,0.0000,0.0000,0.0000,0.0000,0.0000,0.0000,0.0000,0.0000,0.0000,0.0000,0.0000,0.0000,0.0000,0.0000,0.0000,0.0000,0.0000,0.0000,0.0000,0.0000,0.0000,0.0000,0.0000,0.0000,0.0000,0.0000,0.0000,0.0000,0.0000,0.0000,0.0000,0.0000,0.0000,0.0000,0.0000,0.0000,0.0000,0.0000,0.0000,0.0000,0.0000,0.0000,0.0000,0.0000,0.0000,0.0000,0.0000,0.0000,0.0000,0.0000,0.0000,0.0000,0.0000,0.0000,189.6824,251.2068,219.3108,206.9134,242.7703,247.5068,249.1445,339.2379,349.8041,383.2132,410.4937,428.8380,462.3464,478.3241,514.3380,488.2492,544.2467,539.1614,566.9833,602.2150,623.8593,675.8860,737.6108,757.9129,780.6492,739.7889,785.1712,825.7512,799.0831,886.9875,878.3683,852.3934,899.2488,879.5564,911.0229,904.8663,911.2954,916.2549,990.2150,1002.5006,969.7330,1004.8852,1009.0433,1089.4338,1090.1750,1136.4883,1142.6526,1142.5907,1228.9606,1206.7323,1268.5654,1212.3975,1166.5544,1301.1046,1278.7914,1294.5496,1363.4528,1309.2446,1294.2417,1355.5260,1284.1387,1272.1311,1269.0349,1193.3987,1272.7588,1325.8929,1345.6453,1410.7740,1474.2883,1412.4735,1547.1001,1591.1416,1541.3302,1666.4907,1676.4049,1733.6687,1745.7573,1700.1967,1749.2384,1773.6598,1765.2898,1745.7415,1710.3220,1775.4247,1754.5978,1796.8013,1782.5752,1772.1095,1831.5873,1868.3514,1781.4752,1778.0415,1824.0621,1784.4490,1805.1833,1843.7535,1788.4786,1715.1202,1706.1570,1843.2793,1900.1544,1861.5295,1872.3618,1945.9323,1874.1127,1916.0669,1854.5573,1904.1302,1904.6809,1978.6545,2093.5581,2082.7217,2000.0546,2094.5996,2169.7246,2108.7681,2108.7607,2056.8027,2039.7841,2054.0500,2129.9956,2106.2747,2063.7563,1923.5730,2028.3918,2062.1477,1986.1775,1957.5906,1957.5238,1994.7264,2103.2100,2062.0757,2086.1492,2076.1277,2113.6633,2177.3567,2330.7732,2347.9951,2314.3213,2341.0554,2462.7295,2473.2190,2377.7905,2363.1379,2410.4292,2418.8591,2457.2488,2340.2119,2297.5215,2315.0991,2290.3921,2303.9080,2331.5620,2098.6025,2105.6934,2062.5989,2015.3337,2024.9760,1991.5431,2013.2032,2154.9038,2163.2839,2177.6477,2206.8655,2244.3289,2265.1570,2257.1768,2253.1685,2287.9441,2260.6404,2259.2559,2220.4678,2168.0706,2084.9009,2029.4788,2072.0652,2142.9631,2150.0977,2177.5469,2260.1006,2136.1724,2195.5005,2093.8276,2273.9553,2041.0480,2167.6367,2366.1082,2380.7678,2326.0627,2304.1484,2231.0510,2191.9597,2222.4031,2106.0364,2066.4331,2105.1316,2109.2019,2156.5818,2058.8606,2006.1868,1956.9481,1920.7657,1890.3767,1834.3379,1820.7338,1791.6556,1845.6971,1791.0652,1791.0658,1730.1957,1605.9698,1561.1154,1610.8274,1491.6816,1483.9470,1435.4998,1382.4376,1425.2830,1435.1655,1361.9551,1345.6927,1385.8350,1250.2893,1234.1404,1259.8842,1257.2622,1249.2112,1213.8102,1171.7788,1152.7549,1150.2455,1056.1437,979.7869,1020.2160,968.0829,987.3060,924.1182,881.8392,806.4700,814.9551,760.6797,733.0198,711.3459,675.1374,671.3933,660.4892,652.5063,657.9028,660.0905,661.1852,641.9464,673.4254,688.3112,677.1663,680.2157,710.6707,695.0798,758.4462,723.5884,693.8198,638.2988,627.8950,656.9218,653.4947,603.8641,572.8632,555.5955,498.5457,500.8331,420.5554,413.5308,341.4360,353.2552,342.2632,309.3446,283.3954,239.1881,240.9511,247.3168,206.5714,147.1678,172.2800,140.2365,126.2023,0.0000,0.0000,0.0000,0.0000,0.0000,0.0000,0.0000,0.0000,0.0000,0.0000,0.0000,0.0000,0.0000,0.0000,0.0000,0.0000,0.0000,0.0000,0.0000,0.0000,0.0000,0.0000,0.0000,0.0000,0.0000,0.0000,0.0000,0.0000,0.0000,0.0000,0.0000,0.0000,0.0000,0.0000,0.0000,0.0000,0.0000,0.0000,0.0000,0.0000,0.0000,0.0000,0.0000,0.0000,0.0000,0.0000,0.0000,0.0000,0.0000,0.0000,0.0000,0.0000,0.0000,0.0000,0.0000,0.0000,0.0000,0.0000
0.0000,0.0000,0.0000,0.0000,0.0000,0.0000,0.0000,0.0000,0.0000,0.0000,0.0000,0.0000,0.0000,0.0000,0.0000,0.0000,0.0000,0.0000,0.0000,0.0000,0.0000,0.0000,0.0000,0.0000,0.0000,0.0000,0.0000,0.0000,0.0000,0.0000,0.0000,0.0000,0.0000,0.0000,0.0000,0.0000,0.0000,0.0000,0.0000,0.0000,0.0000,0.0000,0.0000,0.0000,0.0000,0.0000,0.0000,0.0000,0.0000,0.0000,0.0000,0.0000,0.0000,0.0000,0.0000,0.0000,0.0000,0.0000,0.0000,208.0872,226.4153,204.2848,222.1092,274.2065,210.9356,274.4933,325.3185,315.8302,387.2008,396.7353,452.8122,435.3994,468.7844,487.2386,515.8898,540.6470,555.8096,602.2248,619.9941,647.6057,682.1755,708.1339,714.3902,737.3459,746.8966,747.8195,775.5128,833.8975,821.4172,833.9886,852.4996,846.3578,888.6898,858.0464,856.2670,884.8118,916.2560,967.5884,974.0881,1004.2894,1073.8003,1068.9375,1076.4723,1130.3024,1121.2911,1192.7053,1151.6421,1188.4031,1248.0126,1274.0673,1158.2313,1220.1014,1233.2739,1214.3947,1281.1882,1245.4437,1290.0381,1250.4050,1278.8896,1334.7483,1268.6698,1235.9031,1246.4543,1299.1367,1341.2509,1387.8250,1433.0125,1500.2847,1521.1854,1598.2985,1622.7125,1605.7190,1584.3318,1617.9800,1627.3281,1718.1525,1708.1545,1682.8896,1757.0554,1738.9944,1662.7275,1702.6758,1631.2595,1683.1732,1798.3926,1767.5946,1821.1344,1807.4363,1769.3716,1853.4117,1802.9827,1754.2070,1724.5645,1730.2616,1736.9915,1798.1854,1788.4965,1797.3083,1805.0712,1909.0012,1858.6664,1854.1614,1854.8895,1853.9143,1857.3032,1965.1470,2019.1139,1952.6729,1992.7053,2013.8108,1991.9337,2109.1226,2040.4463,2006.7268,2070.0757,2138.4714,2104.9341,2110.6631,2012.6406,2082.6357,2110.2932,2006.2360,1966.6672,2020.7296,2011.0972,2046.2555,1988.6918,1986.9927,1960.3698,1945.9904,2002.2893,1970.5317,2108.6140,2169.4976,2213.2466,2362.2024,2407.4607,2310.3782,2320.5352,2348.4429,2340.9084,2447.1196,2416.2627,2386.7874,2391.3870,2356.5015,2387.4631,2327.4153,2190.6753,2241.1414,2273.0911,2222.1953,2164.1980,1998.9448,2048.3679,2060.5349,2029.4846,2088.0723,2094.6338,2064.9111,2210.3235,2263.5618,2329.7544,2269.4634,2218.1223,2323.4810,2252.5149,2233.4973,2188.5801,2137.3755,2079.2703,2173.7222,2110.7314,2151.5479,2167.1724,2196.4321,2217.0479,2292.6270,2157.4285,2154.3557,2198.2063,1693.0703,2328.3811,2337.2139,2376.1201,2369.2444,2258.4221,2269.1226,2196.8787,2155.0859,2079.1960,2066.6582,2176.6052,2133.4453,2007.2938,2076.5964,2049.1580,1957.8109,1972.2040,1926.0958,1885.7131,1969.1044,1880.2172,1809.6146,1855.0558,1761.4050,1772.1826,1716.2772,1623.1680,1546.8954,1521.4574,1525.8022,1478.3395,1427.5558,1357.6464,1323.0496,1329.2546,1334.7954,1305.0641,1262.1316,1321.0564,1255.3610,1290.9825,1224.4701,1179.0129,1191.9346,1162.7375,1125.4860,1094.8390,987.0532,992.5807,973.5500,929.3025,874.9576,846.1865,802.8657,834.4579,793.2029,719.9039,698.8127,663.8033,635.7715,624.2342,662.6790,662.5754,598.2714,602.2661,645.3300,656.1681,687.1530,700.0342,705.3123,740.8377,706.5182,684.4435,685.7266,644.5253,715.4597,698.2305,642.0020,625.8163,604.6877,567.1699,565.9502,531.4269,456.2079,439.9136,407.7177,402.6003,350.0652,318.9291,310.2374,294.9055,260.2224,238.9632,222.3268,185.3309,192.3832,157.0464,172.4585,151.0494,0.0000,0.0000,0.0000,0.0000,0.0000,0.0000,0.0000,0.0000,0.0000,0.0000,0.0000,0.0000,0.0000,0.0000,0.0000,0.0000,0.0000,0.0000,0.0000,0.0000,0.0000,0.0000,0.0000,0.0000,0.0000,0.0000,0.0000,0.0000,0.0000,0.0000,0.0000,0.0000,0.0000,0.0000,0.0000,0.0000,0.0000,0.0000,0.0000,0.0000,0.0000,0.0000,0.0000,0.0000,0.0000,0.0000,0.0000,0.0000,0.0000,0.0000,0.0000,0.0000,0.0000,0.0000,0.0000,0.0000,0.0000,0.0000,0.0000
0.0000,0.0000,0.0000,0.0000,0.0000,0.0000,0.0000,0.0000,0.0000,0.0000,0.0000,0.0000,0.0000,0.0000,0.0000,0.0000,0.0000,0.0000,0.0000,0.0000,0.0000,0.0000,0.0000,0.0000,0.0000,0.0000,0.0000,0.0000,0.0000,0.0000,0.0000,0.0000,0.0000,0.0000,0.0000,0.0000,0.0000,0.0000,0.0000,0.0000,0.0000,0.0000,0.0000,0.0000,0.0000,0.0000,0.0000,0.0000,0.0000,0.0000,0.0000,0.0000,0.0000,0.0000,0.0000,0.0000,0.0000,0.0000,0.0000,0.0000,184.7977,181.0483,195.4297,229.4504,222.2265,253.4886,325.1133,304.8922,351.9571,417.7663,389.3286,423.1087,465.8997,453.8401,469.4604,517.1551,505.4575,557.4877,619.3781,582.2957,646.5602,696.0824,643.7009,684.7017,710.8483,740.8119,759.5598,718.0920,751.2958,833.5597,820.3179,838.6177,800.5384,825.1094,861.8987,888.4932,1018.2560,1018.6495,962.6481,1020.1790,1077.8138,1060.2997,1069.6630,1085.3577,1103.0458,1164.0823,1196.6389,1173.1069,1201.2440,1165.6134,1157.4934,1188.3145,1182.7766,1229.7087,1205.6815,1267.1914,1247.7246,1261.3833,1254.8041,1289.1392,1216.9462,1253.6680,1221.5765,1296.2217,1360.9707,1399.5835,1434.0452,1514.9916,1467.3936,1486.4307,1576.5579,1530.3992,1612.6975,1572.5060,1575.0588,1670.7533,1677.8414,1589.7640,1657.8876,1641.3125,1646.5303,1673.7167,1686.0581,1721.9535,1715.5378,1734.9287,1807.3958,1786.1115,1740.9291,1748.8951,1707.3036,1752.7599,1717.1812,1714.5350,1764.2554,1761.0990,1794.0857,1823.0049,1752.7885,1820.1508,1833.6132,1899.4186,1986.2180,1905.8447,1911.6675,1935.5660,1969.1262,1923.9932,1903.4080,1908.9799,1891.1189,2030.5162,2043.7832,2036.1219,2048.4893,2059.0471,2097.6338,2113.5996,2079.5479,1979.0748,2019.6896,2023.1285,2062.0178,2035.3214,1985.1046,1931.1964,2025.4912,1957.8981,1895.9855,1893.0588,1886.0240,2028.0983,2100.3977,2174.7432,2112.9680,2245.0415,2272.8748,2298.6143,2337.4751,2362.5701,2293.1460,2393.1741,2424.0735,2464.9421,2408.9507,2281.8057,2235.2207,2314.0864,2339.8557,2213.9983,2226.2881,2239.6223,2167.2839,2098.1257,2098.6863,1954.3458,1993.8511,2033.1357,2071.1355,2197.4287,2184.3459,2176.5525,2333.3130,2307.2627,2181.8818,2223.2642,2214.5608,2193.9434,2259.2349,2224.3782,2176.3057,2112.7756,2167.5427,2141.2656,2194.1633,2132.2449,2239.7095,2233.5081,2322.3035,2204.9656,2026.3020,2052.2136,2254.3274,2288.6741,2270.1401,2235.5508,2174.2600,2225.4302,2131.3132,2230.5471,2080.8525,2023.7560,2069.3970,2068.6199,2002.2485,2065.4089,1973.3361,2001.1504,2033.8816,1984.1528,1932.7330,1834.0585,1774.3949,1763.1973,1806.1206,1777.9895,1662.6133,1660.1366,1626.9543,1602.2233,1510.6248,1466.9576,1404.3889,1474.3779,1393.4095,1328.8108,1282.9414,1329.2412,1340.2560,1332.7886,1257.7218,1208.2061,1184.2278,1184.6046,1132.6567,1150.7832,1104.5575,1123.3157,1095.7056,1013.9013,945.4896,887.1852,875.1991,835.6943,778.0087,783.2987,747.1342,742.0850,725.0554,667.0850,625.7094,648.9803,605.4447,668.9107,633.6171,621.4960,602.6664,677.6211,643.8601,753.8952,718.0107,681.2396,684.7369,691.4215,723.4276,686.7807,667.8429,703.0298,625.0997,647.5262,631.1194,558.4796,551.9528,541.5831,547.7511,472.0079,412.6673,376.3697,410.9824,317.2554,330.4594,277.4382,292.8380,231.3503,251.3287,184.9087,163.7617,170.5813,151.4047,115.9531,0.0000,0.0000,0.0000,0.0000,0.0000,0.0000,0.0000,0.0000,0.0000,0.0000,0.0000,0.0000,0.0000,0.0000,0.0000,0.0000,0.0000,0.0000,0.0000,0.0000,0.0000,0.0000,0.0000,0.0000,0.0000,0.0000,0.0000,0.0000,0.0000,0.0000,0.0000,0.0000,0.0000,0.0000,0.0000,0.0000,0.0000,0.0000,0.0000,0.0000,0.0000,0.0000,0.0000,0.0000,0.0000,0.0000,0.0000,0.0000,0.0000,0.0000,0.0000,0.0000,0.0000,0.0000,0.0000,0.0000,0.0000,0.0000,0.0000,0.0000
0.0000,0.0000,0.0000,0.0000,0.0000,0.0000,0.0000,0.0000,0.0000,0.0000,0.0000,0.0000,0.0000,0.0000,0.0000,0.0000,0.0000,0.0000,0.0000,0.0000,0.0000,0.0000,0.0000,0.0000,0.0000,0.0000,0.0000,0.0000,0.0000,0.0000,0.0000,0.0000,0.0000,0.0000,0.0000,0.0000,0.0000,0.0000,0.0000,0.0000,0.0000,0.0000,0.0000,0.0000,0.0000,0.0000,0.0000,0.0000,0.0000,0.0000,0.0000,0.0000,0.0000,0.0000,0.0000,0.0000,0.0000,0.0000,0.0000,0.0000,186.8683,219.3184,244.9818,217.0026,241.7268,258.9337,274.9377,334.7209,295.1412,325.1597,356.9014,401.3961,366.6507,474.7440,491.8283,495.6662,521.2787,497.9731,533.4833,566.4875,558.4993,624.5925,645.6132,674.8250,666.3795,675.8860,722.1940,690.8672,728.4555,753.6688,781.0001,735.0674,815.1490,798.0254,836.8350,872.5440,901.3433,930.0597,897.3000,972.3411,993.4218,1063.5428,1085.0200,1089.4308,1094.6580,1130.1362,1153.2815,1164.0005,1170.9899,1173.9458,1161.8604,1137.1376,1151.5734,1190.7970,1136.2134,1139.5182,1173.4939,1148.4441,1240.1949,1200.3007,1208.1484,1276.8693,1248.2296,1306.4900,1325.6805,1313.5778,1351.4010,1464.6182,1423.0712,1502.8159,1504.6599,1517.0588,1573.6093,1603.5735,1580.8844,1515.2441,1505.3302,1527.4709,1622.8992,1625.2738,1650.4596,1569.7111,1655.9668,1719.3198,1699.5319,1704.2247,1672.2913,1731.6487,1780.1338,1740.3040,1717.0331,1724.6564,1684.3354,1711.7266,1760.3119,1692.4634,1721.1193,1711.3395,1716.7856,1870.1863,1861.7581,1884.7666,1965.4862,1915.0869,1914.1880,1905.7249,1892.4230,1900.7692,1923.1826,1995.5618,2050.5464,1935.1578,1954.4196,1968.7129,1956.5851,2043.1206,1979.0056,2009.7084,2120.3877,2025.2639,2029.3278,2026.6024,1971.5048,1978.4393,1974.9279,1873.3735,1956.8650,1873.4454,1862.2261,1922.5154,1936.7837,1934.2079,2017.9608,2090.2834,2116.0847,2142.2896,2193.9402,2268.8687,2326.5881,2374.6450,2332.8555,2229.9192,2360.2932,2330.1125,2382.5500,2373.5090,2260.4709,2235.4199,2326.9097,2303.5986,2289.6450,2259.0706,2097.2192,2069.0737,2108.7822,2069.1409,2069.5730,2041.8409,2097.5071,2218.7205,2295.4192,2212.2366,2133.1362,2161.1079,2189.6169,2218.8777,2266.3801,2181.9048,2210.0747,2221.0183,2188.4084,2133.4163,2149.4067,2139.7817,2175.4204,2369.1335,2217.6968,2237.5312,2318.5181,2204.0142,2218.2434,2278.6504,2010.2786,2187.4910,2234.6809,2132.0586,2182.8188,2110.9019,2062.8899,2119.8728,1993.5673,1991.4768,1927.0378,1981.5311,2034.1516,2033.6893,2006.1168,2023.2831,1922.8835,1910.1437,1892.4297,1846.9814,1824.6881,1817.6207,1774.5828,1826.7118,1721.6252,1591.3989,1563.1910,1508.5450,1464.2847,1463.6848,1358.4877,1385.3870,1341.4775,1339.7023,1377.8055,1307.0945,1267.3727,1232.6945,1222.2642,1214.7242,1155.0891,1134.4762,1128.8425,1091.9586,1096.7611,1023.2450,965.7635,938.2894,896.0289,838.8506,839.9808,776.8093,748.2376,779.1285,783.5724,699.7332,683.5837,635.0312,639.8175,664.8830,671.7748,605.6848,646.7748,652.2882,638.3384,675.5255,615.2297,666.7409,685.4734,665.4200,672.6499,705.2457,739.4128,719.5172,729.7717,647.4604,631.8855,659.1041,580.0020,553.2855,507.7653,522.2861,492.0111,424.9404,433.8722,413.4634,373.2458,331.2047,310.0961,276.3761,258.7945,270.3875,209.4268,139.0480,191.7811,130.0409,119.4146,104.4172,0.0000,0.0000,0.0000,0.0000,0.0000,0.0000,0.0000,0.0000,0.0000,0.0000,0.0000,0.0000,0.0000,0.0000,0.0000,0.0000,0.0000,0.0000,0.0000,0.0000,0.0000,0.0000,0.0000,0.0000,0.0000,0.0000,0.0000,0.0000,0.0000,0.0000,0.0000,0.0000,0.0000,0.0000,0.0000,0.0000,0.0000,0.0000,0.0000,0.0000,0.0000,0.0000,0.0000,0.0000,0.0000,0.0000,0.0000,0.0000,0.0000,0.0000,0.0000,0.0000,0.0000,0.0000,0.0000,0.0000,0.0000,0.0000,0.0000,0.0000
0.0000,0.0000,0.0000,0.0000,0.0000,0.0000,0.0000,0.0000,0.0000,0.0000,0.0000,0.0000,0.0000,0.0000,0.0000,0.0000,0.0000,0.0000,0.0000,0.0000,0.0000,0.0000,0.0000,0.0000,0.0000,0.0000,0.0000,0.0000,0.0000,0.0000,0.0000,0.0000,0.0000,0.0000,0.0000,0.0000,0.0000,0.0000,0.0000,0.0000,0.0000,0.0000,0.0000,0.0000,0.0000,0.0000,0.0000,0.0000,0.0000,0.0000,0.0000,0.0000,0.0000,0.0000,0.0000,0.0000,0.0000,0.0000,0.0000,0.0000,0.0000,204.6655,198.7343,174.2142,242.2596,253.5933,258.8112,310.8868,298.7404,351.5729,329.8678,408.9190,397.0163,428.4028,425.9180,479.3484,502.1094,480.4286,533.3608,544.7472,559.5025,578.8533,597.3275,616.2597,620.6370,638.0115,629.3804,657.2366,715.8467,767.2863,734.2355,750.9823,726.3666,751.6976,800.5655,839.5620,839.8323,832.4364,911.0954,973.1179,1038.7007,1005.0408,1045.9885,1065.2363,1058.8020,1114.1075,1131.4618,1075.1014,1128.7201,1168.6523,1177.2184,1115.7239,1132.9738,1078.3527,1118.5022,1186.6722,1144.3351,1131.9808,1180.9762,1205.2080,1207.1355,1241.2018,1233.2317,1251.5371,1268.4216,1305.3922,1347.8655,1390.9684,1430.0103,1450.0664,1566.9805,1536.2786,1487.3795,1509.3950,1542.5199,1544.5013,1556.3331,1532.8218,1536.1324,1595.1412,1615.5901,1596.1494,1626.7758,1596.8478,1694.3020,1773.1442,1743.3976,1730.9668,1698.6779,1689.2798,1717.3328,1713.2808,1638.1902,1620.6010,1718.4521,1768.1626,1746.9944,1728.6489,1730.3206,1815.5833,1785.6566,1881.4862,1813.3361,1838.3119,1916.0847,1938.7878,1965.1320,1997.2133,1856.5612,1877.1906,1944.5956,1920.0707,1966.6229,1872.2017,1910.7026,2057.4900,1958.9030,2012.0791,2036.2819,1907.3584,1951.3318,2024.7048,1950.6742,1953.6543,1927.8607,1891.2250,1950.5255,1922.8634,1851.0834,1800.1272,1919.5668,1980.3167,1949.5137,2068.8845,2072.3855,2133.2166,2287.7341,2309.4399,2193.3459,2231.7112,2244.2854,2298.2461,2373.2163,2319.3147,2343.0374,2384.1934,2280.5513,2284.3037,2354.0994,2194.2849,2233.6365,2300.6040,2181.7039,2175.2046,2125.0173,2074.6794,2172.2095,2114.9316,2096.7627,2076.7698,2208.0139,2186.4038,2084.0044,2123.0261,2155.6316,2153.3000,2204.6985,2194.9534,2064.7402,2129.9722,2086.0952,2109.4053,2241.3025,2154.7463,2164.9141,2198.2390,2172.8416,2156.5454,2160.6494,2159.8777,2167.7065,2117.6919,2340.1648,2184.9399,2113.9524,2051.3203,2064.3442,2065.0562,1998.3276,1925.8059,1886.0688,1949.7180,1976.5494,2046.9277,2057.9927,1997.9799,2043.0825,2042.8123,1972.4525,1979.1674,1832.2517,1874.7848,1941.6294,1758.4941,1697.2838,1682.1184,1585.7358,1600.6497,1536.7441,1467.5645,1441.2042,1418.2393,1433.7235,1397.2473,1305.4979,1308.0437,1278.4724,1221.0319,1285.2064,1234.5736,1212.7068,1186.4739,1102.1896,1154.4336,1098.7733,1051.1901,1007.5447,965.3639,956.2219,910.1864,876.1702,848.4408,829.3231,774.1258,721.6390,688.6946,669.1519,682.8673,676.2181,632.0889,635.4045,651.7610,619.4068,611.5969,622.8876,684.5601,674.6075,699.5486,695.7259,697.3437,702.9688,746.0743,677.0861,702.1177,715.2652,672.4120,646.3297,618.9344,658.4863,651.2399,598.4865,550.9327,522.9650,461.0101,444.2800,386.9886,379.2413,371.2479,338.2164,324.6951,302.9874,288.1301,242.1511,244.2155,181.8156,195.0307,145.9249,154.3975,125.3272,0.0000,0.0000,0.0000,0.0000,0.0000,0.0000,0.0000,0.0000,0.0000,0.0000,0.0000,0.0000,0.0000,0.0000,0.0000,0.0000,0.0000,0.0000,0.0000,0.0000,0.0000,0.0000,0.0000,0.0000,0.0000,0.0000,0.0000,0.0000,0.0000,0.0000,0.0000,0.0000,0.0000,0.0000,0.0000,0.0000,0.0000,0.0000,0.0000,0.0000,0.0000,0.0000,0.0000,0.0000,0.0000,0.0000,0.0000,0.0000,0.0000,0.0000,0.0000,0.0000,0.0000,0.0000,0.0000,0.0000,0.0000,0.0000,0.0000,0.0000,0.0000
0.0000,0.0000,0.0000,0.0000,0.0000,0.0000,0.0000,0.0000,0.0000,0.0000,0.0000,0.0000,0.0000,0.0000,0.0000,0.0000,0.0000,0.0000,0.0000,0.0000,0.0000,0.0000,0.0000,0.0000,0.0000,0.0000,0.0000,0.0000,0.0000,0.0000,0.0000,0.0000,0.0000,0.0000,0.0000,0.0000,0.0000,0.0000,0.0000,0.0000,0.0000,0.0000,0.0000,0.0000,0.0000,0.0000,0.0000,0.0000,0.0000,0.0000,0.0000,0.0000,0.0000,0.0000,0.0000,0.0000,0.0000,0.0000,0.0000,0.0000,0.0000,0.0000,186.6019,190.9189,250.1847,249.1141,248.0943,273.1522,326.0476,343.9405,349.9632,367.2644,350.0317,412.2574,439.0086,391.9684,481.1420,461.8365,482.4965,504.8378,498.8593,531.2373,556.4399,534.8704,519.9393,582.0604,601.0011,605.8710,695.1198,688.7244,639.9315,678.6262,727.6896,717.9814,700.7837,813.0031,767.5745,839.2159,871.0391,872.6691,963.9205,1019.3057,1006.4385,1037.7490,1012.9777,1030.8069,1147.2896,1092.0659,1057.7935,1119.9189,1098.6008,1060.0139,1112.5778,1030.2086,1067.9906,1105.3250,1119.0953,1116.6190,1129.0698,1126.0262,1165.7318,1239.3882,1253.5057,1208.7515,1210.1539,1284.9691,1346.2983,1354.7804,1419.5272,1375.6420,1414.0889,1518.7539,1488.0886,1574.6782,1512.5526,1493.0396,1568.0653,1562.6176,1535.5769,1522.9479,1495.7434,1541.6337,1573.1251,1651.4473,1698.5931,1694.1453,1686.6133,1720.7843,1720.1960,1646.4531,1631.5454,1671.2516,1676.1069,1682.6982,1663.2780,1705.3652,1696.2202,1774.3448,1728.3988,1707.7073,1781.8608,1807.5613,1814.1466,1917.5308,1895.3336,1852.8931,1947.7218,1931.4556,1872.2159,1873.6097,1842.0787,1865.4851,2010.9037,1931.1901,1965.9937,1896.3872,1954.9777,1963.5006,1966.2844,1943.6604,1948.7758,1977.1631,2014.4250,2009.2407,1830.7754,1858.8556,1922.6257,1875.0793,1918.8971,1847.9335,1875.0021,1969.2832,2008.8629,2143.1445,2038.2701,2037.6570,2106.1421,2118.5891,2159.3616,2204.5693,2189.7756,2238.7095,2370.6094,2357.1221,2262.0391,2236.2925,2143.1677,2300.0327,2294.4531,2269.7407,2183.7107,2168.2783,2183.2046,2203.5708,2131.7607,2087.6035,2019.7632,2161.9932,2197.1785,2162.9441,2183.6162,2125.0815,2030.0458,2149.8059,2093.6245,2053.4348,2098.3958,2054.9312,2130.8860,2192.4019,2135.5957,2081.1238,2159.9302,2112.1709,2118.8345,2140.8618,2123.0850,2110.2454,2143.6367,2133.4680,2126.6794,2076.5449,2093.1758,2079.0132,2061.7981,2012.1493,1963.1288,2015.6125,1999.5298,1977.5186,1979.2767,2016.3448,2015.5374,2059.7568,2051.9966,2009.6608,2034.0229,1959.8278,1976.4280,1958.2775,1951.3088,1868.2170,1792.7686,1789.8396,1687.3199,1646.7048,1569.1471,1546.3287,1445.5295,1478.8966,1434.5494,1400.2802,1339.6936,1312.5743,1349.7935,1321.8854,1216.1614,1280.3809,1240.2847,1214.9319,1256.0983,1147.1605,1085.3232,1098.1604,1050.6079,1047.5232,977.5122,910.0251,894.2192,892.0259,842.4091,721.2180,727.6532,721.6143,687.1349,678.9522,685.0406,626.8917,641.8132,686.8469,645.8382,628.3109,607.7197,604.0302,653.6309,689.9251,649.1424,647.8606,662.2173,643.9773,681.2184,675.1660,649.2747,645.5655,707.8993,654.8506,663.5005,603.1630,554.6835,590.4410,525.4909,515.6960,481.4318,436.3915,470.9750,393.8159,394.7425,338.7353,288.6203,288.3507,280.7065,246.3251,259.1664,223.1420,183.8049,191.1654,115.9663,150.9554,0.0000,0.0000,0.0000,0.0000,0.0000,0.0000,0.0000,0.0000,0.0000,0.0000,0.0000,0.0000,0.0000,0.0000,0.0000,0.0000,0.0000,0.0000,0.0000,0.0000,0.0000,0.0000,0.0000,0.0000,0.0000,0.0000,0.0000,0.0000,0.0000,0.0000,0.0000,0.0000,0.0000,0.0000,0.0000,0.0000,0.0000,0.0000,0.0000,0.0000,0.0000,0.0000,0.0000,0.0000,0.0000,0.0000,0.0000,0.0000,0.0000,0.0000,0.0000,0.0000,0.0000,0.0000,0.0000,0.0000,0.0000,0.0000,0.0000,0.0000,0.0000,0.0000
0.0000,0.0000,0.0000,0.0000,0.0000,0.0000,0.0000,0.0000,0.0000,0.0000,0.0000,0.0000,0.0000,0.0000,0.0000,0.0000,0.0000,0.0000,0.0000,0.0000,0.0000,0.0000,0.0000,0.0000,0.0000,0.0000,0.0000,0.0000,0.0000,0.0000,0.0000,0.0000,0.0000,0.0000,0.0000,0.0000,0.0000,0.0000,0.0000,0.0000,0.0000,0.0000,0.0000,0.0000,0.0000,0.0000,0.0000,0.0000,0.0000,0.0000,0.0000,0.0000,0.0000,0.0000,0.0000,0.0000,0.0000,0.0000,0.0000,0.0000,0.0000,0.0000,0.0000,198.3841,229.4570,239.6146,273.0366,313.6251,309.1611,351.6708,338.7795,334.0184,338.2143,338.9002,398.6304,413.3784,452.5327,407.0685,438.4340,457.0541,447.5170,498.7503,521.2070,513.4980,587.6166,571.6230,557.5777,648.7952,643.5565,656.3732,693.0769,680.6682,731.4599,721.6653,725.7480,791.3324,732.3032,799.9767,900.2660,857.6954,909.9222,923.2800,994.6209,984.5106,1029.7419,1002.6047,1041.7399,1027.0969,1038.3676,1051.3250,1056.1849,1059.1024,1030.0773,1074.0007,1067.5599,1042.6361,1075.6569,1072.0164,1091.2415,1169.1874,1162.8713,1158.6976,1223.4934,1264.0874,1313.9813,1377.6023,1311.9554,1383.8275,1401.1792,1383.2427,1411.0182,1477.7402,1456.6730,1595.1974,1559.1241,1494.4674,1501.9821,1495.6189,1491.6232,1523.6115,1491.0059,1517.2954,1542.4363,1634.3187,1659.3776,1645.3512,1615.9995,1670.8474,1677.1172,1707.9940,1588.1592,1598.1763,1648.3158,1588.6260,1665.2620,1667.3534,1598.5187,1699.6196,1731.4496,1693.4554,1798.6451,1740.6708,1755.4196,1836.1616,1884.2146,1855.1805,1839.6028,1816.0386,1889.8756,1925.5134,1943.7013,1871.1815,1810.0161,1881.5094,1917.8650,1891.9999,1911.1674,1853.1918,1866.2491,2035.5714,1957.0499,1928.0913,1925.7925,1844.2527,1842.6338,1882.0289,1817.5104,1875.2932,1900.5742,1878.6305,1945.0283,1915.4316,1949.4236,1954.0614,2053.8406,2057.3413,2037.2820,2055.3347,2134.8079,2141.0664,2180.8630,2219.3140,2198.2505,2207.2102,2219.7295,2228.1824,2266.5764,2257.6423,2281.2666,2313.9978,2259.3594,2098.3948,2100.3765,2024.1221,2125.7976,2109.7844,2062.8796,2111.6960,2146.8645,2117.8274,2126.6809,2029.7448,1946.5770,2037.0317,1994.0933,2079.8677,2092.9277,2047.2018,2065.1689,2112.9155,2098.7937,2077.3564,1993.8121,1974.9104,2093.8909,2119.5022,2189.9697,1990.6422,1950.4551,2075.6902,2035.4606,1975.5093,2018.6635,1918.3583,1977.0009,2052.2266,1974.0516,1954.2977,1920.6993,1897.1366,1998.0454,2047.5454,2056.8125,2015.1757,2072.8687,2044.4386,2118.0610,2018.8290,1920.5845,1827.3575,1854.1343,1836.5221,1729.7396,1686.4646,1691.3605,1599.9753,1586.0129,1471.3623,1430.5784,1390.0458,1342.0521,1401.4503,1380.6229,1370.7698,1373.9669,1340.4380,1301.2626,1279.8503,1234.7522,1188.2323,1143.2942,1129.7399,1116.1589,1041.3782,1037.7936,956.2946,950.1527,870.4765,829.3767,774.3106,761.9561,715.8035,671.9971,710.8156,677.2593,646.7995,654.0620,647.1400,602.6794,650.3049,676.8684,643.5613,601.3237,668.1137,641.0999,655.3751,644.7603,669.6538,653.7952,665.0336,672.1718,678.3687,675.8107,664.4958,622.9197,640.3729,637.6580,576.6304,535.7813,518.0052,524.8464,502.0846,522.6957,428.7802,449.7735,410.5018,363.9401,359.2911,249.5593,278.7728,257.6902,219.2995,232.5319,186.4933,171.4253,143.3168,138.9624,0.0000,0.0000,0.0000,0.0000,0.0000,0.0000,0.0000,0.0000,0.0000,0.0000,0.0000,0.0000,0.0000,0.0000,0.0000,0.0000,0.0000,0.0000,0.0000,0.0000,0.0000,0.0000,0.0000,0.0000,0.0000,0.0000,0.0000,0.0000,0.0000,0.0000,0.0000,0.0000,0.0000,0.0000,0.0000,0.0000,0.0000,0.0000,0.0000,0.0000,0.0000,0.0000,0.0000,0.0000,0.0000,0.0000,0.0000,0.0000,0.0000,0.0000,0.0000,0.0000,0.0000,0.0000,0.0000,0.0000,0.0000,0.0000,0.0000,0.0000,0.0000,0.0000,0.0000
0.0000,0.0000,0.0000,0.0000,0.0000,0.0000,0.0000,0.0000,0.0000,0.0000,0.0000,0.0000,0.0000,0.0000,0.0000,0.0000,0.0000,0.0000,0.0000,0.0000,0.0000,0.0000,0.0000,0.0000,0.0000,0.0000,0.0000,0.0000,0.0000,0.0000,0.0000,0.0000,0.0000,0.0000,0.0000,0.0000,0.0000,0.0000,0.0000,0.0000,0.0000,0.0000,0.0000,0.0000,0.0000,0.0000,0.0000,0.0000,0.0000,0.0000,0.0000,0.0000,0.0000,0.0000,0.0000,0.0000,0.0000,0.0000,0.0000,0.0000,0.0000,0.0000,0.0000,0.0000,218.5668,166.1711,247.7233,243.7975,287.3064,306.2982,310.3860,312.3891,331.3189,348.7346,384.3592,350.7169,428.6686,438.9930,372.5823,379.0296,451.7675,466.5986,462.0098,503.6349,512.5828,544.6689,554.3355,610.1923,626.7983,656.6135,665.8477,656.5435,676.3175,662.8969,701.9276,752.2904,718.7146,738.1602,790.2717,853.4306,937.2278,961.4621,906.6614,929.5974,962.4758,964.8541,1007.7986,1009.4484,1032.3221,1035.3291,1032.9258,1066.3630,983.1295,966.4705,1043.5209,1030.2358,1090.3553,1066.2823,1053.8464,1153.9253,1130.1973,1176.0493,1226.2402,1191.1859,1303.5011,1335.6217,1314.1174,1337.1953,1336.0243,1382.1753,1426.9626,1471.1724,1494.6313,1499.6007,1563.2192,1510.3022,1486.4841,1543.8270,1515.3546,1444.7750,1543.3081,1529.2190,1476.6912,1502.8763,1565.7040,1658.4824,1761.2498,1698.0696,1648.5077,1645.7997,1603.4653,1573.8260,1606.9083,1539.4581,1586.2612,1681.1978,1702.1428,1712.4255,1714.7423,1695.9551,1740.9279,1797.6426,1778.9384,1725.4381,1779.3992,1881.2834,1826.0408,1856.2157,1871.9768,1814.9080,1886.2843,1908.1075,1854.3226,1898.1561,1819.4414,1930.0809,1986.2626,1925.3391,1886.7360,1927.4589,1844.7516,1918.8186,1904.6904,1854.6992,1849.7565,1857.0277,1866.1116,1938.1610,1790.5265,1746.2068,1880.8760,1915.7028,2019.8915,1911.2750,1996.3684,2105.4004,2102.2441,2156.0547,2104.2852,2019.6447,2049.2192,2106.0083,2167.0662,2279.4971,2167.5195,2179.4827,2307.7234,2292.7358,2236.1970,2211.7063,2112.2729,2097.6946,2133.7141,2058.1804,2063.0315,1961.2961,2021.5598,2119.3828,2096.6648,2064.3386,1990.1227,2043.9568,2037.7194,2005.6375,1991.8811,2052.7871,2048.3364,2048.7573,2024.5714,1980.6453,1994.0250,2058.6316,2048.6484,2148.1392,2034.7328,2005.0559,2055.8472,1951.0834,1871.9248,1862.9208,1830.0634,1879.3784,1924.4457,1975.2456,1984.7510,1894.7056,1909.2081,1987.3127,1914.8499,1952.1106,2013.5226,2000.4178,2092.9297,1995.3907,1979.6294,1983.6895,1975.5778,1968.5886,1923.4692,1801.3522,1776.9615,1699.4041,1687.5109,1695.7400,1618.1533,1537.4235,1503.9148,1448.0990,1434.3162,1350.0641,1363.9480,1358.8119,1352.6138,1394.1058,1298.3835,1275.8447,1263.1110,1236.1935,1285.5299,1161.2980,1142.0386,1055.4043,1083.7037,1017.2759,991.8196,901.0912,814.7172,828.4322,794.1977,754.6697,735.8812,678.0861,709.7739,716.6044,630.0577,624.0699,610.1836,641.4565,659.0268,689.5755,690.1989,678.9327,650.3441,643.0223,628.9542,649.6113,612.6879,620.9502,654.1461,678.3581,667.7114,672.7402,666.6224,610.4856,630.5896,605.6428,567.3830,564.9784,527.3807,504.2549,487.4765,461.3101,424.8114,434.4127,372.5016,369.6781,330.3570,263.3328,294.9450,287.0583,247.1216,251.2261,203.0669,211.7807,152.9082,163.3930,0.0000,0.0000,0.0000,0.0000,0.0000,0.0000,0.0000,0.0000,0.0000,0.0000,0.0000,0.0000,0.0000,0.0000,0.0000,0.0000,0.0000,0.0000,0.0000,0.0000,0.0000,0.0000,0.0000,0.0000,0.0000,0.0000,0.0000,0.0000,0.0000,0.0000,0.0000,0.0000,0.0000,0.0000,0.0000,0.0000,0.0000,0.0000,0.0000,0.0000,0.0000,0.0000,0.0000,0.0000,0.0000,0.0000,0.0000,0.0000,0.0000,0.0000,0.0000,0.0000,0.0000,0.0000,0.0000,0.0000,0.0000,0.0000,0.0000,0.0000,0.0000,0.0000,0.0000,0.0000
0.0000,0.0000,0.0000,0.0000,0.0000,0.0000,0.0000,0.0000,0.0000,0.0000,0.0000,0.0000,0.0000,0.0000,0.0000,0.0000,0.0000,0.0000,0.0000,0.0000,0.0000,0.0000,0.0000,0.0000,0.0000,0.0000,0.0000,0.0000,0.0000,0.0000,0.0000,0.0000,0.0000,0.0000,0.0000,0.0000,0.0000,0.0000,0.0000,0.0000,0.0000,0.0000,0.0000,0.0000,0.0000,0.0000,0.0000,0.0000,0.0000,0.0000,0.0000,0.0000,0.0000,0.0000,0.0000,0.0000,0.0000,0.0000,0.0000,0.0000,0.0000,0.0000,0.0000,0.0000,0.0000,155.9851,279.7281,255.2332,278.4003,283.0457,333.8219,308.0894,331.0432,343.3655,341.3565,357.1705,394.2895,388.5630,385.3106,409.1060,446.5629,452.3630,461.7003,501.5820,470.8777,479.1567,541.8935,581.2720,564.3519,596.2916,602.1897,629.7498,654.7312,699.5234,709.9517,664.7643,739.2565,776.9349,803.1589,816.5294,820.8376,879.7490,923.9674,916.4106,938.7385,941.1948,953.6624,1004.8502,1009.2881,992.3545,989.8490,942.8664,940.5919,1018.8272,1019.6130,1063.0973,1089.1918,1075.0225,1107.8983,1119.5488,1103.6497,1121.6917,1210.3523,1255.1185,1278.5477,1318.3008,1332.3759,1355.1376,1309.6858,1342.0864,1314.3510,1413.9407,1445.8376,1497.4601,1554.7959,1594.3726,1511.5065,1563.5918,1487.6024,1391.5764,1452.7860,1415.0348,1458.2577,1528.2356,1539.3069,1621.7657,1685.8406,1692.4884,1640.3835,1572.4399,1502.9949,1521.4672,1543.7107,1583.9229,1614.7294,1612.5725,1640.7701,1683.0331,1728.5963,1672.8834,1653.0901,1736.1746,1823.7252,1764.6998,1829.2286,1767.4302,1748.2120,1866.7252,1819.7579,1756.1614,1862.9445,1811.5530,1950.3331,1975.6354,1889.0033,1887.9698,1869.1752,1844.6829,1836.3280,1851.0214,1813.0985,1866.4396,1837.0228,1879.5944,1817.4727,1752.0648,1793.9518,1728.0972,1799.9695,1828.1602,1791.3990,1902.3353,1935.4010,1934.4159,2065.8149,2028.6010,1939.7078,2068.8113,2023.8046,1986.0070,2084.9722,2090.8479,2140.7964,2248.8303,2127.6963,2116.6113,2173.5784,2171.9346,2291.1880,2202.2634,2201.2319,2135.6221,2033.8993,2055.6819,2011.6056,1943.3763,1935.8284,1990.5852,2043.4988,2090.2253,2034.7755,2033.8478,2024.9926,1984.1532,1999.0214,1974.7115,1865.1731,2030.4182,2039.9883,2002.6760,2042.8740,1974.5669,1989.1580,2064.7527,2029.7629,1942.1912,1919.5129,1812.6002,1879.4840,1875.9052,1903.2294,1859.0861,1877.7512,1893.9709,1868.3756,1903.0979,1896.2592,1864.2412,1985.6855,2069.4724,1974.6808,2007.4032,1964.9476,1967.7698,2004.4437,2001.1217,1906.0623,1842.1785,1825.3809,1827.2244,1801.1265,1741.0306,1517.3041,1500.5673,1491.5922,1504.2854,1485.1957,1461.8311,1413.7979,1408.4072,1364.5905,1313.8379,1319.2014,1307.5613,1304.6733,1320.3977,1283.4764,1205.3531,1242.3243,1218.2937,1118.7783,1080.5190,1024.1136,1004.1548,949.3752,860.0189,835.1288,842.7596,743.4767,736.5008,772.1266,641.5358,604.4671,630.0084,594.3779,653.9836,609.3992,615.8885,662.7330,663.0764,660.4165,616.8416,638.8884,670.7944,646.8111,669.2108,620.9693,609.2877,626.4900,649.9513,663.6010,627.5157,618.5406,629.8938,600.6685,570.8691,553.3970,519.4622,477.4926,471.6331,495.6003,458.6138,402.0984,383.5138,389.7621,355.9748,351.6648,321.0007,267.4323,251.0804,211.0727,217.6720,202.0551,159.0005,125.6025,0.0000,0.0000,0.0000,0.0000,0.0000,0.0000,0.0000,0.0000,0.0000,0.0000,0.0000,0.0000,0.0000,0.0000,0.0000,0.0000,0.0000,0.0000,0.0000,0.0000,0.0000,0.0000,0.0000,0.0000,0.0000,0.0000,0.0000,0.0000,0.0000,0.0000,0.0000,0.0000,0.0000,0.0000,0.0000,0.0000,0.0000,0.0000,0.0000,0.0000,0.0000,0.0000,0.0000,0.0000,0.0000,0.0000,0.0000,0.0000,0.0000,0.0000,0.0000,0.0000,0.0000,0.0000,0.0000,0.0000,0.0000,0.0000,0.0000,0.0000,0.0000,0.0000,0.0000,0.0000,0.0000
0.0000,0.0000,0.0000,0.0000,0.0000,0.0000,0.0000,0.0000,0.0000,0.0000,0.0000,0.0000,0.0000,0.0000,0.0000,0.0000,0.0000,0.0000,0.0000,0.0000,0.0000,0.0000,0.0000,0.0000,0.0000,0.0000,0.0000,0.0000,0.0000,0.0000,0.0000,0.0000,0.0000,0.0000,0.0000,0.0000,0.0000,0.0000,0.0000,0.0000,0.0000,0.0000,0.0000,0.0000,0.0000,0.0000,0.0000,0.0000,0.0000,0.0000,0.0000,0.0000,0.0000,0.0000,0.0000,0.0000,0.0000,0.0000,0.0000,0.0000,0.0000,0.0000,0.0000,0.0000,0.0000,204.6431,245.0317,227.6141,282.4426,292.7968,307.6839,307.3818,291.4530,305.8192,338.1897,347.0804,362.6879,328.3074,409.8933,347.4676,399.9973,421.3458,414.6595,445.9503,465.4810,469.5443,522.5524,517.4135,554.8979,544.4745,598.6611,615.7413,669.5521,643.0279,651.9271,702.6657,736.0972,749.1187,768.9517,818.4206,823.1712,838.8567,872.8828,896.7307,922.0189,932.7916,944.9353,922.8876,948.0030,959.4512,982.7107,957.8664,954.7939,961.3154,1028.2328,1026.7672,1065.4388,1059.1823,1072.9059,1150.4457,1147.5945,1156.6257,1187.4392,1247.5072,1260.8125,1269.8275,1308.5605,1297.3892,1340.5120,1376.7095,1326.8289,1394.6898,1401.1283,1446.5714,1529.0099,1510.0269,1464.7045,1449.1753,1402.4607,1480.2687,1434.6740,1405.8138,1457.5494,1461.8228,1495.8344,1516.6663,1581.9954,1661.2155,1587.2944,1561.9377,1611.1774,1511.6882,1501.8417,1570.5382,1558.7008,1567.4189,1632.6185,1610.3702,1650.2291,1707.7235,1693.5254,1716.5999,1735.0706,1668.3486,1702.8545,1764.7178,1700.9733,1750.4768,1715.1001,1796.3118,1817.0544,1844.0737,1804.8680,1891.9062,1839.8352,1873.7095,1814.9475,1803.0312,1789.5603,1836.0587,1906.5468,1832.0162,1766.8854,1796.7076,1731.0035,1718.3320,1810.0946,1654.6975,1768.6156,1812.8462,1751.7097,1812.5969,1823.9150,1810.1224,1970.2650,2012.5444,2017.2653,1935.5472,1927.9080,2009.2614,2098.3757,2095.3445,2055.1672,2021.4379,2126.7961,2134.8267,2166.5635,2234.6848,2155.1675,2166.3062,2149.1191,2111.2395,1945.9822,1953.2762,1899.8026,1981.7162,1982.1622,1985.6765,2008.6707,1987.6494,2013.3149,2021.0394,1951.2150,1940.5458,1947.8152,1985.7007,2057.8674,2060.9431,2021.6945,2004.9308,2096.9211,2033.6486,1984.5724,1953.4097,1971.8398,1907.5596,1868.3062,1906.5032,1805.3231,1749.0947,1820.9432,1828.2727,1841.4700,1861.4072,1805.1112,1909.2277,1966.6155,1913.1644,1905.5356,1918.8900,1878.5615,1965.4498,1982.9338,1908.2838,1929.0444,1961.8917,2006.7712,1885.5627,1825.3046,1724.1879,1695.2794,1641.6604,1525.7500,1388.8375,1464.8085,1490.0444,1469.3145,1452.6206,1355.5291,1294.8884,1317.4713,1320.5662,1338.1281,1329.6243,1266.6382,1344.3947,1240.6125,1243.1716,1223.1907,1151.7809,1050.8699,1055.0077,1019.8406,945.0445,894.8758,839.1443,828.5571,767.7812,763.3325,715.2826,668.6171,669.9837,651.5146,657.2001,625.3839,573.4964,584.5056,701.9051,636.5018,632.2896,626.5621,633.5815,642.4014,672.7550,672.5822,651.7159,645.5082,608.9701,613.0040,600.6139,589.2741,592.8451,575.0858,568.4775,594.0454,499.1005,537.8623,489.6742,469.8537,442.6938,415.7954,370.5348,366.2276,373.6055,344.5654,319.1449,267.4680,295.9507,263.1512,275.0488,214.7305,209.0321,187.6103,146.3411,130.2613,0.0000,0.0000,0.0000,0.0000,0.0000,0.0000,0.0000,0.0000,0.0000,0.0000,0.0000,0.0000,0.0000,0.0000,0.0000,0.0000,0.0000,0.0000,0.0000,0.0000,0.0000,0.0000,0.0000,0.0000,0.0000,0.0000,0.0000,0.0000,0.0000,0.0000,0.0000,0.0000,0.0000,0.0000,0.0000,0.0000,0.0000,0.0000,0.0000,0.0000,0.0000,0.0000,0.0000,0.0000,0.0000,0.0000,0.0000,0.0000,0.0000,0.0000,0.0000,0.0000,0.0000,0.0000,0.0000,0.0000,0.0000,0.0000,0.0000,0.0000,0.0000,0.0000,0.0000,0.0000,0.0000
0.0000,0.0000,0.0000,0.0000,0.0000,0.0000,0.0000,0.0000,0.0000,0.0000,0.0000,0.0000,0.0000,0.0000,0.0000,0.0000,0.0000,0.0000,0.0000,0.0000,0.0000,0.0000,0.0000,0.0000,0.0000,0.0000,0.0000,0.0000,0.0000,0.0000,0.0000,0.0000,0.0000,0.0000,0.0000,0.0000,0.0000,0.0000,0.0000,0.0000,0.0000,0.0000,0.0000,0.0000,0.0000,0.0000,0.0000,0.0000,0.0000,0.0000,0.0000,0.0000,0.0000,0.0000,0.0000,0.0000,0.0000,0.0000,0.0000,0.0000,0.0000,0.0000,0.0000,0.0000,0.0000,0.0000,247.3723,222.0421,288.9829,300.8535,293.9776,315.1781,297.9525,276.3625,322.9839,365.4981,364.2643,327.0464,325.3516,396.1678,417.9544,396.0069,408.9983,423.9582,456.8376,429.1628,517.5508,547.3190,508.6899,576.5098,637.8207,629.6642,692.4212,646.6450,677.9583,712.6490,742.9495,757.7344,780.8706,785.4611,853.4116,904.6208,827.7195,901.2876,883.8917,914.9648,904.5265,928.9978,883.9547,962.2413,965.9115,960.5775,942.2336,914.2400,1008.1021,1019.9458,1051.4170,1116.8925,1119.2871,1136.2828,1231.4229,1187.4872,1194.0686,1209.8660,1218.3605,1270.4417,1359.8638,1370.6482,1320.8619,1364.2673,1313.4359,1375.4070,1375.8406,1360.0790,1445.9301,1507.4103,1517.1919,1474.3656,1404.1693,1406.8267,1397.0702,1433.1924,1360.9639,1345.0764,1465.7229,1547.8877,1572.1981,1641.7946,1557.6432,1559.3672,1581.4438,1489.8497,1475.6234,1528.3993,1512.7146,1539.2538,1631.5629,1615.5042,1626.4227,1583.4235,1565.4210,1688.3005,1677.2546,1700.0626,1679.6968,1639.2313,1774.2242,1738.2489,1717.1525,1763.7823,1773.8162,1810.6311,1844.6145,1845.9286,1878.0195,1832.1428,1861.5812,1840.6934,1818.2382,1743.4363,1803.4753,1758.8250,1872.0452,1805.8712,1735.3077,1737.7701,1755.4156,1674.9484,1705.4816,1703.4639,1679.5304,1761.7017,1803.6569,1892.2577,1882.7037,1949.2284,1991.7321,2006.4742,1984.0792,1971.4030,1950.9305,2052.3293,2050.7847,2112.5872,2203.7573,2041.6719,2134.5898,2218.0874,2099.5894,2042.1129,2061.8855,2003.7437,2046.5741,1957.3396,1920.7419,1957.4811,1938.2635,1901.8456,1989.1478,1962.1025,1966.9464,1971.6577,2035.6595,2050.8936,1997.6498,2003.0776,2019.9919,2049.8425,2099.7258,2029.0193,1969.5156,2065.8384,1997.6028,2041.5387,2049.4888,1888.6813,1841.9849,1885.1265,1768.1530,1723.7626,1692.7045,1689.4071,1852.6190,1865.4296,1908.1383,1891.2593,1867.6486,1877.3204,1849.5878,1861.7178,1834.8340,1931.5292,1942.2584,2019.7181,2018.0190,1932.3816,1889.1285,1761.4529,1868.5790,1714.2432,1628.1736,1569.3243,1578.0002,1555.2799,1551.6017,1447.3546,1369.4093,1392.7540,1364.9689,1386.1702,1378.6395,1363.0712,1342.0688,1352.0427,1326.1816,1249.2998,1190.7440,1189.8038,1174.0251,1118.0724,1048.4291,1029.7628,944.4796,977.0412,843.8316,824.2810,769.4974,735.4988,708.9886,690.4022,658.6547,623.7381,630.7826,596.0519,624.9966,595.9985,567.8250,609.4067,637.0986,665.8697,670.1178,641.8798,633.5394,656.7060,618.7810,580.3234,626.6557,612.4596,589.2794,648.0843,610.8877,561.9019,599.4349,549.6039,532.0804,501.1125,488.4223,424.6526,438.9913,434.0478,416.7385,380.3751,372.5455,348.4471,333.2952,299.8765,244.3802,251.1537,267.7792,246.5338,231.6364,165.6990,212.9418,200.3363,0.0000,0.0000,0.0000,0.0000,0.0000,0.0000,0.0000,0.0000,0.0000,0.0000,0.0000,0.0000,0.0000,0.0000,0.0000,0.0000,0.0000,0.0000,0.0000,0.0000,0.0000,0.0000,0.0000,0.0000,0.0000,0.0000,0.0000,0.0000,0.0000,0.0000,0.0000,0.0000,0.0000,0.0000,0.0000,0.0000,0.0000,0.0000,0.0000,0.0000,0.0000,0.0000,0.0000,0.0000,0.0000,0.0000,0.0000,0.0000,0.0000,0.0000,0.0000,0.0000,0.0000,0.0000,0.0000,0.0000,0.0000,0.0000,0.0000,0.0000,0.0000,0.0000,0.0000,0.0000,0.0000,0.0000
0.0000,0.0000,0.0000,0.0000,0.0000,0.0000,0.0000,0.0000,0.0000,0.0000,0.0000,0.0000,0.0000,0.0000,0.0000,0.0000,0.0000,0.0000,0.0000,0.0000,0.0000,0.0000,0.0000,0.0000,0.0000,0.0000,0.0000,0.0000,0.0000,0.0000,0.0000,0.0000,0.0000,0.0000,0.0000,0.0000,0.0000,0.0000,0.0000,0.0000,0.0000,0.0000,0.0000,0.0000,0.0000,0.0000,0.0000,0.0000,0.0000,0.0000,0.0000,0.0000,0.0000,0.0000,0.0000,0.0000,0.0000,0.0000,0.0000,0.0000,0.0000,0.0000,0.0000,0.0000,0.0000,0.0000,0.0000,245.9017,241.8428,265.4914,278.4927,275.3102,299.6027,278.7051,288.2555,326.0117,314.1256,316.7967,362.6296,366.0099,376.9507,420.0499,399.3467,366.0421,429.2975,462.7798,479.6732,521.1733,516.1550,533.3881,538.0179,603.7849,579.7235,616.8445,659.0408,709.5146,763.6900,740.1664,799.0042,734.3330,722.0833,820.8829,806.3972,826.1352,836.9670,872.8962,861.3223,885.0024,934.3666,917.6475,879.4167,920.9421,923.7583,950.6540,966.7708,1011.6816,1046.2162,1110.1818,1106.4951,1100.7960,1135.9983,1122.0995,1181.2319,1219.1606,1214.7258,1275.1797,1287.6117,1312.7345,1351.3566,1345.0671,1304.2664,1240.2183,1359.1293,1386.1946,1328.8948,1486.1013,1485.1943,1437.4745,1471.1250,1434.7964,1301.8304,1353.2642,1342.0522,1341.7247,1422.1393,1464.7224,1495.1952,1527.2274,1570.4987,1465.5358,1495.4034,1480.8525,1463.3121,1512.5181,1522.4258,1527.5459,1531.5078,1566.0116,1572.5236,1570.1810,1554.5282,1626.5645,1620.6952,1713.9493,1586.3472,1678.5812,1696.3776,1627.3136,1739.1941,1673.8174,1682.7041,1725.9666,1790.0087,1830.9392,1813.9067,1732.8339,1758.0149,1783.1804,1769.6182,1765.6224,1709.4476,1704.5194,1869.9738,1837.4410,1772.5682,1679.5292,1610.9955,1647.2015,1594.8706,1635.8221,1683.5137,1662.2856,1733.5581,1835.8778,1877.1434,1871.7322,1900.3462,1877.4609,1972.1655,2010.0159,1986.9928,2068.8792,2071.6353,2110.6963,2148.7620,2034.1188,1942.8097,2039.4353,2044.6300,2093.1504,2056.6890,2003.3068,1985.5681,1926.3011,1902.6323,1883.8414,1901.7731,1895.8597,1966.7821,2080.5127,2110.8054,1958.3090,1959.7781,1966.2513,1941.7251,1972.0184,1989.9244,1964.1116,2047.8928,2034.0394,1962.3560,2045.7754,1960.4821,1935.4122,1963.9954,1875.7145,1770.2738,1745.5940,1755.7620,1761.2543,1769.6544,1788.3844,1732.7706,1819.0991,1799.8982,1826.5221,1819.5265,1771.5061,1766.0986,1865.6459,1861.3950,1813.6776,1902.1772,1919.0669,1862.0549,1904.1041,1833.2916,1745.4067,1760.8594,1631.7698,1629.8282,1597.5681,1468.7656,1506.2700,1503.6448,1416.5216,1363.0363,1318.3541,1333.0756,1402.1417,1427.5719,1364.6354,1346.3053,1286.1508,1247.6982,1264.8781,1209.2318,1184.1193,1129.0060,1060.7968,1071.6665,1010.1798,984.6828,853.8049,846.9944,743.4846,715.5024,725.6700,721.1721,642.7654,602.5226,609.9351,568.8258,559.1390,563.9498,581.0161,622.1689,578.8455,606.6086,645.1964,671.4439,684.6124,614.4599,639.0629,640.9388,613.3126,621.3378,643.8014,558.0191,592.7202,610.9269,546.9254,548.1071,472.3733,460.0718,478.7362,462.0919,447.5125,423.5882,409.2981,368.4998,359.2303,333.7011,324.7401,299.4335,275.1063,302.7312,231.5708,224.8533,222.1349,181.9559,213.5986,145.9209,0.0000,0.0000,0.0000,0.0000,0.0000,0.0000,0.0000,0.0000,0.0000,0.0000,0.0000,0.0000,0.0000,0.0000,0.0000,0.0000,0.0000,0.0000,0.0000,0.0000,0.0000,0.0000,0.0000,0.0000,0.0000,0.0000,0.0000,0.0000,0.0000,0.0000,0.0000,0.0000,0.0000,0.0000,0.0000,0.0000,0.0000,0.0000,0.0000,0.0000,0.0000,0.0000,0.0000,0.0000,0.0000,0.0000,0.0000,0.0000,0.0000,0.0000,0.0000,0.0000,0.0000,0.0000,0.0000,0.0000,0.0000,0.0000,0.0000,0.0000,0.0000,0.0000,0.0000,0.0000,0.0000,0.0000,0.0000
0.0000,0.0000,0.0000,0.0000,0.0000,0.0000,0.0000,0.0000,0.0000,0.0000,0.0000,0.0000,0.0000,0.0000,0.0000,0.0000,0.0000,0.0000,0.0000,0.0000,0.0000,0.0000,0.0000,0.0000,0.0000,0.0000,0.0000,0.0000,0.0000,0.0000,0.0000,0.0000,0.0000,0.0000,0.0000,0.0000,0.0000,0.0000,0.0000,0.0000,0.0000,0.0000,0.0000,0.0000,0.0000,0.0000,0.0000,0.0000,0.0000,0.0000,0.0000,0.0000,0.0000,0.0000,0.0000,0.0000,0.0000,0.0000,0.0000,0.0000,0.0000,0.0000,0.0000,0.0000,0.0000,0.0000,0.0000,0.0000,232.4006,246.7598,291.1316,267.2830,301.2703,311.3895,274.9582,321.3306,327.6190,284.5134,314.0761,361.2899,401.8935,349.7089,326.4006,430.2601,438.6479,421.4456,421.3586,451.5454,526.8609,531.7571,513.5372,571.9309,586.8405,593.8813,685.3734,701.3203,692.7531,747.0641,708.7009,704.4342,741.1180,730.0691,781.0427,787.7004,848.5079,912.0909,876.7506,849.0176,849.1136,825.6459,897.2457,923.8377,888.0167,902.6634,914.3521,986.1595,1015.1353,1063.2887,1051.3640,1074.5054,1135.9012,1188.2532,1179.0695,1178.8455,1230.1748,1206.7135,1239.1755,1291.0654,1231.9091,1276.8738,1392.4771,1267.1232,1332.0065,1335.6549,1355.4169,1375.2859,1387.1610,1344.0645,1367.6525,1277.3059,1350.0804,1343.1917,1311.7031,1288.7178,1392.9292,1401.0983,1358.3125,1380.3635,1439.5455,1482.6620,1519.0726,1491.7462,1468.2913,1467.8114,1473.3171,1441.5022,1480.6666,1513.4005,1540.5289,1590.6152,1634.3615,1595.6857,1573.4164,1610.0690,1565.9366,1621.9518,1668.1338,1615.9529,1651.8369,1557.8304,1637.9095,1739.1479,1684.0723,1661.7733,1709.8080,1750.9340,1719.6271,1710.5544,1742.7183,1764.5513,1806.7600,1833.2992,1735.0598,1737.8243,1694.4617,1643.3739,1682.6298,1678.1112,1615.0203,1625.1666,1718.7191,1677.9005,1693.5992,1667.7946,1731.1383,1905.3000,1913.5242,1923.2080,1936.0181,1934.4890,2042.5465,2082.7019,2057.7175,2003.6252,2010.8158,1984.6530,1985.7682,1947.9304,1994.7848,2019.6200,1979.0393,2002.1350,1907.9099,1816.1732,1848.4351,1942.7122,2055.0679,2038.7250,2021.9890,2028.5215,2079.1301,1933.3315,1958.5974,1905.2316,1906.3016,2013.3372,2000.3606,1975.6125,1963.4000,1888.8701,1874.0034,1937.7454,1915.5747,1868.1656,1826.3342,1797.0424,1802.6887,1808.1798,1753.6404,1720.7429,1688.4722,1705.6194,1710.5444,1726.0502,1781.4506,1768.3206,1786.2921,1762.3226,1699.3132,1759.6667,1802.9269,1808.6864,1858.9423,1855.3625,1752.2917,1813.5735,1712.0339,1723.4316,1669.6892,1533.3757,1518.5039,1512.3885,1556.2517,1511.4642,1464.9321,1418.5503,1390.6793,1348.4204,1349.4106,1347.9740,1354.2045,1412.3605,1304.3064,1298.1697,1304.7072,1209.4541,1196.2280,1183.2924,1079.0986,1025.7332,1019.5162,952.2630,959.5500,833.3655,777.3152,776.3864,708.7856,711.8843,699.0780,627.7887,591.5948,597.3068,566.3616,579.7460,560.5549,612.4662,645.6525,599.5819,634.1311,612.7316,642.0905,630.2981,619.6729,637.7754,653.4369,647.4845,644.0125,619.4311,574.0246,548.0613,551.7884,500.0485,533.7247,493.9330,476.3093,425.0890,432.8200,406.4624,421.0518,371.7462,300.5094,327.8351,313.1523,310.3872,281.1818,242.3065,214.9719,206.3025,217.1776,214.5918,136.9980,188.9109,0.0000,0.0000,0.0000,0.0000,0.0000,0.0000,0.0000,0.0000,0.0000,0.0000,0.0000,0.0000,0.0000,0.0000,0.0000,0.0000,0.0000,0.0000,0.0000,0.0000,0.0000,0.0000,0.0000,0.0000,0.0000,0.0000,0.0000,0.0000,0.0000,0.0000,0.0000,0.0000,0.0000,0.0000,0.0000,0.0000,0.0000,0.0000,0.0000,0.0000,0.0000,0.0000,0.0000,0.0000,0.0000,0.0000,0.0000,0.0000,0.0000,0.0000,0.0000,0.0000,0.0000,0.0000,0.0000,0.0000,0.0000,0.0000,0.0000,0.0000,0.0000,0.0000,0.0000,0.0000,0.0000,0.0000,0.0000,0.0000
0.0000,0.0000,0.0000,0.0000,0.0000,0.0000,0.0000,0.0000,0.0000,0.0000,0.0000,0.0000,0.0000,0.0000,0.0000,0.0000,0.0000,0.0000,0.0000,0.0000,0.0000,0.0000,0.0000,0.0000,0.0000,0.0000,0.0000,0.0000,0.0000,0.0000,0.0000,0.0000,0.0000,0.0000,0.0000,0.0000,0.0000,0.0000,0.0000,0.0000,0.0000,0.0000,0.0000,0.0000,0.0000,0.0000,0.0000,0.0000,0.0000,0.0000,0.0000,0.0000,0.0000,0.0000,0.0000,0.0000,0.0000,0.0000,0.0000,0.0000,0.0000,0.0000,0.0000,0.0000,0.0000,0.0000,0.0000,0.0000,0.0000,281.6104,237.5002,274.2401,300.1512,298.3839,280.5404,305.7567,356.9530,335.3651,329.3619,349.3182,364.0678,343.4338,369.3595,314.6967,398.1873,421.0448,465.9046,427.8057,469.9999,557.3929,555.3029,577.1622,558.5049,598.6429,645.0700,674.4509,749.8867,724.9510,669.5161,728.0277,741.2094,763.4804,859.3992,806.0273,766.1196,817.2345,780.6901,809.5570,794.3535,795.9760,857.1513,850.8173,903.4915,877.0751,895.5552,951.4997,968.5848,1043.2239,1071.4550,1116.1975,1064.9558,1168.2527,1129.0775,1127.7261,1179.4645,1139.8727,1251.6846,1297.9720,1260.6842,1311.1941,1320.8790,1285.6445,1293.0051,1293.8999,1257.7830,1267.1346,1267.6981,1305.2145,1295.8132,1295.3735,1293.8981,1304.8191,1312.0900,1269.5513,1310.6166,1302.2111,1323.7614,1335.1011,1395.1185,1368.8519,1431.6621,1443.8446,1460.1713,1466.9614,1501.3986,1449.9197,1499.4003,1506.2173,1475.4078,1480.4482,1477.4330,1517.7090,1554.9083,1549.9625,1530.7715,1551.2915,1587.0940,1623.2357,1682.3320,1563.1985,1620.6216,1619.3788,1660.5043,1611.3925,1592.0435,1668.7743,1711.3467,1711.2592,1816.5525,1720.8073,1706.7155,1791.5499,1769.8772,1738.6066,1695.4502,1559.4084,1655.6150,1683.6545,1658.9308,1643.6173,1658.2603,1623.4344,1695.5988,1759.2167,1753.3021,1782.2380,1814.3888,1979.6061,1969.5222,1929.5293,1924.0880,1970.0238,2048.4773,2058.0972,1966.9395,1965.6147,1904.4773,1916.8967,1997.4692,1932.7860,1883.6165,1865.5046,1852.7708,1894.4971,1918.6498,1868.6584,1978.6976,2014.3237,2056.6177,2063.4771,2029.1326,1984.2102,1963.1279,1951.0544,1953.8866,1936.5991,1907.3357,1869.2566,1860.3722,1822.2968,1816.5267,1760.3898,1802.9772,1798.8424,1749.1583,1773.4847,1744.9402,1720.7454,1762.1301,1720.7308,1607.2290,1714.0634,1648.1094,1782.6337,1727.8347,1629.3306,1608.7175,1676.4285,1654.8923,1718.7191,1756.1677,1755.0605,1788.5417,1772.5668,1721.6836,1647.3615,1584.4888,1543.9882,1546.5844,1576.5491,1484.0121,1405.0170,1474.1125,1507.3972,1424.3809,1454.6033,1411.2491,1347.1787,1394.1346,1323.8141,1357.7690,1399.9265,1339.2264,1317.7793,1278.2657,1198.2961,1146.4692,1096.5861,1041.0236,1031.0751,976.2382,926.3409,927.5907,803.0513,834.4601,737.7999,690.9630,678.6209,641.0069,643.1074,629.1271,574.5052,642.2281,581.8588,605.5334,614.8107,582.7892,619.8987,589.9866,586.2727,605.5887,675.4684,604.1016,636.5449,610.1413,621.0510,611.3934,587.2643,585.4641,544.8799,539.0339,499.8757,473.6151,432.9397,479.2785,427.1343,401.2717,368.3664,332.2111,350.0758,339.4258,305.2038,271.1683,287.6532,261.9093,215.9786,264.7421,200.8275,188.9491,155.8315,175.9073,0.0000,0.0000,0.0000,0.0000,0.0000,0.0000,0.0000,0.0000,0.0000,0.0000,0.0000,0.0000,0.0000,0.0000,0.0000,0.0000,0.0000,0.0000,0.0000,0.0000,0.0000,0.0000,0.0000,0.0000,0.0000,0.0000,0.0000,0.0000,0.0000,0.0000,0.0000,0.0000,0.0000,0.0000,0.0000,0.0000,0.0000,0.0000,0.0000,0.0000,0.0000,0.0000,0.0000,0.0000,0.0000,0.0000,0.0000,0.0000,0.0000,0.0000,0.0000,0.0000,0.0000,0.0000,0.0000,0.0000,0.0000,0.0000,0.0000,0.0000,0.0000,0.0000,0.0000,0.0000,0.0000,0.0000,0.0000,0.0000,0.0000
0.0000,0.0000,0.0000,0.0000,0.0000,0.0000,0.0000,0.0000,0.0000,0.0000,0.0000,0.0000,0.0000,0.0000,0.0000,0.0000,0.0000,0.0000,0.0000,0.0000,0.0000,0.0000,0.0000,0.0000,0.0000,0.0000,0.0000,0.0000,0.0000,0.0000,0.0000,0.0000,0.0000,0.0000,0.0000,0.0000,0.0000,0.0000,0.0000,0.0000,0.0000,0.0000,0.0000,0.0000,0.0000,0.0000,0.0000,0.0000,0.0000,0.0000,0.0000,0.0000,0.0000,0.0000,0.0000,0.0000,0.0000,0.0000,0.0000,0.0000,0.0000,0.0000,0.0000,0.0000,0.0000,0.0000,0.0000,0.0000,0.0000,0.0000,282.5850,271.4897,242.9285,259.8488,299.7215,259.2725,301.5180,285.1162,312.7913,371.9060,362.2000,344.5183,397.9464,390.7768,361.3222,437.1573,435.6536,424.3130,502.0317,469.7095,505.7763,550.3471,550.9120,597.1452,611.1846,650.5454,676.7432,699.9160,709.8678,671.4929,676.1865,736.8464,727.4037,759.6689,794.5212,761.2322,757.6520,771.7378,793.4015,782.7195,764.4370,784.1417,843.2396,869.2247,894.5919,916.4981,954.8042,1025.3982,1077.0769,1044.9943,1052.5128,1060.9015,1162.9857,1136.7312,1141.5405,1140.1335,1177.4181,1228.2178,1283.8677,1233.9301,1232.4813,1245.4330,1242.3687,1306.2627,1297.8987,1252.3120,1242.1095,1271.8917,1255.5702,1244.4270,1273.2648,1202.4033,1293.7108,1290.7545,1285.7878,1372.1545,1280.2987,1307.5044,1323.6206,1334.9277,1353.2731,1375.8350,1366.5353,1456.5828,1491.5374,1501.9167,1465.1521,1446.7792,1460.3979,1438.1132,1469.6895,1470.9288,1480.1129,1564.7939,1574.2161,1591.7551,1524.8428,1549.6007,1530.7278,1603.1996,1580.6980,1590.5204,1608.5974,1607.8682,1626.0786,1684.2152,1627.9036,1673.0026,1693.9441,1673.6287,1705.4944,1716.0277,1721.8052,1744.7870,1675.1364,1636.1022,1624.8014,1603.5791,1676.5292,1642.3437,1677.8179,1728.0159,1705.3164,1721.6564,1778.6666,1762.8999,1801.7776,1861.1392,1870.1732,1931.1719,1938.2164,1901.2917,1967.1431,1926.4880,1840.9244,1905.8093,1838.7162,1792.7700,1921.7958,1879.0039,1934.3226,1874.3851,1781.9684,1824.8033,1922.1865,1893.3707,1877.6912,1954.6534,1994.9011,2042.5472,2047.3168,2032.2196,1934.6334,1874.7294,1918.9443,1905.3953,1838.9424,1803.7068,1741.3680,1830.0753,1755.6990,1750.8243,1737.0211,1667.3474,1693.4270,1711.3668,1655.5171,1655.5957,1677.5137,1669.1301,1712.8032,1702.1418,1685.9852,1705.9692,1645.4369,1602.7988,1556.3831,1603.7083,1687.6843,1674.7250,1706.3854,1715.2081,1655.2499,1605.3121,1571.0377,1552.3389,1575.8138,1556.8361,1482.3523,1544.3861,1485.2938,1417.8041,1476.4167,1394.5929,1384.2086,1452.3716,1447.0845,1395.2382,1361.1478,1320.1602,1354.7144,1323.8931,1362.8491,1260.1771,1210.3398,1135.9862,1097.7335,1076.7289,1072.7743,1029.4595,950.7095,923.2632,817.6703,801.0850,747.9116,705.0817,710.4544,710.1292,618.9991,618.1405,548.9114,561.5375,567.5582,583.9514,568.7431,634.5962,579.6797,614.2695,634.2977,613.5363,664.4721,607.5341,607.7829,620.8699,581.5202,584.8912,588.1103,567.9666,574.1133,522.3411,529.3342,522.1354,453.1771,404.2064,435.5166,380.8177,399.3876,378.5463,395.8284,330.2443,328.4633,334.9659,270.1621,297.8096,246.8807,228.2504,217.5773,165.7755,186.4750,163.9296,0.0000,0.0000,0.0000,0.0000,0.0000,0.0000,0.0000,0.0000,0.0000,0.0000,0.0000,0.0000,0.0000,0.0000,0.0000,0.0000,0.0000,0.0000,0.0000,0.0000,0.0000,0.0000,0.0000,0.0000,0.0000,0.0000,0.0000,0.0000,0.0000,0.0000,0.0000,0.0000,0.0000,0.0000,0.0000,0.0000,0.0000,0.0000,0.0000,0.0000,0.0000,0.0000,0.0000,0.0000,0.0000,0.0000,0.0000,0.0000,0.0000,0.0000,0.0000,0.0000,0.0000,0.0000,0.0000,0.0000,0.0000,0.0000,0.0000,0.0000,0.0000,0.0000,0.0000,0.0000,0.0000,0.0000,0.0000,0.0000,0.0000,0.0000
0.0000,0.0000,0.0000,0.0000,0.0000,0.0000,0.0000,0.0000,0.0000,0.0000,0.0000,0.0000,0.0000,0.0000,0.0000,0.0000,0.0000,0.0000,0.0000,0.0000,0.0000,0.0000,0.0000,0.0000,0.0000,0.0000,0.0000,0.0000,0.0000,0.0000,0.0000,0.0000,0.0000,0.0000,0.0000,0.0000,0.0000,0.0000,0.0000,0.0000,0.0000,0.0000,0.0000,0.0000,0.0000,0.0000,0.0000,0.0000,0.0000,0.0000,0.0000,0.0000,0.0000,0.0000,0.0000,0.0000,0.0000,0.0000,0.0000,0.0000,0.0000,0.0000,0.0000,0.0000,0.0000,0.0000,0.0000,0.0000,0.0000,0.0000,0.0000,257.1093,229.1001,274.2682,290.6104,318.0772,308.5450,326.1360,286.5399,324.9428,351.6472,319.7049,388.6448,376.7146,391.7866,402.3378,409.9332,434.8541,481.6635,479.6208,483.3632,481.9639,552.0779,570.6012,607.0552,638.2986,643.5775,662.5381,668.1023,643.4573,729.4618,700.5612,699.0916,739.7690,760.0108,721.9628,746.8036,715.4847,749.7301,752.4900,753.0430,770.5731,773.1788,797.6362,860.1627,906.6941,938.4349,950.6329,938.2520,1013.7912,1007.6285,1068.9878,1138.4771,1073.2726,1138.6151,1190.9004,1160.2770,1188.6140,1214.8346,1212.3943,1276.3988,1318.2235,1225.8483,1228.0728,1255.9473,1210.4739,1253.9568,1185.7471,1214.7399,1246.0928,1244.9353,1221.9386,1228.7396,1252.9854,1282.9802,1291.2192,1263.9139,1258.8038,1228.8309,1312.5599,1369.5427,1343.6520,1365.0984,1409.1055,1441.2950,1436.1650,1375.6200,1412.4661,1434.1625,1417.4526,1466.2482,1537.1716,1417.7719,1447.4653,1480.6592,1464.1693,1551.0581,1459.8005,1460.5773,1532.6213,1542.8229,1553.7670,1545.9229,1543.7933,1505.8129,1570.7454,1621.6345,1631.9929,1630.2554,1620.4110,1647.3350,1688.4070,1702.2417,1595.6504,1543.3334,1628.7721,1630.7661,1651.8859,1669.8992,1654.1605,1691.6300,1765.5759,1672.1909,1704.5336,1658.9950,1741.8451,1869.0811,1826.5687,1838.8875,1841.1436,1825.1759,1837.4628,1946.1547,1884.6729,1818.5869,1849.6797,1822.9852,1869.7941,1868.9791,1861.7402,1831.1277,1775.2916,1794.8109,1774.7020,1800.7560,1860.1135,1879.2284,1956.4100,1980.9115,1947.9342,1938.8846,1995.9283,1839.4238,1828.2023,1784.5236,1827.9128,1821.9532,1796.4916,1702.5974,1704.4611,1664.6772,1633.8267,1649.5907,1626.0316,1636.9695,1642.1970,1678.9067,1714.4587,1678.4565,1644.3047,1600.5880,1612.0286,1681.6304,1620.0681,1542.6512,1595.5817,1546.1884,1625.7399,1666.5106,1551.3096,1591.2264,1594.4347,1514.5546,1506.4480,1467.3228,1433.1835,1545.1816,1546.4425,1461.8169,1386.2897,1376.0653,1352.7974,1411.1334,1390.3151,1426.7761,1375.7777,1378.7158,1426.2345,1385.3232,1360.2495,1220.8695,1310.1595,1343.5286,1243.8535,1229.6683,1144.0886,1060.4333,1064.7590,1058.1680,961.9700,843.8598,820.5573,775.1174,784.1877,766.0094,688.9318,671.0405,666.2460,605.5814,631.9996,578.6116,604.5314,559.3799,568.6398,600.4313,579.8741,622.4388,604.9216,570.4596,568.9413,540.8900,577.0870,614.7230,582.2656,606.2454,622.0781,517.0293,536.9800,535.1404,476.5023,521.3414,439.2818,429.6724,443.2117,400.2621,392.6878,384.5159,292.2472,350.3154,304.2851,306.4247,285.5290,258.8570,273.2648,238.6779,198.4159,171.6270,157.6434,109.0188,0.0000,0.0000,0.0000,0.0000,0.0000,0.0000,0.0000,0.0000,0.0000,0.0000,0.0000,0.0000,0.0000,0.0000,0.0000,0.0000,0.0000,0.0000,0.0000,0.0000,0.0000,0.0000,0.0000,0.0000,0.0000,0.0000,0.0000,0.0000,0.0000,0.0000,0.0000,0.0000,0.0000,0.0000,0.0000,0.0000,0.0000,0.0000,0.0000,0.0000,0.0000,0.0000,0.0000,0.0000,0.0000,0.0000,0.0000,0.0000,0.0000,0.0000,0.0000,0.0000,0.0000,0.0000,0.0000,0.0000,0.0000,0.0000,0.0000,0.0000,0.0000,0.0000,0.0000,0.0000,0.0000,0.0000,0.0000,0.0000,0.0000,0.0000,0.0000
0.0000,0.0000,0.0000,0.0000,0.0000,0.0000,0.0000,0.0000,0.0000,0.0000,0.0000,0.0000,0.0000,0.0000,0.0000,0.0000,0.0000,0.0000,0.0000,0.0000,0.0000,0.0000,0.0000,0.0000,0.0000,0.0000,0.0000,0.0000,0.0000,0.0000,0.0000,0.0000,0.0000,0.0000,0.0000,0.0000,0.0000,0.0000,0.0000,0.0000,0.0000,0.0000,0.0000,0.0000,0.0000,0.0000,0.0000,0.0000,0.0000,0.0000,0.0000,0.0000,0.0000,0.0000,0.0000,0.0000,0.0000,0.0000,0.0000,0.0000,0.0000,0.0000,0.0000,0.0000,0.0000,0.0000,0.0000,0.0000,0.0000,0.0000,0.0000,0.0000,292.3032,277.6298,255.8472,289.7469,291.3093,279.9487,309.4041,335.6662,360.5973,346.5984,341.4281,352.1310,386.5325,398.2064,379.7748,413.3649,435.6446,468.6677,427.1525,494.3844,539.3809,520.2905,570.5369,616.2696,617.4680,647.4661,726.7700,649.0051,698.5026,715.2802,695.9263,726.8555,686.2811,658.8961,679.4152,765.0995,719.8967,719.7629,741.3587,720.3502,725.7211,754.5288,759.8486,794.6340,905.0342,967.0559,961.1818,967.7926,971.2290,1071.8416,1116.9412,1040.8734,1109.1888,1147.7250,1163.6802,1247.6165,1225.0504,1165.4602,1231.8499,1281.1467,1213.4476,1255.1254,1191.2599,1193.8271,1164.7476,1157.3107,1217.3365,1119.0895,1158.7275,1157.5533,1248.3103,1202.2290,1227.5594,1203.8101,1244.3191,1268.4684,1263.9749,1283.6705,1246.4497,1241.1445,1345.5553,1375.8209,1357.0238,1358.8383,1355.6095,1438.9567,1489.2161,1385.6749,1378.8448,1399.4861,1454.1406,1448.9010,1471.7100,1481.0575,1529.1656,1502.8981,1448.4943,1469.5515,1485.1339,1470.7772,1505.5303,1542.0314,1542.7040,1555.5461,1581.2885,1597.9291,1655.7939,1640.9719,1593.0007,1601.2302,1636.2836,1624.3202,1613.0406,1644.9226,1588.7001,1633.4073,1696.8317,1632.8710,1682.7598,1675.5419,1681.8989,1738.1885,1639.6979,1687.9359,1732.7932,1759.3682,1827.4457,1738.5813,1719.9259,1721.7067,1730.5785,1828.0155,1845.0588,1754.0563,1750.6250,1789.4722,1774.4331,1815.5870,1703.6552,1702.9108,1758.1571,1735.1073,1819.2800,1823.5588,1761.5250,1803.5955,1923.3269,1842.7328,1783.5493,1784.2012,1793.7843,1845.5205,1834.2351,1753.4930,1713.6571,1697.5771,1656.0474,1712.6422,1599.6030,1579.6434,1564.3975,1629.5237,1649.1819,1578.7212,1614.6855,1599.4513,1606.3184,1707.3364,1582.4722,1565.8837,1623.3267,1566.4319,1537.2802,1567.5809,1518.2242,1551.5787,1572.2561,1540.8125,1542.6118,1468.5347,1505.0471,1488.3870,1441.6227,1463.0483,1453.7905,1422.5887,1394.0201,1386.6205,1377.9578,1380.8842,1337.4783,1401.7817,1418.8495,1389.7140,1424.7821,1348.3893,1320.4742,1344.8771,1247.0901,1229.1527,1278.4247,1219.6243,1172.8120,1098.6381,992.8835,986.9636,954.1469,915.3702,838.9485,798.8935,715.5102,712.4440,697.5322,714.4380,658.2273,636.1416,594.1006,584.4245,605.0282,602.0162,555.6870,596.9857,624.4134,578.3360,616.7204,594.9023,564.5956,618.1614,591.9529,561.2046,573.8942,589.2806,531.5018,534.4708,535.0667,456.4191,486.9030,476.2761,413.9100,444.7040,422.6857,361.5696,321.3812,391.4686,338.9729,324.7215,310.6622,265.8948,281.1699,256.3143,220.5530,196.9983,194.4610,204.2106,201.5654,207.7153,0.0000,0.0000,0.0000,0.0000,0.0000,0.0000,0.0000,0.0000,0.0000,0.0000,0.0000,0.0000,0.0000,0.0000,0.0000,0.0000,0.0000,0.0000,0.0000,0.0000,0.0000,0.0000,0.0000,0.0000,0.0000,0.0000,0.0000,0.0000,0.0000,0.0000,0.0000,0.0000,0.0000,0.0000,0.0000,0.0000,0.0000,0.0000,0.0000,0.0000,0.0000,0.0000,0.0000,0.0000,0.0000,0.0000,0.0000,0.0000,0.0000,0.0000,0.0000,0.0000,0.0000,0.0000,0.0000,0.0000,0.0000,0.0000,0.0000,0.0000,0.0000,0.0000,0.0000,0.0000,0.0000,0.0000,0.0000,0.0000,0.0000,0.0000,0.0000,0.0000
0.0000,0.0000,0.0000,0.0000,0.0000,0.0000,0.0000,0.0000,0.0000,0.0000,0.0000,0.0000,0.0000,0.0000,0.0000,0.0000,0.0000,0.0000,0.0000,0.0000,0.0000,0.0000,0.0000,0.0000,0.0000,0.0000,0.0000,0.0000,0.0000,0.0000,0.0000,0.0000,0.0000,0.0000,0.0000,0.0000,0.0000,0.0000,0.0000,0.0000,0.0000,0.0000,0.0000,0.0000,0.0000,0.0000,0.0000,0.0000,0.0000,0.0000,0.0000,0.0000,0.0000,0.0000,0.0000,0.0000,0.0000,0.0000,0.0000,0.0000,0.0000,0.0000,0.0000,0.0000,0.0000,0.0000,0.0000,0.0000,0.0000,0.0000,0.0000,0.0000,0.0000,253.8273,280.3640,276.6746,301.4951,281.7190,343.7853,265.8621,312.0355,309.0596,370.2731,391.7767,394.6718,345.9129,417.7404,406.0260,429.2429,460.5107,436.0409,457.1483,456.2494,529.2516,511.6564,570.6883,584.6916,584.1561,619.5428,644.9653,615.3743,635.3597,678.8998,678.3620,689.9810,709.0872,669.5201,665.5787,698.4043,724.9606,721.7421,741.8438,719.9825,762.8052,833.7245,799.2953,862.4526,902.9333,963.5438,1002.1884,973.7518,976.9240,1049.2473,1059.2273,1099.2946,1164.3503,1117.6053,1118.3820,1200.1350,1187.1276,1182.7644,1207.7979,1175.4877,1230.9777,1188.0731,1179.0870,1117.8676,1138.2423,1108.9255,1147.6705,1151.0383,1204.6720,1178.6917,1226.9390,1229.7400,1158.8285,1215.6781,1235.1836,1219.7260,1292.2949,1268.6206,1226.3572,1231.0342,1248.5775,1394.2733,1407.7317,1318.6952,1389.6912,1366.7100,1354.6633,1350.6332,1367.4514,1396.6924,1422.6626,1431.2987,1516.6157,1397.8536,1379.4261,1375.0944,1431.6622,1456.7899,1435.7537,1393.9795,1485.4924,1567.1578,1492.8573,1564.9241,1503.3722,1577.6580,1658.5691,1611.2802,1622.0875,1602.4943,1575.9043,1658.5962,1636.0671,1594.1426,1605.5358,1555.8892,1643.1364,1625.2772,1721.3071,1686.5646,1708.4514,1659.6649,1711.5192,1631.3137,1641.3279,1700.0215,1668.4543,1769.2067,1742.5083,1724.5590,1766.5120,1730.2092,1689.9607,1709.4170,1677.0219,1702.8595,1722.3171,1709.1232,1743.1688,1739.6880,1714.7456,1709.0625,1727.0889,1691.9921,1709.3805,1734.4272,1742.9053,1838.3387,1748.1504,1810.5317,1713.2833,1716.3240,1747.7450,1636.3972,1630.8571,1599.9867,1568.8978,1678.1429,1633.2404,1563.7614,1532.0173,1553.1364,1583.5883,1609.5460,1600.2468,1594.2728,1694.4139,1604.5861,1563.2789,1557.0292,1438.8564,1445.7797,1467.0588,1494.5931,1492.2607,1501.7032,1499.9764,1512.5302,1535.1661,1455.5270,1399.1337,1407.2969,1409.6907,1416.6411,1433.4465,1390.7600,1345.7443,1438.4823,1371.4515,1344.4348,1343.7809,1311.7943,1271.7296,1341.0002,1351.6937,1340.7693,1261.8123,1217.5895,1223.9286,1253.6399,1164.2112,1088.1006,1016.2473,1072.0463,995.2765,898.5811,838.8309,787.5173,811.5231,795.0812,705.3903,633.2827,628.9276,618.8867,670.3903,619.0234,549.0341,617.2836,589.1584,574.6282,572.9086,572.4362,643.2675,619.9329,603.2759,570.9228,579.1375,595.4888,576.2106,570.2955,556.7520,511.5458,538.8699,574.7928,427.6350,453.6995,461.3748,379.8143,413.6057,408.2971,387.9213,351.1425,384.4700,361.8762,271.7308,281.6070,262.5528,266.4159,260.6913,217.9867,202.5399,214.3895,194.3265,207.7761,0.0000,0.0000,0.0000,0.0000,0.0000,0.0000,0.0000,0.0000,0.0000,0.0000,0.0000,0.0000,0.0000,0.0000,0.0000,0.0000,0.0000,0.0000,0.0000,0.0000,0.0000,0.0000,0.0000,0.0000,0.0000,0.0000,0.0000,0.0000,0.0000,0.0000,0.0000,0.0000,0.0000,0.0000,0.0000,0.0000,0.0000,0.0000,0.0000,0.0000,0.0000,0.0000,0.0000,0.0000,0.0000,0.0000,0.0000,0.0000,0.0000,0.0000,0.0000,0.0000,0.0000,0.0000,0.0000,0.0000,0.0000,0.0000,0.0000,0.0000,0.0000,0.0000,0.0000,0.0000,0.0000,0.0000,0.0000,0.0000,0.0000,0.0000,0.0000,0.0000,0.0000
0.0000,0.0000,0.0000,0.0000,0.0000,0.0000,0.0000,0.0000,0.0000,0.0000,0.0000,0.0000,0.0000,0.0000,0.0000,0.0000,0.0000,0.0000,0.0000,0.0000,0.0000,0.0000,0.0000,0.0000,0.0000,0.0000,0.0000,0.0000,0.0000,0.0000,0.0000,0.0000,0.0000,0.0000,0.0000,0.0000,0.0000,0.0000,0.0000,0.0000,0.0000,0.0000,0.0000,0.0000,0.0000,0.0000,0.0000,0.0000,0.0000,0.0000,0.0000,0.0000,0.0000,0.0000,0.0000,0.0000,0.0000,0.0000,0.0000,0.0000,0.0000,0.0000,0.0000,0.0000,0.0000,0.0000,0.0000,0.0000,0.0000,0.0000,0.0000,0.0000,0.0000,0.0000,268.3148,275.0118,310.6946,331.3042,307.4476,317.2466,309.1112,330.1639,369.6218,358.7345,342.2352,405.1898,372.4361,404.5051,399.5988,404.8140,434.2557,413.5067,471.1055,539.3383,555.6133,549.5025,566.0073,541.1402,588.7939,632.0344,587.6350,651.8645,713.9681,660.7834,670.8575,644.8027,655.4687,630.6206,647.2535,617.0300,726.1581,693.8695,688.0055,755.3175,783.8668,792.0051,886.1587,889.7017,945.2253,936.1686,1004.3337,1005.9402,1005.7423,1040.7692,1082.4928,1136.1801,1171.4406,1116.6989,1073.0892,1135.2423,1139.3344,1181.3752,1216.4194,1170.6581,1131.1987,1150.5934,1148.6075,1104.3998,1046.3713,1080.6628,1174.0306,1207.6786,1146.4441,1241.5618,1143.5481,1204.2924,1230.7041,1236.4808,1246.3278,1213.7896,1238.1619,1324.6614,1253.7985,1253.9780,1261.0496,1277.9806,1337.2163,1339.2202,1312.1090,1344.0583,1325.5758,1355.3380,1406.4813,1328.4265,1362.8352,1360.8364,1352.2615,1400.5411,1409.4333,1359.9307,1419.4285,1438.1189,1379.3564,1430.9841,1489.7600,1500.4368,1568.0892,1553.4415,1608.0237,1552.8892,1536.4546,1597.9095,1553.6868,1552.3221,1540.8772,1533.7349,1579.7898,1565.8524,1524.6306,1609.9479,1611.4349,1670.4578,1721.1837,1574.0393,1560.3223,1563.6720,1618.5580,1695.7273,1679.7402,1677.0555,1680.1462,1740.4581,1658.2617,1682.3871,1668.8123,1678.7377,1682.7020,1696.1410,1740.0383,1706.9508,1654.5062,1711.9326,1671.4799,1653.9598,1605.7908,1653.9666,1710.8768,1743.8971,1734.3177,1747.2338,1674.8495,1704.9663,1736.0688,1629.8466,1667.1218,1622.5883,1580.9264,1703.3728,1634.2501,1567.6089,1560.6670,1512.4159,1490.6938,1556.8375,1554.7474,1523.4203,1592.4633,1588.6295,1601.0342,1568.7690,1594.7039,1579.0195,1557.5256,1547.1432,1416.2462,1436.0378,1528.5610,1443.2040,1518.8601,1490.7019,1400.7076,1406.4369,1370.4600,1418.6622,1426.9043,1470.1403,1400.7083,1430.1569,1362.6140,1297.2698,1290.6958,1303.6306,1329.3502,1338.6298,1264.9117,1284.0690,1224.7972,1247.2500,1232.2123,1248.0542,1180.4867,1122.5243,1104.7714,1119.3016,1069.2028,972.2516,937.1440,905.4275,899.2856,766.6794,797.0839,738.6110,737.0969,665.3401,687.8601,631.9473,583.7929,623.1017,618.8370,579.6141,611.5452,548.8277,612.6026,619.8144,601.0458,639.4400,555.6882,554.1741,566.6986,589.2792,557.0223,534.8535,512.2944,486.4995,465.6576,486.2031,466.4581,408.4318,389.8799,452.6493,363.6715,408.8524,346.9527,324.5504,323.7606,323.9582,336.0067,252.6826,249.8171,241.2560,276.6842,236.2599,225.7023,211.3974,166.1674,166.3331,0.0000,0.0000,0.0000,0.0000,0.0000,0.0000,0.0000,0.0000,0.0000,0.0000,0.0000,0.0000,0.0000,0.0000,0.0000,0.0000,0.0000,0.0000,0.0000,0.0000,0.0000,0.0000,0.0000,0.0000,0.0000,0.0000,0.0000,0.0000,0.0000,0.0000,0.0000,0.0000,0.0000,0.0000,0.0000,0.0000,0.0000,0.0000,0.0000,0.0000,0.0000,0.0000,0.0000,0.0000,0.0000,0.0000,0.0000,0.0000,0.0000,0.0000,0.0000,0.0000,0.0000,0.0000,0.0000,0.0000,0.0000,0.0000,0.0000,0.0000,0.0000,0.0000,0.0000,0.0000,0.0000,0.0000,0.0000,0.0000,0.0000,0.0000,0.0000,0.0000,0.0000,0.0000
0.0000,0.0000,0.0000,0.0000,0.0000,0.0000,0.0000,0.0000,0.0000,0.0000,0.0000,0.0000,0.0000,0.0000,0.0000,0.0000,0.0000,0.0000,0.0000,0.0000,0.0000,0.0000,0.0000,0.0000,0.0000,0.0000,0.0000,0.0000,0.0000,0.0000,0.0000,0.0000,0.0000,0.0000,0.0000,0.0000,0.0000,0.0000,0.0000,0.0000,0.0000,0.0000,0.0000,0.0000,0.0000,0.0000,0.0000,0.0000,0.0000,0.0000,0.0000,0.0000,0.0000,0.0000,0.0000,0.0000,0.0000,0.0000,0.0000,0.0000,0.0000,0.0000,0.0000,0.0000,0.0000,0.0000,0.0000,0.0000,0.0000,0.0000,0.0000,0.0000,0.0000,0.0000,0.0000,247.9420,282.1048,243.3630,268.3387,273.4117,332.1819,299.4800,332.8956,321.4806,344.0595,332.6044,370.9845,364.2878,411.2200,429.1987,414.3828,435.3289,474.1565,472.8307,465.5020,510.3772,543.5747,564.9755,560.3291,586.5389,523.7144,643.0718,667.8370,612.7337,610.1517,657.9684,596.6686,666.4233,638.3101,635.0646,583.0159,667.5822,710.9484,709.1023,736.8177,765.2198,817.3489,888.2741,916.7592,926.6732,946.2274,907.1505,972.7719,1017.3350,1037.6874,1047.7323,1113.2063,1123.3560,1105.4539,1155.0785,1123.9586,1161.2394,1175.3411,1131.9296,1155.6201,1093.1349,1081.8910,1085.7952,1087.8243,1103.4816,1104.8859,1063.7557,1078.7024,1125.8146,1125.2250,1190.1807,1185.0847,1236.3998,1267.6625,1210.8264,1190.8253,1198.3750,1178.9391,1206.7347,1233.0543,1242.4768,1279.5087,1288.0002,1322.5487,1339.2906,1272.2740,1267.6617,1416.1858,1346.2845,1330.6053,1326.0983,1334.5123,1370.1058,1399.7183,1397.3018,1303.5070,1290.3625,1340.2607,1450.5035,1440.0908,1482.8071,1459.2303,1518.6167,1560.4716,1529.3314,1507.0206,1456.9493,1535.8298,1580.0410,1520.5686,1533.7401,1526.2802,1476.6088,1523.1523,1521.7588,1459.7521,1497.7621,1523.9960,1528.5011,1616.7091,1592.4834,1567.7036,1580.3718,1612.7494,1594.2844,1626.8152,1603.7537,1609.9663,1628.5004,1722.0939,1667.0095,1611.0310,1647.7834,1669.3245,1653.1129,1734.7657,1665.0476,1668.7640,1723.1056,1680.8728,1623.9371,1660.9473,1591.2439,1707.7500,1704.3871,1634.0065,1589.8373,1639.8416,1619.1765,1678.1132,1633.2056,1578.2290,1559.5819,1577.0718,1560.4911,1509.5289,1529.3290,1552.8810,1571.3350,1630.9541,1554.7802,1512.5409,1564.4261,1577.8643,1596.4838,1539.3751,1527.0010,1468.3395,1501.0618,1410.2795,1406.5897,1429.4103,1328.7043,1391.1719,1389.8405,1338.1797,1367.4977,1312.5001,1332.1960,1457.3993,1421.5594,1391.5776,1339.4567,1317.6421,1285.3716,1311.3931,1290.8721,1295.9569,1245.0408,1299.5505,1235.9210,1104.8385,1154.9346,1186.3437,1213.0729,1140.4164,1102.9630,1023.7466,1008.1297,970.8452,908.2156,856.4027,812.2543,876.4035,758.9502,759.0424,739.2629,754.9539,684.8742,646.4913,622.6016,600.2288,643.2183,593.2203,579.9323,578.4413,586.6739,603.6040,650.7537,590.0644,584.6009,593.4419,580.6695,553.1632,568.2100,525.6748,539.9067,502.9445,509.7377,449.0115,427.8350,454.0251,369.5566,421.3721,371.4572,343.8886,386.4206,324.9885,283.0138,286.5058,261.8044,300.5092,252.7961,230.9436,235.1561,242.9945,183.1250,157.0448,173.8977,178.6206,0.0000,0.0000,0.0000,0.0000,0.0000,0.0000,0.0000,0.0000,0.0000,0.0000,0.0000,0.0000,0.0000,0.0000,0.0000,0.0000,0.0000,0.0000,0.0000,0.0000,0.0000,0.0000,0.0000,0.0000,0.0000,0.0000,0.0000,0.0000,0.0000,0.0000,0.0000,0.0000,0.0000,0.0000,0.0000,0.0000,0.0000,0.0000,0.0000,0.0000,0.0000,0.0000,0.0000,0.0000,0.0000,0.0000,0.0000,0.0000,0.0000,0.0000,0.0000,0.0000,0.0000,0.0000,0.0000,0.0000,0.0000,0.0000,0.0000,0.0000,0.0000,0.0000,0.0000,0.0000,0.0000,0.0000,0.0000,0.0000,0.0000,0.0000,0.0000,0.0000,0.0000,0.0000,0.0000
0.0000,0.0000,0.0000,0.0000,0.0000,0.0000,0.0000,0.0000,0.0000,0.0000,0.0000,0.0000,0.0000,0.0000,0.0000,0.0000,0.0000,0.0000,0.0000,0.0000,0.0000,0.0000,0.0000,0.0000,0.0000,0.0000,0.0000,0.0000,0.0000,0.0000,0.0000,0.0000,0.0000,0.0000,0.0000,0.0000,0.0000,0.0000,0.0000,0.0000,0.0000,0.0000,0.0000,0.0000,0.0000,0.0000,0.0000,0.0000,0.0000,0.0000,0.0000,0.0000,0.0000,0.0000,0.0000,0.0000,0.0000,0.0000,0.0000,0.0000,0.0000,0.0000,0.0000,0.0000,0.0000,0.0000,0.0000,0.0000,0.0000,0.0000,0.0000,0.0000,0.0000,0.0000,0.0000,0.0000,238.9245,262.2004,271.4723,287.1745,301.3485,293.1964,329.9503,327.5628,323.2898,313.1847,335.9435,415.8877,400.3622,394.4025,382.7120,430.7521,420.6847,442.0327,445.2422,489.4184,449.5851,454.9565,521.1278,534.5536,561.8898,578.2811,559.1215,548.3069,640.4747,630.8118,640.8083,598.7112,645.2766,667.5804,627.9017,626.3837,680.0657,647.2607,741.7358,756.4749,757.8525,830.5198,865.2064,868.7606,898.6991,913.3743,937.3254,984.8270,986.0111,1096.5975,1063.0778,1033.8932,1121.4991,1118.0336,1106.3300,1060.5206,1091.4984,1122.7972,1142.1899,1118.8148,1107.4875,1071.0199,1087.0127,1054.6482,1046.6576,1061.9836,1110.6826,1148.4417,1190.7150,1233.4760,1185.7252,1203.6882,1165.6433,1152.8752,1256.0808,1183.9109,1162.1232,1237.8920,1226.2858,1242.2820,1259.6600,1208.2562,1235.1345,1321.9094,1311.0735,1309.7369,1334.7872,1371.8567,1407.2424,1416.5183,1365.3219,1319.5095,1308.8721,1319.6503,1294.9913,1351.2028,1359.1272,1348.6309,1411.4379,1482.8040,1464.5294,1469.8552,1496.3964,1487.5042,1538.9081,1523.4276,1569.3750,1551.1476,1521.4104,1496.7443,1498.5370,1441.2495,1444.7561,1448.4812,1497.4670,1526.7970,1520.8864,1510.0953,1528.4844,1539.8231,1514.3591,1434.7252,1486.6433,1524.9031,1545.4958,1596.5809,1608.1217,1571.0923,1644.8004,1602.7471,1570.2931,1619.2379,1572.3802,1635.4954,1685.6552,1685.7454,1650.6558,1625.6526,1601.9508,1573.1888,1628.6405,1529.2374,1593.8992,1615.2250,1637.5908,1649.9700,1627.5090,1569.0667,1585.6342,1592.1293,1558.9531,1563.5780,1556.5350,1572.5356,1525.1204,1624.9115,1659.3461,1529.2227,1576.5823,1550.7778,1542.2953,1579.8003,1534.3760,1515.3146,1569.0359,1496.7355,1473.6392,1432.7466,1324.2957,1372.6777,1331.0002,1361.9000,1341.3752,1331.8982,1369.7250,1308.4497,1355.5353,1301.8652,1311.9617,1328.8735,1349.3024,1315.7784,1301.7153,1306.2462,1243.8557,1301.0272,1283.6702,1183.0692,1155.1215,1151.7205,1158.9833,1155.0155,1152.4885,1140.3168,1114.5308,1049.5946,975.0711,957.6595,872.7303,875.1568,840.0156,825.9095,756.6378,699.3292,685.3211,728.3964,675.5100,671.2915,616.5054,629.5699,610.6925,625.3463,657.7994,593.3755,553.6815,641.5160,589.2844,603.4483,603.7350,504.6586,568.1869,570.9810,533.6025,496.8357,502.5868,458.5600,514.4517,503.5218,434.4274,448.4848,418.6013,398.4809,387.9467,365.2601,379.4764,368.4973,336.6620,343.8657,279.1367,273.4917,236.5000,241.6706,253.5371,234.3911,220.7611,182.8386,204.9707,198.0733,0.0000,0.0000,0.0000,0.0000,0.0000,0.0000,0.0000,0.0000,0.0000,0.0000,0.0000,0.0000,0.0000,0.0000,0.0000,0.0000,0.0000,0.0000,0.0000,0.0000,0.0000,0.0000,0.0000,0.0000,0.0000,0.0000,0.0000,0.0000,0.0000,0.0000,0.0000,0.0000,0.0000,0.0000,0.0000,0.0000,0.0000,0.0000,0.0000,0.0000,0.0000,0.0000,0.0000,0.0000,0.0000,0.0000,0.0000,0.0000,0.0000,0.0000,0.0000,0.0000,0.0000,0.0000,0.0000,0.0000,0.0000,0.0000,0.0000,0.0000,0.0000,0.0000,0.0000,0.0000,0.0000,0.0000,0.0000,0.0000,0.0000,0.0000,0.0000,0.0000,0.0000,0.0000,0.0000,0.0000
0.0000,0.0000,0.0000,0.0000,0.0000,0.0000,0.0000,0.0000,0.0000,0.0000,0.0000,0.0000,0.0000,0.0000,0.0000,0.0000,0.0000,0.0000,0.0000,0.0000,0.0000,0.0000,0.0000,0.0000,0.0000,0.0000,0.0000,0.0000,0.0000,0.0000,0.0000,0.0000,0.0000,0.0000,0.0000,0.0000,0.0000,0.0000,0.0000,0.0000,0.0000,0.0000,0.0000,0.0000,0.0000,0.0000,0.0000,0.0000,0.0000,0.0000,0.0000,0.0000,0.0000,0.0000,0.0000,0.0000,0.0000,0.0000,0.0000,0.0000,0.0000,0.0000,0.0000,0.0000,0.0000,0.0000,0.0000,0.0000,0.0000,0.0000,0.0000,0.0000,0.0000,0.0000,0.0000,0.0000,0.0000,270.4803,238.0197,271.9792,262.6469,301.9072,268.2588,304.8043,311.8390,339.2723,317.8907,309.1424,320.1807,317.5789,396.9930,394.3086,407.9520,424.2322,455.2634,452.6406,480.2657,508.5174,465.4806,532.1393,474.3214,549.6886,567.5853,576.0518,556.0660,566.0316,589.7253,582.7284,572.7639,576.7469,575.9065,658.1976,668.9284,662.9828,686.9496,733.4924,765.8082,822.6855,828.6119,827.9829,902.9562,883.0494,947.3512,915.7177,971.9649,1035.7976,1032.0010,1088.3698,1007.9114,1064.2288,1071.3572,1120.8220,1118.6792,1204.7234,1138.1644,1119.2583,1107.3053,1121.1230,1078.2327,1049.7909,1095.1582,1125.9382,1094.9391,1073.1666,1098.0510,1144.7892,1145.5311,1161.3190,1203.8051,1190.8741,1219.9099,1188.9827,1219.8448,1165.3108,1132.3818,1159.3912,1225.1929,1235.2592,1224.8673,1190.0371,1273.6896,1333.9984,1335.1498,1349.1578,1285.7216,1358.4122,1342.3528,1332.9863,1337.6404,1357.8008,1343.7806,1328.0117,1378.8485,1310.8719,1315.4365,1309.1145,1379.2106,1422.0913,1475.0454,1447.4934,1487.2661,1485.6169,1534.8915,1471.1357,1464.6906,1427.8125,1406.8779,1465.4182,1441.7448,1395.0632,1410.2098,1408.4031,1454.6526,1489.2092,1415.9243,1475.9868,1435.1244,1516.0887,1569.1663,1542.9601,1516.8156,1580.6647,1556.9606,1553.4773,1625.3928,1542.6105,1616.7170,1669.9188,1674.1482,1661.0767,1612.2970,1633.9867,1611.8345,1639.3115,1624.9664,1527.4314,1535.6906,1579.8694,1574.0354,1547.4049,1567.0127,1523.4939,1582.2773,1619.2770,1556.3315,1594.2913,1611.8995,1623.3241,1673.5164,1562.1221,1544.3474,1606.4053,1575.7502,1598.8359,1634.7723,1532.5076,1582.0428,1602.5931,1571.1639,1513.8158,1486.1040,1427.3376,1401.2207,1413.7000,1324.9493,1348.7292,1354.7501,1373.4464,1382.9960,1291.7507,1250.5017,1271.6860,1269.4393,1333.0220,1317.0201,1328.9683,1331.8784,1243.0231,1303.2385,1253.1028,1181.1169,1225.4949,1145.3314,1232.7815,1204.4276,1130.7382,1078.6476,1068.6500,1071.3312,1061.9095,1038.3746,938.1697,938.8506,862.2056,882.7446,831.2160,777.7158,797.1256,758.6066,736.1734,735.8390,646.8055,665.2126,686.9535,611.7031,627.0151,639.9211,566.1087,625.5701,625.7956,568.5408,618.9313,575.8608,566.4144,591.9377,561.8975,557.3088,586.0254,543.1669,538.1851,474.0627,424.2342,455.4383,414.8594,433.3135,408.8813,424.2958,351.9460,382.1885,345.6957,290.7946,305.3777,275.4503,275.3364,309.2821,273.9874,224.6012,220.7920,242.5558,164.6271,215.6957,224.7744,217.4545,0.0000,0.0000,0.0000,0.0000,0.0000,0.0000,0.0000,0.0000,0.0000,0.0000,0.0000,0.0000,0.0000,0.0000,0.0000,0.0000,0.0000,0.0000,0.0000,0.0000,0.0000,0.0000,0.0000,0.0000,0.0000,0.0000,0.0000,0.0000,0.0000,0.0000,0.0000,0.0000,0.0000,0.0000,0.0000,0.0000,0.0000,0.0000,0.0000,0.0000,0.0000,0.0000,0.0000,0.0000,0.0000,0.0000,0.0000,0.0000,0.0000,0.0000,0.0000,0.0000,0.0000,0.0000,0.0000,0.0000,0.0000,0.0000,0.0000,0.0000,0.0000,0.0000,0.0000,0.0000,0.0000,0.0000,0.0000,0.0000,0.0000,0.0000,0.0000,0.0000,0.0000,0.0000,0.0000,0.0000,0.0000
0.0000,0.0000,0.0000,0.0000,0.0000,0.0000,0.0000,0.0000,0.0000,0.0000,0.0000,0.0000,0.0000,0.0000,0.0000,0.0000,0.0000,0.0000,0.0000,0.0000,0.0000,0.0000,0.0000,0.0000,0.0000,0.0000,0.0000,0.0000,0.0000,0.0000,0.0000,0.0000,0.0000,0.0000,0.0000,0.0000,0.0000,0.0000,0.0000,0.0000,0.0000,0.0000,0.0000,0.0000,0.0000,0.0000,0.0000,0.0000,0.0000,0.0000,0.0000,0.0000,0.0000,0.0000,0.0000,0.0000,0.0000,0.0000,0.0000,0.0000,0.0000,0.0000,0.0000,0.0000,0.0000,0.0000,0.0000,0.0000,0.0000,0.0000,0.0000,0.0000,0.0000,0.0000,0.0000,0.0000,0.0000,0.0000,277.4148,277.2867,281.7356,288.5614,324.5096,295.9995,325.4779,297.2271,320.8188,361.0740,357.0298,396.3254,356.4118,382.0245,390.5861,379.2735,455.3662,448.9148,402.6816,522.4694,444.0085,517.9380,474.5950,466.9893,540.4258,579.9661,540.7603,578.3519,585.8371,579.6141,616.7985,599.8150,586.5563,637.3600,607.1033,635.9553,720.2929,705.5045,716.2134,757.2586,820.1668,847.1599,862.3362,834.7604,942.8118,981.3297,979.6873,950.9182,1002.9226,1070.0815,1031.3295,1062.2048,1090.4921,1044.5210,1076.1832,1134.4484,1147.9985,1093.2415,1065.0403,1060.2804,1100.7072,1049.2147,1023.9587,1076.2578,1068.7781,1017.9236,1106.7052,1124.1495,1117.0834,1117.4973,1142.8892,1189.8260,1170.0579,1111.2692,1118.2510,1154.8877,1187.4681,1185.3655,1198.3665,1217.5385,1239.2252,1229.3872,1261.3423,1262.9670,1295.7574,1311.6747,1297.8822,1339.3169,1314.6346,1327.3119,1343.7073,1324.1102,1331.9883,1296.9445,1276.6479,1316.4902,1326.8524,1319.2544,1359.4730,1382.0349,1390.9498,1480.8940,1435.3684,1456.6918,1445.3137,1472.4128,1550.3049,1459.5104,1403.4520,1478.4824,1425.9764,1421.2765,1430.5322,1375.1881,1485.2854,1478.9380,1429.9144,1479.7528,1427.0085,1464.8464,1496.2184,1541.6824,1481.9420,1449.0692,1471.3309,1544.9321,1592.1814,1645.9104,1622.3748,1590.4761,1599.2288,1569.6055,1624.3169,1543.8812,1547.4794,1563.5844,1673.1147,1563.6520,1466.5078,1555.8109,1476.9684,1528.7032,1571.9498,1541.3640,1565.5096,1535.9595,1637.1296,1675.1086,1589.1252,1601.3684,1539.7072,1533.5612,1592.1980,1588.1511,1597.1858,1615.0571,1593.5679,1551.3225,1516.3562,1457.9670,1502.8947,1449.0710,1466.9602,1488.8799,1419.3705,1332.0414,1382.6417,1343.5970,1317.2109,1362.3789,1263.2100,1340.4326,1300.1252,1219.4673,1252.1820,1295.3267,1293.4459,1326.9089,1276.2155,1201.8265,1167.4131,1231.4214,1239.0359,1192.5723,1171.4480,1139.6980,1127.7593,1080.7426,1054.1045,1007.0046,995.7333,994.6606,967.7960,942.7706,848.5214,803.8060,863.6840,802.1232,758.2943,750.6889,701.7469,672.1527,724.2988,676.8950,665.9039,633.7540,604.5475,646.5585,635.8100,628.9133,585.8245,551.2542,614.7306,576.2617,587.9796,611.5632,551.5223,539.4081,549.6147,541.8495,539.4545,480.4310,504.2926,482.9156,469.7831,405.1705,412.5788,393.3199,391.4986,373.7458,328.4443,338.6227,281.8932,276.3225,315.6703,289.6157,282.4077,255.4247,257.7428,215.6171,179.5553,171.1901,197.7229,174.4046,0.0000,0.0000,0.0000,0.0000,0.0000,0.0000,0.0000,0.0000,0.0000,0.0000,0.0000,0.0000,0.0000,0.0000,0.0000,0.0000,0.0000,0.0000,0.0000,0.0000,0.0000,0.0000,0.0000,0.0000,0.0000,0.0000,0.0000,0.0000,0.0000,0.0000,0.0000,0.0000,0.0000,0.0000,0.0000,0.0000,0.0000,0.0000,0.0000,0.0000,0.0000,0.0000,0.0000,0.0000,0.0000,0.0000,0.0000,0.0000,0.0000,0.0000,0.0000,0.0000,0.0000,0.0000,0.0000,0.0000,0.0000,0.0000,0.0000,0.0000,0.0000,0.0000,0.0000,0.0000,0.0000,0.0000,0.0000,0.0000,0.0000,0.0000,0.0000,0.0000,0.0000,0.0000,0.0000,0.0000,0.0000,0.0000
0.0000,0.0000,0.0000,0.0000,0.0000,0.0000,0.0000,0.0000,0.0000,0.0000,0.0000,0.0000,0.0000,0.0000,0.0000,0.0000,0.0000,0.0000,0.0000,0.0000,0.0000,0.0000,0.0000,0.0000,0.0000,0.0000,0.0000,0.0000,0.0000,0.0000,0.0000,0.0000,0.0000,0.0000,0.0000,0.0000,0.0000,0.0000,0.0000,0.0000,0.0000,0.0000,0.0000,0.0000,0.0000,0.0000,0.0000,0.0000,0.0000,0.0000,0.0000,0.0000,0.0000,0.0000,0.0000,0.0000,0.0000,0.0000,0.0000,0.0000,0.0000,0.0000,0.0000,0.0000,0.0000,0.0000,0.0000,0.0000,0.0000,0.0000,0.0000,0.0000,0.0000,0.0000,0.0000,0.0000,0.0000,0.0000,0.0000,246.2248,275.9762,300.0977,254.2700,295.9608,288.9099,308.4889,312.3925,329.8546,368.2349,335.2115,318.8089,328.5993,383.8255,408.9623,420.3979,416.5999,468.4330,453.9400,455.5383,496.1611,512.6815,471.7757,476.9358,504.5929,510.4874,523.2182,560.5750,581.1933,581.0392,558.6552,574.8402,537.9205,583.2670,593.7065,593.0782,653.8380,769.7756,735.2887,755.9911,795.3077,771.5214,847.4719,920.5073,951.4775,996.9885,970.1853,1009.5656,1000.3606,1014.6213,1015.8215,1063.2906,1025.5149,1098.5809,1051.9032,1126.9180,1150.0072,1091.6667,1071.3013,1088.0156,1034.8938,1090.1700,1051.0392,1072.5043,1103.4523,1147.2506,1177.9861,1138.1420,1081.0591,1133.5570,1154.0157,1116.5391,1214.4363,1129.4519,1156.9634,1232.2834,1187.9200,1161.7107,1204.2366,1129.5928,1192.8888,1255.3743,1304.0110,1232.1198,1253.7003,1289.3501,1368.4296,1359.7253,1295.7469,1272.5356,1338.6592,1345.0511,1341.8033,1335.2689,1356.9926,1339.6958,1381.2953,1362.7457,1322.7584,1329.1924,1343.2975,1386.3190,1459.7343,1452.2791,1423.5244,1466.4535,1381.8179,1405.6945,1439.6001,1419.4933,1406.7434,1388.1047,1396.5393,1407.5988,1420.0854,1385.5579,1474.7347,1440.3655,1430.6559,1443.2487,1459.2294,1531.2299,1495.5157,1524.8748,1528.6340,1528.6656,1579.3547,1524.1115,1516.2848,1545.9309,1498.0576,1561.1729,1583.3435,1583.6279,1526.6586,1541.2615,1514.6206,1547.2429,1507.0322,1479.2115,1504.8573,1510.5891,1561.2733,1605.9277,1589.3357,1593.0564,1612.6405,1639.5656,1605.3511,1587.5370,1583.6881,1635.5409,1624.8278,1589.0518,1624.0730,1500.6954,1514.4813,1431.5664,1444.6171,1486.5250,1371.8081,1408.2084,1434.6997,1375.0038,1325.9081,1326.5281,1271.1892,1341.5664,1380.6946,1328.0283,1330.1550,1235.4380,1259.7784,1233.5048,1239.1393,1231.4008,1249.1154,1155.5649,1267.3092,1216.8000,1204.8622,1190.9250,1173.5206,1160.4214,1108.7448,1027.3600,973.4359,978.1758,966.4821,1012.0559,951.3840,881.5582,868.8553,764.0498,775.5360,787.1339,703.0424,729.3024,733.3644,736.7382,678.7889,709.6126,667.0126,615.7011,653.6490,632.1949,605.2414,614.9053,641.4595,567.3288,613.3513,634.9651,598.3699,582.4385,538.1749,529.6493,600.2778,515.0107,495.3376,504.5957,449.2025,483.1736,447.0635,398.9314,419.6019,377.1779,335.9240,334.8974,313.2395,295.1595,288.8289,292.0190,253.1206,271.5069,268.1857,266.8298,225.8785,242.8539,214.5621,229.0606,173.8007,164.0401,0.0000,0.0000,0.0000,0.0000,0.0000,0.0000,0.0000,0.0000,0.0000,0.0000,0.0000,0.0000,0.0000,0.0000,0.0000,0.0000,0.0000,0.0000,0.0000,0.0000,0.0000,0.0000,0.0000,0.0000,0.0000,0.0000,0.0000,0.0000,0.0000,0.0000,0.0000,0.0000,0.0000,0.0000,0.0000,0.0000,0.0000,0.0000,0.0000,0.0000,0.0000,0.0000,0.0000,0.0000,0.0000,0.0000,0.0000,0.0000,0.0000,0.0000,0.0000,0.0000,0.0000,0.0000,0.0000,0.0000,0.0000,0.0000,0.0000,0.0000,0.0000,0.0000,0.0000,0.0000,0.0000,0.0000,0.0000,0.0000,0.0000,0.0000,0.0000,0.0000,0.0000,0.0000,0.0000,0.0000,0.0000,0.0000,0.0000
0.0000,0.0000,0.0000,0.0000,0.0000,0.0000,0.0000,0.0000,0.0000,0.0000,0.0000,0.0000,0.0000,0.0000,0.0000,0.0000,0.0000,0.0000,0.0000,0.0000,0.0000,0.0000,0.0000,0.0000,0.0000,0.0000,0.0000,0.0000,0.0000,0.0000,0.0000,0.0000,0.0000,0.0000,0.0000,0.0000,0.0000,0.0000,0.0000,0.0000,0.0000,0.0000,0.0000,0.0000,0.0000,0.0000,0.0000,0.0000,0.0000,0.0000,0.0000,0.0000,0.0000,0.0000,0.0000,0.0000,0.0000,0.0000,0.0000,0.0000,0.0000,0.0000,0.0000,0.0000,0.0000,0.0000,0.0000,0.0000,0.0000,0.0000,0.0000,0.0000,0.0000,0.0000,0.0000,0.0000,0.0000,0.0000,0.0000,0.0000,282.0540,273.5909,278.3057,321.5580,354.2680,356.3568,311.3436,300.0168,329.8900,343.0267,367.8340,397.2988,353.1546,386.1432,453.2635,397.1810,501.5511,437.3096,483.3339,474.6424,502.5462,535.4765,467.3416,487.2249,557.7980,506.9138,540.7650,566.7347,497.9106,525.5947,576.8869,545.1282,561.7783,564.8667,620.5548,592.3885,680.1450,693.9214,710.7019,729.4101,770.7578,829.9215,876.3742,939.4070,975.1859,928.8582,975.0734,952.1696,997.5974,985.9897,981.2585,1045.5901,1053.6421,1054.3785,1127.0697,1091.2592,1121.0264,1063.3451,1062.3754,1045.4279,1050.2623,1056.6685,1104.9065,1139.3844,1076.7185,1125.2990,1085.4106,1093.4835,1176.4524,1181.3866,1133.6868,1191.9342,1150.2408,1163.3783,1174.3824,1194.0629,1144.1617,1165.2029,1174.4419,1130.7008,1142.8073,1246.5713,1239.4757,1261.8064,1210.6423,1217.1014,1258.9242,1312.5391,1268.3983,1319.3579,1353.4896,1350.9551,1433.8575,1370.3402,1369.3191,1312.7783,1324.9481,1384.2402,1379.4613,1309.1294,1372.1967,1425.4392,1402.8384,1414.7087,1381.5934,1339.0850,1369.3693,1405.3334,1427.0730,1420.5345,1363.4285,1371.7798,1417.8430,1414.6652,1461.0111,1436.9624,1459.7158,1529.2574,1476.4973,1478.9127,1453.5037,1427.5419,1459.0538,1458.4908,1469.0369,1513.1031,1475.9896,1550.5165,1545.3676,1512.3309,1521.0188,1518.2535,1512.2726,1535.7498,1454.0519,1503.9929,1538.5723,1509.1733,1537.0275,1542.3762,1516.5006,1544.4501,1519.0107,1546.2434,1639.0240,1624.2250,1623.7344,1657.9501,1561.3346,1630.0297,1608.8308,1523.1346,1547.5417,1569.3445,1505.0969,1462.8579,1399.4709,1432.0759,1472.4393,1345.2535,1356.1133,1319.5604,1319.3505,1327.2208,1302.4142,1321.2198,1340.3778,1336.7903,1305.7916,1280.4509,1235.3027,1204.3588,1141.3232,1202.8888,1219.6151,1158.7351,1190.3976,1133.8986,1172.8617,1174.4773,1172.5989,1071.1948,1063.3966,1034.1282,999.4994,937.0980,946.2574,924.5532,937.8333,918.9481,846.8886,718.3428,736.1960,784.2536,799.1517,712.6785,704.0586,676.2768,687.1119,690.7385,628.3602,650.2425,605.3719,643.8312,668.5776,566.4009,662.5729,606.2308,601.4233,598.0987,612.3978,599.9326,543.2375,536.9385,518.7763,585.0255,499.5450,514.2106,515.5615,505.6896,427.1889,444.3142,405.3907,414.3220,378.4581,349.8314,345.6767,254.0682,258.1901,206.4306,306.3767,273.1306,285.5792,271.3327,269.5670,269.4326,221.4175,202.4454,187.1033,182.0231,0.0000,0.0000,0.0000,0.0000,0.0000,0.0000,0.0000,0.0000,0.0000,0.0000,0.0000,0.0000,0.0000,0.0000,0.0000,0.0000,0.0000,0.0000,0.0000,0.0000,0.0000,0.0000,0.0000,0.0000,0.0000,0.0000,0.0000,0.0000,0.0000,0.0000,0.0000,0.0000,0.0000,0.0000,0.0000,0.0000,0.0000,0.0000,0.0000,0.0000,0.0000,0.0000,0.0000,0.0000,0.0000,0.0000,0.0000,0.0000,0.0000,0.0000,0.0000,0.0000,0.0000,0.0000,0.0000,0.0000,0.0000,0.0000,0.0000,0.0000,0.0000,0.0000,0.0000,0.0000,0.0000,0.0000,0.0000,0.0000,0.0000,0.0000,0.0000,0.0000,0.0000,0.0000,0.0000,0.0000,0.0000,0.0000,0.0000,0.0000
0.0000,0.0000,0.0000,0.0000,0.0000,0.0000,0.0000,0.0000,0.0000,0.0000,0.0000,0.0000,0.0000,0.0000,0.0000,0.0000,0.0000,0.0000,0.0000,0.0000,0.0000,0.0000,0.0000,0.0000,0.0000,0.0000,0.0000,0.0000,0.0000,0.0000,0.0000,0.0000,0.0000,0.0000,0.0000,0.0000,0.0000,0.0000,0.0000,0.0000,0.0000,0.0000,0.0000,0.0000,0.0000,0.0000,0.0000,0.0000,0.0000,0.0000,0.0000,0.0000,0.0000,0.0000,0.0000,0.0000,0.0000,0.0000,0.0000,0.0000,0.0000,0.0000,0.0000,0.0000,0.0000,0.0000,0.0000,0.0000,0.0000,0.0000,0.0000,0.0000,0.0000,0.0000,0.0000,0.0000,0.0000,0.0000,0.0000,0.0000,0.0000,255.0085,303.2356,254.0837,284.2431,308.1445,319.0696,342.6595,355.3358,339.6780,312.8618,352.8345,377.8344,353.7757,409.1554,412.1242,407.2409,465.4587,493.2386,465.8698,464.9856,480.5244,519.9832,492.0152,479.6920,483.5686,528.5419,523.9254,511.2010,570.6006,530.4080,508.7354,593.4512,592.2052,566.3278,617.7302,626.3260,667.4041,710.7466,742.7370,772.4503,763.3399,790.8386,848.9546,849.6240,898.5522,895.8097,974.6322,977.2023,941.6782,959.3757,1009.7994,1037.3035,1086.8490,1059.9967,1060.3402,1084.5616,1065.9578,1085.8964,1047.8564,1063.6898,995.4902,1083.7751,1119.7758,1075.9287,1113.0498,1085.5225,1096.3022,1093.9792,1139.6594,1111.2340,1110.3342,1123.7965,1100.3611,1144.8231,1187.7300,1103.9640,1099.0692,1141.8898,1159.4076,1143.7491,1149.2080,1156.9761,1173.2733,1221.2175,1250.1154,1244.2811,1214.2777,1232.5823,1302.6298,1247.7948,1249.8295,1315.0868,1295.3792,1354.2406,1376.4988,1363.3497,1334.7142,1323.9324,1327.1986,1323.3750,1323.3090,1331.4023,1415.1868,1357.9335,1434.3473,1416.0656,1333.1713,1373.0277,1355.4507,1364.8466,1340.2598,1306.8745,1412.9827,1420.5352,1451.2703,1414.9769,1456.9282,1401.7941,1499.5575,1496.8274,1389.7529,1432.3151,1393.2869,1457.8206,1503.3267,1475.4628,1449.1672,1404.7383,1417.6974,1446.5210,1438.4073,1530.4957,1477.4773,1539.1141,1575.2316,1487.3721,1460.4128,1418.1141,1431.3468,1491.0822,1551.8573,1517.1239,1604.7246,1578.6960,1559.0291,1546.0062,1550.0240,1515.7438,1548.8801,1520.5937,1568.8771,1521.2498,1473.2542,1437.3228,1445.7097,1365.0652,1365.2194,1285.2456,1255.9650,1317.7206,1323.7610,1346.4951,1299.7904,1234.4467,1325.9042,1301.8815,1305.7896,1284.4208,1239.2720,1231.0236,1243.7732,1182.0616,1133.5190,1187.5822,1108.7311,1165.3055,1142.2100,1077.0518,1103.1892,1094.0707,1080.1573,1001.1636,930.0486,950.3232,971.2473,927.7626,915.8196,878.1575,827.9457,751.9362,736.7321,762.0350,749.7412,729.3394,731.3988,712.3510,693.9491,688.2482,601.8339,642.0085,668.5779,605.2296,660.7730,654.6538,635.6631,644.3052,614.1786,591.8829,638.9020,590.1851,632.4778,614.3343,580.9753,532.7637,525.3657,497.3978,487.2769,470.8431,485.5903,473.7949,393.2491,405.1696,347.4194,338.3537,301.8163,259.1427,275.3447,288.9501,221.3453,244.6656,262.5051,215.1805,217.4189,212.7973,230.1057,216.1811,193.0014,189.9287,0.0000,0.0000,0.0000,0.0000,0.0000,0.0000,0.0000,0.0000,0.0000,0.0000,0.0000,0.0000,0.0000,0.0000,0.0000,0.0000,0.0000,0.0000,0.0000,0.0000,0.0000,0.0000,0.0000,0.0000,0.0000,0.0000,0.0000,0.0000,0.0000,0.0000,0.0000,0.0000,0.0000,0.0000,0.0000,0.0000,0.0000,0.0000,0.0000,0.0000,0.0000,0.0000,0.0000,0.0000,0.0000,0.0000,0.0000,0.0000,0.0000,0.0000,0.0000,0.0000,0.0000,0.0000,0.0000,0.0000,0.0000,0.0000,0.0000,0.0000,0.0000,0.0000,0.0000,0.0000,0.0000,0.0000,0.0000,0.0000,0.0000,0.0000,0.0000,0.0000,0.0000,0.0000,0.0000,0.0000,0.0000,0.0000,0.0000,0.0000,0.0000
0.0000,0.0000,0.0000,0.0000,0.0000,0.0000,0.0000,0.0000,0.0000,0.0000,0.0000,0.0000,0.0000,0.0000,0.0000,0.0000,0.0000,0.0000,0.0000,0.0000,0.0000,0.0000,0.0000,0.0000,0.0000,0.0000,0.0000,0.0000,0.0000,0.0000,0.0000,0.0000,0.0000,0.0000,0.0000,0.0000,0.0000,0.0000,0.0000,0.0000,0.0000,0.0000,0.0000,0.0000,0.0000,0.0000,0.0000,0.0000,0.0000,0.0000,0.0000,0.0000,0.0000,0.0000,0.0000,0.0000,0.0000,0.0000,0.0000,0.0000,0.0000,0.0000,0.0000,0.0000,0.0000,0.0000,0.0000,0.0000,0.0000,0.0000,0.0000,0.0000,0.0000,0.0000,0.0000,0.0000,0.0000,0.0000,0.0000,0.0000,0.0000,0.0000,251.9232,269.9234,257.6238,263.1383,334.8276,330.6056,267.5530,319.7625,320.2653,311.5266,349.6811,336.7677,374.8901,420.9629,417.8407,443.8558,444.7587,509.8805,507.8307,476.5376,448.5826,491.2186,532.4619,535.3392,504.3341,514.1617,530.1879,527.0263,517.6913,535.1619,480.2628,519.4202,541.0007,588.4608,575.6329,639.6001,638.4354,692.3580,702.2734,754.3160,776.6019,794.4268,819.2236,855.1324,910.8908,886.6796,921.1160,911.3659,956.4133,988.8324,985.5058,1045.0170,980.6825,1046.6252,1089.9197,1037.8970,1010.9495,1032.1707,1034.6802,1037.8813,1035.8538,1082.5365,1083.7068,1089.8900,1103.7916,1104.1289,1077.3239,1076.6274,1103.3684,1044.4012,1119.8951,1070.1007,1084.9364,1140.3599,1119.1140,1093.6530,1140.5798,1058.8240,1129.2917,1208.8990,1149.3655,1165.4943,1237.3481,1201.2085,1196.7572,1263.1334,1209.1796,1214.7611,1261.2565,1308.5973,1292.5094,1298.3262,1372.0511,1342.1555,1426.3346,1349.7986,1286.1627,1287.4196,1281.3403,1296.4707,1356.9755,1331.0054,1341.8895,1418.9360,1373.1838,1333.2218,1311.1290,1291.7070,1360.4800,1368.5934,1346.2296,1347.6764,1366.3453,1367.0446,1455.0762,1459.5967,1437.0280,1455.1935,1469.1720,1454.8735,1442.1205,1399.6045,1392.6256,1342.1781,1369.6257,1386.6030,1382.6434,1396.3309,1317.8071,1431.7356,1487.1261,1461.5924,1467.1658,1508.1370,1480.3979,1459.9731,1486.5579,1408.9955,1451.8668,1502.7426,1479.7570,1515.6492,1538.3887,1507.6036,1520.8282,1525.8832,1528.3845,1505.6857,1466.8141,1514.6818,1444.4912,1469.4738,1419.1312,1336.0048,1349.3015,1305.1053,1289.2804,1345.4495,1240.4084,1269.5082,1334.7637,1279.8555,1201.7474,1160.9270,1221.4147,1233.7365,1244.4443,1182.4750,1188.3496,1168.2975,1151.0778,1078.1228,1055.7760,1004.0458,1092.9271,1171.9847,1083.3120,1026.4158,987.6468,964.6164,971.0884,917.7318,922.8575,877.7154,857.1852,855.8385,808.9999,829.3347,697.4577,705.0903,684.7042,717.9504,687.8113,661.4860,618.3478,650.5038,661.9994,594.3747,653.2699,641.6742,625.7612,610.5060,602.6362,594.0317,603.8766,594.0597,607.6084,591.8827,599.7381,539.7517,532.1091,539.4427,536.0447,488.9128,474.4123,484.5410,453.1344,458.4145,363.2380,357.3177,348.1115,348.9625,333.8613,289.9086,245.5927,228.3449,213.4816,177.7979,216.5071,207.1749,184.2934,185.9541,191.8677,168.6751,160.2316,121.8749,0.0000,0.0000,0.0000,0.0000,0.0000,0.0000,0.0000,0.0000,0.0000,0.0000,0.0000,0.0000,0.0000,0.0000,0.0000,0.0000,0.0000,0.0000,0.0000,0.0000,0.0000,0.0000,0.0000,0.0000,0.0000,0.0000,0.0000,0.0000,0.0000,0.0000,0.0000,0.0000,0.0000,0.0000,0.0000,0.0000,0.0000,0.0000,0.0000,0.0000,0.0000,0.0000,0.0000,0.0000,0.0000,0.0000,0.0000,0.0000,0.0000,0.0000,0.0000,0.0000,0.0000,0.0000,0.0000,0.0000,0.0000,0.0000,0.0000,0.0000,0.0000,0.0000,0.0000,0.0000,0.0000,0.0000,0.0000,0.0000,0.0000,0.0000,0.0000,0.0000,0.0000,0.0000,0.0000,0.0000,0.0000,0.0000,0.0000,0.0000,0.0000,0.0000
0.0000,0.0000,0.0000,0.0000,0.0000,0.0000,0.0000,0.0000,0.0000,0.0000,0.0000,0.0000,0.0000,0.0000,0.0000,0.0000,0.0000,0.0000,0.0000,0.0000,0.0000,0.0000,0.0000,0.0000,0.0000,0.0000,0.0000,0.0000,0.0000,0.0000,0.0000,0.0000,0.0000,0.0000,0.0000,0.0000,0.0000,0.0000,0.0000,0.0000,0.0000,0.0000,0.0000,0.0000,0.0000,0.0000,0.0000,0.0000,0.0000,0.0000,0.0000,0.0000,0.0000,0.0000,0.0000,0.0000,0.0000,0.0000,0.0000,0.0000,0.0000,0.0000,0.0000,0.0000,0.0000,0.0000,0.0000,0.0000,0.0000,0.0000,0.0000,0.0000,0.0000,0.0000,0.0000,0.0000,0.0000,0.0000,0.0000,0.0000,0.0000,0.0000,0.0000,0.0000,314.3070,306.6414,365.4016,333.2255,269.8161,317.6675,319.1902,328.0112,342.0015,350.6300,364.0141,449.6234,456.4615,459.5666,470.6455,407.9603,467.0404,461.3496,486.6424,482.3744,515.4702,519.5861,464.6197,519.7867,502.1399,502.8690,452.1590,541.1813,526.2533,566.8284,568.2276,535.8821,623.7961,620.7790,637.7801,656.6753,663.6245,707.6684,730.3356,739.8624,760.0078,823.8336,862.0179,865.6705,907.0144,955.8118,923.6678,1000.1807,1027.8839,982.6570,999.9878,1005.3107,985.7809,990.6521,1048.1605,979.2556,972.0634,991.2982,1015.8293,1091.3909,1059.9901,993.4739,1042.9988,991.3624,1042.7565,1093.2302,1033.7053,1147.8749,1138.7587,1109.1740,1026.6305,1051.3546,1038.6674,1079.1697,1104.0610,1086.7334,1117.7021,1103.5157,1201.5385,1199.8015,1173.6139,1122.4222,1187.5022,1178.4871,1243.6975,1208.8606,1218.1544,1255.6749,1247.3693,1341.6178,1371.1461,1275.9041,1351.6498,1336.8379,1307.2656,1353.6252,1271.3488,1338.5854,1346.8976,1297.4117,1325.0710,1314.9016,1288.4229,1284.2831,1302.3885,1312.1925,1302.2717,1305.1665,1302.4667,1270.0004,1337.7292,1292.1659,1309.7015,1395.5406,1403.8474,1386.9241,1413.3536,1392.8621,1320.7081,1380.4929,1334.6362,1281.5951,1362.2737,1396.7974,1408.5731,1448.9901,1385.3490,1325.5981,1414.8689,1418.0275,1418.4711,1442.9020,1489.5706,1483.6434,1511.1962,1492.4788,1454.6455,1425.3734,1403.1177,1460.1638,1477.2029,1437.9972,1474.5496,1423.0955,1491.8807,1467.5264,1444.4200,1417.0427,1302.8700,1441.8999,1397.3676,1321.7463,1333.7704,1284.2036,1232.8790,1346.1521,1250.5692,1216.2898,1188.0160,1228.8822,1198.7466,1218.6440,1158.3721,1238.9771,1243.2175,1191.3245,1189.6488,1145.6516,1106.9042,1081.7922,1118.5072,1136.4745,1063.4095,1053.2317,1022.1662,971.6365,984.3931,896.2605,908.0955,882.1545,831.4482,854.8535,891.4572,883.4912,772.8214,708.9442,732.3053,631.7642,686.3233,693.0319,645.2841,680.6176,633.7263,665.9366,619.4506,636.1559,611.7104,588.4786,565.4620,606.1442,613.4737,617.9952,609.7540,548.8883,601.7980,587.3506,612.4653,548.8698,502.5466,554.2908,529.9299,539.6477,462.5375,498.7358,431.7091,453.6421,448.5775,389.3573,294.7389,313.3286,266.2920,280.8557,234.5514,188.9496,240.8279,163.9131,170.2371,161.1790,178.8319,156.5214,155.6759,151.7555,0.0000,0.0000,0.0000,0.0000,0.0000,0.0000,0.0000,0.0000,0.0000,0.0000,0.0000,0.0000,0.0000,0.0000,0.0000,0.0000,0.0000,0.0000,0.0000,0.0000,0.0000,0.0000,0.0000,0.0000,0.0000,0.0000,0.0000,0.0000,0.0000,0.0000,0.0000,0.0000,0.0000,0.0000,0.0000,0.0000,0.0000,0.0000,0.0000,0.0000,0.0000,0.0000,0.0000,0.0000,0.0000,0.0000,0.0000,0.0000,0.0000,0.0000,0.0000,0.0000,0.0000,0.0000,0.0000,0.0000,0.0000,0.0000,0.0000,0.0000,0.0000,0.0000,0.0000,0.0000,0.0000,0.0000,0.0000,0.0000,0.0000,0.0000,0.0000,0.0000,0.0000,0.0000,0.0000,0.0000,0.0000,0.0000,0.0000,0.0000,0.0000,0.0000,0.0000,0.0000
0.0000,0.0000,0.0000,0.0000,0.0000,0.0000,0.0000,0.0000,0.0000,0.0000,0.0000,0.0000,0.0000,0.0000,0.0000,0.0000,0.0000,0.0000,0.0000,0.0000,0.0000,0.0000,0.0000,0.0000,0.0000,0.0000,0.0000,0.0000,0.0000,0.0000,0.0000,0.0000,0.0000,0.0000,0.0000,0.0000,0.0000,0.0000,0.0000,0.0000,0.0000,0.0000,0.0000,0.0000,0.0000,0.0000,0.0000,0.0000,0.0000,0.0000,0.0000,0.0000,0.0000,0.0000,0.0000,0.0000,0.0000,0.0000,0.0000,0.0000,0.0000,0.0000,0.0000,0.0000,0.0000,0.0000,0.0000,0.0000,0.0000,0.0000,0.0000,0.0000,0.0000,0.0000,0.0000,0.0000,0.0000,0.0000,0.0000,0.0000,0.0000,0.0000,0.0000,0.0000,0.0000,296.4878,348.4647,317.3345,336.9375,336.9954,299.7909,295.8759,329.2025,361.7140,352.1314,348.7827,400.6920,398.0151,441.3459,427.4236,485.0661,452.2212,455.2077,475.3541,513.5272,506.8762,457.8547,468.4709,495.3842,501.7442,497.9048,501.7668,511.1377,500.7556,533.8109,534.1902,527.9742,569.4265,652.5432,623.0621,645.0971,709.0485,680.2776,721.0104,754.7332,772.8154,757.7170,817.7015,829.0794,914.5392,938.1796,911.4214,960.2887,928.5579,961.2756,1024.4565,980.3528,994.7082,1024.0140,989.8161,1010.1085,978.4050,1035.6631,1005.2076,1047.8379,1056.6453,1058.1414,1042.6572,1058.2573,1079.6930,1071.4471,1083.1115,1020.4518,1011.3185,1010.4362,1032.6147,1058.7604,1100.7583,1046.3156,1119.7810,1122.6096,1081.3560,1134.0889,1115.8380,1214.7385,1197.7661,1172.4764,1181.9478,1187.7102,1174.8004,1222.7383,1207.0880,1227.4238,1270.8575,1288.0242,1366.7350,1343.7161,1261.2156,1295.7139,1307.5789,1271.7041,1227.2482,1271.7039,1292.7412,1328.2316,1307.2732,1347.5321,1278.9032,1233.4374,1286.7383,1281.2261,1290.0183,1295.6530,1209.2300,1336.0507,1372.4025,1330.5946,1361.0541,1350.0143,1295.2543,1387.1321,1347.8417,1344.1111,1277.2463,1284.6514,1351.6687,1386.5819,1363.4249,1320.5612,1335.8540,1347.4397,1301.9592,1302.3644,1401.0500,1380.0697,1469.0024,1513.3824,1478.7048,1449.2585,1404.1282,1367.1030,1387.6731,1421.9528,1416.1447,1494.0968,1468.4454,1409.6056,1359.3242,1325.6456,1356.4675,1344.5226,1401.6185,1300.7749,1356.1337,1292.3610,1336.9911,1276.8290,1249.3322,1242.7271,1236.2587,1223.2953,1202.1530,1183.8483,1220.0477,1185.3199,1189.5892,1088.6558,1090.0255,1163.9125,1132.3634,1136.8381,1162.8787,1177.3416,1085.7075,1076.2882,1024.0037,1038.4480,1039.9930,982.1223,941.9633,930.2775,873.4526,901.7136,855.4142,831.9694,829.7588,809.3185,769.7689,700.5745,679.2889,655.0750,683.2722,699.9532,675.1183,688.2154,588.7626,675.6855,646.4902,611.9930,615.4848,598.0599,594.8482,621.3012,600.7864,586.0596,566.5659,594.0948,590.4751,569.1422,558.0210,560.9572,553.3550,503.5164,458.7073,446.8538,473.9675,456.7395,449.9600,426.2364,399.2769,364.9208,378.3973,294.0276,272.6953,270.1967,239.2776,200.9617,227.5132,178.9463,201.0018,187.9789,141.5090,160.3665,129.6689,181.9188,0.0000,0.0000,0.0000,0.0000,0.0000,0.0000,0.0000,0.0000,0.0000,0.0000,0.0000,0.0000,0.0000,0.0000,0.0000,0.0000,0.0000,0.0000,0.0000,0.0000,0.0000,0.0000,0.0000,0.0000,0.0000,0.0000,0.0000,0.0000,0.0000,0.0000,0.0000,0.0000,0.0000,0.0000,0.0000,0.0000,0.0000,0.0000,0.0000,0.0000,0.0000,0.0000,0.0000,0.0000,0.0000,0.0000,0.0000,0.0000,0.0000,0.0000,0.0000,0.0000,0.0000,0.0000,0.0000,0.0000,0.0000,0.0000,0.0000,0.0000,0.0000,0.0000,0.0000,0.0000,0.0000,0.0000,0.0000,0.0000,0.0000,0.0000,0.0000,0.0000,0.0000,0.0000,0.0000,0.0000,0.0000,0.0000,0.0000,0.0000,0.0000,0.0000,0.0000,0.0000,0.0000
0.0000,0.0000,0.0000,0.0000,0.0000,0.0000,0.0000,0.0000,0.0000,0.0000,0.0000,0.0000,0.0000,0.0000,0.0000,0.0000,0.0000,0.0000,0.0000,0.0000,0.0000,0.0000,0.0000,0.0000,0.0000,0.0000,0.0000,0.0000,0.0000,0.0000,0.0000,0.0000,0.0000,0.0000,0.0000,0.0000,0.0000,0.0000,0.0000,0.0000,0.0000,0.0000,0.0000,0.0000,0.0000,0.0000,0.0000,0.0000,0.0000,0.0000,0.0000,0.0000,0.0000,0.0000,0.0000,0.0000,0.0000,0.0000,0.0000,0.0000,0.0000,0.0000,0.0000,0.0000,0.0000,0.0000,0.0000,0.0000,0.0000,0.0000,0.0000,0.0000,0.0000,0.0000,0.0000,0.0000,0.0000,0.0000,0.0000,0.0000,0.0000,0.0000,0.0000,0.0000,0.0000,0.0000,311.9148,336.5171,308.1343,318.8325,344.3718,374.7779,329.2606,360.8727,359.0921,366.9501,409.8799,458.3772,440.9883,472.5527,411.6149,466.3391,491.9447,480.5286,487.5098,509.5486,498.6461,487.8893,512.1332,467.0276,467.0032,466.3739,493.8631,473.5874,444.6384,555.6408,527.9228,540.7230,552.4376,566.3992,609.9545,606.4464,611.9418,639.6783,694.1738,736.5330,824.4628,725.7305,777.1406,851.7152,847.4351,848.9283,890.8134,867.6235,949.2333,998.4769,1021.3446,940.8993,935.9707,907.3561,959.1846,981.3322,927.7554,981.5842,987.1531,1021.1924,1051.9801,1071.2867,1012.9383,979.6443,1027.9502,1009.1574,1029.5962,1025.6661,949.4211,1059.1752,1064.5344,1051.7109,1042.8250,1042.1060,1069.0966,1103.6433,1163.9260,1116.1213,1183.2184,1193.3268,1147.1837,1181.6130,1115.5115,1107.6047,1168.5216,1173.1458,1206.6554,1257.4639,1252.4501,1338.5988,1327.2013,1293.1025,1257.6052,1267.9532,1257.7207,1260.7689,1203.9648,1257.7095,1304.9875,1319.0458,1289.6854,1260.1190,1226.3816,1270.3682,1229.1190,1301.6427,1289.0245,1282.0444,1210.9755,1249.1121,1245.1555,1277.3369,1309.4658,1317.4857,1312.8115,1313.8135,1375.8414,1288.7775,1279.8326,1279.8604,1330.6224,1360.5862,1326.5815,1303.8472,1297.8507,1322.8291,1352.8928,1388.7141,1333.3138,1350.7323,1420.3665,1399.2201,1370.0222,1407.2006,1374.1686,1398.6436,1390.0856,1386.3356,1326.0880,1324.3322,1297.4504,1256.0033,1282.4506,1293.1099,1238.4877,1249.7937,1279.1836,1319.0115,1304.0416,1276.1019,1247.6752,1257.2482,1227.3315,1150.7290,1207.8433,1201.3545,1169.7389,1166.1265,1128.4238,1039.0203,1084.1487,992.8640,1087.5752,1116.5376,1101.3887,1156.3007,1137.9124,1059.4608,1059.4575,1019.8302,1017.6897,1033.0598,948.2663,882.3235,879.8396,826.1246,856.6300,801.4576,810.8821,788.2341,788.5681,760.7358,733.3060,680.1127,679.4207,661.1630,718.8929,663.2498,606.8879,592.8724,621.9922,625.0914,597.7344,625.0754,552.0254,617.4968,588.6447,552.9569,589.9544,557.3149,529.6906,538.9312,572.0220,592.0297,517.1833,558.1301,493.6527,518.5457,475.7829,403.8549,406.5772,414.0637,420.4084,409.6065,385.6215,316.9449,307.6395,253.0763,175.8391,228.0956,203.2206,155.8227,170.9277,165.7632,175.3032,179.9536,107.3041,99.4044,0.0000,0.0000,0.0000,0.0000,0.0000,0.0000,0.0000,0.0000,0.0000,0.0000,0.0000,0.0000,0.0000,0.0000,0.0000,0.0000,0.0000,0.0000,0.0000,0.0000,0.0000,0.0000,0.0000,0.0000,0.0000,0.0000,0.0000,0.0000,0.0000,0.0000,0.0000,0.0000,0.0000,0.0000,0.0000,0.0000,0.0000,0.0000,0.0000,0.0000,0.0000,0.0000,0.0000,0.0000,0.0000,0.0000,0.0000,0.0000,0.0000,0.0000,0.0000,0.0000,0.0000,0.0000,0.0000,0.0000,0.0000,0.0000,0.0000,0.0000,0.0000,0.0000,0.0000,0.0000,0.0000,0.0000,0.0000,0.0000,0.0000,0.0000,0.0000,0.0000,0.0000,0.0000,0.0000,0.0000,0.0000,0.0000,0.0000,0.0000,0.0000,0.0000,0.0000,0.0000,0.0000,0.0000
0.0000,0.0000,0.0000,0.0000,0.0000,0.0000,0.0000,0.0000,0.0000,0.0000,0.0000,0.0000,0.0000,0.0000,0.0000,0.0000,0.0000,0.0000,0.0000,0.0000,0.0000,0.0000,0.0000,0.0000,0.0000,0.0000,0.0000,0.0000,0.0000,0.0000,0.0000,0.0000,0.0000,0.0000,0.0000,0.0000,0.0000,0.0000,0.0000,0.0000,0.0000,0.0000,0.0000,0.0000,0.0000,0.0000,0.0000,0.0000,0.0000,0.0000,0.0000,0.0000,0.0000,0.0000,0.0000,0.0000,0.0000,0.0000,0.0000,0.0000,0.0000,0.0000,0.0000,0.0000,0.0000,0.0000,0.0000,0.0000,0.0000,0.0000,0.0000,0.0000,0.0000,0.0000,0.0000,0.0000,0.0000,0.0000,0.0000,0.0000,0.0000,0.0000,0.0000,0.0000,0.0000,0.0000,0.0000,342.1701,304.7607,358.3901,330.4333,306.4792,372.8395,370.4373,357.9722,356.3858,410.8109,387.2691,420.1599,486.2797,426.6313,451.8513,468.1698,517.4677,508.4363,513.6277,477.2832,479.8551,512.0991,465.4377,430.5884,474.4014,492.7586,487.6677,500.0426,532.4659,512.0799,528.7969,579.5387,561.0769,566.6030,580.5167,616.0292,680.1443,723.3558,699.4597,731.2254,738.5878,741.9958,818.7619,840.9766,828.9938,911.8026,894.6022,883.7224,896.3020,920.4360,954.5768,979.8521,948.6841,926.4768,919.9296,904.9587,956.5150,943.4413,954.6198,936.2968,1072.9249,1022.6075,1029.4008,1025.2494,1013.5955,973.1057,1042.0381,992.0936,940.1920,1018.0908,1000.2950,1063.6262,1062.7535,1076.2397,1097.0366,1114.4706,1107.0620,1079.8535,1086.8196,1121.0842,1117.9340,1120.8173,1178.1503,1148.1964,1176.9363,1196.9010,1246.2827,1289.6172,1282.7969,1208.7323,1274.1652,1248.2280,1234.7173,1230.6686,1157.8396,1178.3873,1251.4005,1194.1625,1211.4415,1265.3840,1198.9972,1253.7799,1258.6094,1252.9043,1214.4908,1217.5236,1272.7615,1207.7889,1228.5059,1239.2865,1229.4290,1316.7094,1298.8386,1283.8850,1294.2505,1256.8790,1282.0997,1307.1583,1290.2001,1247.0737,1326.6508,1349.5021,1370.3027,1396.6907,1313.4904,1332.6119,1335.9240,1380.1383,1343.3118,1299.9852,1319.5171,1388.7488,1408.7340,1391.1702,1326.8969,1275.1001,1231.2937,1290.1783,1336.3108,1343.3540,1278.5712,1261.7472,1308.8484,1192.1547,1199.6735,1230.5577,1192.8619,1247.5118,1201.7463,1184.4069,1228.8594,1194.3981,1167.1158,1183.7063,1100.8240,1069.3324,1127.2576,1125.3329,1043.8562,1048.5901,977.5227,1048.7281,1050.7098,1069.9117,1048.6239,1078.1615,1082.7897,1057.1475,1078.8209,1029.6008,964.6414,965.6229,921.6243,872.2735,850.8992,827.1572,808.7455,808.0283,836.5818,728.7421,723.2030,688.7810,646.1169,668.5663,678.0517,649.2466,571.9673,629.7690,636.5308,651.9756,572.8301,605.4991,617.8917,593.4630,604.2388,619.4752,562.2005,586.2677,602.5889,584.1776,558.0246,560.6119,514.3901,514.5101,523.7856,497.7376,464.6366,422.2663,422.1358,437.3770,433.1931,389.1972,362.6951,375.8146,275.7512,249.6173,270.8970,270.6484,213.6126,205.0022,193.9165,231.1986,191.9293,180.6539,193.9052,141.7326,0.0000,0.0000,0.0000,0.0000,0.0000,0.0000,0.0000,0.0000,0.0000,0.0000,0.0000,0.0000,0.0000,0.0000,0.0000,0.0000,0.0000,0.0000,0.0000,0.0000,0.0000,0.0000,0.0000,0.0000,0.0000,0.0000,0.0000,0.0000,0.0000,0.0000,0.0000,0.0000,0.0000,0.0000,0.0000,0.0000,0.0000,0.0000,0.0000,0.0000,0.0000,0.0000,0.0000,0.0000,0.0000,0.0000,0.0000,0.0000,0.0000,0.0000,0.0000,0.0000,0.0000,0.0000,0.0000,0.0000,0.0000,0.0000,0.0000,0.0000,0.0000,0.0000,0.0000,0.0000,0.0000,0.0000,0.0000,0.0000,0.0000,0.0000,0.0000,0.0000,0.0000,0.0000,0.0000,0.0000,0.0000,0.0000,0.0000,0.0000,0.0000,0.0000,0.0000,0.0000,0.0000,0.0000,0.0000
0.0000,0.0000,0.0000,0.0000,0.0000,0.0000,0.0000,0.0000,0.0000,0.0000,0.0000,0.0000,0.0000,0.0000,0.0000,0.0000,0.0000,0.0000,0.0000,0.0000,0.0000,0.0000,0.0000,0.0000,0.0000,0.0000,0.0000,0.0000,0.0000,0.0000,0.0000,0.0000,0.0000,0.0000,0.0000,0.0000,0.0000,0.0000,0.0000,0.0000,0.0000,0.0000,0.0000,0.0000,0.0000,0.0000,0.0000,0.0000,0.0000,0.0000,0.0000,0.0000,0.0000,0.0000,0.0000,0.0000,0.0000,0.0000,0.0000,0.0000,0.0000,0.0000,0.0000,0.0000,0.0000,0.0000,0.0000,0.0000,0.0000,0.0000,0.0000,0.0000,0.0000,0.0000,0.0000,0.0000,0.0000,0.0000,0.0000,0.0000,0.0000,0.0000,0.0000,0.0000,0.0000,0.0000,0.0000,0.0000,335.6348,319.4355,270.7950,345.3322,381.5637,366.0432,356.7037,325.0994,430.4839,368.2904,381.4435,442.9792,448.2942,419.7505,462.0116,440.5776,480.1534,459.3080,488.5640,439.1879,503.5884,454.3727,485.2017,446.9920,460.3056,418.8818,483.4683,490.4005,517.5825,512.6453,536.7327,562.6068,576.8251,595.0515,608.8403,675.5734,662.8365,667.1624,684.1893,722.9174,769.8669,765.2851,796.8528,798.7020,791.1817,831.4858,797.5329,845.3650,918.3558,869.2032,917.4362,946.1727,910.9093,901.8560,866.3999,843.0948,909.2781,967.6622,994.2057,969.9188,919.1035,991.3413,977.1164,955.7516,899.7644,905.5703,931.0224,981.4524,990.8632,1015.9415,1018.8708,1055.7828,1024.7874,1059.6166,1051.8153,1081.6954,1061.5737,1133.6636,1163.7087,1108.0624,1123.0535,1140.7010,1150.1090,1153.4818,1156.4132,1186.1426,1234.6619,1243.0941,1226.6101,1310.0461,1196.0297,1179.8776,1213.6847,1192.6365,1183.2051,1202.1073,1186.9866,1185.5050,1205.4800,1201.7863,1153.2662,1244.5070,1174.5737,1194.8250,1132.6980,1177.9946,1204.2712,1237.7201,1283.1497,1181.6863,1188.9696,1191.7256,1196.7002,1239.2817,1251.2872,1263.2690,1245.7651,1229.6595,1271.2040,1283.2615,1223.5937,1224.9733,1344.0461,1327.7159,1290.9340,1267.9539,1294.9658,1332.1362,1290.7098,1322.3748,1287.2758,1273.0491,1312.8590,1288.6163,1296.1049,1318.7262,1263.1910,1267.9667,1296.3132,1218.5931,1192.4441,1145.9092,1174.6450,1227.0942,1270.2675,1159.2648,1241.1160,1213.3014,1175.5192,1186.7092,1141.4749,1082.9073,1091.8253,1152.3254,1110.2250,1050.3091,1018.6975,1062.3710,992.5903,1009.2374,980.1946,948.0524,1048.2214,1033.4020,1078.2241,1046.8732,1052.9570,986.1240,1029.6268,980.6188,895.0613,904.2928,883.6678,884.9407,814.7097,782.6092,770.5944,746.3199,747.9241,743.9674,714.4208,639.9938,639.6188,707.8607,628.2100,590.4512,590.5375,608.9997,619.3611,567.2982,585.0089,585.0341,613.2966,583.9052,622.9266,605.9821,569.8318,574.6683,582.6754,562.9340,586.2372,485.7958,495.4357,514.6086,478.0053,463.4305,427.8718,377.2083,337.5682,367.7449,343.5162,370.0833,300.7475,262.1086,247.3975,259.9931,236.7126,192.2533,216.3975,177.2151,192.5779,197.2090,160.9327,173.2817,0.0000,0.0000,0.0000,0.0000,0.0000,0.0000,0.0000,0.0000,0.0000,0.0000,0.0000,0.0000,0.0000,0.0000,0.0000,0.0000,0.0000,0.0000,0.0000,0.0000,0.0000,0.0000,0.0000,0.0000,0.0000,0.0000,0.0000,0.0000,0.0000,0.0000,0.0000,0.0000,0.0000,0.0000,0.0000,0.0000,0.0000,0.0000,0.0000,0.0000,0.0000,0.0000,0.0000,0.0000,0.0000,0.0000,0.0000,0.0000,0.0000,0.0000,0.0000,0.0000,0.0000,0.0000,0.0000,0.0000,0.0000,0.0000,0.0000,0.0000,0.0000,0.0000,0.0000,0.0000,0.0000,0.0000,0.0000,0.0000,0.0000,0.0000,0.0000,0.0000,0.0000,0.0000,0.0000,0.0000,0.0000,0.0000,0.0000,0.0000,0.0000,0.0000,0.0000,0.0000,0.0000,0.0000,0.0000,0.0000
0.0000,0.0000,0.0000,0.0000,0.0000,0.0000,0.0000,0.0000,0.0000,0.0000,0.0000,0.0000,0.0000,0.0000,0.0000,0.0000,0.0000,0.0000,0.0000,0.0000,0.0000,0.0000,0.0000,0.0000,0.0000,0.0000,0.0000,0.0000,0.0000,0.0000,0.0000,0.0000,0.0000,0.0000,0.0000,0.0000,0.0000,0.0000,0.0000,0.0000,0.0000,0.0000,0.0000,0.0000,0.0000,0.0000,0.0000,0.0000,0.0000,0.0000,0.0000,0.0000,0.0000,0.0000,0.0000,0.0000,0.0000,0.0000,0.0000,0.0000,0.0000,0.0000,0.0000,0.0000,0.0000,0.0000,0.0000,0.0000,0.0000,0.0000,0.0000,0.0000,0.0000,0.0000,0.0000,0.0000,0.0000,0.0000,0.0000,0.0000,0.0000,0.0000,0.0000,0.0000,0.0000,0.0000,0.0000,0.0000,0.0000,0.0000,346.6255,342.0774,349.2497,341.3177,337.8862,379.3646,414.7777,415.4589,423.5900,412.5605,405.1560,410.0984,470.7034,415.9643,407.1118,421.4843,456.2806,441.3101,463.7094,425.5063,464.3039,470.2338,499.2878,444.5149,447.1016,466.8903,504.0591,505.1096,571.9584,509.4542,539.5153,574.4315,540.7646,608.6476,655.1159,673.2424,675.9718,691.2803,716.2291,719.8746,749.4364,750.8534,796.6852,805.7972,783.7849,816.9133,891.1129,855.9423,905.5256,911.8217,934.2249,909.1825,888.9980,899.7874,884.1746,887.2815,962.9390,895.7175,933.0934,921.2958,924.2377,940.9566,913.4017,881.5165,952.3024,970.4066,975.0049,996.2209,985.9751,965.9075,991.8970,995.6188,1072.6691,1081.3304,1070.1914,1082.8845,1106.1750,1034.2788,1090.1864,1021.9457,1069.2323,1157.6619,1187.8268,1212.8046,1198.0187,1193.8047,1184.7612,1251.1384,1208.0244,1169.7803,1158.7743,1194.6901,1204.5968,1177.5532,1198.6674,1130.6229,1153.2670,1178.1428,1137.7650,1148.4108,1152.5415,1151.1311,1194.6067,1262.7064,1172.6293,1190.0762,1183.5603,1123.6538,1209.9562,1192.0044,1167.0316,1235.1396,1274.2303,1280.2106,1276.2045,1220.3794,1200.5820,1203.4242,1282.1974,1287.2992,1277.3795,1298.6063,1312.2267,1275.4451,1302.7657,1279.9590,1289.8671,1260.3914,1271.9166,1250.3132,1275.2811,1250.4176,1269.7947,1254.0872,1204.8567,1185.6617,1226.3960,1199.0305,1185.0604,1181.1195,1118.7235,1200.2800,1119.9122,1156.6377,1112.8947,1127.1116,1111.5392,1158.1167,1132.4369,1111.3762,1015.8705,1007.8238,1030.9498,1050.2448,1029.4746,991.7957,950.6070,970.6082,953.9210,976.3048,974.2099,925.9903,960.0113,1026.0587,917.4969,969.4586,914.1919,922.1104,898.0178,908.8817,820.1301,754.5740,771.5593,789.8419,710.0806,703.6307,670.1793,655.9891,650.5533,707.9781,643.6179,636.9031,610.3886,587.3679,627.8564,583.8853,591.1943,567.0832,564.7659,576.0657,595.8026,564.5219,554.9902,540.7758,527.7891,504.8146,521.8137,551.1951,541.8891,494.4852,448.6741,426.0121,406.6948,359.7856,392.1522,340.9208,343.1111,305.8021,338.9721,282.6584,244.8474,240.6362,191.0197,199.5505,200.7383,168.6950,189.7146,203.1511,167.3411,157.6819,0.0000,0.0000,0.0000,0.0000,0.0000,0.0000,0.0000,0.0000,0.0000,0.0000,0.0000,0.0000,0.0000,0.0000,0.0000,0.0000,0.0000,0.0000,0.0000,0.0000,0.0000,0.0000,0.0000,0.0000,0.0000,0.0000,0.0000,0.0000,0.0000,0.0000,0.0000,0.0000,0.0000,0.0000,0.0000,0.0000,0.0000,0.0000,0.0000,0.0000,0.0000,0.0000,0.0000,0.0000,0.0000,0.0000,0.0000,0.0000,0.0000,0.0000,0.0000,0.0000,0.0000,0.0000,0.0000,0.0000,0.0000,0.0000,0.0000,0.0000,0.0000,0.0000,0.0000,0.0000,0.0000,0.0000,0.0000,0.0000,0.0000,0.0000,0.0000,0.0000,0.0000,0.0000,0.0000,0.0000,0.0000,0.0000,0.0000,0.0000,0.0000,0.0000,0.0000,0.0000,0.0000,0.0000,0.0000,0.0000,0.0000,0.0000
0.0000,0.0000,0.0000,0.0000,0.0000,0.0000,0.0000,0.0000,0.0000,0.0000,0.0000,0.0000,0.0000,0.0000,0.0000,0.0000,0.0000,0.0000,0.0000,0.0000,0.0000,0.0000,0.0000,0.0000,0.0000,0.0000,0.0000,0.0000,0.0000,0.0000,0.0000,0.0000,0.0000,0.0000,0.0000,0.0000,0.0000,0.0000,0.0000,0.0000,0.0000,0.0000,0.0000,0.0000,0.0000,0.0000,0.0000,0.0000,0.0000,0.0000,0.0000,0.0000,0.0000,0.0000,0.0000,0.0000,0.0000,0.0000,0.0000,0.0000,0.0000,0.0000,0.0000,0.0000,0.0000,0.0000,0.0000,0.0000,0.0000,0.0000,0.0000,0.0000,0.0000,0.0000,0.0000,0.0000,0.0000,0.0000,0.0000,0.0000,0.0000,0.0000,0.0000,0.0000,0.0000,0.0000,0.0000,0.0000,0.0000,0.0000,0.0000,318.4189,353.2502,333.9073,374.0434,336.0080,374.3132,340.9568,399.3709,365.0627,392.5597,388.3542,390.9628,371.0694,386.4135,448.5087,422.9865,428.6668,433.6751,432.8898,452.9559,405.4884,434.5186,469.0809,402.5861,434.8914,457.3226,439.1747,494.8355,497.2985,499.1001,530.9201,551.4509,625.8824,620.4464,660.2333,654.7166,647.2810,649.3818,683.8439,695.7936,696.3845,749.5480,755.1370,762.5182,788.9169,824.3611,819.4227,820.4413,880.2224,857.8400,849.0251,850.1866,871.5633,848.5891,902.6490,916.0408,846.2100,933.2850,964.5570,869.2484,882.2408,872.9784,890.5354,899.7375,874.1546,911.0757,972.2451,984.4865,999.3088,948.2788,950.5574,1002.9155,1029.2410,1037.9176,1006.3419,995.1877,1016.4000,1010.2805,1033.4653,1098.1562,1080.2120,1150.4617,1124.1036,1136.3672,1179.1964,1171.3151,1144.1136,1281.8335,1205.8867,1111.6449,1121.8822,1076.3657,1094.5479,1173.9137,1124.9202,1115.4335,1138.7069,1105.1185,1152.4747,1165.7327,1126.7205,1128.0939,1193.7975,1190.9993,1166.7754,1100.0653,1212.1632,1212.6138,1267.0121,1271.2513,1204.8082,1184.0137,1226.9419,1230.5055,1225.8790,1258.8560,1160.9485,1271.3231,1243.1548,1245.2657,1258.5834,1199.9473,1226.4871,1227.2913,1246.6906,1222.9199,1195.7419,1182.8099,1275.6101,1277.6127,1221.1151,1234.6086,1204.7463,1224.5369,1140.4739,1223.4900,1208.0162,1182.0507,1168.0287,1170.9209,1132.9103,1145.3500,1093.4335,1085.4891,1135.8347,1101.4249,1027.0027,1114.7971,1064.6978,1025.3009,1096.5637,1001.6962,1030.0460,981.9495,958.2238,1000.3019,938.8945,892.9002,942.7492,932.2086,919.7172,899.5314,896.6250,886.6505,891.5107,867.1985,831.5926,797.2538,771.8484,813.7244,759.8034,707.5856,717.2640,669.4270,685.5030,656.7949,656.9437,648.0277,647.3998,630.5117,631.7596,584.1879,551.1742,644.0488,590.7476,576.0646,579.7597,578.0895,530.5046,556.9148,562.0206,513.6375,555.9623,554.4061,518.2476,509.5044,513.6926,480.1824,424.1266,407.8547,403.0690,434.8962,397.8728,397.5634,303.5170,334.4358,315.9870,304.3311,279.5675,263.8527,219.5241,217.3428,195.5528,180.7457,181.9213,140.5691,166.6316,120.7247,0.0000,0.0000,0.0000,0.0000,0.0000,0.0000,0.0000,0.0000,0.0000,0.0000,0.0000,0.0000,0.0000,0.0000,0.0000,0.0000,0.0000,0.0000,0.0000,0.0000,0.0000,0.0000,0.0000,0.0000,0.0000,0.0000,0.0000,0.0000,0.0000,0.0000,0.0000,0.0000,0.0000,0.0000,0.0000,0.0000,0.0000,0.0000,0.0000,0.0000,0.0000,0.0000,0.0000,0.0000,0.0000,0.0000,0.0000,0.0000,0.0000,0.0000,0.0000,0.0000,0.0000,0.0000,0.0000,0.0000,0.0000,0.0000,0.0000,0.0000,0.0000,0.0000,0.0000,0.0000,0.0000,0.0000,0.0000,0.0000,0.0000,0.0000,0.0000,0.0000,0.0000,0.0000,0.0000,0.0000,0.0000,0.0000,0.0000,0.0000,0.0000,0.0000,0.0000,0.0000,0.0000,0.0000,0.0000,0.0000,0.0000,0.0000,0.0000
0.0000,0.0000,0.0000,0.0000,0.0000,0.0000,0.0000,0.0000,0.0000,0.0000,0.0000,0.0000,0.0000,0.0000,0.0000,0.0000,0.0000,0.0000,0.0000,0.0000,0.0000,0.0000,0.0000,0.0000,0.0000,0.0000,0.0000,0.0000,0.0000,0.0000,0.0000,0.0000,0.0000,0.0000,0.0000,0.0000,0.0000,0.0000,0.0000,0.0000,0.0000,0.0000,0.0000,0.0000,0.0000,0.0000,0.0000,0.0000,0.0000,0.0000,0.0000,0.0000,0.0000,0.0000,0.0000,0.0000,0.0000,0.0000,0.0000,0.0000,0.0000,0.0000,0.0000,0.0000,0.0000,0.0000,0.0000,0.0000,0.0000,0.0000,0.0000,0.0000,0.0000,0.0000,0.0000,0.0000,0.0000,0.0000,0.0000,0.0000,0.0000,0.0000,0.0000,0.0000,0.0000,0.0000,0.0000,0.0000,0.0000,0.0000,0.0000,0.0000,305.4337,296.3449,363.8322,368.2932,362.1461,359.7436,346.2044,374.0937,402.9328,406.1692,378.4390,386.8727,411.9629,390.5305,387.0685,431.9348,450.4073,390.4259,439.8769,455.2690,418.6857,465.6669,409.5877,441.1697,433.2170,520.4724,491.5427,466.1491,552.8748,593.0898,521.0052,534.0993,604.6635,589.4349,616.7029,662.3825,640.9435,674.0961,667.7356,674.3130,680.8690,734.4492,768.2509,782.3761,797.1298,762.9194,776.0323,860.1372,902.9552,843.0676,826.8217,798.5743,829.5313,915.6744,896.2937,879.7518,877.6177,878.5090,918.0338,896.8034,860.3317,868.6441,897.9445,954.5991,976.6706,906.3956,939.5511,937.2225,951.3825,967.6241,946.9133,980.1865,997.0472,1034.0033,1032.2013,1034.8510,950.9326,1030.2333,1081.6636,1102.7933,1079.3837,1134.3041,1058.4039,1177.9291,1157.6405,1161.6635,1232.9001,1170.6044,1086.1708,1122.4353,1082.2133,1034.8525,1102.6613,1130.9545,1151.5767,1074.7889,1112.3455,1135.6428,1072.1785,1155.5498,1122.4198,1157.5485,1198.0479,1149.6854,1200.2239,1264.5480,1173.1431,1190.8042,1233.0345,1187.0958,1252.6428,1218.9968,1236.9216,1305.0160,1221.0293,1186.8156,1191.1439,1175.4160,1186.9592,1194.6953,1205.5704,1194.9974,1216.3728,1205.2943,1192.2719,1168.4718,1184.1227,1155.6689,1212.5469,1267.2429,1258.3279,1180.9967,1207.9753,1157.6550,1232.3657,1194.5477,1158.4908,1137.9918,1131.4180,1128.2080,1094.5356,1130.6021,1060.9253,1089.2593,1057.2108,1027.2815,1082.5021,1007.9127,996.0439,993.8898,1072.7937,1079.7562,963.4103,981.9599,971.6964,916.3224,963.0454,923.1874,890.2333,923.6876,890.4547,835.2746,868.6404,766.0983,808.4996,836.6813,762.8350,703.8325,714.6748,697.4981,785.5851,714.6432,710.9595,669.2913,640.2187,613.5021,654.9201,588.1191,645.6702,569.0364,614.3402,633.2161,617.6613,558.9061,553.3502,587.5939,570.3465,589.0149,534.0350,552.3806,548.2264,542.4773,527.1210,499.3528,487.1925,463.9151,488.9785,416.5424,375.0896,411.9014,398.1724,389.0499,340.0761,343.5105,302.4039,331.8432,310.5497,261.3663,264.7884,236.4709,219.5937,211.7010,177.2358,125.3235,185.2442,130.3515,0.0000,0.0000,0.0000,0.0000,0.0000,0.0000,0.0000,0.0000,0.0000,0.0000,0.0000,0.0000,0.0000,0.0000,0.0000,0.0000,0.0000,0.0000,0.0000,0.0000,0.0000,0.0000,0.0000,0.0000,0.0000,0.0000,0.0000,0.0000,0.0000,0.0000,0.0000,0.0000,0.0000,0.0000,0.0000,0.0000,0.0000,0.0000,0.0000,0.0000,0.0000,0.0000,0.0000,0.0000,0.0000,0.0000,0.0000,0.0000,0.0000,0.0000,0.0000,0.0000,0.0000,0.0000,0.0000,0.0000,0.0000,0.0000,0.0000,0.0000,0.0000,0.0000,0.0000,0.0000,0.0000,0.0000,0.0000,0.0000,0.0000,0.0000,0.0000,0.0000,0.0000,0.0000,0.0000,0.0000,0.0000,0.0000,0.0000,0.0000,0.0000,0.0000,0.0000,0.0000,0.0000,0.0000,0.0000,0.0000,0.0000,0.0000,0.0000,0.0000
0.0000,0.0000,0.0000,0.0000,0.0000,0.0000,0.0000,0.0000,0.0000,0.0000,0.0000,0.0000,0.0000,0.0000,0.0000,0.0000,0.0000,0.0000,0.0000,0.0000,0.0000,0.0000,0.0000,0.0000,0.0000,0.0000,0.0000,0.0000,0.0000,0.0000,0.0000,0.0000,0.0000,0.0000,0.0000,0.0000,0.0000,0.0000,0.0000,0.0000,0.0000,0.0000,0.0000,0.0000,0.0000,0.0000,0.0000,0.0000,0.0000,0.0000,0.0000,0.0000,0.0000,0.0000,0.0000,0.0000,0.0000,0.0000,0.0000,0.0000,0.0000,0.0000,0.0000,0.0000,0.0000,0.0000,0.0000,0.0000,0.0000,0.0000,0.0000,0.0000,0.0000,0.0000,0.0000,0.0000,0.0000,0.0000,0.0000,0.0000,0.0000,0.0000,0.0000,0.0000,0.0000,0.0000,0.0000,0.0000,0.0000,0.0000,0.0000,0.0000,0.0000,302.2057,301.1321,316.6712,314.9080,380.2472,349.9833,388.9106,346.6005,363.2397,324.2134,342.3261,384.7953,381.9915,400.2491,423.3597,358.5974,399.4346,408.0323,362.4111,357.4263,396.8970,396.8871,425.8915,425.2281,396.0927,463.0486,452.9534,472.0146,506.9901,578.5513,573.8634,523.5220,544.7177,628.5103,647.5887,610.6482,624.5293,638.3520,633.2326,696.3850,706.3209,724.8781,790.4608,747.2103,809.0193,744.6097,773.5253,762.9434,774.8634,778.2051,828.1780,855.7898,845.0018,845.2692,888.1843,824.9672,798.9434,808.7677,852.1573,877.1447,918.9136,851.4966,879.3232,900.6323,890.4007,914.7853,879.3104,881.9033,955.1416,960.6849,982.3701,1010.6508,1002.1080,1001.2297,1008.9608,971.4382,987.3386,1009.5220,1002.2867,1079.6066,1044.6505,1104.5596,1105.5208,1125.8573,1139.9414,1138.5291,1093.5990,1154.5160,1056.1335,1105.6484,1120.6068,1071.3344,1109.1917,1069.2421,1090.6283,1138.3883,1111.4496,1050.0062,1066.3774,1082.4376,1171.6183,1147.5511,1084.7540,1118.0338,1138.4982,1156.8654,1190.9380,1174.7133,1200.3196,1247.8817,1222.6469,1220.3378,1178.7278,1151.2921,1111.7461,1140.7369,1169.3070,1125.1458,1142.9507,1213.5034,1132.1659,1175.0648,1197.2520,1107.7410,1087.5460,1144.0963,1174.9452,1126.6650,1137.3768,1185.2407,1143.7675,1218.2809,1161.6469,1118.8064,1118.3236,1177.9373,1213.7645,1182.5485,1122.7706,1111.6244,1040.3167,1071.8962,1001.5724,986.4196,1008.7243,1002.4937,1033.3497,1060.7271,1019.7925,999.3972,976.1804,944.7002,930.2649,889.1558,898.5099,911.3209,865.5524,915.2223,903.7000,833.3380,814.1194,834.1281,778.0844,738.0247,735.5298,734.6796,742.3956,719.2542,642.7254,696.5753,700.1113,649.9172,630.1550,615.0042,594.3127,638.6653,595.6934,627.9905,514.2806,573.9163,581.9368,592.3530,618.2984,606.0880,579.0609,544.9221,510.2933,537.0331,557.3782,468.7649,514.0007,476.6934,456.6398,413.7821,411.5258,387.7564,417.4666,380.9857,358.1084,307.9000,307.9242,312.0391,290.9883,233.9395,244.2907,260.0443,238.5126,204.5631,160.1016,173.3381,140.2944,145.6383,121.5920,128.5024,0.0000,0.0000,0.0000,0.0000,0.0000,0.0000,0.0000,0.0000,0.0000,0.0000,0.0000,0.0000,0.0000,0.0000,0.0000,0.0000,0.0000,0.0000,0.0000,0.0000,0.0000,0.0000,0.0000,0.0000,0.0000,0.0000,0.0000,0.0000,0.0000,0.0000,0.0000,0.0000,0.0000,0.0000,0.0000,0.0000,0.0000,0.0000,0.0000,0.0000,0.0000,0.0000,0.0000,0.0000,0.0000,0.0000,0.0000,0.0000,0.0000,0.0000,0.0000,0.0000,0.0000,0.0000,0.0000,0.0000,0.0000,0.0000,0.0000,0.0000,0.0000,0.0000,0.0000,0.0000,0.0000,0.0000,0.0000,0.0000,0.0000,0.0000,0.0000,0.0000,0.0000,0.0000,0.0000,0.0000,0.0000,0.0000,0.0000,0.0000,0.0000,0.0000,0.0000,0.0000,0.0000,0.0000,0.0000,0.0000,0.0000,0.0000,0.0000,0.0000,0.0000
0.0000,0.0000,0.0000,0.0000,0.0000,0.0000,0.0000,0.0000,0.0000,0.0000,0.0000,0.0000,0.0000,0.0000,0.0000,0.0000,0.0000,0.0000,0.0000,0.0000,0.0000,0.0000,0.0000,0.0000,0.0000,0.0000,0.0000,0.0000,0.0000,0.0000,0.0000,0.0000,0.0000,0.0000,0.0000,0.0000,0.0000,0.0000,0.0000,0.0000,0.0000,0.0000,0.0000,0.0000,0.0000,0.0000,0.0000,0.0000,0.0000,0.0000,0.0000,0.0000,0.0000,0.0000,0.0000,0.0000,0.0000,0.0000,0.0000,0.0000,0.0000,0.0000,0.0000,0.0000,0.0000,0.0000,0.0000,0.0000,0.0000,0.0000,0.0000,0.0000,0.0000,0.0000,0.0000,0.0000,0.0000,0.0000,0.0000,0.0000,0.0000,0.0000,0.0000,0.0000,0.0000,0.0000,0.0000,0.0000,0.0000,0.0000,0.0000,0.0000,0.0000,0.0000,0.0000,319.2021,341.9505,312.1192,320.5453,329.1380,358.5087,316.4906,337.3221,334.5674,394.8227,342.1227,363.0651,360.3120,326.8773,369.5616,370.2483,388.3405,385.5489,357.3951,358.6888,419.2455,393.3500,415.1784,414.8871,476.9941,469.1458,495.0726,474.3569,503.8839,529.4537,536.7631,513.5751,571.0410,610.9919,579.1278,582.7060,596.1578,642.8328,662.8684,702.5687,721.8054,725.8632,715.1434,763.2164,758.5540,753.1904,823.4227,848.3978,831.4883,827.4064,806.3693,814.3696,844.8400,829.3889,850.7927,799.4815,790.4208,877.2690,843.6444,816.6246,901.1050,870.4788,863.7224,867.3591,888.0005,892.1130,893.7176,863.1934,897.7139,961.2781,1007.2069,883.0183,911.9153,988.0955,982.1069,976.5656,1016.7311,968.1766,1012.6216,1052.6857,1045.6919,1071.1604,1082.4447,1084.1064,1140.1484,1105.1024,1061.4583,1046.1838,1010.2377,980.2028,1076.0786,1000.4994,1044.4647,1071.1145,1083.1924,1093.0283,1083.9344,1077.1971,1077.1635,1114.6069,1134.0125,1100.3142,1073.9087,1076.5901,1098.5847,1171.5043,1152.1163,1104.3710,1184.0243,1129.4716,1129.8065,1157.0850,1118.5874,1060.3644,1147.0317,1124.3564,1060.0916,1083.4972,1037.0657,1067.2324,1113.0902,1061.5217,1095.6835,1118.8608,1093.7891,1128.5308,1137.6970,1065.9043,1018.5757,1083.8865,1084.0508,1068.8553,1074.3821,1076.7583,1167.8995,1175.2551,1160.2010,1017.7570,1063.1516,1066.9462,1005.7312,1034.2972,1012.8371,981.2817,1011.7527,998.1155,958.0610,897.4276,903.3568,934.0731,926.9173,834.5103,899.1917,819.5563,831.3042,846.1795,832.5876,813.0831,799.0076,759.1742,785.1028,749.2662,710.1594,689.0322,626.9407,694.7787,662.1905,648.4109,685.6249,620.4384,614.6977,609.7418,609.2398,605.1497,579.4354,554.6530,572.7742,567.5062,549.8167,564.9272,576.8994,567.9185,601.5449,520.4005,478.7388,510.6178,493.3623,441.1154,467.2410,428.6841,489.8220,462.1268,405.8887,414.6558,395.4539,392.1640,380.3777,351.8103,316.0710,307.3015,299.1739,312.8301,257.4107,221.5498,248.6926,214.2338,193.9223,188.3274,144.5603,149.4129,0.0000,0.0000,0.0000,0.0000,0.0000,0.0000,0.0000,0.0000,0.0000,0.0000,0.0000,0.0000,0.0000,0.0000,0.0000,0.0000,0.0000,0.0000,0.0000,0.0000,0.0000,0.0000,0.0000,0.0000,0.0000,0.0000,0.0000,0.0000,0.0000,0.0000,0.0000,0.0000,0.0000,0.0000,0.0000,0.0000,0.0000,0.0000,0.0000,0.0000,0.0000,0.0000,0.0000,0.0000,0.0000,0.0000,0.0000,0.0000,0.0000,0.0000,0.0000,0.0000,0.0000,0.0000,0.0000,0.0000,0.0000,0.0000,0.0000,0.0000,0.0000,0.0000,0.0000,0.0000,0.0000,0.0000,0.0000,0.0000,0.0000,0.0000,0.0000,0.0000,0.0000,0.0000,0.0000,0.0000,0.0000,0.0000,0.0000,0.0000,0.0000,0.0000,0.0000,0.0000,0.0000,0.0000,0.0000,0.0000,0.0000,0.0000,0.0000,0.0000,0.0000,0.0000,0.0000
0.0000,0.0000,0.0000,0.0000,0.0000,0.0000,0.0000,0.0000,0.0000,0.0000,0.0000,0.0000,0.0000,0.0000,0.0000,0.0000,0.0000,0.0000,0.0000,0.0000,0.0000,0.0000,0.0000,0.0000,0.0000,0.0000,0.0000,0.0000,0.0000,0.0000,0.0000,0.0000,0.0000,0.0000,0.0000,0.0000,0.0000,0.0000,0.0000,0.0000,0.0000,0.0000,0.0000,0.0000,0.0000,0.0000,0.0000,0.0000,0.0000,0.0000,0.0000,0.0000,0.0000,0.0000,0.0000,0.0000,0.0000,0.0000,0.0000,0.0000,0.0000,0.0000,0.0000,0.0000,0.0000,0.0000,0.0000,0.0000,0.0000,0.0000,0.0000,0.0000,0.0000,0.0000,0.0000,0.0000,0.0000,0.0000,0.0000,0.0000,0.0000,0.0000,0.0000,0.0000,0.0000,0.0000,0.0000,0.0000,0.0000,0.0000,0.0000,0.0000,0.0000,0.0000,0.0000,0.0000,294.3855,315.1024,345.1646,311.9503,351.0676,330.7073,307.7018,330.2929,321.8565,315.2684,341.9984,347.2200,392.2700,386.3196,394.2853,348.3015,366.6189,396.9413,343.5078,355.4276,409.1457,402.2269,420.0648,471.7492,423.9446,477.7658,477.6875,467.1104,509.9363,582.4902,594.4775,569.2703,566.8490,546.3245,630.0383,603.4500,589.2175,632.5212,651.3573,642.0082,667.9824,708.8965,686.9984,683.6234,762.0699,774.9947,737.8090,821.2033,820.7628,785.8984,836.6210,809.2081,789.3719,810.2331,782.9828,778.1058,802.4769,773.1771,847.1775,828.9543,835.3083,893.0234,846.1494,844.8368,879.2803,873.9698,885.0423,882.3033,931.5564,939.7594,936.1489,1003.4551,957.6360,968.2626,988.0049,1015.6140,948.4498,992.0494,993.1086,1028.4326,1053.6321,1084.3741,1049.9344,1101.3646,1045.2742,1035.1306,1030.3325,963.5914,993.3224,1044.1241,1097.6080,1099.9110,1035.1377,1019.8885,1045.9956,1081.5055,1107.2758,1066.4358,1083.6748,1147.7867,1138.1664,1127.7750,1115.0688,1038.7101,1060.6951,1107.7638,1158.3069,1119.4260,1103.5048,1074.0724,1091.7382,1109.3633,1038.8929,1040.0184,1036.6826,984.3222,1017.9951,998.2264,1035.0698,1026.2338,1046.4705,1066.8290,1077.8437,1036.1453,1022.9340,1065.0416,1035.8495,1039.2897,1048.4535,1062.5114,1022.7661,1032.9827,1041.3893,1047.5483,1077.9910,1064.9509,1066.6245,1024.8916,1052.2534,1034.7041,1032.7455,976.1742,917.5255,900.4399,974.9331,941.8042,963.1592,878.6089,918.0502,861.7822,815.1884,838.6766,748.0485,807.0911,764.7618,793.4869,794.0345,778.8578,747.2568,794.4639,740.7430,720.9272,685.4296,672.5372,667.0489,601.1777,622.1910,666.1773,618.3513,618.6653,640.6912,572.5519,602.5794,582.6965,549.4609,556.1448,571.0865,568.7568,536.3757,472.6474,517.4691,505.0775,538.4063,523.9863,463.5300,465.8083,469.3282,464.8169,440.6361,420.1176,418.6795,390.9125,353.5201,311.8278,351.9098,353.0286,318.4936,333.0087,296.2056,214.3236,260.9818,187.4780,211.9836,250.0890,152.7349,174.3296,153.5133,120.4332,0.0000,0.0000,0.0000,0.0000,0.0000,0.0000,0.0000,0.0000,0.0000,0.0000,0.0000,0.0000,0.0000,0.0000,0.0000,0.0000,0.0000,0.0000,0.0000,0.0000,0.0000,0.0000,0.0000,0.0000,0.0000,0.0000,0.0000,0.0000,0.0000,0.0000,0.0000,0.0000,0.0000,0.0000,0.0000,0.0000,0.0000,0.0000,0.0000,0.0000,0.0000,0.0000,0.0000,0.0000,0.0000,0.0000,0.0000,0.0000,0.0000,0.0000,0.0000,0.0000,0.0000,0.0000,0.0000,0.0000,0.0000,0.0000,0.0000,0.0000,0.0000,0.0000,0.0000,0.0000,0.0000,0.0000,0.0000,0.0000,0.0000,0.0000,0.0000,0.0000,0.0000,0.0000,0.0000,0.0000,0.0000,0.0000,0.0000,0.0000,0.0000,0.0000,0.0000,0.0000,0.0000,0.0000,0.0000,0.0000,0.0000,0.0000,0.0000,0.0000,0.0000,0.0000,0.0000,0.0000
0.0000,0.0000,0.0000,0.0000,0.0000,0.0000,0.0000,0.0000,0.0000,0.0000,0.0000,0.0000,0.0000,0.0000,0.0000,0.0000,0.0000,0.0000,0.0000,0.0000,0.0000,0.0000,0.0000,0.0000,0.0000,0.0000,0.0000,0.0000,0.0000,0.0000,0.0000,0.0000,0.0000,0.0000,0.0000,0.0000,0.0000,0.0000,0.0000,0.0000,0.0000,0.0000,0.0000,0.0000,0.0000,0.0000,0.0000,0.0000,0.0000,0.0000,0.0000,0.0000,0.0000,0.0000,0.0000,0.0000,0.0000,0.0000,0.0000,0.0000,0.0000,0.0000,0.0000,0.0000,0.0000,0.0000,0.0000,0.0000,0.0000,0.0000,0.0000,0.0000,0.0000,0.0000,0.0000,0.0000,0.0000,0.0000,0.0000,0.0000,0.0000,0.0000,0.0000,0.0000,0.0000,0.0000,0.0000,0.0000,0.0000,0.0000,0.0000,0.0000,0.0000,0.0000,0.0000,0.0000,0.0000,0.0000,328.7861,336.9814,311.0949,337.6220,333.1876,333.6595,356.1269,367.9362,321.1656,354.5855,373.9055,391.6541,381.4644,376.2198,346.7520,370.3789,365.0948,391.0179,403.8432,394.3110,411.9358,410.3386,417.5488,397.8510,418.6906,479.9713,490.3990,526.3138,561.5402,560.9888,533.4681,554.9927,567.3362,584.8405,641.7942,598.3690,580.7112,655.2029,651.6465,647.6284,704.6844,689.5172,683.9987,765.1810,791.0798,768.5524,766.2830,801.3590,765.1274,814.2062,787.7670,729.5232,796.8834,776.8196,791.0433,832.6522,877.8598,831.1909,846.5958,857.4567,855.5005,901.3281,872.6436,850.1851,949.5423,891.4265,940.7855,927.0313,874.3916,941.5849,962.1654,970.8355,965.7064,982.3542,953.8190,1034.5554,986.6431,1033.5804,1052.0498,1077.1134,1001.8499,998.6072,1011.1317,1031.8286,1010.7352,1019.2526,1057.1587,1016.6974,1050.0764,1019.5176,1103.7233,1100.9139,1018.8624,1023.3770,1120.1971,1129.9348,1096.4950,1093.2043,1045.5955,1074.6862,1036.7498,1012.7646,1022.3431,1067.0433,1093.4462,1141.6536,1106.7229,1040.8826,1021.0413,1000.2426,1031.1531,998.9746,974.8878,1008.5869,1014.6115,1033.9221,1050.9954,994.0115,1004.2007,996.3144,1050.5232,1100.2968,1099.1921,1040.7500,1075.0348,1006.2026,1026.4716,1071.7424,931.1364,987.4557,1066.6335,1058.3208,1120.0300,999.1505,1020.3983,1084.4030,1036.2780,987.2977,966.8449,934.5244,904.4466,935.0812,905.7234,861.3308,831.0674,852.6348,840.4688,835.4749,828.4780,775.2519,790.2692,783.4674,753.4985,729.7781,763.9923,757.4846,740.6026,765.1705,717.8448,716.6827,669.8251,670.3066,643.3813,660.5571,646.5044,609.1545,642.0626,620.7214,581.7273,574.4048,597.1456,580.0402,582.2407,560.2711,528.1013,519.5026,520.5637,497.9942,485.6398,453.1367,506.7409,500.6234,464.1374,436.4048,464.2990,437.8918,425.4275,408.9448,380.8445,338.4773,362.7581,356.2780,348.0673,322.3864,275.0106,285.3720,268.8717,255.8018,262.9702,211.3110,164.2784,210.9702,154.8853,174.1758,0.0000,0.0000,0.0000,0.0000,0.0000,0.0000,0.0000,0.0000,0.0000,0.0000,0.0000,0.0000,0.0000,0.0000,0.0000,0.0000,0.0000,0.0000,0.0000,0.0000,0.0000,0.0000,0.0000,0.0000,0.0000,0.0000,0.0000,0.0000,0.0000,0.0000,0.0000,0.0000,0.0000,0.0000,0.0000,0.0000,0.0000,0.0000,0.0000,0.0000,0.0000,0.0000,0.0000,0.0000,0.0000,0.0000,0.0000,0.0000,0.0000,0.0000,0.0000,0.0000,0.0000,0.0000,0.0000,0.0000,0.0000,0.0000,0.0000,0.0000,0.0000,0.0000,0.0000,0.0000,0.0000,0.0000,0.0000,0.0000,0.0000,0.0000,0.0000,0.0000,0.0000,0.0000,0.0000,0.0000,0.0000,0.0000,0.0000,0.0000,0.0000,0.0000,0.0000,0.0000,0.0000,0.0000,0.0000,0.0000,0.0000,0.0000,0.0000,0.0000,0.0000,0.0000,0.0000,0.0000,0.0000,0.0000
0.0000,0.0000,0.0000,0.0000,0.0000,0.0000,0.0000,0.0000,0.0000,0.0000,0.0000,0.0000,0.0000,0.0000,0.0000,0.0000,0.0000,0.0000,0.0000,0.0000,0.0000,0.0000,0.0000,0.0000,0.0000,0.0000,0.0000,0.0000,0.0000,0.0000,0.0000,0.0000,0.0000,0.0000,0.0000,0.0000,0.0000,0.0000,0.0000,0.0000,0.0000,0.0000,0.0000,0.0000,0.0000,0.0000,0.0000,0.0000,0.0000,0.0000,0.0000,0.0000,0.0000,0.0000,0.0000,0.0000,0.0000,0.0000,0.0000,0.0000,0.0000,0.0000,0.0000,0.0000,0.0000,0.0000,0.0000,0.0000,0.0000,0.0000,0.0000,0.0000,0.0000,0.0000,0.0000,0.0000,0.0000,0.0000,0.0000,0.0000,0.0000,0.0000,0.0000,0.0000,0.0000,0.0000,0.0000,0.0000,0.0000,0.0000,0.0000,0.0000,0.0000,0.0000,0.0000,0.0000,0.0000,0.0000,0.0000,325.0840,268.7066,305.1617,350.2887,323.3221,329.7854,363.0287,324.7072,327.2735,373.7908,326.4552,351.7623,348.2213,373.5701,393.3854,378.0213,399.2240,410.1966,368.6348,398.0599,413.1937,422.9452,393.8157,452.1763,446.3712,471.4507,474.8023,479.8813,478.3064,540.0189,560.5147,529.8101,535.0480,557.9830,577.5468,570.8779,603.1331,649.3677,620.7798,701.5886,670.8610,700.1175,718.9771,697.8560,749.8414,792.2518,774.1036,743.1724,750.3545,711.5051,753.0840,764.4194,771.5015,750.1794,781.1524,832.2890,827.6658,844.0773,822.0035,800.1870,844.3691,849.3073,866.1430,824.7347,839.0305,924.5005,923.6591,892.5370,892.2474,910.6393,953.3118,999.7755,992.5817,991.5754,956.7831,929.3264,995.8292,949.8588,1011.9093,1041.0933,1006.8235,1042.0116,1031.0751,981.7289,1045.4042,991.7667,1015.7227,1052.4663,1034.1110,1019.6401,1086.7639,1036.9541,1069.0574,1092.3318,1052.3917,1026.6095,1107.5515,1099.4811,1039.1351,954.2902,1007.5349,1050.3615,1017.2154,1005.8693,1018.3478,980.4386,982.3476,1023.4292,990.6674,1001.9911,1001.0711,1030.7576,1005.7554,993.5223,979.5171,946.6620,943.1031,1036.5825,981.5426,1032.9338,1043.8011,1039.0442,1011.1365,1033.5630,1026.3788,1020.6696,1051.1985,1026.7733,1015.4708,1008.3018,974.4961,987.1685,1011.7942,949.6069,927.3879,936.9855,891.7182,882.6774,936.8511,837.5140,824.3993,831.4924,867.5871,803.5576,803.4013,760.9772,785.0631,793.3316,724.1415,704.9709,735.1107,748.2012,705.3944,751.5667,701.6478,689.1454,734.0132,655.1796,657.7822,626.2001,629.8768,610.0542,640.8103,586.1957,580.5399,605.7100,582.7970,632.2271,636.2672,575.8427,548.8356,548.6644,545.6586,508.2837,527.2623,530.0812,440.4553,455.1023,507.7932,459.8895,480.0164,458.2542,447.6777,436.4852,445.7207,424.1708,368.8056,340.9885,353.6968,377.1698,353.1121,284.2101,278.1471,286.8406,285.5346,282.4478,245.6986,262.3120,186.9838,182.2303,141.1543,203.0210,0.0000,0.0000,0.0000,0.0000,0.0000,0.0000,0.0000,0.0000,0.0000,0.0000,0.0000,0.0000,0.0000,0.0000,0.0000,0.0000,0.0000,0.0000,0.0000,0.0000,0.0000,0.0000,0.0000,0.0000,0.0000,0.0000,0.0000,0.0000,0.0000,0.0000,0.0000,0.0000,0.0000,0.0000,0.0000,0.0000,0.0000,0.0000,0.0000,0.0000,0.0000,0.0000,0.0000,0.0000,0.0000,0.0000,0.0000,0.0000,0.0000,0.0000,0.0000,0.0000,0.0000,0.0000,0.0000,0.0000,0.0000,0.0000,0.0000,0.0000,0.0000,0.0000,0.0000,0.0000,0.0000,0.0000,0.0000,0.0000,0.0000,0.0000,0.0000,0.0000,0.0000,0.0000,0.0000,0.0000,0.0000,0.0000,0.0000,0.0000,0.0000,0.0000,0.0000,0.0000,0.0000,0.0000,0.0000,0.0000,0.0000,0.0000,0.0000,0.0000,0.0000,0.0000,0.0000,0.0000,0.0000,0.0000,0.0000
0.0000,0.0000,0.0000,0.0000,0.0000,0.0000,0.0000,0.0000,0.0000,0.0000,0.0000,0.0000,0.0000,0.0000,0.0000,0.0000,0.0000,0.0000,0.0000,0.0000,0.0000,0.0000,0.0000,0.0000,0.0000,0.0000,0.0000,0.0000,0.0000,0.0000,0.0000,0.0000,0.0000,0.0000,0.0000,0.0000,0.0000,0.0000,0.0000,0.0000,0.0000,0.0000,0.0000,0.0000,0.0000,0.0000,0.0000,0.0000,0.0000,0.0000,0.0000,0.0000,0.0000,0.0000,0.0000,0.0000,0.0000,0.0000,0.0000,0.0000,0.0000,0.0000,0.0000,0.0000,0.0000,0.0000,0.0000,0.0000,0.0000,0.0000,0.0000,0.0000,0.0000,0.0000,0.0000,0.0000,0.0000,0.0000,0.0000,0.0000,0.0000,0.0000,0.0000,0.0000,0.0000,0.0000,0.0000,0.0000,0.0000,0.0000,0.0000,0.0000,0.0000,0.0000,0.0000,0.0000,0.0000,0.0000,0.0000,0.0000,302.4609,328.6519,342.9125,355.7036,332.9732,307.4828,304.0787,341.4876,317.1520,349.9057,356.7961,338.9192,394.9230,371.3581,357.3033,386.8387,386.6016,395.8832,407.9159,366.7560,432.8260,421.7451,400.4285,425.3298,446.7803,438.4802,513.5870,489.4472,514.1509,534.3228,495.5823,538.9581,559.9282,559.8763,529.7527,550.1644,600.2128,581.1005,630.7344,636.0364,621.5768,699.2845,742.6537,688.2467,683.1413,743.2603,734.3288,777.0666,761.5648,751.2742,766.5381,786.1703,696.3585,767.7607,751.1584,819.9233,833.0338,841.4982,872.1085,804.6345,848.7542,793.7706,829.0987,854.4421,858.6424,862.6205,920.1977,898.0500,936.6873,912.9534,949.4005,1013.4697,954.7291,976.8531,915.4993,991.3928,945.5815,988.8676,1006.4783,977.6168,982.5657,981.4053,985.7921,964.3319,979.8477,1021.0544,1017.9812,1043.4440,1040.0444,1018.2607,1019.7458,1029.4083,1016.5112,1050.6743,1004.3432,968.3631,1021.8602,997.9778,960.7675,941.6809,946.2780,1003.8225,1019.5085,990.8201,982.0232,984.8035,964.3011,1015.1559,954.2360,917.9010,932.0217,917.7263,932.4323,957.2989,977.8124,911.5597,992.8270,969.1717,1004.7055,973.9910,1001.3649,1015.3793,1083.3456,1064.8077,1041.6976,983.2864,988.4158,1044.7661,954.4075,974.2591,926.7297,925.1799,969.6059,909.8721,922.0034,890.9526,799.0681,825.0391,816.4852,786.1682,796.9997,746.3664,732.7114,770.6744,749.4757,756.7692,706.4403,681.8077,712.5495,680.5466,739.2816,672.2201,739.3682,755.3727,690.1923,666.4814,640.4461,625.9185,628.7896,634.8184,552.6475,554.8736,602.4865,618.2168,598.6660,580.5645,622.4458,560.3149,583.8580,576.7732,520.1783,520.5396,568.3214,506.9489,481.0551,431.5054,416.8821,428.3800,435.1958,445.5735,430.1435,452.1223,402.5060,447.0872,408.2037,345.9368,342.3573,353.5179,312.4909,265.1237,303.6744,255.9296,252.4970,243.6457,224.4771,273.1776,213.5492,208.3014,174.2820,151.3288,0.0000,0.0000,0.0000,0.0000,0.0000,0.0000,0.0000,0.0000,0.0000,0.0000,0.0000,0.0000,0.0000,0.0000,0.0000,0.0000,0.0000,0.0000,0.0000,0.0000,0.0000,0.0000,0.0000,0.0000,0.0000,0.0000,0.0000,0.0000,0.0000,0.0000,0.0000,0.0000,0.0000,0.0000,0.0000,0.0000,0.0000,0.0000,0.0000,0.0000,0.0000,0.0000,0.0000,0.0000,0.0000,0.0000,0.0000,0.0000,0.0000,0.0000,0.0000,0.0000,0.0000,0.0000,0.0000,0.0000,0.0000,0.0000,0.0000,0.0000,0.0000,0.0000,0.0000,0.0000,0.0000,0.0000,0.0000,0.0000,0.0000,0.0000,0.0000,0.0000,0.0000,0.0000,0.0000,0.0000,0.0000,0.0000,0.0000,0.0000,0.0000,0.0000,0.0000,0.0000,0.0000,0.0000,0.0000,0.0000,0.0000,0.0000,0.0000,0.0000,0.0000,0.0000,0.0000,0.0000,0.0000,0.0000,0.0000,0.0000
0.0000,0.0000,0.0000,0.0000,0.0000,0.0000,0.0000,0.0000,0.0000,0.0000,0.0000,0.0000,0.0000,0.0000,0.0000,0.0000,0.0000,0.0000,0.0000,0.0000,0.0000,0.0000,0.0000,0.0000,0.0000,0.0000,0.0000,0.0000,0.0000,0.0000,0.0000,0.0000,0.0000,0.0000,0.0000,0.0000,0.0000,0.0000,0.0000,0.0000,0.0000,0.0000,0.0000,0.0000,0.0000,0.0000,0.0000,0.0000,0.0000,0.0000,0.0000,0.0000,0.0000,0.0000,0.0000,0.0000,0.0000,0.0000,0.0000,0.0000,0.0000,0.0000,0.0000,0.0000,0.0000,0.0000,0.0000,0.0000,0.0000,0.0000,0.0000,0.0000,0.0000,0.0000,0.0000,0.0000,0.0000,0.0000,0.0000,0.0000,0.0000,0.0000,0.0000,0.0000,0.0000,0.0000,0.0000,0.0000,0.0000,0.0000,0.0000,0.0000,0.0000,0.0000,0.0000,0.0000,0.0000,0.0000,0.0000,0.0000,0.0000,0.0000,269.8023,353.1346,326.9072,296.4333,361.8928,294.9426,310.7042,334.9814,317.6950,306.5112,357.0138,351.0468,366.2229,339.1004,362.3474,363.7296,395.6561,352.7686,387.7628,398.0124,427.1931,429.8458,445.0020,426.6203,447.8327,472.0980,493.2445,434.8846,491.6411,513.1650,489.4633,525.2333,515.8198,525.1152,597.3664,598.8135,587.4081,627.8833,627.5956,663.5197,673.8054,690.4516,722.3367,683.2524,706.5000,678.4753,703.1518,685.9044,697.0717,686.4376,714.9796,736.9148,780.4555,757.0045,774.0897,763.3770,827.7713,768.9908,799.3744,852.6677,848.3609,845.9386,844.1008,858.8735,874.7261,875.7753,925.8106,959.4462,924.1163,977.4615,913.8581,944.2726,949.2070,916.2136,905.8143,910.9761,946.5309,945.3043,960.1733,925.3029,963.7880,977.8181,976.6014,992.7729,991.6310,977.5070,972.0098,1018.1395,1002.6374,1007.1311,1026.2058,1106.5432,1034.5698,949.6984,959.5307,863.5355,974.2816,954.3619,962.3590,942.8559,933.1197,995.3678,971.9379,997.3570,928.6609,875.7190,932.5820,961.9089,934.9964,927.8206,984.5300,996.0148,945.7808,939.2803,893.9047,895.8636,1010.2751,989.3276,1069.1838,1051.7616,1005.7809,1037.4441,1004.2078,991.5845,993.0202,904.3571,950.2007,921.8774,878.3830,855.4128,858.0940,812.8574,838.3207,807.6193,765.9778,762.5229,756.9831,773.9781,738.0747,709.0105,680.5258,729.1320,710.8692,698.1874,665.9199,637.5861,690.3906,682.1686,751.0627,664.4556,667.4514,677.0724,663.8714,650.1508,609.4036,584.6767,626.9168,613.8284,632.6286,584.3461,576.3414,555.7005,584.1295,555.5767,592.7011,580.8756,534.3233,564.0013,495.6418,537.2650,503.4476,455.1027,470.7375,409.4445,432.3005,450.9825,428.7885,422.2474,456.6237,391.6648,386.9329,351.9809,368.5293,367.6610,347.0559,309.5984,262.8799,298.0069,308.1809,280.9136,229.2699,238.5670,189.5347,224.6808,186.9389,139.5997,0.0000,0.0000,0.0000,0.0000,0.0000,0.0000,0.0000,0.0000,0.0000,0.0000,0.0000,0.0000,0.0000,0.0000,0.0000,0.0000,0.0000,0.0000,0.0000,0.0000,0.0000,0.0000,0.0000,0.0000,0.0000,0.0000,0.0000,0.0000,0.0000,0.0000,0.0000,0.0000,0.0000,0.0000,0.0000,0.0000,0.0000,0.0000,0.0000,0.0000,0.0000,0.0000,0.0000,0.0000,0.0000,0.0000,0.0000,0.0000,0.0000,0.0000,0.0000,0.0000,0.0000,0.0000,0.0000,0.0000,0.0000,0.0000,0.0000,0.0000,0.0000,0.0000,0.0000,0.0000,0.0000,0.0000,0.0000,0.0000,0.0000,0.0000,0.0000,0.0000,0.0000,0.0000,0.0000,0.0000,0.0000,0.0000,0.0000,0.0000,0.0000,0.0000,0.0000,0.0000,0.0000,0.0000,0.0000,0.0000,0.0000,0.0000,0.0000,0.0000,0.0000,0.0000,0.0000,0.0000,0.0000,0.0000,0.0000,0.0000,0.0000,0.0000
0.0000,0.0000,0.0000,0.0000,0.0000,0.0000,0.0000,0.0000,0.0000,0.0000,0.0000,0.0000,0.0000,0.0000,0.0000,0.0000,0.0000,0.0000,0.0000,0.0000,0.0000,0.0000,0.0000,0.0000,0.0000,0.0000,0.0000,0.0000,0.0000,0.0000,0.0000,0.0000,0.0000,0.0000,0.0000,0.0000,0.0000,0.0000,0.0000,0.0000,0.0000,0.0000,0.0000,0.0000,0.0000,0.0000,0.0000,0.0000,0.0000,0.0000,0.0000,0.0000,0.0000,0.0000,0.0000,0.0000,0.0000,0.0000,0.0000,0.0000,0.0000,0.0000,0.0000,0.0000,0.0000,0.0000,0.0000,0.0000,0.0000,0.0000,0.0000,0.0000,0.0000,0.0000,0.0000,0.0000,0.0000,0.0000,0.0000,0.0000,0.0000,0.0000,0.0000,0.0000,0.0000,0.0000,0.0000,0.0000,0.0000,0.0000,0.0000,0.0000,0.0000,0.0000,0.0000,0.0000,0.0000,0.0000,0.0000,0.0000,0.0000,0.0000,0.0000,286.7602,320.8642,289.0537,317.7198,301.1947,298.9810,317.8157,317.7217,336.7653,312.0780,350.4689,347.2076,336.2354,345.9400,359.1599,358.2607,351.5550,355.0064,399.7637,404.1242,430.3222,383.5864,402.7724,455.0288,443.3146,459.1498,509.3971,507.6089,477.1717,510.9728,518.5032,473.9518,510.8053,554.7069,534.7976,548.4221,558.9254,627.6873,670.8472,658.3829,639.4014,647.3492,649.7079,619.7011,636.3169,697.7792,711.3978,724.3183,688.4814,731.4760,696.8877,723.7863,770.5968,753.4202,762.6788,747.5425,795.8933,865.7159,836.2469,841.1639,840.2283,808.8270,866.5381,832.7240,870.6794,890.7642,888.6523,952.3245,974.1859,972.8663,897.3836,879.0153,916.0526,901.2297,934.0880,946.4837,959.2020,965.2003,961.1848,1001.8752,939.9186,967.0830,905.4747,989.1415,973.7296,969.1467,1036.8232,1047.5103,977.8179,1002.0954,1006.7407,949.2415,992.9231,947.4550,888.1683,891.0731,932.9527,902.3855,894.3342,890.2321,887.4563,952.3244,914.1213,955.3180,887.8428,898.1318,924.7017,903.3992,906.6287,945.4863,938.9754,917.6287,908.7511,903.6243,948.0056,920.2679,961.1160,1009.0098,990.1940,1016.0672,949.5535,1026.1492,992.0508,962.8920,959.5921,919.2055,831.8025,855.2619,853.7648,798.9326,814.3662,813.1686,760.6158,837.1265,718.5589,734.2990,707.8082,739.6066,742.4473,675.7982,663.4882,661.9980,671.0132,675.2599,694.1703,663.4993,668.5325,726.0051,650.4434,615.8367,632.5093,644.3156,626.8829,624.4107,613.8029,634.4514,574.3937,586.5188,630.1691,582.7087,598.5961,501.2264,486.9303,559.8387,601.9786,535.7418,499.4111,489.0348,530.1675,455.0620,445.0876,489.3337,458.9470,390.5476,449.0733,408.3799,398.9421,432.1322,384.8804,354.5979,371.6980,328.4985,315.6546,312.5469,332.0625,325.0375,256.6156,245.2641,275.4141,251.6637,235.1903,221.4122,194.1729,187.7097,0.0000,0.0000,0.0000,0.0000,0.0000,0.0000,0.0000,0.0000,0.0000,0.0000,0.0000,0.0000,0.0000,0.0000,0.0000,0.0000,0.0000,0.0000,0.0000,0.0000,0.0000,0.0000,0.0000,0.0000,0.0000,0.0000,0.0000,0.0000,0.0000,0.0000,0.0000,0.0000,0.0000,0.0000,0.0000,0.0000,0.0000,0.0000,0.0000,0.0000,0.0000,0.0000,0.0000,0.0000,0.0000,0.0000,0.0000,0.0000,0.0000,0.0000,0.0000,0.0000,0.0000,0.0000,0.0000,0.0000,0.0000,0.0000,0.0000,0.0000,0.0000,0.0000,0.0000,0.0000,0.0000,0.0000,0.0000,0.0000,0.0000,0.0000,0.0000,0.0000,0.0000,0.0000,0.0000,0.0000,0.0000,0.0000,0.0000,0.0000,0.0000,0.0000,0.0000,0.0000,0.0000,0.0000,0.0000,0.0000,0.0000,0.0000,0.0000,0.0000,0.0000,0.0000,0.0000,0.0000,0.0000,0.0000,0.0000,0.0000,0.0000,0.0000,0.0000
0.0000,0.0000,0.0000,0.0000,0.0000,0.0000,0.0000,0.0000,0.0000,0.0000,0.0000,0.0000,0.0000,0.0000,0.0000,0.0000,0.0000,0.0000,0.0000,0.0000,0.0000,0.0000,0.0000,0.0000,0.0000,0.0000,0.0000,0.0000,0.0000,0.0000,0.0000,0.0000,0.0000,0.0000,0.0000,0.0000,0.0000,0.0000,0.0000,0.0000,0.0000,0.0000,0.0000,0.0000,0.0000,0.0000,0.0000,0.0000,0.0000,0.0000,0.0000,0.0000,0.0000,0.0000,0.0000,0.0000,0.0000,0.0000,0.0000,0.0000,0.0000,0.0000,0.0000,0.0000,0.0000,0.0000,0.0000,0.0000,0.0000,0.0000,0.0000,0.0000,0.0000,0.0000,0.0000,0.0000,0.0000,0.0000,0.0000,0.0000,0.0000,0.0000,0.0000,0.0000,0.0000,0.0000,0.0000,0.0000,0.0000,0.0000,0.0000,0.0000,0.0000,0.0000,0.0000,0.0000,0.0000,0.0000,0.0000,0.0000,0.0000,0.0000,0.0000,0.0000,0.0000,294.2153,297.1612,274.5842,283.8223,303.3350,277.0845,326.4338,293.4048,301.0742,318.4906,361.6713,321.9149,317.1288,315.9485,279.2071,351.0023,344.2172,406.8777,412.7096,396.9137,367.9135,364.7485,441.2363,487.4488,451.3630,421.9482,471.7140,413.7807,465.1558,525.4464,466.4667,470.5322,531.0436,565.6010,603.3207,590.7601,578.2972,618.4097,577.9669,578.6132,633.4691,649.4703,620.1014,707.6525,667.7014,636.0785,708.5327,669.7675,712.5525,696.1950,712.1516,748.5859,771.3351,778.2911,837.0704,820.0071,804.1328,819.8949,773.7206,800.8551,807.8864,810.3937,848.2755,880.8776,867.9985,881.5870,926.4916,940.9675,901.8380,883.5952,943.5861,913.2381,914.6084,953.5189,920.6289,889.5741,932.2934,993.2637,901.8793,934.8332,913.8321,930.9596,1012.2249,946.3177,923.9356,933.7156,954.3728,906.4966,937.5058,926.1493,878.3754,840.9171,911.0681,874.4020,901.2466,892.5510,865.6603,872.0336,927.6689,841.6520,927.8354,927.3439,879.8844,875.3916,875.8729,830.4070,891.3163,897.2184,920.1838,969.6334,913.6054,908.5601,904.0736,863.2758,915.7462,901.1265,913.4569,940.5776,964.8190,984.8530,916.3550,880.4974,891.3268,847.5702,860.0708,874.7380,787.2926,838.7034,822.3265,782.1691,772.8165,724.0394,715.7119,725.3508,685.5909,678.1488,662.9732,648.2792,661.7142,675.9594,651.3838,705.6754,630.1269,680.0354,680.4792,638.0381,618.8037,625.6522,652.6669,644.5956,611.8436,578.1031,579.7542,604.4888,620.6985,587.8376,575.8742,553.1470,563.1187,537.8102,563.8686,547.9449,513.2933,566.8852,519.4177,477.5296,489.2546,413.8140,435.8794,469.7987,446.7296,445.4565,409.2750,382.9644,391.6084,369.6415,359.6384,406.2808,341.0847,340.7655,326.8805,276.8867,244.2016,324.4276,229.3206,254.6926,248.7984,239.4907,216.0918,142.7647,0.0000,0.0000,0.0000,0.0000,0.0000,0.0000,0.0000,0.0000,0.0000,0.0000,0.0000,0.0000,0.0000,0.0000,0.0000,0.0000,0.0000,0.0000,0.0000,0.0000,0.0000,0.0000,0.0000,0.0000,0.0000,0.0000,0.0000,0.0000,0.0000,0.0000,0.0000,0.0000,0.0000,0.0000,0.0000,0.0000,0.0000,0.0000,0.0000,0.0000,0.0000,0.0000,0.0000,0.0000,0.0000,0.0000,0.0000,0.0000,0.0000,0.0000,0.0000,0.0000,0.0000,0.0000,0.0000,0.0000,0.0000,0.0000,0.0000,0.0000,0.0000,0.0000,0.0000,0.0000,0.0000,0.0000,0.0000,0.0000,0.0000,0.0000,0.0000,0.0000,0.0000,0.0000,0.0000,0.0000,0.0000,0.0000,0.0000,0.0000,0.0000,0.0000,0.0000,0.0000,0.0000,0.0000,0.0000,0.0000,0.0000,0.0000,0.0000,0.0000,0.0000,0.0000,0.0000,0.0000,0.0000,0.0000,0.0000,0.0000,0.0000,0.0000,0.0000,0.0000,0.0000
0.0000,0.0000,0.0000,0.0000,0.0000,0.0000,0.0000,0.0000,0.0000,0.0000,0.0000,0.0000,0.0000,0.0000,0.0000,0.0000,0.0000,0.0000,0.0000,0.0000,0.0000,0.0000,0.0000,0.0000,0.0000,0.0000,0.0000,0.0000,0.0000,0.0000,0.0000,0.0000,0.0000,0.0000,0.0000,0.0000,0.0000,0.0000,0.0000,0.0000,0.0000,0.0000,0.0000,0.0000,0.0000,0.0000,0.0000,0.0000,0.0000,0.0000,0.0000,0.0000,0.0000,0.0000,0.0000,0.0000,0.0000,0.0000,0.0000,0.0000,0.0000,0.0000,0.0000,0.0000,0.0000,0.0000,0.0000,0.0000,0.0000,0.0000,0.0000,0.0000,0.0000,0.0000,0.0000,0.0000,0.0000,0.0000,0.0000,0.0000,0.0000,0.0000,0.0000,0.0000,0.0000,0.0000,0.0000,0.0000,0.0000,0.0000,0.0000,0.0000,0.0000,0.0000,0.0000,0.0000,0.0000,0.0000,0.0000,0.0000,0.0000,0.0000,0.0000,0.0000,0.0000,0.0000,0.0000,310.8640,300.7355,305.4328,288.8450,285.6433,297.6051,323.2222,291.0132,304.7837,283.4665,302.5764,321.8773,306.9302,322.6884,372.8686,322.2371,401.0815,375.4783,409.6297,380.9894,397.6732,430.5205,453.9780,412.2579,441.1908,460.1113,470.5982,510.7786,490.9592,515.1514,548.9670,543.1105,544.7220,568.6265,553.8554,532.6109,596.3336,616.0382,583.8409,599.9186,606.4350,674.4891,685.3588,643.2794,653.9953,648.6007,664.9183,680.9359,740.2352,720.3600,747.8718,782.0059,737.7972,784.0660,820.9716,789.1391,784.2699,831.7053,762.7888,790.3105,803.4168,789.1735,878.7136,888.5980,900.9512,881.8616,881.1592,863.5709,873.6146,849.6612,842.0945,881.5086,873.8732,856.8326,902.9300,924.7195,942.3964,912.5805,897.3362,886.7488,908.2690,905.3188,863.2313,902.2339,866.7040,900.2669,870.9001,945.4230,869.5919,807.1651,824.1646,807.5479,828.2166,874.5068,846.9203,846.4252,834.6638,848.7731,836.8738,849.1828,845.9050,864.4050,896.0529,872.1606,914.1038,816.9109,877.6216,884.8609,901.2786,871.1993,915.1770,881.4802,873.6340,879.5391,935.5966,900.7849,900.6316,913.2933,877.3500,843.1595,849.6216,798.1889,828.4586,815.5471,803.4337,772.5275,694.8061,710.2484,717.0297,712.5606,686.7718,665.9517,623.6021,649.3326,690.1207,611.1890,613.2651,649.8506,656.7449,601.9003,618.2990,636.1619,624.4854,604.1017,575.2725,621.4880,611.7924,574.1926,555.8387,560.4108,597.5008,524.8545,581.8820,585.0782,562.9753,525.1292,529.8083,519.9953,520.5382,539.8286,513.0038,482.7078,470.4662,450.3176,441.2844,412.0916,387.3814,427.9603,419.4452,418.8906,341.6000,392.7119,328.9977,340.6648,357.8972,348.4566,286.4098,316.4890,248.8479,228.2699,242.9040,238.8175,212.2927,247.8840,211.0555,205.0238,0.0000,0.0000,0.0000,0.0000,0.0000,0.0000,0.0000,0.0000,0.0000,0.0000,0.0000,0.0000,0.0000,0.0000,0.0000,0.0000,0.0000,0.0000,0.0000,0.0000,0.0000,0.0000,0.0000,0.0000,0.0000,0.0000,0.0000,0.0000,0.0000,0.0000,0.0000,0.0000,0.0000,0.0000,0.0000,0.0000,0.0000,0.0000,0.0000,0.0000,0.0000,0.0000,0.0000,0.0000,0.0000,0.0000,0.0000,0.0000,0.0000,0.0000,0.0000,0.0000,0.0000,0.0000,0.0000,0.0000,0.0000,0.0000,0.0000,0.0000,0.0000,0.0000,0.0000,0.0000,0.0000,0.0000,0.0000,0.0000,0.0000,0.0000,0.0000,0.0000,0.0000,0.0000,0.0000,0.0000,0.0000,0.0000,0.0000,0.0000,0.0000,0.0000,0.0000,0.0000,0.0000,0.0000,0.0000,0.0000,0.0000,0.0000,0.0000,0.0000,0.0000,0.0000,0.0000,0.0000,0.0000,0.0000,0.0000,0.0000,0.0000,0.0000,0.0000,0.0000,0.0000,0.0000,0.0000
0.0000,0.0000,0.0000,0.0000,0.0000,0.0000,0.0000,0.0000,0.0000,0.0000,0.0000,0.0000,0.0000,0.0000,0.0000,0.0000,0.0000,0.0000,0.0000,0.0000,0.0000,0.0000,0.0000,0.0000,0.0000,0.0000,0.0000,0.0000,0.0000,0.0000,0.0000,0.0000,0.0000,0.0000,0.0000,0.0000,0.0000,0.0000,0.0000,0.0000,0.0000,0.0000,0.0000,0.0000,0.0000,0.0000,0.0000,0.0000,0.0000,0.0000,0.0000,0.0000,0.0000,0.0000,0.0000,0.0000,0.0000,0.0000,0.0000,0.0000,0.0000,0.0000,0.0000,0.0000,0.0000,0.0000,0.0000,0.0000,0.0000,0.0000,0.0000,0.0000,0.0000,0.0000,0.0000,0.0000,0.0000,0.0000,0.0000,0.0000,0.0000,0.0000,0.0000,0.0000,0.0000,0.0000,0.0000,0.0000,0.0000,0.0000,0.0000,0.0000,0.0000,0.0000,0.0000,0.0000,0.0000,0.0000,0.0000,0.0000,0.0000,0.0000,0.0000,0.0000,0.0000,0.0000,0.0000,0.0000,247.1315,263.6755,263.1665,275.9948,239.3397,256.3896,249.7249,334.3716,265.1439,324.8298,278.0220,287.7024,306.6449,324.8616,382.2924,332.2797,289.7544,349.7981,379.5179,342.4488,370.1882,359.6864,400.6765,460.6318,489.6630,418.9500,422.6956,423.0790,473.0472,513.4285,504.0125,466.8167,513.7711,545.1270,558.1426,567.2729,521.2195,542.8446,512.3787,578.1024,595.3870,624.7347,634.0943,629.8635,652.5257,688.9850,659.9515,698.2796,732.6037,667.4711,711.9745,681.2857,771.8560,799.6314,759.0991,718.5749,758.7197,707.8787,806.6213,780.0843,825.9694,824.2927,911.9066,922.5927,872.7181,909.5492,805.1215,833.6642,842.8815,810.5198,797.8357,869.6500,855.1037,892.0266,878.6565,896.6339,907.5760,891.6710,841.5398,831.6644,851.1371,871.8995,858.6828,882.3844,859.5236,851.3318,833.9919,802.0377,843.1439,868.6988,858.3254,811.7300,858.5006,838.5985,837.2041,840.1456,822.8546,804.6537,848.4125,890.3282,862.9489,845.6209,878.5746,887.7417,838.1519,865.2283,794.0859,884.3452,863.9484,851.1177,850.8895,830.1748,877.6352,892.0226,833.9575,887.1844,839.6610,845.9850,820.1802,822.9922,772.8628,703.3159,769.5306,742.3203,661.8077,716.2953,679.3896,643.2078,689.5357,654.9202,625.9559,606.4304,622.1403,600.0255,594.5424,576.5453,560.9933,578.6030,634.8699,620.8817,638.0131,571.9294,568.5288,576.9651,561.3153,598.8605,577.8376,565.4334,553.2670,593.6274,571.2237,518.5415,543.6978,543.9320,545.0232,529.6605,514.0738,499.3291,484.2531,514.8398,462.7990,476.6515,387.8874,417.5124,431.0520,383.2850,408.2294,380.5855,366.5026,344.9667,326.4703,279.3138,304.4812,352.1323,327.0666,287.3519,275.4935,259.0388,195.1309,237.2771,258.6108,202.7231,153.2604,186.4276,0.0000,0.0000,0.0000,0.0000,0.0000,0.0000,0.0000,0.0000,0.0000,0.0000,0.0000,0.0000,0.0000,0.0000,0.0000,0.0000,0.0000,0.0000,0.0000,0.0000,0.0000,0.0000,0.0000,0.0000,0.0000,0.0000,0.0000,0.0000,0.0000,0.0000,0.0000,0.0000,0.0000,0.0000,0.0000,0.0000,0.0000,0.0000,0.0000,0.0000,0.0000,0.0000,0.0000,0.0000,0.0000,0.0000,0.0000,0.0000,0.0000,0.0000,0.0000,0.0000,0.0000,0.0000,0.0000,0.0000,0.0000,0.0000,0.0000,0.0000,0.0000,0.0000,0.0000,0.0000,0.0000,0.0000,0.0000,0.0000,0.0000,0.0000,0.0000,0.0000,0.0000,0.0000,0.0000,0.0000,0.0000,0.0000,0.0000,0.0000,0.0000,0.0000,0.0000,0.0000,0.0000,0.0000,0.0000,0.0000,0.0000,0.0000,0.0000,0.0000,0.0000,0.0000,0.0000,0.0000,0.0000,0.0000,0.0000,0.0000,0.0000,0.0000,0.0000,0.0000,0.0000,0.0000,0.0000,0.0000
0.0000,0.0000,0.0000,0.0000,0.0000,0.0000,0.0000,0.0000,0.0000,0.0000,0.0000,0.0000,0.0000,0.0000,0.0000,0.0000,0.0000,0.0000,0.0000,0.0000,0.0000,0.0000,0.0000,0.0000,0.0000,0.0000,0.0000,0.0000,0.0000,0.0000,0.0000,0.0000,0.0000,0.0000,0.0000,0.0000,0.0000,0.0000,0.0000,0.0000,0.0000,0.0000,0.0000,0.0000,0.0000,0.0000,0.0000,0.0000,0.0000,0.0000,0.0000,0.0000,0.0000,0.0000,0.0000,0.0000,0.0000,0.0000,0.0000,0.0000,0.0000,0.0000,0.0000,0.0000,0.0000,0.0000,0.0000,0.0000,0.0000,0.0000,0.0000,0.0000,0.0000,0.0000,0.0000,0.0000,0.0000,0.0000,0.0000,0.0000,0.0000,0.0000,0.0000,0.0000,0.0000,0.0000,0.0000,0.0000,0.0000,0.0000,0.0000,0.0000,0.0000,0.0000,0.0000,0.0000,0.0000,0.0000,0.0000,0.0000,0.0000,0.0000,0.0000,0.0000,0.0000,0.0000,0.0000,0.0000,0.0000,0.0000,223.5173,282.9661,303.6683,240.6464,281.5654,259.8913,300.7386,345.9288,276.5348,296.6469,321.3037,293.6440,400.2365,332.0115,343.7960,348.0707,334.1981,383.4707,353.7016,385.3842,410.8964,423.4186,397.2885,443.7699,410.7398,505.3664,495.2415,498.9827,505.6519,519.6854,527.7153,485.0610,517.8870,520.6268,558.1246,537.3667,536.7858,613.1949,599.5115,671.4719,643.0202,611.0800,642.7503,675.8939,643.5458,677.4387,684.5938,654.1592,752.5673,700.4185,737.0349,735.6196,708.7171,722.9026,724.4057,750.9144,782.6257,758.2981,824.5674,828.0612,826.3377,755.5198,837.4803,892.8802,842.2888,818.7416,851.6796,833.1925,825.7411,841.9960,871.6641,831.4566,827.0233,892.8281,786.5153,823.4374,825.8328,867.7689,865.1378,818.7240,817.2809,830.0996,822.1422,828.3995,859.9777,836.9922,847.9366,838.8136,855.8618,821.6678,845.4126,796.9265,889.8069,842.7018,877.8350,832.9691,896.9098,889.4633,873.7591,912.4999,853.0147,812.3057,856.3592,837.8329,853.0297,854.8346,779.5167,789.4878,842.7285,841.9061,833.3859,793.1181,755.8707,871.2077,826.4529,758.7369,780.6956,733.3528,738.4133,665.5010,669.9313,689.4111,688.8599,695.7573,725.1096,631.3400,631.6852,650.8268,588.5523,579.0962,561.9253,582.1736,596.1677,547.8672,603.3865,583.8468,617.1941,585.9150,608.4997,604.3819,595.8428,553.9096,547.6985,611.8970,610.0751,625.8724,587.6260,559.4241,566.2472,520.5362,579.3017,523.7618,515.1370,524.4210,528.9421,455.8159,484.4434,511.6832,426.5146,451.3011,436.1794,386.8278,450.3963,363.1728,332.4765,369.6242,345.8400,345.6402,320.6336,343.9247,316.1030,309.1883,346.3123,313.2437,280.1516,253.7776,239.9827,190.4170,183.2326,199.0324,0.0000,0.0000,0.0000,0.0000,0.0000,0.0000,0.0000,0.0000,0.0000,0.0000,0.0000,0.0000,0.0000,0.0000,0.0000,0.0000,0.0000,0.0000,0.0000,0.0000,0.0000,0.0000,0.0000,0.0000,0.0000,0.0000,0.0000,0.0000,0.0000,0.0000,0.0000,0.0000,0.0000,0.0000,0.0000,0.0000,0.0000,0.0000,0.0000,0.0000,0.0000,0.0000,0.0000,0.0000,0.0000,0.0000,0.0000,0.0000,0.0000,0.0000,0.0000,0.0000,0.0000,0.0000,0.0000,0.0000,0.0000,0.0000,0.0000,0.0000,0.0000,0.0000,0.0000,0.0000,0.0000,0.0000,0.0000,0.0000,0.0000,0.0000,0.0000,0.0000,0.0000,0.0000,0.0000,0.0000,0.0000,0.0000,0.0000,0.0000,0.0000,0.0000,0.0000,0.0000,0.0000,0.0000,0.0000,0.0000,0.0000,0.0000,0.0000,0.0000,0.0000,0.0000,0.0000,0.0000,0.0000,0.0000,0.0000,0.0000,0.0000,0.0000,0.0000,0.0000,0.0000,0.0000,0.0000,0.0000,0.0000,0.0000
0.0000,0.0000,0.0000,0.0000,0.0000,0.0000,0.0000,0.0000,0.0000,0.0000,0.0000,0.0000,0.0000,0.0000,0.0000,0.0000,0.0000,0.0000,0.0000,0.0000,0.0000,0.0000,0.0000,0.0000,0.0000,0.0000,0.0000,0.0000,0.0000,0.0000,0.0000,0.0000,0.0000,0.0000,0.0000,0.0000,0.0000,0.0000,0.0000,0.0000,0.0000,0.0000,0.0000,0.0000,0.0000,0.0000,0.0000,0.0000,0.0000,0.0000,0.0000,0.0000,0.0000,0.0000,0.0000,0.0000,0.0000,0.0000,0.0000,0.0000,0.0000,0.0000,0.0000,0.0000,0.0000,0.0000,0.0000,0.0000,0.0000,0.0000,0.0000,0.0000,0.0000,0.0000,0.0000,0.0000,0.0000,0.0000,0.0000,0.0000,0.0000,0.0000,0.0000,0.0000,0.0000,0.0000,0.0000,0.0000,0.0000,0.0000,0.0000,0.0000,0.0000,0.0000,0.0000,0.0000,0.0000,0.0000,0.0000,0.0000,0.0000,0.0000,0.0000,0.0000,0.0000,0.0000,0.0000,0.0000,0.0000,0.0000,0.0000,0.0000,265.1789,245.2874,228.9485,240.1961,263.2560,264.7436,263.3536,255.4610,270.1813,255.0166,276.4052,311.7505,304.1432,295.4539,290.1603,320.5424,344.1774,361.1142,343.2519,369.4734,363.8430,423.1827,411.3564,420.9492,471.9538,473.9555,421.8615,478.5311,460.8683,512.3231,504.5365,558.4683,485.5454,513.8226,552.5782,560.7211,566.5206,597.9379,620.1179,542.5859,623.1669,636.4081,659.3288,671.8394,703.7068,651.5974,654.6370,710.1677,709.4689,673.3305,727.9927,675.5194,742.2809,759.2268,716.4471,694.3372,727.3779,737.1454,791.9515,812.1300,790.7409,802.0765,813.4234,817.2112,799.2773,781.4138,810.9984,811.2585,792.9365,788.3488,799.6598,824.4423,815.6678,825.3669,785.5557,762.8487,744.8817,793.0223,818.5445,820.5933,804.2487,817.2235,799.5368,827.1332,797.9598,759.6494,762.1356,769.6649,854.2170,844.8396,811.7504,829.1450,844.8315,821.7659,818.4407,841.3646,801.0111,841.0110,832.1381,812.2110,818.9532,795.1934,812.7953,758.9874,760.4759,792.4549,735.7924,764.8992,775.4761,773.5057,759.8224,746.9857,768.4469,755.4382,727.2139,651.1097,713.7893,650.0689,648.5609,635.7641,599.2779,616.8371,615.8921,622.4380,613.5278,580.2711,566.3853,555.2563,566.0742,589.1215,559.0263,552.0156,518.2333,569.9998,596.9737,562.1384,531.9200,556.1173,558.8879,603.0989,575.5497,595.1241,528.3771,555.0040,582.2122,505.9669,518.0879,509.6325,509.4650,530.3184,507.5085,446.3878,434.2070,463.6685,467.0232,431.1185,432.4887,444.4651,388.2417,387.1713,368.0959,362.9627,367.9183,347.5602,329.0714,312.2107,338.9690,328.0140,304.8293,248.8702,274.6121,259.5915,194.6347,234.4984,226.8578,192.7587,0.0000,0.0000,0.0000,0.0000,0.0000,0.0000,0.0000,0.0000,0.0000,0.0000,0.0000,0.0000,0.0000,0.0000,0.0000,0.0000,0.0000,0.0000,0.0000,0.0000,0.0000,0.0000,0.0000,0.0000,0.0000,0.0000,0.0000,0.0000,0.0000,0.0000,0.0000,0.0000,0.0000,0.0000,0.0000,0.0000,0.0000,0.0000,0.0000,0.0000,0.0000,0.0000,0.0000,0.0000,0.0000,0.0000,0.0000,0.0000,0.0000,0.0000,0.0000,0.0000,0.0000,0.0000,0.0000,0.0000,0.0000,0.0000,0.0000,0.0000,0.0000,0.0000,0.0000,0.0000,0.0000,0.0000,0.0000,0.0000,0.0000,0.0000,0.0000,0.0000,0.0000,0.0000,0.0000,0.0000,0.0000,0.0000,0.0000,0.0000,0.0000,0.0000,0.0000,0.0000,0.0000,0.0000,0.0000,0.0000,0.0000,0.0000,0.0000,0.0000,0.0000,0.0000,0.0000,0.0000,0.0000,0.0000,0.0000,0.0000,0.0000,0.0000,0.0000,0.0000,0.0000,0.0000,0.0000,0.0000,0.0000,0.0000,0.0000,0.0000
0.0000,0.0000,0.0000,0.0000,0.0000,0.0000,0.0000,0.0000,0.0000,0.0000,0.0000,0.0000,0.0000,0.0000,0.0000,0.0000,0.0000,0.0000,0.0000,0.0000,0.0000,0.0000,0.0000,0.0000,0.0000,0.0000,0.0000,0.0000,0.0000,0.0000,0.0000,0.0000,0.0000,0.0000,0.0000,0.0000,0.0000,0.0000,0.0000,0.0000,0.0000,0.0000,0.0000,0.0000,0.0000,0.0000,0.0000,0.0000,0.0000,0.0000,0.0000,0.0000,0.0000,0.0000,0.0000,0.0000,0.0000,0.0000,0.0000,0.0000,0.0000,0.0000,0.0000,0.0000,0.0000,0.0000,0.0000,0.0000,0.0000,0.0000,0.0000,0.0000,0.0000,0.0000,0.0000,0.0000,0.0000,0.0000,0.0000,0.0000,0.0000,0.0000,0.0000,0.0000,0.0000,0.0000,0.0000,0.0000,0.0000,0.0000,0.0000,0.0000,0.0000,0.0000,0.0000,0.0000,0.0000,0.0000,0.0000,0.0000,0.0000,0.0000,0.0000,0.0000,0.0000,0.0000,0.0000,0.0000,0.0000,0.0000,0.0000,0.0000,0.0000,233.5935,217.5253,241.1512,221.1439,248.7936,223.3701,242.0473,262.7621,296.4857,256.2404,272.0307,267.0265,301.2534,255.0408,316.3957,300.5479,301.0503,366.3925,359.7027,415.2451,370.6871,392.9911,381.1461,428.5731,390.5760,436.4171,429.3605,481.1949,465.5898,448.9271,498.2152,482.5347,463.3803,535.7866,528.5758,549.7164,571.4174,584.6924,616.3318,552.2184,638.4062,609.3266,600.6008,655.9660,621.5233,629.1065,667.3753,629.1745,650.2030,642.6470,644.9778,647.0749,710.9388,701.1413,725.2021,722.6758,697.9264,741.8994,725.6976,723.0709,760.5272,793.1448,750.9893,775.2988,753.8506,744.4963,747.7957,753.8063,770.3910,742.8140,783.4657,793.1273,734.1868,764.1866,730.1093,718.1348,748.8713,752.0352,760.1064,815.0922,785.1124,777.9575,807.4915,758.8455,794.2418,786.2803,770.6547,780.7119,801.7081,786.0627,825.3575,846.6601,823.4536,834.6498,823.1279,855.3741,849.5716,769.9208,760.4242,842.5568,795.9495,741.9147,712.8560,719.7415,695.4419,735.4941,710.3857,672.3167,718.1167,763.3497,692.4215,717.9103,703.2913,663.4680,659.5921,684.6792,662.9442,631.8564,620.1508,599.4530,614.4619,599.9492,628.1100,623.4045,607.1723,601.0753,600.1685,550.5699,538.4933,552.5544,559.5220,519.8801,554.0001,581.3417,567.9354,529.2255,568.9952,533.0847,545.3729,569.1028,523.7373,582.9873,571.4747,528.4387,530.8738,498.3960,451.3184,464.1442,511.2078,463.4298,444.2454,442.9076,464.1506,442.9442,397.9322,428.3773,400.7781,343.0536,375.3846,362.5434,355.3454,373.6206,346.0191,322.6526,268.2226,308.2088,278.6710,276.0503,289.3871,258.2476,254.1150,228.7699,241.2557,209.2135,0.0000,0.0000,0.0000,0.0000,0.0000,0.0000,0.0000,0.0000,0.0000,0.0000,0.0000,0.0000,0.0000,0.0000,0.0000,0.0000,0.0000,0.0000,0.0000,0.0000,0.0000,0.0000,0.0000,0.0000,0.0000,0.0000,0.0000,0.0000,0.0000,0.0000,0.0000,0.0000,0.0000,0.0000,0.0000,0.0000,0.0000,0.0000,0.0000,0.0000,0.0000,0.0000,0.0000,0.0000,0.0000,0.0000,0.0000,0.0000,0.0000,0.0000,0.0000,0.0000,0.0000,0.0000,0.0000,0.0000,0.0000,0.0000,0.0000,0.0000,0.0000,0.0000,0.0000,0.0000,0.0000,0.0000,0.0000,0.0000,0.0000,0.0000,0.0000,0.0000,0.0000,0.0000,0.0000,0.0000,0.0000,0.0000,0.0000,0.0000,0.0000,0.0000,0.0000,0.0000,0.0000,0.0000,0.0000,0.0000,0.0000,0.0000,0.0000,0.0000,0.0000,0.0000,0.0000,0.0000,0.0000,0.0000,0.0000,0.0000,0.0000,0.0000,0.0000,0.0000,0.0000,0.0000,0.0000,0.0000,0.0000,0.0000,0.0000,0.0000,0.0000
0.0000,0.0000,0.0000,0.0000,0.0000,0.0000,0.0000,0.0000,0.0000,0.0000,0.0000,0.0000,0.0000,0.0000,0.0000,0.0000,0.0000,0.0000,0.0000,0.0000,0.0000,0.0000,0.0000,0.0000,0.0000,0.0000,0.0000,0.0000,0.0000,0.0000,0.0000,0.0000,0.0000,0.0000,0.0000,0.0000,0.0000,0.0000,0.0000,0.0000,0.0000,0.0000,0.0000,0.0000,0.0000,0.0000,0.0000,0.0000,0.0000,0.0000,0.0000,0.0000,0.0000,0.0000,0.0000,0.0000,0.0000,0.0000,0.0000,0.0000,0.0000,0.0000,0.0000,0.0000,0.0000,0.0000,0.0000,0.0000,0.0000,0.0000,0.0000,0.0000,0.0000,0.0000,0.0000,0.0000,0.0000,0.0000,0.0000,0.0000,0.0000,0.0000,0.0000,0.0000,0.0000,0.0000,0.0000,0.0000,0.0000,0.0000,0.0000,0.0000,0.0000,0.0000,0.0000,0.0000,0.0000,0.0000,0.0000,0.0000,0.0000,0.0000,0.0000,0.0000,0.0000,0.0000,0.0000,0.0000,0.0000,0.0000,0.0000,0.0000,0.0000,0.0000,0.0000,213.7041,189.1973,249.5090,265.0150,218.8624,231.7398,226.1115,242.8592,301.0371,282.4683,263.4663,267.0665,307.4121,300.1488,320.0518,342.8387,307.3790,377.9937,410.7137,371.9576,368.4087,387.4134,406.0899,479.0478,389.4487,466.6133,426.9671,422.4194,460.0754,487.0602,504.5910,538.5848,560.1423,544.6670,557.1396,566.6544,567.8712,583.4949,631.3242,564.7065,628.4340,649.2275,629.4528,621.9323,673.3837,597.4666,645.4928,581.7144,607.5565,611.4937,645.5189,641.3374,668.1282,674.3008,674.1061,701.6077,669.6631,693.5651,734.6191,791.4185,749.2296,717.2758,738.7098,788.5565,726.6776,732.8268,671.6163,715.1941,783.7928,767.6228,756.4398,736.6790,703.6135,718.8298,733.8508,724.8432,720.6579,752.3674,763.0941,747.3329,777.8558,772.5562,757.8430,717.2986,755.4355,783.6506,768.0778,817.0930,787.4302,812.5174,845.8494,831.0137,807.5128,830.4403,774.8168,789.5484,773.8914,743.5231,776.6553,747.0284,688.3967,676.5245,611.6214,673.7544,672.1189,651.8353,626.8797,689.2100,638.2856,703.5469,668.3649,617.7394,589.7520,644.1924,603.1429,638.7686,585.5009,592.9886,624.1140,602.1224,644.8825,561.4403,537.6703,570.7905,503.8293,535.1174,548.3486,524.2631,572.3539,579.2112,598.9362,535.5226,505.4792,514.0329,552.1698,490.0727,556.1654,571.9430,497.0172,525.4404,525.8795,537.1943,479.5551,489.9051,526.4440,522.0951,496.3261,453.6147,543.2413,463.3921,414.3151,407.8665,414.2122,350.2960,402.0958,364.7737,332.4814,325.8567,342.3638,299.3755,299.9647,300.9144,271.0165,286.0158,253.1308,242.2328,269.7232,228.2296,245.6281,195.0841,0.0000,0.0000,0.0000,0.0000,0.0000,0.0000,0.0000,0.0000,0.0000,0.0000,0.0000,0.0000,0.0000,0.0000,0.0000,0.0000,0.0000,0.0000,0.0000,0.0000,0.0000,0.0000,0.0000,0.0000,0.0000,0.0000,0.0000,0.0000,0.0000,0.0000,0.0000,0.0000,0.0000,0.0000,0.0000,0.0000,0.0000,0.0000,0.0000,0.0000,0.0000,0.0000,0.0000,0.0000,0.0000,0.0000,0.0000,0.0000,0.0000,0.0000,0.0000,0.0000,0.0000,0.0000,0.0000,0.0000,0.0000,0.0000,0.0000,0.0000,0.0000,0.0000,0.0000,0.0000,0.0000,0.0000,0.0000,0.0000,0.0000,0.0000,0.0000,0.0000,0.0000,0.0000,0.0000,0.0000,0.0000,0.0000,0.0000,0.0000,0.0000,0.0000,0.0000,0.0000,0.0000,0.0000,0.0000,0.0000,0.0000,0.0000,0.0000,0.0000,0.0000,0.0000,0.0000,0.0000,0.0000,0.0000,0.0000,0.0000,0.0000,0.0000,0.0000,0.0000,0.0000,0.0000,0.0000,0.0000,0.0000,0.0000,0.0000,0.0000,0.0000,0.0000,0.0000
0.0000,0.0000,0.0000,0.0000,0.0000,0.0000,0.0000,0.0000,0.0000,0.0000,0.0000,0.0000,0.0000,0.0000,0.0000,0.0000,0.0000,0.0000,0.0000,0.0000,0.0000,0.0000,0.0000,0.0000,0.0000,0.0000,0.0000,0.0000,0.0000,0.0000,0.0000,0.0000,0.0000,0.0000,0.0000,0.0000,0.0000,0.0000,0.0000,0.0000,0.0000,0.0000,0.0000,0.0000,0.0000,0.0000,0.0000,0.0000,0.0000,0.0000,0.0000,0.0000,0.0000,0.0000,0.0000,0.0000,0.0000,0.0000,0.0000,0.0000,0.0000,0.0000,0.0000,0.0000,0.0000,0.0000,0.0000,0.0000,0.0000,0.0000,0.0000,0.0000,0.0000,0.0000,0.0000,0.0000,0.0000,0.0000,0.0000,0.0000,0.0000,0.0000,0.0000,0.0000,0.0000,0.0000,0.0000,0.0000,0.0000,0.0000,0.0000,0.0000,0.0000,0.0000,0.0000,0.0000,0.0000,0.0000,0.0000,0.0000,0.0000,0.0000,0.0000,0.0000,0.0000,0.0000,0.0000,0.0000,0.0000,0.0000,0.0000,0.0000,0.0000,0.0000,0.0000,0.0000,0.0000,219.8818,255.3811,251.9375,236.2663,208.2806,253.7963,261.3902,260.4098,280.9901,285.7291,279.0885,259.6548,283.8521,333.9051,322.9712,306.3396,369.4532,356.0376,348.9443,368.3515,351.4266,391.4055,409.7390,368.9334,406.1920,389.6476,415.5240,461.3642,512.0728,475.0578,518.1343,504.3445,525.8306,555.6739,516.1006,586.2007,558.5610,588.4618,579.0336,632.2266,616.4151,590.6724,589.7457,578.3709,583.9775,586.6691,627.2574,636.0340,635.3245,630.4084,607.4913,610.2087,633.3427,615.2904,692.6703,685.1635,662.0880,743.9760,729.0933,723.8628,747.0693,666.6895,725.0853,716.7830,672.3951,692.5349,715.9418,723.3408,741.8591,707.2055,672.2272,646.6533,725.0693,747.5601,722.0441,759.2734,747.6401,760.4746,754.4379,758.1284,722.7778,727.2138,772.8359,749.7271,740.0566,777.1178,728.4732,744.8259,799.6511,778.8170,775.3575,781.2054,754.0475,817.3511,727.3401,709.6307,653.5677,639.4479,621.1121,685.5374,686.1138,615.9738,621.7617,627.1972,651.3335,600.5134,649.6144,601.1586,646.5013,578.5987,612.9859,591.8079,593.8159,586.5037,610.0237,591.2834,622.6552,557.1515,561.5422,542.1102,557.0154,618.2269,580.6832,589.6133,574.7391,575.7220,550.2581,547.9222,516.3649,556.1479,513.9036,561.0729,501.0935,486.8656,549.1423,538.9510,544.8839,481.3443,543.6962,542.0081,463.2623,460.5314,470.3662,483.8625,502.9770,452.4922,430.0952,435.1284,390.6975,357.4706,416.7929,392.6941,369.9178,326.3009,325.9753,328.8961,280.6332,288.3292,257.6775,268.7161,280.7387,288.7903,226.3002,224.0210,237.7561,247.7963,0.0000,0.0000,0.0000,0.0000,0.0000,0.0000,0.0000,0.0000,0.0000,0.0000,0.0000,0.0000,0.0000,0.0000,0.0000,0.0000,0.0000,0.0000,0.0000,0.0000,0.0000,0.0000,0.0000,0.0000,0.0000,0.0000,0.0000,0.0000,0.0000,0.0000,0.0000,0.0000,0.0000,0.0000,0.0000,0.0000,0.0000,0.0000,0.0000,0.0000,0.0000,0.0000,0.0000,0.0000,0.0000,0.0000,0.0000,0.0000,0.0000,0.0000,0.0000,0.0000,0.0000,0.0000,0.0000,0.0000,0.0000,0.0000,0.0000,0.0000,0.0000,0.0000,0.0000,0.0000,0.0000,0.0000,0.0000,0.0000,0.0000,0.0000,0.0000,0.0000,0.0000,0.0000,0.0000,0.0000,0.0000,0.0000,0.0000,0.0000,0.0000,0.0000,0.0000,0.0000,0.0000,0.0000,0.0000,0.0000,0.0000,0.0000,0.0000,0.0000,0.0000,0.0000,0.0000,0.0000,0.0000,0.0000,0.0000,0.0000,0.0000,0.0000,0.0000,0.0000,0.0000,0.0000,0.0000,0.0000,0.0000,0.0000,0.0000,0.0000,0.0000,0.0000,0.0000,0.0000,0.0000
0.0000,0.0000,0.0000,0.0000,0.0000,0.0000,0.0000,0.0000,0.0000,0.0000,0.0000,0.0000,0.0000,0.0000,0.0000,0.0000,0.0000,0.0000,0.0000,0.0000,0.0000,0.0000,0.0000,0.0000,0.0000,0.0000,0.0000,0.0000,0.0000,0.0000,0.0000,0.0000,0.0000,0.0000,0.0000,0.0000,0.0000,0.0000,0.0000,0.0000,0.0000,0.0000,0.0000,0.0000,0.0000,0.0000,0.0000,0.0000,0.0000,0.0000,0.0000,0.0000,0.0000,0.0000,0.0000,0.0000,0.0000,0.0000,0.0000,0.0000,0.0000,0.0000,0.0000,0.0000,0.0000,0.0000,0.0000,0.0000,0.0000,0.0000,0.0000,0.0000,0.0000,0.0000,0.0000,0.0000,0.0000,0.0000,0.0000,0.0000,0.0000,0.0000,0.0000,0.0000,0.0000,0.0000,0.0000,0.0000,0.0000,0.0000,0.0000,0.0000,0.0000,0.0000,0.0000,0.0000,0.0000,0.0000,0.0000,0.0000,0.0000,0.0000,0.0000,0.0000,0.0000,0.0000,0.0000,0.0000,0.0000,0.0000,0.0000,0.0000,0.0000,0.0000,0.0000,0.0000,0.0000,0.0000,0.0000,222.6980,223.0684,179.1990,200.8799,238.0716,195.6957,266.1527,227.1391,229.5726,273.2293,213.1951,289.1307,264.0133,266.6741,288.9120,331.5594,289.8445,335.8553,313.4058,366.7697,391.1107,338.6270,392.4698,392.2618,416.5263,406.4942,453.3498,469.8090,471.4015,493.9629,540.3469,541.0086,500.4381,594.4449,585.5007,485.9272,545.3395,519.5423,550.2606,578.6269,530.4495,553.6210,582.4827,549.8331,596.2590,572.8466,569.1437,626.8287,586.8603,625.2748,635.3173,587.7645,601.9059,665.5704,654.8642,654.2156,689.5397,674.1968,730.6030,672.5559,678.0778,655.1102,685.8839,694.1840,711.2525,651.6031,674.0046,689.7154,698.3920,650.9421,653.2435,687.9369,721.9135,704.2643,678.2886,713.7977,705.6270,748.4365,725.7267,726.3525,727.5677,737.2688,683.6119,740.7044,680.1533,747.3817,718.2332,747.1942,775.5005,701.2509,728.2383,710.2106,671.6707,653.6270,624.3578,578.8908,626.3748,658.6897,636.2380,607.6236,560.9827,558.1930,544.7357,550.0037,565.3592,559.9695,586.4490,622.9257,566.2232,582.4524,558.7510,506.3187,543.9990,585.3146,606.1198,533.2839,554.3690,544.7725,559.2949,562.6853,527.0952,543.8452,505.2410,537.4561,523.3283,504.4662,532.4053,490.8785,548.1546,531.4774,491.8495,486.0828,518.2911,507.4961,502.0792,450.1411,474.7664,514.7841,473.1248,494.7630,451.3278,441.8362,404.9768,431.6205,439.9048,323.5171,337.9133,368.0695,362.6689,334.5903,312.7500,296.1524,319.0522,312.2507,316.7691,325.1975,239.0462,234.0714,232.3790,249.9680,201.7782,214.3051,0.0000,0.0000,0.0000,0.0000,0.0000,0.0000,0.0000,0.0000,0.0000,0.0000,0.0000,0.0000,0.0000,0.0000,0.0000,0.0000,0.0000,0.0000,0.0000,0.0000,0.0000,0.0000,0.0000,0.0000,0.0000,0.0000,0.0000,0.0000,0.0000,0.0000,0.0000,0.0000,0.0000,0.0000,0.0000,0.0000,0.0000,0.0000,0.0000,0.0000,0.0000,0.0000,0.0000,0.0000,0.0000,0.0000,0.0000,0.0000,0.0000,0.0000,0.0000,0.0000,0.0000,0.0000,0.0000,0.0000,0.0000,0.0000,0.0000,0.0000,0.0000,0.0000,0.0000,0.0000,0.0000,0.0000,0.0000,0.0000,0.0000,0.0000,0.0000,0.0000,0.0000,0.0000,0.0000,0.0000,0.0000,0.0000,0.0000,0.0000,0.0000,0.0000,0.0000,0.0000,0.0000,0.0000,0.0000,0.0000,0.0000,0.0000,0.0000,0.0000,0.0000,0.0000,0.0000,0.0000,0.0000,0.0000,0.0000,0.0000,0.0000,0.0000,0.0000,0.0000,0.0000,0.0000,0.0000,0.0000,0.0000,0.0000,0.0000,0.0000,0.0000,0.0000,0.0000,0.0000,0.0000,0.0000,0.0000
0.0000,0.0000,0.0000,0.0000,0.0000,0.0000,0.0000,0.0000,0.0000,0.0000,0.0000,0.0000,0.0000,0.0000,0.0000,0.0000,0.0000,0.0000,0.0000,0.0000,0.0000,0.0000,0.0000,0.0000,0.0000,0.0000,0.0000,0.0000,0.0000,0.0000,0.0000,0.0000,0.0000,0.0000,0.0000,0.0000,0.0000,0.0000,0.0000,0.0000,0.0000,0.0000,0.0000,0.0000,0.0000,0.0000,0.0000,0.0000,0.0000,0.0000,0.0000,0.0000,0.0000,0.0000,0.0000,0.0000,0.0000,0.0000,0.0000,0.0000,0.0000,0.0000,0.0000,0.0000,0.0000,0.0000,0.0000,0.0000,0.0000,0.0000,0.0000,0.0000,0.0000,0.0000,0.0000,0.0000,0.0000,0.0000,0.0000,0.0000,0.0000,0.0000,0.0000,0.0000,0.0000,0.0000,0.0000,0.0000,0.0000,0.0000,0.0000,0.0000,0.0000,0.0000,0.0000,0.0000,0.0000,0.0000,0.0000,0.0000,0.0000,0.0000,0.0000,0.0000,0.0000,0.0000,0.0000,0.0000,0.0000,0.0000,0.0000,0.0000,0.0000,0.0000,0.0000,0.0000,0.0000,0.0000,0.0000,0.0000,0.0000,219.0441,196.4554,226.7073,235.4427,253.7361,184.5659,273.8006,243.5666,267.6875,314.0488,241.9449,239.2290,202.6046,275.4215,301.0619,290.1504,333.7433,318.0478,322.7854,374.9257,354.6936,387.8656,380.7010,396.4696,455.2804,413.9350,408.1747,474.5334,502.9970,525.7129,517.9285,488.3443,498.4225,520.5036,523.0994,528.7325,539.8345,538.3552,517.1768,510.2924,508.6412,545.0312,549.6911,528.1415,551.3826,572.3891,584.2796,622.7630,610.1948,562.4047,605.8708,657.1496,599.0487,630.5069,646.3616,631.1127,656.4480,633.2886,648.1378,574.2615,634.7924,628.3376,628.2016,667.3895,639.2815,607.2183,615.7178,632.6307,621.0803,661.9232,631.9814,681.4941,718.2065,678.6559,709.7174,731.5013,712.3002,710.9503,681.1876,701.3190,686.3247,602.5131,680.2744,698.8639,687.0554,687.0401,632.7766,629.8513,677.6661,623.2173,609.5064,641.5845,563.6892,601.4624,575.6942,513.1797,537.3400,516.0759,549.1742,543.8986,541.6684,555.2410,566.4631,537.5853,586.2037,572.4089,521.8606,563.3950,543.1584,583.0769,561.7072,552.3815,533.9925,605.2313,547.2974,554.8516,547.9242,500.9906,476.6909,501.0731,481.2361,495.0682,510.4811,527.4253,465.8598,461.5079,490.8013,444.7701,473.4564,502.7032,489.4621,489.9825,510.9093,475.5684,481.9418,483.5109,460.0399,440.7976,410.3113,446.1231,403.8781,388.4561,408.5757,374.4039,345.6160,319.3169,334.2924,324.8221,309.0775,299.0153,315.4223,288.3037,261.0193,226.7765,236.3571,233.5046,238.5231,232.3387,0.0000,0.0000,0.0000,0.0000,0.0000,0.0000,0.0000,0.0000,0.0000,0.0000,0.0000,0.0000,0.0000,0.0000,0.0000,0.0000,0.0000,0.0000,0.0000,0.0000,0.0000,0.0000,0.0000,0.0000,0.0000,0.0000,0.0000,0.0000,0.0000,0.0000,0.0000,0.0000,0.0000,0.0000,0.0000,0.0000,0.0000,0.0000,0.0000,0.0000,0.0000,0.0000,0.0000,0.0000,0.0000,0.0000,0.0000,0.0000,0.0000,0.0000,0.0000,0.0000,0.0000,0.0000,0.0000,0.0000,0.0000,0.0000,0.0000,0.0000,0.0000,0.0000,0.0000,0.0000,0.0000,0.0000,0.0000,0.0000,0.0000,0.0000,0.0000,0.0000,0.0000,0.0000,0.0000,0.0000,0.0000,0.0000,0.0000,0.0000,0.0000,0.0000,0.0000,0.0000,0.0000,0.0000,0.0000,0.0000,0.0000,0.0000,0.0000,0.0000,0.0000,0.0000,0.0000,0.0000,0.0000,0.0000,0.0000,0.0000,0.0000,0.0000,0.0000,0.0000,0.0000,0.0000,0.0000,0.0000,0.0000,0.0000,0.0000,0.0000,0.0000,0.0000,0.0000,0.0000,0.0000,0.0000,0.0000,0.0000,0.0000
0.0000,0.0000,0.0000,0.0000,0.0000,0.0000,0.0000,0.0000,0.0000,0.0000,0.0000,0.0000,0.0000,0.0000,0.0000,0.0000,0.0000,0.0000,0.0000,0.0000,0.0000,0.0000,0.0000,0.0000,0.0000,0.0000,0.0000,0.0000,0.0000,0.0000,0.0000,0.0000,0.0000,0.0000,0.0000,0.0000,0.0000,0.0000,0.0000,0.0000,0.0000,0.0000,0.0000,0.0000,0.0000,0.0000,0.0000,0.0000,0.0000,0.0000,0.0000,0.0000,0.0000,0.0000,0.0000,0.0000,0.0000,0.0000,0.0000,0.0000,0.0000,0.0000,0.0000,0.0000,0.0000,0.0000,0.0000,0.0000,0.0000,0.0000,0.0000,0.0000,0.0000,0.0000,0.0000,0.0000,0.0000,0.0000,0.0000,0.0000,0.0000,0.0000,0.0000,0.0000,0.0000,0.0000,0.0000,0.0000,0.0000,0.0000,0.0000,0.0000,0.0000,0.0000,0.0000,0.0000,0.0000,0.0000,0.0000,0.0000,0.0000,0.0000,0.0000,0.0000,0.0000,0.0000,0.0000,0.0000,0.0000,0.0000,0.0000,0.0000,0.0000,0.0000,0.0000,0.0000,0.0000,0.0000,0.0000,0.0000,0.0000,0.0000,0.0000,206.3956,246.6250,224.8987,183.0540,297.3152,273.5105,281.4605,234.0093,278.5225,253.1391,269.1328,313.2533,323.4570,306.5361,287.3739,323.1824,312.4302,370.7931,370.8706,377.9571,408.0005,411.9909,449.8626,447.9709,421.0396,444.3494,455.4234,439.0537,497.4825,465.3414,481.0640,519.4973,497.2255,527.5543,529.0082,513.8138,471.6637,507.9975,533.6862,528.9432,527.9893,544.9782,547.1807,547.6896,550.8381,519.2158,544.4039,570.5833,577.5608,642.3133,645.8687,628.1948,620.1500,651.1580,605.6505,585.8199,596.2017,536.6292,671.3804,680.9138,617.4847,629.5824,631.5905,585.4571,586.1683,623.9524,630.4886,618.3247,633.5847,637.7776,650.0037,621.9062,628.1153,679.4608,640.2401,631.6360,684.9406,671.0829,652.4973,692.0977,638.8391,649.9060,659.5359,652.7004,677.7081,651.0525,602.0908,595.3443,610.8079,578.5579,531.0594,533.8463,532.6891,516.4213,543.4977,510.2546,494.7173,506.9421,523.3951,506.9041,499.9178,512.1447,500.3290,540.1598,567.9831,552.5807,489.2184,503.7615,529.4996,501.0144,542.5860,536.2324,515.0281,576.0784,519.7015,513.0267,499.4236,468.7596,541.7159,486.0751,497.4468,487.6860,547.9488,499.1620,499.3159,462.4775,438.9748,478.6429,458.4839,491.4758,445.2529,439.2972,469.1376,475.5577,471.1161,450.4804,395.7490,399.3768,370.1044,386.5346,383.3596,329.3536,321.2821,375.3806,282.9190,311.3254,336.3362,291.4000,257.8936,267.2635,250.7648,236.8022,260.4279,202.6812,0.0000,0.0000,0.0000,0.0000,0.0000,0.0000,0.0000,0.0000,0.0000,0.0000,0.0000,0.0000,0.0000,0.0000,0.0000,0.0000,0.0000,0.0000,0.0000,0.0000,0.0000,0.0000,0.0000,0.0000,0.0000,0.0000,0.0000,0.0000,0.0000,0.0000,0.0000,0.0000,0.0000,0.0000,0.0000,0.0000,0.0000,0.0000,0.0000,0.0000,0.0000,0.0000,0.0000,0.0000,0.0000,0.0000,0.0000,0.0000,0.0000,0.0000,0.0000,0.0000,0.0000,0.0000,0.0000,0.0000,0.0000,0.0000,0.0000,0.0000,0.0000,0.0000,0.0000,0.0000,0.0000,0.0000,0.0000,0.0000,0.0000,0.0000,0.0000,0.0000,0.0000,0.0000,0.0000,0.0000,0.0000,0.0000,0.0000,0.0000,0.0000,0.0000,0.0000,0.0000,0.0000,0.0000,0.0000,0.0000,0.0000,0.0000,0.0000,0.0000,0.0000,0.0000,0.0000,0.0000,0.0000,0.0000,0.0000,0.0000,0.0000,0.0000,0.0000,0.0000,0.0000,0.0000,0.0000,0.0000,0.0000,0.0000,0.0000,0.0000,0.0000,0.0000,0.0000,0.0000,0.0000,0.0000,0.0000,0.0000,0.0000,0.0000,0.0000
0.0000,0.0000,0.0000,0.0000,0.0000,0.0000,0.0000,0.0000,0.0000,0.0000,0.0000,0.0000,0.0000,0.0000,0.0000,0.0000,0.0000,0.0000,0.0000,0.0000,0.0000,0.0000,0.0000,0.0000,0.0000,0.0000,0.0000,0.0000,0.0000,0.0000,0.0000,0.0000,0.0000,0.0000,0.0000,0.0000,0.0000,0.0000,0.0000,0.0000,0.0000,0.0000,0.0000,0.0000,0.0000,0.0000,0.0000,0.0000,0.0000,0.0000,0.0000,0.0000,0.0000,0.0000,0.0000,0.0000,0.0000,0.0000,0.0000,0.0000,0.0000,0.0000,0.0000,0.0000,0.0000,0.0000,0.0000,0.0000,0.0000,0.0000,0.0000,0.0000,0.0000,0.0000,0.0000,0.0000,0.0000,0.0000,0.0000,0.0000,0.0000,0.0000,0.0000,0.0000,0.0000,0.0000,0.0000,0.0000,0.0000,0.0000,0.0000,0.0000,0.0000,0.0000,0.0000,0.0000,0.0000,0.0000,0.0000,0.0000,0.0000,0.0000,0.0000,0.0000,0.0000,0.0000,0.0000,0.0000,0.0000,0.0000,0.0000,0.0000,0.0000,0.0000,0.0000,0.0000,0.0000,0.0000,0.0000,0.0000,0.0000,0.0000,0.0000,0.0000,0.0000,183.7102,256.8407,212.7679,202.8513,264.1488,268.3716,283.6764,258.8032,300.3446,249.0486,322.7466,275.9990,340.9182,286.2195,351.5111,330.8727,388.8176,359.3264,352.9086,428.5498,383.3719,441.4448,414.1120,430.2105,439.3811,424.2929,468.3495,461.4911,493.2975,515.8639,438.3527,432.0362,472.3704,503.9685,449.1788,477.5726,502.8249,497.2019,487.2464,501.7532,480.3154,564.5352,538.7230,486.8580,514.0110,573.2013,572.0294,581.8032,602.6152,590.5275,559.2240,611.6556,621.4409,588.7167,562.1401,582.6050,593.0206,584.4262,637.6487,628.5911,573.6489,564.1589,607.2460,616.3509,644.0791,571.5748,594.6026,621.0523,572.4341,589.7076,610.8427,592.3580,647.1813,619.6395,659.8485,639.5964,571.1443,611.3851,581.4080,577.6212,643.5593,599.1939,624.7380,600.9200,603.5408,530.8934,527.7311,516.1523,504.3334,492.2013,513.0055,524.4103,502.4622,503.8086,480.2016,512.8437,468.5520,527.0982,530.1911,518.9843,502.6705,520.5193,507.0031,515.4126,483.0048,534.0096,529.5821,496.8105,510.4025,547.7717,547.7190,514.3052,489.8784,533.0124,517.3054,467.7226,464.2346,507.4741,482.8617,475.2867,493.4039,502.7164,468.1438,463.4259,487.4984,474.8384,442.6460,468.9507,466.6024,494.6877,432.7339,440.3918,406.0103,377.1173,416.7246,404.3328,370.0150,355.3633,311.3753,313.3032,323.1175,315.0817,267.8952,277.6504,242.2848,247.6664,261.0474,261.9679,260.8583,236.5145,0.0000,0.0000,0.0000,0.0000,0.0000,0.0000,0.0000,0.0000,0.0000,0.0000,0.0000,0.0000,0.0000,0.0000,0.0000,0.0000,0.0000,0.0000,0.0000,0.0000,0.0000,0.0000,0.0000,0.0000,0.0000,0.0000,0.0000,0.0000,0.0000,0.0000,0.0000,0.0000,0.0000,0.0000,0.0000,0.0000,0.0000,0.0000,0.0000,0.0000,0.0000,0.0000,0.0000,0.0000,0.0000,0.0000,0.0000,0.0000,0.0000,0.0000,0.0000,0.0000,0.0000,0.0000,0.0000,0.0000,0.0000,0.0000,0.0000,0.0000,0.0000,0.0000,0.0000,0.0000,0.0000,0.0000,0.0000,0.0000,0.0000,0.0000,0.0000,0.0000,0.0000,0.0000,0.0000,0.0000,0.0000,0.0000,0.0000,0.0000,0.0000,0.0000,0.0000,0.0000,0.0000,0.0000,0.0000,0.0000,0.0000,0.0000,0.0000,0.0000,0.0000,0.0000,0.0000,0.0000,0.0000,0.0000,0.0000,0.0000,0.0000,0.0000,0.0000,0.0000,0.0000,0.0000,0.0000,0.0000,0.0000,0.0000,0.0000,0.0000,0.0000,0.0000,0.0000,0.0000,0.0000,0.0000,0.0000,0.0000,0.0000,0.0000,0.0000,0.0000,0.0000
0.0000,0.0000,0.0000,0.0000,0.0000,0.0000,0.0000,0.0000,0.0000,0.0000,0.0000,0.0000,0.0000,0.0000,0.0000,0.0000,0.0000,0.0000,0.0000,0.0000,0.0000,0.0000,0.0000,0.0000,0.0000,0.0000,0.0000,0.0000,0.0000,0.0000,0.0000,0.0000,0.0000,0.0000,0.0000,0.0000,0.0000,0.0000,0.0000,0.0000,0.0000,0.0000,0.0000,0.0000,0.0000,0.0000,0.0000,0.0000,0.0000,0.0000,0.0000,0.0000,0.0000,0.0000,0.0000,0.0000,0.0000,0.0000,0.0000,0.0000,0.0000,0.0000,0.0000,0.0000,0.0000,0.0000,0.0000,0.0000,0.0000,0.0000,0.0000,0.0000,0.0000,0.0000,0.0000,0.0000,0.0000,0.0000,0.0000,0.0000,0.0000,0.0000,0.0000,0.0000,0.0000,0.0000,0.0000,0.0000,0.0000,0.0000,0.0000,0.0000,0.0000,0.0000,0.0000,0.0000,0.0000,0.0000,0.0000,0.0000,0.0000,0.0000,0.0000,0.0000,0.0000,0.0000,0.0000,0.0000,0.0000,0.0000,0.0000,0.0000,0.0000,0.0000,0.0000,0.0000,0.0000,0.0000,0.0000,0.0000,0.0000,0.0000,0.0000,0.0000,0.0000,0.0000,0.0000,185.5113,216.4922,299.0777,266.2030,232.9930,237.4115,267.1139,298.5854,277.0215,294.9165,327.9614,286.2249,348.6455,355.8534,384.0470,383.4741,377.2552,378.5843,376.8791,379.4239,383.1114,389.4962,440.6604,414.5700,421.6549,446.6825,423.6874,434.7531,479.3297,456.7959,419.7522,487.6608,504.2502,493.0225,460.3324,454.4632,480.4127,514.8455,520.8967,492.2645,562.6324,529.9279,527.9263,509.5199,547.4482,549.9414,543.3691,562.4876,581.2234,564.1260,562.6879,569.4868,535.0807,565.1039,522.8991,531.5490,561.9154,553.7897,597.6329,563.0518,596.8755,545.6777,569.0705,569.3182,617.4766,578.8397,566.0660,566.7558,560.2397,584.3818,619.7213,553.4791,633.3199,600.2626,569.9258,545.5742,607.8868,545.9267,523.0186,559.9864,535.7766,517.6940,558.9180,536.8672,480.0573,502.0704,505.6591,470.7412,500.4482,491.8462,440.7606,461.3038,456.9518,458.3130,486.5794,468.9525,475.4925,469.3696,496.1995,497.0659,488.5800,433.5923,505.5287,532.8757,542.4275,549.0238,524.0566,521.0894,531.6406,520.6135,522.9551,492.0732,501.1623,496.9824,484.8527,478.0879,424.0503,453.3872,407.9227,445.6973,432.4074,417.7778,447.6215,427.5917,437.8128,408.3293,416.9543,425.4352,446.0198,398.2774,382.7292,408.1705,381.3966,378.1710,366.0810,325.2450,305.5084,310.0791,256.9930,246.9067,256.5692,239.7222,207.3895,249.5861,221.6998,196.7661,0.0000,0.0000,0.0000,0.0000,0.0000,0.0000,0.0000,0.0000,0.0000,0.0000,0.0000,0.0000,0.0000,0.0000,0.0000,0.0000,0.0000,0.0000,0.0000,0.0000,0.0000,0.0000,0.0000,0.0000,0.0000,0.0000,0.0000,0.0000,0.0000,0.0000,0.0000,0.0000,0.0000,0.0000,0.0000,0.0000,0.0000,0.0000,0.0000,0.0000,0.0000,0.0000,0.0000,0.0000,0.0000,0.0000,0.0000,0.0000,0.0000,0.0000,0.0000,0.0000,0.0000,0.0000,0.0000,0.0000,0.0000,0.0000,0.0000,0.0000,0.0000,0.0000,0.0000,0.0000,0.0000,0.0000,0.0000,0.0000,0.0000,0.0000,0.0000,0.0000,0.0000,0.0000,0.0000,0.0000,0.0000,0.0000,0.0000,0.0000,0.0000,0.0000,0.0000,0.0000,0.0000,0.0000,0.0000,0.0000,0.0000,0.0000,0.0000,0.0000,0.0000,0.0000,0.0000,0.0000,0.0000,0.0000,0.0000,0.0000,0.0000,0.0000,0.0000,0.0000,0.0000,0.0000,0.0000,0.0000,0.0000,0.0000,0.0000,0.0000,0.0000,0.0000,0.0000,0.0000,0.0000,0.0000,0.0000,0.0000,0.0000,0.0000,0.0000,0.0000,0.0000,0.0000,0.0000
0.0000,0.0000,0.0000,0.0000,0.0000,0.0000,0.0000,0.0000,0.0000,0.0000,0.0000,0.0000,0.0000,0.0000,0.0000,0.0000,0.0000,0.0000,0.0000,0.0000,0.0000,0.0000,0.0000,0.0000,0.0000,0.0000,0.0000,0.0000,0.0000,0.0000,0.0000,0.0000,0.0000,0.0000,0.0000,0.0000,0.0000,0.0000,0.0000,0.0000,0.0000,0.0000,0.0000,0.0000,0.0000,0.0000,0.0000,0.0000,0.0000,0.0000,0.0000,0.0000,0.0000,0.0000,0.0000,0.0000,0.0000,0.0000,0.0000,0.0000,0.0000,0.0000,0.0000,0.0000,0.0000,0.0000,0.0000,0.0000,0.0000,0.0000,0.0000,0.0000,0.0000,0.0000,0.0000,0.0000,0.0000,0.0000,0.0000,0.0000,0.0000,0.0000,0.0000,0.0000,0.0000,0.0000,0.0000,0.0000,0.0000,0.0000,0.0000,0.0000,0.0000,0.0000,0.0000,0.0000,0.0000,0.0000,0.0000,0.0000,0.0000,0.0000,0.0000,0.0000,0.0000,0.0000,0.0000,0.0000,0.0000,0.0000,0.0000,0.0000,0.0000,0.0000,0.0000,0.0000,0.0000,0.0000,0.0000,0.0000,0.0000,0.0000,0.0000,0.0000,0.0000,0.0000,0.0000,0.0000,0.0000,0.0000,210.0719,262.5447,240.5827,282.1262,259.1629,269.7844,276.7771,304.7596,302.4775,343.7556,297.7355,324.8044,309.9000,356.1797,381.9598,376.8098,390.4145,411.7469,373.4618,372.9720,372.8862,420.0998,443.5168,398.9838,404.5171,436.5681,425.5317,414.9164,415.1776,479.6966,439.6673,432.3653,465.6914,425.6503,459.2473,471.3574,516.4803,459.2830,517.1867,474.2416,505.7276,561.3381,565.1207,500.4993,551.5333,542.6698,571.8674,533.8103,524.7484,489.8846,519.1055,528.0852,569.4767,540.3536,516.8311,537.3094,549.1674,530.4679,540.8100,527.6017,557.3980,593.5237,613.6545,573.1617,489.4598,502.3346,562.1050,569.8773,535.7234,562.6739,584.4575,513.4031,583.2363,545.0212,550.7244,504.4206,517.8440,489.2843,444.5091,449.6641,465.4111,450.1898,450.4002,460.4797,416.9405,425.4402,449.0141,442.1850,486.3127,421.1033,514.2663,485.3460,460.7723,457.3913,425.5484,421.6387,482.0067,503.7169,493.2927,466.4666,483.6131,494.5644,511.7506,519.7222,490.3526,542.3463,537.2897,485.9323,484.3719,508.2995,471.3002,472.0446,492.5503,399.0281,453.9973,460.5959,384.6300,459.0922,446.4227,408.7600,436.9104,437.7196,416.0524,391.1559,386.1258,348.1243,338.3927,345.3889,387.2004,334.4069,337.8714,334.0413,352.8304,323.8659,274.7962,269.4062,289.0248,265.3727,254.4055,269.4124,0.0000,0.0000,0.0000,0.0000,0.0000,0.0000,0.0000,0.0000,0.0000,0.0000,0.0000,0.0000,0.0000,0.0000,0.0000,0.0000,0.0000,0.0000,0.0000,0.0000,0.0000,0.0000,0.0000,0.0000,0.0000,0.0000,0.0000,0.0000,0.0000,0.0000,0.0000,0.0000,0.0000,0.0000,0.0000,0.0000,0.0000,0.0000,0.0000,0.0000,0.0000,0.0000,0.0000,0.0000,0.0000,0.0000,0.0000,0.0000,0.0000,0.0000,0.0000,0.0000,0.0000,0.0000,0.0000,0.0000,0.0000,0.0000,0.0000,0.0000,0.0000,0.0000,0.0000,0.0000,0.0000,0.0000,0.0000,0.0000,0.0000,0.0000,0.0000,0.0000,0.0000,0.0000,0.0000,0.0000,0.0000,0.0000,0.0000,0.0000,0.0000,0.0000,0.0000,0.0000,0.0000,0.0000,0.0000,0.0000,0.0000,0.0000,0.0000,0.0000,0.0000,0.0000,0.0000,0.0000,0.0000,0.0000,0.0000,0.0000,0.0000,0.0000,0.0000,0.0000,0.0000,0.0000,0.0000,0.0000,0.0000,0.0000,0.0000,0.0000,0.0000,0.0000,0.0000,0.0000,0.0000,0.0000,0.0000,0.0000,0.0000,0.0000,0.0000,0.0000,0.0000,0.0000,0.0000,0.0000,0.0000,0.0000
0.0000,0.0000,0.0000,0.0000,0.0000,0.0000,0.0000,0.0000,0.0000,0.0000,0.0000,0.0000,0.0000,0.0000,0.0000,0.0000,0.0000,0.0000,0.0000,0.0000,0.0000,0.0000,0.0000,0.0000,0.0000,0.0000,0.0000,0.0000,0.0000,0.0000,0.0000,0.0000,0.0000,0.0000,0.0000,0.0000,0.0000,0.0000,0.0000,0.0000,0.0000,0.0000,0.0000,0.0000,0.0000,0.0000,0.0000,0.0000,0.0000,0.0000,0.0000,0.0000,0.0000,0.0000,0.0000,0.0000,0.0000,0.0000,0.0000,0.0000,0.0000,0.0000,0.0000,0.0000,0.0000,0.0000,0.0000,0.0000,0.0000,0.0000,0.0000,0.0000,0.0000,0.0000,0.0000,0.0000,0.0000,0.0000,0.0000,0.0000,0.0000,0.0000,0.0000,0.0000,0.0000,0.0000,0.0000,0.0000,0.0000,0.0000,0.0000,0.0000,0.0000,0.0000,0.0000,0.0000,0.0000,0.0000,0.0000,0.0000,0.0000,0.0000,0.0000,0.0000,0.0000,0.0000,0.0000,0.0000,0.0000,0.0000,0.0000,0.0000,0.0000,0.0000,0.0000,0.0000,0.0000,0.0000,0.0000,0.0000,0.0000,0.0000,0.0000,0.0000,0.0000,0.0000,0.0000,0.0000,0.0000,0.0000,0.0000,0.0000,217.2347,226.0804,248.6787,268.2651,255.7445,296.8020,289.7125,282.2343,288.0718,326.2876,351.5456,297.0358,366.2782,311.4088,341.1237,409.0649,341.8977,339.6572,361.4328,362.4167,385.9884,405.4733,412.0175,417.6989,350.4909,437.2871,382.2519,401.3640,406.1766,441.4964,421.8835,471.9063,418.4322,445.7537,463.0002,458.0473,495.3644,444.9218,492.5976,505.3579,525.9515,547.8503,496.4789,495.6511,511.8353,474.9519,474.1864,511.1476,526.9493,477.4349,503.0143,505.7698,492.7024,483.2208,521.5955,530.4405,517.7238,523.1799,530.6777,501.6108,541.0743,532.5403,514.1806,503.9251,518.4332,505.3250,544.6367,542.2137,496.5442,520.9522,497.1512,498.8196,469.9325,473.1939,468.3444,461.2546,467.4068,463.3807,447.0562,434.0009,435.7705,415.7587,404.3450,373.5582,372.4307,456.3846,452.4981,452.3948,461.6491,410.9741,426.3588,460.5714,479.2219,466.8514,437.1449,447.6891,443.5916,463.1923,504.1529,480.0301,445.7725,490.9445,472.3603,478.1859,465.1579,457.3768,483.2676,493.6346,477.8056,408.0269,414.8750,413.0477,401.1027,360.3018,419.1484,363.1533,406.1383,386.8534,388.7190,356.0549,409.3000,350.4738,362.0595,367.5596,330.9003,344.1984,353.9640,322.3843,305.6017,345.2008,286.2849,242.5336,263.8792,271.6239,240.3398,246.3680,0.0000,0.0000,0.0000,0.0000,0.0000,0.0000,0.0000,0.0000,0.0000,0.0000,0.0000,0.0000,0.0000,0.0000,0.0000,0.0000,0.0000,0.0000,0.0000,0.0000,0.0000,0.0000,0.0000,0.0000,0.0000,0.0000,0.0000,0.0000,0.0000,0.0000,0.0000,0.0000,0.0000,0.0000,0.0000,0.0000,0.0000,0.0000,0.0000,0.0000,0.0000,0.0000,0.0000,0.0000,0.0000,0.0000,0.0000,0.0000,0.0000,0.0000,0.0000,0.0000,0.0000,0.0000,0.0000,0.0000,0.0000,0.0000,0.0000,0.0000,0.0000,0.0000,0.0000,0.0000,0.0000,0.0000,0.0000,0.0000,0.0000,0.0000,0.0000,0.0000,0.0000,0.0000,0.0000,0.0000,0.0000,0.0000,0.0000,0.0000,0.0000,0.0000,0.0000,0.0000,0.0000,0.0000,0.0000,0.0000,0.0000,0.0000,0.0000,0.0000,0.0000,0.0000,0.0000,0.0000,0.0000,0.0000,0.0000,0.0000,0.0000,0.0000,0.0000,0.0000,0.0000,0.0000,0.0000,0.0000,0.0000,0.0000,0.0000,0.0000,0.0000,0.0000,0.0000,0.0000,0.0000,0.0000,0.0000,0.0000,0.0000,0.0000,0.0000,0.0000,0.0000,0.0000,0.0000,0.0000,0.0000,0.0000,0.0000,0.0000
0.0000,0.0000,0.0000,0.0000,0.0000,0.0000,0.0000,0.0000,0.0000,0.0000,0.0000,0.0000,0.0000,0.0000,0.0000,0.0000,0.0000,0.0000,0.0000,0.0000,0.0000,0.0000,0.0000,0.0000,0.0000,0.0000,0.0000,0.0000,0.0000,0.0000,0.0000,0.0000,0.0000,0.0000,0.0000,0.0000,0.0000,0.0000,0.0000,0.0000,0.0000,0.0000,0.0000,0.0000,0.0000,0.0000,0.0000,0.0000,0.0000,0.0000,0.0000,0.0000,0.0000,0.0000,0.0000,0.0000,0.0000,0.0000,0.0000,0.0000,0.0000,0.0000,0.0000,0.0000,0.0000,0.0000,0.0000,0.0000,0.0000,0.0000,0.0000,0.0000,0.0000,0.0000,0.0000,0.0000,0.0000,0.0000,0.0000,0.0000,0.0000,0.0000,0.0000,0.0000,0.0000,0.0000,0.0000,0.0000,0.0000,0.0000,0.0000,0.0000,0.0000,0.0000,0.0000,0.0000,0.0000,0.0000,0.0000,0.0000,0.0000,0.0000,0.0000,0.0000,0.0000,0.0000,0.0000,0.0000,0.0000,0.0000,0.0000,0.0000,0.0000,0.0000,0.0000,0.0000,0.0000,0.0000,0.0000,0.0000,0.0000,0.0000,0.0000,0.0000,0.0000,0.0000,0.0000,0.0000,0.0000,0.0000,0.0000,0.0000,0.0000,0.0000,0.0000,264.5238,248.2592,270.5428,287.7875,310.4376,288.9280,282.7071,329.2919,294.7476,327.6413,333.1926,350.1006,362.2707,335.2183,359.4995,353.6603,367.9379,361.6383,378.7843,407.7629,376.7176,424.7283,438.2818,397.3629,417.9846,413.8603,386.2051,365.5167,374.6255,433.4843,451.2859,439.6348,472.7983,447.3419,453.4065,476.0200,456.9499,467.9220,519.3152,477.3212,472.1913,536.6982,454.8293,454.6428,472.5300,508.6914,487.3549,428.9936,494.1869,518.3597,496.6935,503.8449,490.4105,485.1652,516.2134,489.3036,527.0060,484.2250,495.9344,468.1542,487.1667,472.4594,491.2062,523.3682,477.0504,440.0887,508.2162,511.3705,478.3850,482.1523,467.2060,417.2259,479.0478,461.4635,436.7884,455.4452,434.9567,402.4455,403.0570,437.0970,408.3380,433.6778,372.7882,387.2213,441.6231,428.7482,439.6877,500.6523,513.8249,486.7529,488.4634,414.3092,432.8746,473.9668,442.0956,466.9634,534.3868,478.7763,486.6276,501.8289,464.9066,479.2978,479.5122,456.2642,459.0434,475.8633,467.9988,440.8483,390.4325,428.6066,408.0420,396.6579,406.4822,397.3255,379.5879,357.6717,411.1549,365.3510,338.3745,346.4453,321.8504,312.3145,323.1245,333.4646,259.7498,295.6963,306.4724,292.0390,248.0440,239.6921,0.0000,0.0000,0.0000,0.0000,0.0000,0.0000,0.0000,0.0000,0.0000,0.0000,0.0000,0.0000,0.0000,0.0000,0.0000,0.0000,0.0000,0.0000,0.0000,0.0000,0.0000,0.0000,0.0000,0.0000,0.0000,0.0000,0.0000,0.0000,0.0000,0.0000,0.0000,0.0000,0.0000,0.0000,0.0000,0.0000,0.0000,0.0000,0.0000,0.0000,0.0000,0.0000,0.0000,0.0000,0.0000,0.0000,0.0000,0.0000,0.0000,0.0000,0.0000,0.0000,0.0000,0.0000,0.0000,0.0000,0.0000,0.0000,0.0000,0.0000,0.0000,0.0000,0.0000,0.0000,0.0000,0.0000,0.0000,0.0000,0.0000,0.0000,0.0000,0.0000,0.0000,0.0000,0.0000,0.0000,0.0000,0.0000,0.0000,0.0000,0.0000,0.0000,0.0000,0.0000,0.0000,0.0000,0.0000,0.0000,0.0000,0.0000,0.0000,0.0000,0.0000,0.0000,0.0000,0.0000,0.0000,0.0000,0.0000,0.0000,0.0000,0.0000,0.0000,0.0000,0.0000,0.0000,0.0000,0.0000,0.0000,0.0000,0.0000,0.0000,0.0000,0.0000,0.0000,0.0000,0.0000,0.0000,0.0000,0.0000,0.0000,0.0000,0.0000,0.0000,0.0000,0.0000,0.0000,0.0000,0.0000,0.0000,0.0000,0.0000,0.0000,0.0000,0.0000
0.0000,0.0000,0.0000,0.0000,0.0000,0.0000,0.0000,0.0000,0.0000,0.0000,0.0000,0.0000,0.0000,0.0000,0.0000,0.0000,0.0000,0.0000,0.0000,0.0000,0.0000,0.0000,0.0000,0.0000,0.0000,0.0000,0.0000,0.0000,0.0000,0.0000,0.0000,0.0000,0.0000,0.0000,0.0000,0.0000,0.0000,0.0000,0.0000,0.0000,0.0000,0.0000,0.0000,0.0000,0.0000,0.0000,0.0000,0.0000,0.0000,0.0000,0.0000,0.0000,0.0000,0.0000,0.0000,0.0000,0.0000,0.0000,0.0000,0.0000,0.0000,0.0000,0.0000,0.0000,0.0000,0.0000,0.0000,0.0000,0.0000,0.0000,0.0000,0.0000,0.0000,0.0000,0.0000,0.0000,0.0000,0.0000,0.0000,0.0000,0.0000,0.0000,0.0000,0.0000,0.0000,0.0000,0.0000,0.0000,0.0000,0.0000,0.0000,0.0000,0.0000,0.0000,0.0000,0.0000,0.0000,0.0000,0.0000,0.0000,0.0000,0.0000,0.0000,0.0000,0.0000,0.0000,0.0000,0.0000,0.0000,0.0000,0.0000,0.0000,0.0000,0.0000,0.0000,0.0000,0.0000,0.0000,0.0000,0.0000,0.0000,0.0000,0.0000,0.0000,0.0000,0.0000,0.0000,0.0000,0.0000,0.0000,0.0000,0.0000,0.0000,0.0000,0.0000,0.0000,0.0000,285.1413,300.9088,285.4558,300.5617,294.0360,280.8903,280.8645,321.3008,344.6640,365.4196,353.4809,324.4409,343.4679,362.0417,348.5452,346.2214,334.7868,342.8893,322.1192,334.2983,393.4833,371.9147,394.9956,392.6373,392.0667,410.6164,400.6563,398.9848,425.7692,408.4008,405.2268,416.7699,425.3818,400.2162,443.3705,465.9694,471.0717,416.3396,450.4518,461.2705,482.8007,458.5688,414.5904,437.9310,429.2589,436.9577,473.9956,452.4924,473.0204,502.1913,442.0921,445.8172,487.1087,444.5753,469.8677,495.3903,477.9172,470.1292,458.5156,449.6078,424.1421,450.0758,437.6396,408.0079,441.0670,433.3788,467.9334,447.6733,413.2454,395.5480,404.3654,414.1378,420.7575,353.7943,412.1805,392.6519,378.9915,384.2953,381.7045,388.9026,396.8610,389.5294,362.7069,421.5371,432.2537,436.0327,438.3683,395.0551,417.4658,388.7787,405.5253,424.4810,420.4358,404.4868,409.0965,457.0180,424.6968,483.2834,447.2305,473.9313,425.3489,456.6779,435.7599,439.9584,433.5030,388.8559,410.2491,407.1219,383.5733,381.5601,352.5043,389.2502,377.7307,380.2031,354.6474,350.3698,322.6983,318.0806,331.6610,256.0887,289.8790,263.6606,281.3007,239.9408,263.6717,276.3092,0.0000,0.0000,0.0000,0.0000,0.0000,0.0000,0.0000,0.0000,0.0000,0.0000,0.0000,0.0000,0.0000,0.0000,0.0000,0.0000,0.0000,0.0000,0.0000,0.0000,0.0000,0.0000,0.0000,0.0000,0.0000,0.0000,0.0000,0.0000,0.0000,0.0000,0.0000,0.0000,0.0000,0.0000,0.0000,0.0000,0.0000,0.0000,0.0000,0.0000,0.0000,0.0000,0.0000,0.0000,0.0000,0.0000,0.0000,0.0000,0.0000,0.0000,0.0000,0.0000,0.0000,0.0000,0.0000,0.0000,0.0000,0.0000,0.0000,0.0000,0.0000,0.0000,0.0000,0.0000,0.0000,0.0000,0.0000,0.0000,0.0000,0.0000,0.0000,0.0000,0.0000,0.0000,0.0000,0.0000,0.0000,0.0000,0.0000,0.0000,0.0000,0.0000,0.0000,0.0000,0.0000,0.0000,0.0000,0.0000,0.0000,0.0000,0.0000,0.0000,0.0000,0.0000,0.0000,0.0000,0.0000,0.0000,0.0000,0.0000,0.0000,0.0000,0.0000,0.0000,0.0000,0.0000,0.0000,0.0000,0.0000,0.0000,0.0000,0.0000,0.0000,0.0000,0.0000,0.0000,0.0000,0.0000,0.0000,0.0000,0.0000,0.0000,0.0000,0.0000,0.0000,0.0000,0.0000,0.0000,0.0000,0.0000,0.0000,0.0000,0.0000,0.0000,0.0000,0.0000,0.0000
0.0000,0.0000,0.0000,0.0000,0.0000,0.0000,0.0000,0.0000,0.0000,0.0000,0.0000,0.0000,0.0000,0.0000,0.0000,0.0000,0.0000,0.0000,0.0000,0.0000,0.0000,0.0000,0.0000,0.0000,0.0000,0.0000,0.0000,0.0000,0.0000,0.0000,0.0000,0.0000,0.0000,0.0000,0.0000,0.0000,0.0000,0.0000,0.0000,0.0000,0.0000,0.0000,0.0000,0.0000,0.0000,0.0000,0.0000,0.0000,0.0000,0.0000,0.0000,0.0000,0.0000,0.0000,0.0000,0.0000,0.0000,0.0000,0.0000,0.0000,0.0000,0.0000,0.0000,0.0000,0.0000,0.0000,0.0000,0.0000,0.0000,0.0000,0.0000,0.0000,0.0000,0.0000,0.0000,0.0000,0.0000,0.0000,0.0000,0.0000,0.0000,0.0000,0.0000,0.0000,0.0000,0.0000,0.0000,0.0000,0.0000,0.0000,0.0000,0.0000,0.0000,0.0000,0.0000,0.0000,0.0000,0.0000,0.0000,0.0000,0.0000,0.0000,0.0000,0.0000,0.0000,0.0000,0.0000,0.0000,0.0000,0.0000,0.0000,0.0000,0.0000,0.0000,0.0000,0.0000,0.0000,0.0000,0.0000,0.0000,0.0000,0.0000,0.0000,0.0000,0.0000,0.0000,0.0000,0.0000,0.0000,0.0000,0.0000,0.0000,0.0000,0.0000,0.0000,0.0000,0.0000,0.0000,0.0000,0.0000,245.9737,275.6898,295.9880,273.8171,290.0389,285.6001,281.0878,299.1617,299.2725,335.8285,312.3015,310.3786,356.6807,333.8524,364.6586,307.8595,405.2064,363.9940,356.7886,414.3838,389.4887,348.7703,361.8465,375.6416,419.2842,398.3191,397.4055,404.3878,415.5787,404.3918,384.1876,409.5804,430.9244,424.1580,375.3794,431.1121,436.2961,496.8827,459.5333,479.3170,450.7610,431.6094,438.8854,417.7400,463.3445,461.7925,457.4055,392.2440,438.3188,412.3488,473.1088,452.3735,427.6444,459.4352,450.5602,445.0324,427.1108,425.6366,422.3762,402.4295,410.3122,430.2089,429.9530,421.5324,405.3323,416.0925,369.3551,390.3634,392.4108,356.2346,357.5905,400.4131,353.5323,346.0158,374.3084,395.4561,397.0995,346.0108,372.5256,372.8521,363.9869,407.3892,411.0841,400.4908,407.5212,403.4814,366.1896,413.0172,410.5307,435.6795,452.5945,446.2704,387.8424,435.5901,470.7743,395.6496,431.2519,413.2222,395.2947,448.2182,397.8113,318.6093,353.1194,345.8877,354.6136,354.8431,339.9454,328.4937,323.3621,347.4071,303.0171,350.8354,325.3655,296.5175,277.4772,306.0576,284.9501,277.1549,284.9316,243.7530,0.0000,0.0000,0.0000,0.0000,0.0000,0.0000,0.0000,0.0000,0.0000,0.0000,0.0000,0.0000,0.0000,0.0000,0.0000,0.0000,0.0000,0.0000,0.0000,0.0000,0.0000,0.0000,0.0000,0.0000,0.0000,0.0000,0.0000,0.0000,0.0000,0.0000,0.0000,0.0000,0.0000,0.0000,0.0000,0.0000,0.0000,0.0000,0.0000,0.0000,0.0000,0.0000,0.0000,0.0000,0.0000,0.0000,0.0000,0.0000,0.0000,0.0000,0.0000,0.0000,0.0000,0.0000,0.0000,0.0000,0.0000,0.0000,0.0000,0.0000,0.0000,0.0000,0.0000,0.0000,0.0000,0.0000,0.0000,0.0000,0.0000,0.0000,0.0000,0.0000,0.0000,0.0000,0.0000,0.0000,0.0000,0.0000,0.0000,0.0000,0.0000,0.0000,0.0000,0.0000,0.0000,0.0000,0.0000,0.0000,0.0000,0.0000,0.0000,0.0000,0.0000,0.0000,0.0000,0.0000,0.0000,0.0000,0.0000,0.0000,0.0000,0.0000,0.0000,0.0000,0.0000,0.0000,0.0000,0.0000,0.0000,0.0000,0.0000,0.0000,0.0000,0.0000,0.0000,0.0000,0.0000,0.0000,0.0000,0.0000,0.0000,0.0000,0.0000,0.0000,0.0000,0.0000,0.0000,0.0000,0.0000,0.0000,0.0000,0.0000,0.0000,0.0000,0.0000,0.0000,0.0000,0.0000,0.0000,0.0000
0.0000,0.0000,0.0000,0.0000,0.0000,0.0000,0.0000,0.0000,0.0000,0.0000,0.0000,0.0000,0.0000,0.0000,0.0000,0.0000,0.0000,0.0000,0.0000,0.0000,0.0000,0.0000,0.0000,0.0000,0.0000,0.0000,0.0000,0.0000,0.0000,0.0000,0.0000,0.0000,0.0000,0.0000,0.0000,0.0000,0.0000,0.0000,0.0000,0.0000,0.0000,0.0000,0.0000,0.0000,0.0000,0.0000,0.0000,0.0000,0.0000,0.0000,0.0000,0.0000,0.0000,0.0000,0.0000,0.0000,0.0000,0.0000,0.0000,0.0000,0.0000,0.0000,0.0000,0.0000,0.0000,0.0000,0.0000,0.0000,0.0000,0.0000,0.0000,0.0000,0.0000,0.0000,0.0000,0.0000,0.0000,0.0000,0.0000,0.0000,0.0000,0.0000,0.0000,0.0000,0.0000,0.0000,0.0000,0.0000,0.0000,0.0000,0.0000,0.0000,0.0000,0.0000,0.0000,0.0000,0.0000,0.0000,0.0000,0.0000,0.0000,0.0000,0.0000,0.0000,0.0000,0.0000,0.0000,0.0000,0.0000,0.0000,0.0000,0.0000,0.0000,0.0000,0.0000,0.0000,0.0000,0.0000,0.0000,0.0000,0.0000,0.0000,0.0000,0.0000,0.0000,0.0000,0.0000,0.0000,0.0000,0.0000,0.0000,0.0000,0.0000,0.0000,0.0000,0.0000,0.0000,0.0000,0.0000,0.0000,0.0000,0.0000,0.0000,265.0620,254.2573,243.6977,293.8811,285.5323,262.6881,309.9352,318.2319,307.4379,296.7814,346.1340,276.8085,315.1031,366.0071,356.1969,310.4863,353.9493,381.1283,345.5475,399.5470,351.0685,340.5021,343.3339,382.7886,372.2721,391.3152,394.0550,363.7346,407.2314,395.2184,394.0226,424.6046,438.3721,396.9400,414.3550,439.3341,437.6446,411.7522,395.3292,414.8742,424.3887,397.9867,391.3620,382.9064,386.6565,406.0559,402.7133,415.8707,429.2622,394.6024,422.8790,387.7893,349.8448,416.3573,384.9774,413.9121,409.6466,398.0870,370.1252,376.8623,377.7498,342.4512,367.4417,323.6938,381.1010,337.8549,311.2032,401.1355,335.7337,320.8479,330.9033,337.1562,343.1226,347.9687,389.6694,389.2086,356.4444,386.8594,393.6836,436.6917,420.1614,384.0463,403.6167,430.7177,444.0627,429.6818,408.9301,378.0571,417.1707,410.7116,407.6105,402.0006,380.7854,350.5601,373.4319,346.4479,353.9164,329.9698,351.5609,332.4766,353.9958,290.5952,339.3034,288.2249,324.4405,320.8339,321.2581,338.1392,318.6132,305.9667,285.9723,259.8286,229.9354,252.3539,0.0000,0.0000,0.0000,0.0000,0.0000,0.0000,0.0000,0.0000,0.0000,0.0000,0.0000,0.0000,0.0000,0.0000,0.0000,0.0000,0.0000,0.0000,0.0000,0.0000,0.0000,0.0000,0.0000,0.0000,0.0000,0.0000,0.0000,0.0000,0.0000,0.0000,0.0000,0.0000,0.0000,0.0000,0.0000,0.0000,0.0000,0.0000,0.0000,0.0000,0.0000,0.0000,0.0000,0.0000,0.0000,0.0000,0.0000,0.0000,0.0000,0.0000,0.0000,0.0000,0.0000,0.0000,0.0000,0.0000,0.0000,0.0000,0.0000,0.0000,0.0000,0.0000,0.0000,0.0000,0.0000,0.0000,0.0000,0.0000,0.0000,0.0000,0.0000,0.0000,0.0000,0.0000,0.0000,0.0000,0.0000,0.0000,0.0000,0.0000,0.0000,0.0000,0.0000,0.0000,0.0000,0.0000,0.0000,0.0000,0.0000,0.0000,0.0000,0.0000,0.0000,0.0000,0.0000,0.0000,0.0000,0.0000,0.0000,0.0000,0.0000,0.0000,0.0000,0.0000,0.0000,0.0000,0.0000,0.0000,0.0000,0.0000,0.0000,0.0000,0.0000,0.0000,0.0000,0.0000,0.0000,0.0000,0.0000,0.0000,0.0000,0.0000,0.0000,0.0000,0.0000,0.0000,0.0000,0.0000,0.0000,0.0000,0.0000,0.0000,0.0000,0.0000,0.0000,0.0000,0.0000,0.0000,0.0000,0.0000,0.0000,0.0000,0.0000
0.0000,0.0000,0.0000,0.0000,0.0000,0.0000,0.0000,0.0000,0.0000,0.0000,0.0000,0.0000,0.0000,0.0000,0.0000,0.0000,0.0000,0.0000,0.0000,0.0000,0.0000,0.0000,0.0000,0.0000,0.0000,0.0000,0.0000,0.0000,0.0000,0.0000,0.0000,0.0000,0.0000,0.0000,0.0000,0.0000,0.0000,0.0000,0.0000,0.0000,0.0000,0.0000,0.0000,0.0000,0.0000,0.0000,0.0000,0.0000,0.0000,0.0000,0.0000,0.0000,0.0000,0.0000,0.0000,0.0000,0.0000,0.0000,0.0000,0.0000,0.0000,0.0000,0.0000,0.0000,0.0000,0.0000,0.0000,0.0000,0.0000,0.0000,0.0000,0.0000,0.0000,0.0000,0.0000,0.0000,0.0000,0.0000,0.0000,0.0000,0.0000,0.0000,0.0000,0.0000,0.0000,0.0000,0.0000,0.0000,0.0000,0.0000,0.0000,0.0000,0.0000,0.0000,0.0000,0.0000,0.0000,0.0000,0.0000,0.0000,0.0000,0.0000,0.0000,0.0000,0.0000,0.0000,0.0000,0.0000,0.0000,0.0000,0.0000,0.0000,0.0000,0.0000,0.0000,0.0000,0.0000,0.0000,0.0000,0.0000,0.0000,0.0000,0.0000,0.0000,0.0000,0.0000,0.0000,0.0000,0.0000,0.0000,0.0000,0.0000,0.0000,0.0000,0.0000,0.0000,0.0000,0.0000,0.0000,0.0000,0.0000,0.0000,0.0000,0.0000,0.0000,0.0000,268.3499,289.6787,265.9196,281.0307,290.3412,304.9916,328.0392,317.0689,338.9377,291.0851,290.1206,355.4257,327.2833,343.9968,340.9325,359.1029,328.3757,386.6184,333.8348,371.5663,375.6716,414.1049,360.2982,391.9234,347.4763,369.2386,444.5605,411.3973,413.5196,421.6558,433.7349,443.8079,402.9581,434.4696,405.8562,390.2964,397.9007,441.6690,430.4218,409.7375,392.4420,381.0293,404.8619,380.0271,386.4988,447.7559,418.4405,399.9540,436.3502,345.4939,359.9803,466.4868,392.4371,363.4935,404.3864,392.0397,392.8029,371.5856,375.0747,340.3290,310.0026,352.7154,347.2908,353.5991,363.1949,357.5056,335.1927,373.5119,347.1243,367.1263,369.3725,381.6431,362.2855,406.8547,381.5798,385.1474,404.0598,435.1257,438.1789,407.1131,443.7422,419.8553,420.3001,413.7379,391.0487,384.7499,406.2895,438.0005,375.7715,375.3699,371.7133,342.2225,387.6745,412.1274,321.0891,338.2523,342.9658,328.4008,296.6419,312.8876,288.2628,277.1225,319.6838,281.6967,315.5681,270.0402,276.3776,281.6813,0.0000,0.0000,0.0000,0.0000,0.0000,0.0000,0.0000,0.0000,0.0000,0.0000,0.0000,0.0000,0.0000,0.0000,0.0000,0.0000,0.0000,0.0000,0.0000,0.0000,0.0000,0.0000,0.0000,0.0000,0.0000,0.0000,0.0000,0.0000,0.0000,0.0000,0.0000,0.0000,0.0000,0.0000,0.0000,0.0000,0.0000,0.0000,0.0000,0.0000,0.0000,0.0000,0.0000,0.0000,0.0000,0.0000,0.0000,0.0000,0.0000,0.0000,0.0000,0.0000,0.0000,0.0000,0.0000,0.0000,0.0000,0.0000,0.0000,0.0000,0.0000,0.0000,0.0000,0.0000,0.0000,0.0000,0.0000,0.0000,0.0000,0.0000,0.0000,0.0000,0.0000,0.0000,0.0000,0.0000,0.0000,0.0000,0.0000,0.0000,0.0000,0.0000,0.0000,0.0000,0.0000,0.0000,0.0000,0.0000,0.0000,0.0000,0.0000,0.0000,0.0000,0.0000,0.0000,0.0000,0.0000,0.0000,0.0000,0.0000,0.0000,0.0000,0.0000,0.0000,0.0000,0.0000,0.0000,0.0000,0.0000,0.0000,0.0000,0.0000,0.0000,0.0000,0.0000,0.0000,0.0000,0.0000,0.0000,0.0000,0.0000,0.0000,0.0000,0.0000,0.0000,0.0000,0.0000,0.0000,0.0000,0.0000,0.0000,0.0000,0.0000,0.0000,0.0000,0.0000,0.0000,0.0000,0.0000,0.0000,0.0000,0.0000,0.0000,0.0000,0.0000,0.0000
0.0000,0.0000,0.0000,0.0000,0.0000,0.0000,0.0000,0.0000,0.0000,0.0000,0.0000,0.0000,0.0000,0.0000,0.0000,0.0000,0.0000,0.0000,0.0000,0.0000,0.0000,0.0000,0.0000,0.0000,0.0000,0.0000,0.0000,0.0000,0.0000,0.0000,0.0000,0.0000,0.0000,0.0000,0.0000,0.0000,0.0000,0.0000,0.0000,0.0000,0.0000,0.0000,0.0000,0.0000,0.0000,0.0000,0.0000,0.0000,0.0000,0.0000,0.0000,0.0000,0.0000,0.0000,0.0000,0.0000,0.0000,0.0000,0.0000,0.0000,0.0000,0.0000,0.0000,0.0000,0.0000,0.0000,0.0000,0.0000,0.0000,0.0000,0.0000,0.0000,0.0000,0.0000,0.0000,0.0000,0.0000,0.0000,0.0000,0.0000,0.0000,0.0000,0.0000,0.0000,0.0000,0.0000,0.0000,0.0000,0.0000,0.0000,0.0000,0.0000,0.0000,0.0000,0.0000,0.0000,0.0000,0.0000,0.0000,0.0000,0.0000,0.0000,0.0000,0.0000,0.0000,0.0000,0.0000,0.0000,0.0000,0.0000,0.0000,0.0000,0.0000,0.0000,0.0000,0.0000,0.0000,0.0000,0.0000,0.0000,0.0000,0.0000,0.0000,0.0000,0.0000,0.0000,0.0000,0.0000,0.0000,0.0000,0.0000,0.0000,0.0000,0.0000,0.0000,0.0000,0.0000,0.0000,0.0000,0.0000,0.0000,0.0000,0.0000,0.0000,0.0000,0.0000,0.0000,0.0000,0.0000,277.8944,276.3039,300.4571,310.8484,291.6231,311.0307,286.2361,271.0130,288.5230,346.5459,331.4522,330.0404,367.3228,343.4694,357.3449,370.8681,313.4205,308.9374,345.8316,362.9319,335.1460,383.5371,360.7437,330.8126,389.8456,329.8420,337.2276,335.3908,379.7017,358.4550,372.5557,382.6807,338.0522,394.5245,363.0012,368.9393,395.6326,346.5309,389.7860,335.4594,359.7387,361.6367,433.3864,388.7614,358.1709,331.6971,341.3075,315.2907,383.6014,360.7769,376.8402,375.3941,309.6916,349.1313,314.7773,317.1080,305.3565,320.0561,344.2642,333.0695,375.1789,365.7087,342.2383,330.3110,410.0663,374.4207,374.3583,366.6222,388.2942,383.6289,363.7926,389.8803,404.4727,338.2177,355.2144,435.5300,389.8418,376.9917,388.8549,403.2047,376.5313,404.4583,358.1276,424.5927,376.9279,351.8670,371.1818,364.4605,349.1044,352.6338,294.0525,322.1350,291.6745,335.9289,313.0402,330.1782,285.4413,328.0319,219.3370,255.5290,278.9868,257.7228,0.0000,0.0000,0.0000,0.0000,0.0000,0.0000,0.0000,0.0000,0.0000,0.0000,0.0000,0.0000,0.0000,0.0000,0.0000,0.0000,0.0000,0.0000,0.0000,0.0000,0.0000,0.0000,0.0000,0.0000,0.0000,0.0000,0.0000,0.0000,0.0000,0.0000,0.0000,0.0000,0.0000,0.0000,0.0000,0.0000,0.0000,0.0000,0.0000,0.0000,0.0000,0.0000,0.0000,0.0000,0.0000,0.0000,0.0000,0.0000,0.0000,0.0000,0.0000,0.0000,0.0000,0.0000,0.0000,0.0000,0.0000,0.0000,0.0000,0.0000,0.0000,0.0000,0.0000,0.0000,0.0000,0.0000,0.0000,0.0000,0.0000,0.0000,0.0000,0.0000,0.0000,0.0000,0.0000,0.0000,0.0000,0.0000,0.0000,0.0000,0.0000,0.0000,0.0000,0.0000,0.0000,0.0000,0.0000,0.0000,0.0000,0.0000,0.0000,0.0000,0.0000,0.0000,0.0000,0.0000,0.0000,0.0000,0.0000,0.0000,0.0000,0.0000,0.0000,0.0000,0.0000,0.0000,0.0000,0.0000,0.0000,0.0000,0.0000,0.0000,0.0000,0.0000,0.0000,0.0000,0.0000,0.0000,0.0000,0.0000,0.0000,0.0000,0.0000,0.0000,0.0000,0.0000,0.0000,0.0000,0.0000,0.0000,0.0000,0.0000,0.0000,0.0000,0.0000,0.0000,0.0000,0.0000,0.0000,0.0000,0.0000,0.0000,0.0000,0.0000,0.0000,0.0000,0.0000,0.0000,0.0000
0.0000,0.0000,0.0000,0.0000,0.0000,0.0000,0.0000,0.0000,0.0000,0.0000,0.0000,0.0000,0.0000,0.0000,0.0000,0.0000,0.0000,0.0000,0.0000,0.0000,0.0000,0.0000,0.0000,0.0000,0.0000,0.0000,0.0000,0.0000,0.0000,0.0000,0.0000,0.0000,0.0000,0.0000,0.0000,0.0000,0.0000,0.0000,0.0000,0.0000,0.0000,0.0000,0.0000,0.0000,0.0000,0.0000,0.0000,0.0000,0.0000,0.0000,0.0000,0.0000,0.0000,0.0000,0.0000,0.0000,0.0000,0.0000,0.0000,0.0000,0.0000,0.0000,0.0000,0.0000,0.0000,0.0000,0.0000,0.0000,0.0000,0.0000,0.0000,0.0000,0.0000,0.0000,0.0000,0.0000,0.0000,0.0000,0.0000,0.0000,0.0000,0.0000,0.0000,0.0000,0.0000,0.0000,0.0000,0.0000,0.0000,0.0000,0.0000,0.0000,0.0000,0.0000,0.0000,0.0000,0.0000,0.0000,0.0000,0.0000,0.0000,0.0000,0.0000,0.0000,0.0000,0.0000,0.0000,0.0000,0.0000,0.0000,0.0000,0.0000,0.0000,0.0000,0.0000,0.0000,0.0000,0.0000,0.0000,0.0000,0.0000,0.0000,0.0000,0.0000,0.0000,0.0000,0.0000,0.0000,0.0000,0.0000,0.0000,0.0000,0.0000,0.0000,0.0000,0.0000,0.0000,0.0000,0.0000,0.0000,0.0000,0.0000,0.0000,0.0000,0.0000,0.0000,0.0000,0.0000,0.0000,0.0000,0.0000,0.0000,266.5830,320.3688,280.1060,258.4742,308.1487,309.8240,280.4306,346.0223,334.7990,338.5916,348.8257,287.3015,317.8752,282.7961,301.2148,303.0916,360.7129,384.7553,344.2365,386.6318,331.2223,335.1080,374.9081,390.5100,374.8269,359.3039,352.4529,365.7960,351.0615,374.4815,349.9849,371.2589,378.8443,366.1453,386.6065,361.2628,317.3565,351.7246,335.7543,333.8340,363.4979,351.9434,384.4892,341.0710,310.3644,332.2464,399.6085,360.7112,357.5903,354.5786,306.6116,279.7606,294.3341,299.4194,310.7917,367.0378,344.7052,299.7999,324.7556,342.2909,309.8308,378.9771,293.1609,376.9515,388.4290,333.7136,381.7636,378.9215,354.6033,421.2821,364.8815,313.2737,402.5540,377.6624,350.7378,365.2474,374.7729,374.8035,369.4370,418.5959,352.7016,354.9739,350.6216,343.4989,327.6368,334.4077,267.2413,340.4816,289.4147,281.4389,301.9091,276.5756,197.2346,226.0455,269.1132,277.8136,0.0000,0.0000,0.0000,0.0000,0.0000,0.0000,0.0000,0.0000,0.0000,0.0000,0.0000,0.0000,0.0000,0.0000,0.0000,0.0000,0.0000,0.0000,0.0000,0.0000,0.0000,0.0000,0.0000,0.0000,0.0000,0.0000,0.0000,0.0000,0.0000,0.0000,0.0000,0.0000,0.0000,0.0000,0.0000,0.0000,0.0000,0.0000,0.0000,0.0000,0.0000,0.0000,0.0000,0.0000,0.0000,0.0000,0.0000,0.0000,0.0000,0.0000,0.0000,0.0000,0.0000,0.0000,0.0000,0.0000,0.0000,0.0000,0.0000,0.0000,0.0000,0.0000,0.0000,0.0000,0.0000,0.0000,0.0000,0.0000,0.0000,0.0000,0.0000,0.0000,0.0000,0.0000,0.0000,0.0000,0.0000,0.0000,0.0000,0.0000,0.0000,0.0000,0.0000,0.0000,0.0000,0.0000,0.0000,0.0000,0.0000,0.0000,0.0000,0.0000,0.0000,0.0000,0.0000,0.0000,0.0000,0.0000,0.0000,0.0000,0.0000,0.0000,0.0000,0.0000,0.0000,0.0000,0.0000,0.0000,0.0000,0.0000,0.0000,0.0000,0.0000,0.0000,0.0000,0.0000,0.0000,0.0000,0.0000,0.0000,0.0000,0.0000,0.0000,0.0000,0.0000,0.0000,0.0000,0.0000,0.0000,0.0000,0.0000,0.0000,0.0000,0.0000,0.0000,0.0000,0.0000,0.0000,0.0000,0.0000,0.0000,0.0000,0.0000,0.0000,0.0000,0.0000,0.0000,0.0000,0.0000,0.0000,0.0000,0.0000
0.0000,0.0000,0.0000,0.0000,0.0000,0.0000,0.0000,0.0000,0.0000,0.0000,0.0000,0.0000,0.0000,0.0000,0.0000,0.0000,0.0000,0.0000,0.0000,0.0000,0.0000,0.0000,0.0000,0.0000,0.0000,0.0000,0.0000,0.0000,0.0000,0.0000,0.0000,0.0000,0.0000,0.0000,0.0000,0.0000,0.0000,0.0000,0.0000,0.0000,0.0000,0.0000,0.0000,0.0000,0.0000,0.0000,0.0000,0.0000,0.0000,0.0000,0.0000,0.0000,0.0000,0.0000,0.0000,0.0000,0.0000,0.0000,0.0000,0.0000,0.0000,0.0000,0.0000,0.0000,0.0000,0.0000,0.0000,0.0000,0.0000,0.0000,0.0000,0.0000,0.0000,0.0000,0.0000,0.0000,0.0000,0.0000,0.0000,0.0000,0.0000,0.0000,0.0000,0.0000,0.0000,0.0000,0.0000,0.0000,0.0000,0.0000,0.0000,0.0000,0.0000,0.0000,0.0000,0.0000,0.0000,0.0000,0.0000,0.0000,0.0000,0.0000,0.0000,0.0000,0.0000,0.0000,0.0000,0.0000,0.0000,0.0000,0.0000,0.0000,0.0000,0.0000,0.0000,0.0000,0.0000,0.0000,0.0000,0.0000,0.0000,0.0000,0.0000,0.0000,0.0000,0.0000,0.0000,0.0000,0.0000,0.0000,0.0000,0.0000,0.0000,0.0000,0.0000,0.0000,0.0000,0.0000,0.0000,0.0000,0.0000,0.0000,0.0000,0.0000,0.0000,0.0000,0.0000,0.0000,0.0000,0.0000,0.0000,0.0000,0.0000,0.0000,0.0000,0.0000,259.2210,235.5943,255.8716,262.8191,255.1584,286.5026,334.3047,259.7915,268.6675,246.6528,280.2003,296.1118,295.5988,307.7107,324.9579,349.0697,289.0351,358.6698,310.9505,319.3157,339.4981,319.9188,341.1774,343.2462,310.4166,325.5128,350.7654,345.3232,317.9568,324.9277,340.3239,332.8784,325.8394,339.9056,318.0608,385.6730,329.0767,339.8592,346.0420,306.1175,330.7855,320.5936,341.9107,288.7957,309.0075,329.9059,304.9806,258.7552,277.6041,314.1790,330.0876,287.8703,294.8535,307.6728,311.4796,289.5433,352.4272,353.1522,340.0170,345.8768,342.3346,313.0986,306.7920,402.4398,365.4179,375.3695,369.3214,361.1179,339.1500,370.6304,332.3208,306.4029,346.1893,351.3802,360.0917,273.1898,299.2079,368.5319,327.8159,297.0441,311.4385,311.9217,291.9303,303.2403,234.2397,273.4917,209.4850,243.4403,0.0000,0.0000,0.0000,0.0000,0.0000,0.0000,0.0000,0.0000,0.0000,0.0000,0.0000,0.0000,0.0000,0.0000,0.0000,0.0000,0.0000,0.0000,0.0000,0.0000,0.0000,0.0000,0.0000,0.0000,0.0000,0.0000,0.0000,0.0000,0.0000,0.0000,0.0000,0.0000,0.0000,0.0000,0.0000,0.0000,0.0000,0.0000,0.0000,0.0000,0.0000,0.0000,0.0000,0.0000,0.0000,0.0000,0.0000,0.0000,0.0000,0.0000,0.0000,0.0000,0.0000,0.0000,0.0000,0.0000,0.0000,0.0000,0.0000,0.0000,0.0000,0.0000,0.0000,0.0000,0.0000,0.0000,0.0000,0.0000,0.0000,0.0000,0.0000,0.0000,0.0000,0.0000,0.0000,0.0000,0.0000,0.0000,0.0000,0.0000,0.0000,0.0000,0.0000,0.0000,0.0000,0.0000,0.0000,0.0000,0.0000,0.0000,0.0000,0.0000,0.0000,0.0000,0.0000,0.0000,0.0000,0.0000,0.0000,0.0000,0.0000,0.0000,0.0000,0.0000,0.0000,0.0000,0.0000,0.0000,0.0000,0.0000,0.0000,0.0000,0.0000,0.0000,0.0000,0.0000,0.0000,0.0000,0.0000,0.0000,0.0000,0.0000,0.0000,0.0000,0.0000,0.0000,0.0000,0.0000,0.0000,0.0000,0.0000,0.0000,0.0000,0.0000,0.0000,0.0000,0.0000,0.0000,0.0000,0.0000,0.0000,0.0000,0.0000,0.0000,0.0000,0.0000,0.0000,0.0000,0.0000,0.0000,0.0000,0.0000,0.0000,0.0000,0.0000,0.0000
0.0000,0.0000,0.0000,0.0000,0.0000,0.0000,0.0000,0.0000,0.0000,0.0000,0.0000,0.0000,0.0000,0.0000,0.0000,0.0000,0.0000,0.0000,0.0000,0.0000,0.0000,0.0000,0.0000,0.0000,0.0000,0.0000,0.0000,0.0000,0.0000,0.0000,0.0000,0.0000,0.0000,0.0000,0.0000,0.0000,0.0000,0.0000,0.0000,0.0000,0.0000,0.0000,0.0000,0.0000,0.0000,0.0000,0.0000,0.0000,0.0000,0.0000,0.0000,0.0000,0.0000,0.0000,0.0000,0.0000,0.0000,0.0000,0.0000,0.0000,0.0000,0.0000,0.0000,0.0000,0.0000,0.0000,0.0000,0.0000,0.0000,0.0000,0.0000,0.0000,0.0000,0.0000,0.0000,0.0000,0.0000,0.0000,0.0000,0.0000,0.0000,0.0000,0.0000,0.0000,0.0000,0.0000,0.0000,0.0000,0.0000,0.0000,0.0000,0.0000,0.0000,0.0000,0.0000,0.0000,0.0000,0.0000,0.0000,0.0000,0.0000,0.0000,0.0000,0.0000,0.0000,0.0000,0.0000,0.0000,0.0000,0.0000,0.0000,0.0000,0.0000,0.0000,0.0000,0.0000,0.0000,0.0000,0.0000,0.0000,0.0000,0.0000,0.0000,0.0000,0.0000,0.0000,0.0000,0.0000,0.0000,0.0000,0.0000,0.0000,0.0000,0.0000,0.0000,0.0000,0.0000,0.0000,0.0000,0.0000,0.0000,0.0000,0.0000,0.0000,0.0000,0.0000,0.0000,0.0000,0.0000,0.0000,0.0000,0.0000,0.0000,0.0000,0.0000,0.0000,0.0000,0.0000,0.0000,0.0000,279.7525,283.0546,252.9389,297.3063,260.4078,249.4400,244.2309,264.8071,285.6285,267.4067,257.6856,303.0641,296.0526,291.7088,296.4703,316.1645,263.6504,308.1578,296.7915,339.3185,330.4606,312.1572,367.6364,292.9522,306.6342,353.8082,344.9742,323.4842,260.5899,311.4224,334.4414,323.7609,371.7261,350.1831,315.9611,315.4944,337.4358,350.1224,301.7950,335.9964,343.8419,274.0019,328.6851,307.7782,347.0575,280.2724,283.0391,334.4570,346.0343,317.0652,324.2366,332.3963,318.6475,321.5120,311.0266,388.8828,318.0296,364.4835,346.0378,356.1541,335.2291,346.7532,404.3188,341.7605,331.9758,285.4427,329.1907,344.0641,313.4520,353.8911,307.9382,310.8175,315.8854,300.1761,302.4494,353.7517,307.9281,296.1145,278.7359,253.5682,0.0000,0.0000,0.0000,0.0000,0.0000,0.0000,0.0000,0.0000,0.0000,0.0000,0.0000,0.0000,0.0000,0.0000,0.0000,0.0000,0.0000,0.0000,0.0000,0.0000,0.0000,0.0000,0.0000,0.0000,0.0000,0.0000,0.0000,0.0000,0.0000,0.0000,0.0000,0.0000,0.0000,0.0000,0.0000,0.0000,0.0000,0.0000,0.0000,0.0000,0.0000,0.0000,0.0000,0.0000,0.0000,0.0000,0.0000,0.0000,0.0000,0.0000,0.0000,0.0000,0.0000,0.0000,0.0000,0.0000,0.0000,0.0000,0.0000,0.0000,0.0000,0.0000,0.0000,0.0000,0.0000,0.0000,0.0000,0.0000,0.0000,0.0000,0.0000,0.0000,0.0000,0.0000,0.0000,0.0000,0.0000,0.0000,0.0000,0.0000,0.0000,0.0000,0.0000,0.0000,0.0000,0.0000,0.0000,0.0000,0.0000,0.0000,0.0000,0.0000,0.0000,0.0000,0.0000,0.0000,0.0000,0.0000,0.0000,0.0000,0.0000,0.0000,0.0000,0.0000,0.0000,0.0000,0.0000,0.0000,0.0000,0.0000,0.0000,0.0000,0.0000,0.0000,0.0000,0.0000,0.0000,0.0000,0.0000,0.0000,0.0000,0.0000,0.0000,0.0000,0.0000,0.0000,0.0000,0.0000,0.0000,0.0000,0.0000,0.0000,0.0000,0.0000,0.0000,0.0000,0.0000,0.0000,0.0000,0.0000,0.0000,0.0000,0.0000,0.0000,0.0000,0.0000,0.0000,0.0000,0.0000,0.0000,0.0000,0.0000,0.0000,0.0000,0.0000,0.0000,0.0000,0.0000,0.0000,0.0000
0.0000,0.0000,0.0000,0.0000,0.0000,0.0000,0.0000,0.0000,0.0000,0.0000,0.0000,0.0000,0.0000,0.0000,0.0000,0.0000,0.0000,0.0000,0.0000,0.0000,0.0000,0.0000,0.0000,0.0000,0.0000,0.0000,0.0000,0.0000,0.0000,0.0000,0.0000,0.0000,0.0000,0.0000,0.0000,0.0000,0.0000,0.0000,0.0000,0.0000,0.0000,0.0000,0.0000,0.0000,0.0000,0.0000,0.0000,0.0000,0.0000,0.0000,0.0000,0.0000,0.0000,0.0000,0.0000,0.0000,0.0000,0.0000,0.0000,0.0000,0.0000,0.0000,0.0000,0.0000,0.0000,0.0000,0.0000,0.0000,0.0000,0.0000,0.0000,0.0000,0.0000,0.0000,0.0000,0.0000,0.0000,0.0000,0.0000,0.0000,0.0000,0.0000,0.0000,0.0000,0.0000,0.0000,0.0000,0.0000,0.0000,0.0000,0.0000,0.0000,0.0000,0.0000,0.0000,0.0000,0.0000,0.0000,0.0000,0.0000,0.0000,0.0000,0.0000,0.0000,0.0000,0.0000,0.0000,0.0000,0.0000,0.0000,0.0000,0.0000,0.0000,0.0000,0.0000,0.0000,0.0000,0.0000,0.0000,0.0000,0.0000,0.0000,0.0000,0.0000,0.0000,0.0000,0.0000,0.0000,0.0000,0.0000,0.0000,0.0000,0.0000,0.0000,0.0000,0.0000,0.0000,0.0000,0.0000,0.0000,0.0000,0.0000,0.0000,0.0000,0.0000,0.0000,0.0000,0.0000,0.0000,0.0000,0.0000,0.0000,0.0000,0.0000,0.0000,0.0000,0.0000,0.0000,0.0000,0.0000,0.0000,0.0000,0.0000,0.0000,0.0000,284.5542,277.9354,259.8513,259.6870,278.7966,343.8246,315.5155,319.5269,306.1078,294.4224,254.8747,274.4208,291.8861,256.9198,293.8572,275.8492,234.2471,272.8458,328.0612,295.4183,265.5859,298.9006,333.0555,280.1257,316.7579,343.7282,328.7699,373.5890,301.0456,319.6462,291.0616,314.8274,338.4347,352.2802,287.9036,285.3161,318.6536,257.9872,323.6186,232.0471,293.0792,288.5262,309.1084,297.2396,325.1075,305.5281,295.7004,308.3427,323.5034,286.7008,386.6936,325.3253,320.4283,333.5956,328.5447,333.5295,382.4252,327.9870,295.6123,312.1947,288.0364,329.3544,317.1055,328.3527,284.2613,335.4076,299.1441,267.5066,302.5076,268.8817,0.0000,0.0000,0.0000,0.0000,0.0000,0.0000,0.0000,0.0000,0.0000,0.0000,0.0000,0.0000,0.0000,0.0000,0.0000,0.0000,0.0000,0.0000,0.0000,0.0000,0.0000,0.0000,0.0000,0.0000,0.0000,0.0000,0.0000,0.0000,0.0000,0.0000,0.0000,0.0000,0.0000,0.0000,0.0000,0.0000,0.0000,0.0000,0.0000,0.0000,0.0000,0.0000,0.0000,0.0000,0.0000,0.0000,0.0000,0.0000,0.0000,0.0000,0.0000,0.0000,0.0000,0.0000,0.0000,0.0000,0.0000,0.0000,0.0000,0.0000,0.0000,0.0000,0.0000,0.0000,0.0000,0.0000,0.0000,0.0000,0.0000,0.0000,0.0000,0.0000,0.0000,0.0000,0.0000,0.0000,0.0000,0.0000,0.0000,0.0000,0.0000,0.0000,0.0000,0.0000,0.0000,0.0000,0.0000,0.0000,0.0000,0.0000,0.0000,0.0000,0.0000,0.0000,0.0000,0.0000,0.0000,0.0000,0.0000,0.0000,0.0000,0.0000,0.0000,0.0000,0.0000,0.0000,0.0000,0.0000,0.0000,0.0000,0.0000,0.0000,0.0000,0.0000,0.0000,0.0000,0.0000,0.0000,0.0000,0.0000,0.0000,0.0000,0.0000,0.0000,0.0000,0.0000,0.0000,0.0000,0.0000,0.0000,0.0000,0.0000,0.0000,0.0000,0.0000,0.0000,0.0000,0.0000,0.0000,0.0000,0.0000,0.0000,0.0000,0.0000,0.0000,0.0000,0.0000,0.0000,0.0000,0.0000,0.0000,0.0000,0.0000,0.0000,0.0000,0.0000,0.0000,0.0000,0.0000,0.0000,0.0000,0.0000,0.0000,0.0000,0.0000
0.0000,0.0000,0.0000,0.0000,0.0000,0.0000,0.0000,0.0000,0.0000,0.0000,0.0000,0.0000,0.0000,0.0000,0.0000,0.0000,0.0000,0.0000,0.0000,0.0000,0.0000,0.0000,0.0000,0.0000,0.0000,0.0000,0.0000,0.0000,0.0000,0.0000,0.0000,0.0000,0.0000,0.0000,0.0000,0.0000,0.0000,0.0000,0.0000,0.0000,0.0000,0.0000,0.0000,0.0000,0.0000,0.0000,0.0000,0.0000,0.0000,0.0000,0.0000,0.0000,0.0000,0.0000,0.0000,0.0000,0.0000,0.0000,0.0000,0.0000,0.0000,0.0000,0.0000,0.0000,0.0000,0.0000,0.0000,0.0000,0.0000,0.0000,0.0000,0.0000,0.0000,0.0000,0.0000,0.0000,0.0000,0.0000,0.0000,0.0000,0.0000,0.0000,0.0000,0.0000,0.0000,0.0000,0.0000,0.0000,0.0000,0.0000,0.0000,0.0000,0.0000,0.0000,0.0000,0.0000,0.0000,0.0000,0.0000,0.0000,0.0000,0.0000,0.0000,0.0000,0.0000,0.0000,0.0000,0.0000,0.0000,0.0000,0.0000,0.0000,0.0000,0.0000,0.0000,0.0000,0.0000,0.0000,0.0000,0.0000,0.0000,0.0000,0.0000,0.0000,0.0000,0.0000,0.0000,0.0000,0.0000,0.0000,0.0000,0.0000,0.0000,0.0000,0.0000,0.0000,0.0000,0.0000,0.0000,0.0000,0.0000,0.0000,0.0000,0.0000,0.0000,0.0000,0.0000,0.0000,0.0000,0.0000,0.0000,0.0000,0.0000,0.0000,0.0000,0.0000,0.0000,0.0000,0.0000,0.0000,0.0000,0.0000,0.0000,0.0000,0.0000,0.0000,0.0000,0.0000,0.0000,0.0000,283.7790,253.3604,258.3190,314.8111,307.9869,252.4603,244.0277,278.9348,265.9330,273.5602,256.5829,283.1873,305.4282,292.0257,254.7576,274.9313,284.1346,298.7899,338.6147,324.4498,305.7922,310.7076,317.1145,324.2797,339.4246,310.4811,323.1364,349.6548,351.7989,341.8151,360.2108,324.5373,297.8640,298.1698,320.7242,316.6058,285.4716,239.6502,287.9164,298.2324,313.9921,321.9486,333.7062,330.8461,342.7972,363.8157,290.6700,313.2965,325.2012,314.1914,312.4308,329.7259,311.7592,328.9518,304.5282,321.5212,284.2231,305.5409,296.8076,275.2348,0.0000,0.0000,0.0000,0.0000,0.0000,0.0000,0.0000,0.0000,0.0000,0.0000,0.0000,0.0000,0.0000,0.0000,0.0000,0.0000,0.0000,0.0000,0.0000,0.0000,0.0000,0.0000,0.0000,0.0000,0.0000,0.0000,0.0000,0.0000,0.0000,0.0000,0.0000,0.0000,0.0000,0.0000,0.0000,0.0000,0.0000,0.0000,0.0000,0.0000,0.0000,0.0000,0.0000,0.0000,0.0000,0.0000,0.0000,0.0000,0.0000,0.0000,0.0000,0.0000,0.0000,0.0000,0.0000,0.0000,0.0000,0.0000,0.0000,0.0000,0.0000,0.0000,0.0000,0.0000,0.0000,0.0000,0.0000,0.0000,0.0000,0.0000,0.0000,0.0000,0.0000,0.0000,0.0000,0.0000,0.0000,0.0000,0.0000,0.0000,0.0000,0.0000,0.0000,0.0000,0.0000,0.0000,0.0000,0.0000,0.0000,0.0000,0.0000,0.0000,0.0000,0.0000,0.0000,0.0000,0.0000,0.0000,0.0000,0.0000,0.0000,0.0000,0.0000,0.0000,0.0000,0.0000,0.0000,0.0000,0.0000,0.0000,0.0000,0.0000,0.0000,0.0000,0.0000,0.0000,0.0000,0.0000,0.0000,0.0000,0.0000,0.0000,0.0000,0.0000,0.0000,0.0000,0.0000,0.0000,0.0000,0.0000,0.0000,0.0000,0.0000,0.0000,0.0000,0.0000,0.0000,0.0000,0.0000,0.0000,0.0000,0.0000,0.0000,0.0000,0.0000,0.0000,0.0000,0.0000,0.0000,0.0000,0.0000,0.0000,0.0000,0.0000,0.0000,0.0000,0.0000,0.0000,0.0000,0.0000,0.0000,0.0000,0.0000,0.0000,0.0000,0.0000,0.0000,0.0000,0.0000,0.0000
0.0000,0.0000,0.0000,0.0000,0.0000,0.0000,0.0000,0.0000,0.0000,0.0000,0.0000,0.0000,0.0000,0.0000,0.0000,0.0000,0.0000,0.0000,0.0000,0.0000,0.0000,0.0000,0.0000,0.0000,0.0000,0.0000,0.0000,0.0000,0.0000,0.0000,0.0000,0.0000,0.0000,0.0000,0.0000,0.0000,0.0000,0.0000,0.0000,0.0000,0.0000,0.0000,0.0000,0.0000,0.0000,0.0000,0.0000,0.0000,0.0000,0.0000,0.0000,0.0000,0.0000,0.0000,0.0000,0.0000,0.0000,0.0000,0.0000,0.0000,0.0000,0.0000,0.0000,0.0000,0.0000,0.0000,0.0000,0.0000,0.0000,0.0000,0.0000,0.0000,0.0000,0.0000,0.0000,0.0000,0.0000,0.0000,0.0000,0.0000,0.0000,0.0000,0.0000,0.0000,0.0000,0.0000,0.0000,0.0000,0.0000,0.0000,0.0000,0.0000,0.0000,0.0000,0.0000,0.0000,0.0000,0.0000,0.0000,0.0000,0.0000,0.0000,0.0000,0.0000,0.0000,0.0000,0.0000,0.0000,0.0000,0.0000,0.0000,0.0000,0.0000,0.0000,0.0000,0.0000,0.0000,0.0000,0.0000,0.0000,0.0000,0.0000,0.0000,0.0000,0.0000,0.0000,0.0000,0.0000,0.0000,0.0000,0.0000,0.0000,0.0000,0.0000,0.0000,0.0000,0.0000,0.0000,0.0000,0.0000,0.0000,0.0000,0.0000,0.0000,0.0000,0.0000,0.0000,0.0000,0.0000,0.0000,0.0000,0.0000,0.0000,0.0000,0.0000,0.0000,0.0000,0.0000,0.0000,0.0000,0.0000,0.0000,0.0000,0.0000,0.0000,0.0000,0.0000,0.0000,0.0000,0.0000,0.0000,0.0000,0.0000,0.0000,0.0000,0.0000,0.0000,276.0673,237.9896,258.8949,264.2561,286.7704,282.1771,267.5905,276.3676,267.1466,311.9720,266.1963,239.9277,253.3893,259.2698,287.1299,342.9586,281.7475,293.3675,305.2413,282.7464,308.3956,279.8259,286.3250,309.8799,320.5336,324.0928,304.1947,288.3671,269.0216,300.6956,302.7730,293.7953,299.0653,322.9120,285.4521,273.2885,306.6856,270.9859,262.6238,290.5131,285.2615,305.0929,312.7833,332.3000,320.7081,314.0483,0.0000,0.0000,0.0000,0.0000,0.0000,0.0000,0.0000,0.0000,0.0000,0.0000,0.0000,0.0000,0.0000,0.0000,0.0000,0.0000,0.0000,0.0000,0.0000,0.0000,0.0000,0.0000,0.0000,0.0000,0.0000,0.0000,0.0000,0.0000,0.0000,0.0000,0.0000,0.0000,0.0000,0.0000,0.0000,0.0000,0.0000,0.0000,0.0000,0.0000,0.0000,0.0000,0.0000,0.0000,0.0000,0.0000,0.0000,0.0000,0.0000,0.0000,0.0000,0.0000,0.0000,0.0000,0.0000,0.0000,0.0000,0.0000,0.0000,0.0000,0.0000,0.0000,0.0000,0.0000,0.0000,0.0000,0.0000,0.0000,0.0000,0.0000,0.0000,0.0000,0.0000,0.0000,0.0000,0.0000,0.0000,0.0000,0.0000,0.0000,0.0000,0.0000,0.0000,0.0000,0.0000,0.0000,0.0000,0.0000,0.0000,0.0000,0.0000,0.0000,0.0000,0.0000,0.0000,0.0000,0.0000,0.0000,0.0000,0.0000,0.0000,0.0000,0.0000,0.0000,0.0000,0.0000,0.0000,0.0000,0.0000,0.0000,0.0000,0.0000,0.0000,0.0000,0.0000,0.0000,0.0000,0.0000,0.0000,0.0000,0.0000,0.0000,0.0000,0.0000,0.0000,0.0000,0.0000,0.0000,0.0000,0.0000,0.0000,0.0000,0.0000,0.0000,0.0000,0.0000,0.0000,0.0000,0.0000,0.0000,0.0000,0.0000,0.0000,0.0000,0.0000,0.0000,0.0000,0.0000,0.0000,0.0000,0.0000,0.0000,0.0000,0.0000,0.0000,0.0000,0.0000,0.0000,0.0000,0.0000,0.0000,0.0000,0.0000,0.0000,0.0000,0.0000,0.0000,0.0000,0.0000,0.0000,0.0000,0.0000,0.0000,0.0000,0.0000,0.0000,0.0000
0.0000,0.0000,0.0000,0.0000,0.0000,0.0000,0.0000,0.0000,0.0000,0.0000,0.0000,0.0000,0.0000,0.0000,0.0000,0.0000,0.0000,0.0000,0.0000,0.0000,0.0000,0.0000,0.0000,0.0000,0.0000,0.0000,0.0000,0.0000,0.0000,0.0000,0.0000,0.0000,0.0000,0.0000,0.0000,0.0000,0.0000,0.0000,0.0000,0.0000,0.0000,0.0000,0.0000,0.0000,0.0000,0.0000,0.0000,0.0000,0.0000,0.0000,0.0000,0.0000,0.0000,0.0000,0.0000,0.0000,0.0000,0.0000,0.0000,0.0000,0.0000,0.0000,0.0000,0.0000,0.0000,0.0000,0.0000,0.0000,0.0000,0.0000,0.0000,0.0000,0.0000,0.0000,0.0000,0.0000,0.0000,0.0000,0.0000,0.0000,0.0000,0.0000,0.0000,0.0000,0.0000,0.0000,0.0000,0.0000,0.0000,0.0000,0.0000,0.0000,0.0000,0.0000,0.0000,0.0000,0.0000,0.0000,0.0000,0.0000,0.0000,0.0000,0.0000,0.0000,0.0000,0.0000,0.0000,0.0000,0.0000,0.0000,0.0000,0.0000,0.0000,0.0000,0.0000,0.0000,0.0000,0.0000,0.0000,0.0000,0.0000,0.0000,0.0000,0.0000,0.0000,0.0000,0.0000,0.0000,0.0000,0.0000,0.0000,0.0000,0.0000,0.0000,0.0000,0.0000,0.0000,0.0000,0.0000,0.0000,0.0000,0.0000,0.0000,0.0000,0.0000,0.0000,0.0000,0.0000,0.0000,0.0000,0.0000,0.0000,0.0000,0.0000,0.0000,0.0000,0.0000,0.0000,0.0000,0.0000,0.0000,0.0000,0.0000,0.0000,0.0000,0.0000,0.0000,0.0000,0.0000,0.0000,0.0000,0.0000,0.0000,0.0000,0.0000,0.0000,0.0000,0.0000,0.0000,0.0000,0.0000,0.0000,0.0000,0.0000,0.0000,0.0000,0.0000,335.2373,308.2803,242.8656,321.3847,276.2201,340.3640,359.2606,342.4774,313.6628,315.2565,308.0856,363.2453,305.6689,341.8626,317.4539,335.1093,272.7476,325.8926,305.6686,284.5255,328.8062,341.8818,339.2605,290.7621,319.6325,324.5849,0.0000,0.0000,0.0000,0.0000,0.0000,0.0000,0.0000,0.0000,0.0000,0.0000,0.0000,0.0000,0.0000,0.0000,0.0000,0.0000,0.0000,0.0000,0.0000,0.0000,0.0000,0.0000,0.0000,0.0000,0.0000,0.0000,0.0000,0.0000,0.0000,0.0000,0.0000,0.0000,0.0000,0.0000,0.0000,0.0000,0.0000,0.0000,0.0000,0.0000,0.0000,0.0000,0.0000,0.0000,0.0000,0.0000,0.0000,0.0000,0.0000,0.0000,0.0000,0.0000,0.0000,0.0000,0.0000,0.0000,0.0000,0.0000,0.0000,0.0000,0.0000,0.0000,0.0000,0.0000,0.0000,0.0000,0.0000,0.0000,0.0000,0.0000,0.0000,0.0000,0.0000,0.0000,0.0000,0.0000,0.0000,0.0000,0.0000,0.0000,0.0000,0.0000,0.0000,0.0000,0.0000,0.0000,0.0000,0.0000,0.0000,0.0000,0.0000,0.0000,0.0000,0.0000,0.0000,0.0000,0.0000,0.0000,0.0000,0.0000,0.0000,0.0000,0.0000,0.0000,0.0000,0.0000,0.0000,0.0000,0.0000,0.0000,0.0000,0.0000,0.0000,0.0000,0.0000,0.0000,0.0000,0.0000,0.0000,0.0000,0.0000,0.0000,0.0000,0.0000,0.0000,0.0000,0.0000,0.0000,0.0000,0.0000,0.0000,0.0000,0.0000,0.0000,0.0000,0.0000,0.0000,0.0000,0.0000,0.0000,0.0000,0.0000,0.0000,0.0000,0.0000,0.0000,0.0000,0.0000,0.0000,0.0000,0.0000,0.0000,0.0000,0.0000,0.0000,0.0000,0.0000,0.0000,0.0000,0.0000,0.0000,0.0000,0.0000,0.0000,0.0000,0.0000,0.0000,0.0000,0.0000,0.0000,0.0000,0.0000,0.0000,0.0000,0.0000,0.0000,0.0000,0.0000,0.0000,0.0000,0.0000,0.0000,0.0000,0.0000,0.0000,0.0000,0.0000
0.0000,0.0000,0.0000,0.0000,0.0000,0.0000,0.0000,0.0000,0.0000,0.0000,0.0000,0.0000,0.0000,0.0000,0.0000,0.0000,0.0000,0.0000,0.0000,0.0000,0.0000,0.0000,0.0000,0.0000,0.0000,0.0000,0.0000,0.0000,0.0000,0.0000,0.0000,0.0000,0.0000,0.0000,0.0000,0.0000,0.0000,0.0000,0.0000,0.0000,0.0000,0.0000,0.0000,0.0000,0.0000,0.0000,0.0000,0.0000,0.0000,0.0000,0.0000,0.0000,0.0000,0.0000,0.0000,0.0000,0.0000,0.0000,0.0000,0.0000,0.0000,0.0000,0.0000,0.0000,0.0000,0.0000,0.0000,0.0000,0.0000,0.0000,0.0000,0.0000,0.0000,0.0000,0.0000,0.0000,0.0000,0.0000,0.0000,0.0000,0.0000,0.0000,0.0000,0.0000,0.0000,0.0000,0.0000,0.0000,0.0000,0.0000,0.0000,0.0000,0.0000,0.0000,0.0000,0.0000,0.0000,0.0000,0.0000,0.0000,0.0000,0.0000,0.0000,0.0000,0.0000,0.0000,0.0000,0.0000,0.0000,0.0000,0.0000,0.0000,0.0000,0.0000,0.0000,0.0000,0.0000,0.0000,0.0000,0.0000,0.0000,0.0000,0.0000,0.0000,0.0000,0.0000,0.0000,0.0000,0.0000,0.0000,0.0000,0.0000,0.0000,0.0000,0.0000,0.0000,0.0000,0.0000,0.0000,0.0000,0.0000,0.0000,0.0000,0.0000,0.0000,0.0000,0.0000,0.0000,0.0000,0.0000,0.0000,0.0000,0.0000,0.0000,0.0000,0.0000,0.0000,0.0000,0.0000,0.0000,0.0000,0.0000,0.0000,0.0000,0.0000,0.0000,0.0000,0.0000,0.0000,0.0000,0.0000,0.0000,0.0000,0.0000,0.0000,0.0000,0.0000,0.0000,0.0000,0.0000,0.0000,0.0000,0.0000,0.0000,0.0000,0.0000,0.0000,0.0000,0.0000,0.0000,0.0000,0.0000,0.0000,0.0000,0.0000,0.0000,0.0000,0.0000,0.0000,0.0000,0.0000,0.0000,0.0000,0.0000,0.0000,0.0000,0.0000,0.0000,0.0000,0.0000,0.0000,0.0000,0.0000,0.0000,0.0000,0.0000,0.0000,0.0000,0.0000,0.0000,0.0000,0.0000,0.0000,0.0000,0.0000,0.0000,0.0000,0.0000,0.0000,0.0000,0.0000,0.0000,0.0000,0.0000,0.0000,0.0000,0.0000,0.0000,0.0000,0.0000,0.0000,0.0000,0.0000,0.0000,0.0000,0.0000,0.0000,0.0000,0.0000,0.0000,0.0000,0.0000,0.0000,0.0000,0.0000,0.0000,0.0000,0.0000,0.0000,0.0000,0.0000,0.0000,0.0000,0.0000,0.0000,0.0000,0.0000,0.0000,0.0000,0.0000,0.0000,0.0000,0.0000,0.0000,0.0000,0.0000,0.0000,0.0000,0.0000,0.0000,0.0000,0.0000,0.0000,0.0000,0.0000,0.0000,0.0000,0.0000,0.0000,0.0000,0.0000,0.0000,0.0000,0.0000,0.0000,0.0000,0.0000,0.0000,0.0000,0.0000,0.0000,0.0000,0.0000,0.0000,0.0000,0.0000,0.0000,0.0000,0.0000,0.0000,0.0000,0.0000,0.0000,0.0000,0.0000,0.0000,0.0000,0.0000,0.0000,0.0000,0.0000,0.0000,0.0000,0.0000,0.0000,0.0000,0.0000,0.0000,0.0000,0.0000,0.0000,0.0000,0.0000,0.0000,0.0000,0.0000,0.0000,0.0000,0.0000,0.0000,0.0000,0.0000,0.0000,0.0000,0.0000,0.0000,0.0000,0.0000,0.0000,0.0000,0.0000,0.0000,0.0000,0.0000,0.0000,0.0000,0.0000,0.0000,0.0000,0.0000,0.0000,0.0000,0.0000,0.0000,0.0000,0.0000,0.0000,0.0000,0.0000,0.0000,0.0000,0.0000,0.0000,0.0000,0.0000,0.0000,0.0000,0.0000,0.0000,0.0000,0.0000,0.0000,0.0000,0.0000,0.0000,0.0000,0.0000,0.0000,0.0000,0.0000,0.0000,0.0000,0.0000,0.0000,0.0000,0.0000,0.0000,0.0000,0.0000,0.0000
0.0000,0.0000,0.0000,0.0000,0.0000,0.0000,0.0000,0.0000,0.0000,0.0000,0.0000,0.0000,0.0000,0.0000,0.0000,0.0000,0.0000,0.0000,0.0000,0.0000,0.0000,0.0000,0.0000,0.0000,0.0000,0.0000,0.0000,0.0000,0.0000,0.0000,0.0000,0.0000,0.0000,0.0000,0.0000,0.0000,0.0000,0.0000,0.0000,0.0000,0.0000,0.0000,0.0000,0.0000,0.0000,0.0000,0.0000,0.0000,0.0000,0.0000,0.0000,0.0000,0.0000,0.0000,0.0000,0.0000,0.0000,0.0000,0.0000,0.0000,0.0000,0.0000,0.0000,0.0000,0.0000,0.0000,0.0000,0.0000,0.0000,0.0000,0.0000,0.0000,0.0000,0.0000,0.0000,0.0000,0.0000,0.0000,0.0000,0.0000,0.0000,0.0000,0.0000,0.0000,0.0000,0.0000,0.0000,0.0000,0.0000,0.0000,0.0000,0.0000,0.0000,0.0000,0.0000,0.0000,0.0000,0.0000,0.0000,0.0000,0.0000,0.0000,0.0000,0.0000,0.0000,0.0000,0.0000,0.0000,0.0000,0.0000,0.0000,0.0000,0.0000,0.0000,0.0000,0.0000,0.0000,0.0000,0.0000,0.0000,0.0000,0.0000,0.0000,0.0000,0.0000,0.0000,0.0000,0.0000,0.0000,0.0000,0.0000,0.0000,0.0000,0.0000,0.0000,0.0000,0.0000,0.0000,0.0000,0.0000,0.0000,0.0000,0.0000,0.0000,0.0000,0.0000,0.0000,0.0000,0.0000,0.0000,0.0000,0.0000,0.0000,0.0000,0.0000,0.0000,0.0000,0.0000,0.0000,0.0000,0.0000,0.0000,0.0000,0.0000,0.0000,0.0000,0.0000,0.0000,0.0000,0.0000,0.0000,0.0000,0.0000,0.0000,0.0000,0.0000,0.0000,0.0000,0.0000,0.0000,0.0000,0.0000,0.0000,0.0000,0.0000,0.0000,0.0000,0.0000,0.0000,0.0000,0.0000,0.0000,0.0000,0.0000,0.0000,0.0000,0.0000,0.0000,0.0000,0.0000,0.0000,0.0000,0.0000,0.0000,0.0000,0.0000,0.0000,0.0000,0.0000,0.0000,0.0000,0.0000,0.0000,0.0000,0.0000,0.0000,0.0000,0.0000,0.0000,0.0000,0.0000,0.0000,0.0000,0.0000,0.0000,0.0000,0.0000,0.0000,0.0000,0.0000,0.0000,0.0000,0.0000,0.0000,0.0000,0.0000,0.0000,0.0000,0.0000,0.0000,0.0000,0.0000,0.0000,0.0000,0.0000,0.0000,0.0000,0.0000,0.0000,0.0000,0.0000,0.0000,0.0000,0.0000,0.0000,0.0000,0.0000,0.0000,0.0000,0.0000,0.0000,0.0000,0.0000,0.0000,0.0000,0.0000,0.0000,0.0000,0.0000,0.0000,0.0000,0.0000,0.0000,0.0000,0.0000,0.0000,0.0000,0.0000,0.0000,0.0000,0.0000,0.0000,0.0000,0.0000,0.0000,0.0000,0.0000,0.0000,0.0000,0.0000,0.0000,0.0000,0.0000,0.0000,0.0000,0.0000,0.0000,0.0000,0.0000,0.0000,0.0000,0.0000,0.0000,0.0000,0.0000,0.0000,0.0000,0.0000,0.0000,0.0000,0.0000,0.0000,0.0000,0.0000,0.0000,0.0000,0.0000,0.0000,0.0000,0.0000,0.0000,0.0000,0.0000,0.0000,0.0000,0.0000,0.0000,0.0000,0.0000,0.0000,0.0000,0.0000,0.0000,0.0000,0.0000,0.0000,0.0000,0.0000,0.0000,0.0000,0.0000,0.0000,0.0000,0.0000,0.0000,0.0000,0.0000,0.0000,0.0000,0.0000,0.0000,0.0000,0.0000,0.0000,0.0000,0.0000,0.0000,0.0000,0.0000,0.0000,0.0000,0.0000,0.0000,0.0000,0.0000,0.0000,0.0000,0.0000,0.0000,0.0000,0.0000,0.0000,0.0000,0.0000,0.0000,0.0000,0.0000,0.0000,0.0000,0.0000,0.0000,0.0000,0.0000,0.0000,0.0000,0.0000,0.0000,0.0000,0.0000,0.0000,0.0000,0.0000,0.0000,0.0000,0.0000,0.0000,0.0000,0.0000,0.0000,0.0000
0.0000,0.0000,0.0000,0.0000,0.0000,0.0000,0.0000,0.0000,0.0000,0.0000,0.0000,0.0000,0.0000,0.0000,0.0000,0.0000,0.0000,0.0000,0.0000,0.0000,0.0000,0.0000,0.0000,0.0000,0.0000,0.0000,0.0000,0.0000,0.0000,0.0000,0.0000,0.0000,0.0000,0.0000,0.0000,0.0000,0.0000,0.0000,0.0000,0.0000,0.0000,0.0000,0.0000,0.0000,0.0000,0.0000,0.0000,0.0000,0.0000,0.0000,0.0000,0.0000,0.0000,0.0000,0.0000,0.0000,0.0000,0.0000,0.0000,0.0000,0.0000,0.0000,0.0000,0.0000,0.0000,0.0000,0.0000,0.0000,0.0000,0.0000,0.0000,0.0000,0.0000,0.0000,0.0000,0.0000,0.0000,0.0000,0.0000,0.0000,0.0000,0.0000,0.0000,0.0000,0.0000,0.0000,0.0000,0.0000,0.0000,0.0000,0.0000,0.0000,0.0000,0.0000,0.0000,0.0000,0.0000,0.0000,0.0000,0.0000,0.0000,0.0000,0.0000,0.0000,0.0000,0.0000,0.0000,0.0000,0.0000,0.0000,0.0000,0.0000,0.0000,0.0000,0.0000,0.0000,0.0000,0.0000,0.0000,0.0000,0.0000,0.0000,0.0000,0.0000,0.0000,0.0000,0.0000,0.0000,0.0000,0.0000,0.0000,0.0000,0.0000,0.0000,0.0000,0.0000,0.0000,0.0000,0.0000,0.0000,0.0000,0.0000,0.0000,0.0000,0.0000,0.0000,0.0000,0.0000,0.0000,0.0000,0.0000,0.0000,0.0000,0.0000,0.0000,0.0000,0.0000,0.0000,0.0000,0.0000,0.0000,0.0000,0.0000,0.0000,0.0000,0.0000,0.0000,0.0000,0.0000,0.0000,0.0000,0.0000,0.0000,0.0000,0.0000,0.0000,0.0000,0.0000,0.0000,0.0000,0.0000,0.0000,0.0000,0.0000,0.0000,0.0000,0.0000,0.0000,0.0000,0.0000,0.0000,0.0000,0.0000,0.0000,0.0000,0.0000,0.0000,0.0000,0.0000,0.0000,0.0000,0.0000,0.0000,0.0000,0.0000,0.0000,0.0000,0.0000,0.0000,0.0000,0.0000,0.0000,0.0000,0.0000,0.0000,0.0000,0.0000,0.0000,0.0000,0.0000,0.0000,0.0000,0.0000,0.0000,0.0000,0.0000,0.0000,0.0000,0.0000,0.0000,0.0000,0.0000,0.0000,0.0000,0.0000,0.0000,0.0000,0.0000,0.0000,0.0000,0.0000,0.0000,0.0000,0.0000,0.0000,0.0000,0.0000,0.0000,0.0000,0.0000,0.0000,0.0000,0.0000,0.0000,0.0000,0.0000,0.0000,0.0000,0.0000,0.0000,0.0000,0.0000,0.0000,0.0000,0.0000,0.0000,0.0000,0.0000,0.0000,0.0000,0.0000,0.0000,0.0000,0.0000,0.0000,0.0000,0.0000,0.0000,0.0000,0.0000,0.0000,0.0000,0.0000,0.0000,0.0000,0.0000,0.0000,0.0000,0.0000,0.0000,0.0000,0.0000,0.0000,0.0000,0.0000,0.0000,0.0000,0.0000,0.0000,0.0000,0.0000,0.0000,0.0000,0.0000,0.0000,0.0000,0.0000,0.0000,0.0000,0.0000,0.0000,0.0000,0.0000,0.0000,0.0000,0.0000,0.0000,0.0000,0.0000,0.0000,0.0000,0.0000,0.0000,0.0000,0.0000,0.0000,0.0000,0.0000,0.0000,0.0000,0.0000,0.0000,0.0000,0.0000,0.0000,0.0000,0.0000,0.0000,0.0000,0.0000,0.0000,0.0000,0.0000,0.0000,0.0000,0.0000,0.0000,0.0000,0.0000,0.0000,0.0000,0.0000,0.0000,0.0000,0.0000,0.0000,0.0000,0.0000,0.0000,0.0000,0.0000,0.0000,0.0000,0.0000,0.0000,0.0000,0.0000,0.0000,0.0000,0.0000,0.0000,0.0000,0.0000,0.0000,0.0000,0.0000,0.0000,0.0000,0.0000,0.0000,0.0000,0.0000,0.0000,0.0000,0.0000,0.0000,0.0000,0.0000,0.0000,0.0000,0.0000,0.0000,0.0000,0.0000,0.0000,0.0000,0.0000,0.0000,0.0000,0.0000
0.0000,0.0000,0.0000,0.0000,0.0000,0.0000,0.0000,0.0000,0.0000,0.0000,0.0000,0.0000,0.0000,0.0000,0.0000,0.0000,0.0000,0.0000,0.0000,0.0000,0.0000,0.0000,0.0000,0.0000,0.0000,0.0000,0.0000,0.0000,0.0000,0.0000,0.0000,0.0000,0.0000,0.0000,0.0000,0.0000,0.0000,0.0000,0.0000,0.0000,0.0000,0.0000,0.0000,0.0000,0.0000,0.0000,0.0000,0.0000,0.0000,0.0000,0.0000,0.0000,0.0000,0.0000,0.0000,0.0000,0.0000,0.0000,0.0000,0.0000,0.0000,0.0000,0.0000,0.0000,0.0000,0.0000,0.0000,0.0000,0.0000,0.0000,0.0000,0.0000,0.0000,0.0000,0.0000,0.0000,0.0000,0.0000,0.0000,0.0000,0.0000,0.0000,0.0000,0.0000,0.0000,0.0000,0.0000,0.0000,0.0000,0.0000,0.0000,0.0000,0.0000,0.0000,0.0000,0.0000,0.0000,0.0000,0.0000,0.0000,0.0000,0.0000,0.0000,0.0000,0.0000,0.0000,0.0000,0.0000,0.0000,0.0000,0.0000,0.0000,0.0000,0.0000,0.0000,0.0000,0.0000,0.0000,0.0000,0.0000,0.0000,0.0000,0.0000,0.0000,0.0000,0.0000,0.0000,0.0000,0.0000,0.0000,0.0000,0.0000,0.0000,0.0000,0.0000,0.0000,0.0000,0.0000,0.0000,0.0000,0.0000,0.0000,0.0000,0.0000,0.0000,0.0000,0.0000,0.0000,0.0000,0.0000,0.0000,0.0000,0.0000,0.0000,0.0000,0.0000,0.0000,0.0000,0.0000,0.0000,0.0000,0.0000,0.0000,0.0000,0.0000,0.0000,0.0000,0.0000,0.0000,0.0000,0.0000,0.0000,0.0000,0.0000,0.0000,0.0000,0.0000,0.0000,0.0000,0.0000,0.0000,0.0000,0.0000,0.0000,0.0000,0.0000,0.0000,0.0000,0.0000,0.0000,0.0000,0.0000,0.0000,0.0000,0.0000,0.0000,0.0000,0.0000,0.0000,0.0000,0.0000,0.0000,0.0000,0.0000,0.0000,0.0000,0.0000,0.0000,0.0000,0.0000,0.0000,0.0000,0.0000,0.0000,0.0000,0.0000,0.0000,0.0000,0.0000,0.0000,0.0000,0.0000,0.0000,0.0000,0.0000,0.0000,0.0000,0.0000,0.0000,0.0000,0.0000,0.0000,0.0000,0.0000,0.0000,0.0000,0.0000,0.0000,0.0000,0.0000,0.0000,0.0000,0.0000,0.0000,0.0000,0.0000,0.0000,0.0000,0.0000,0.0000,0.0000,0.0000,0.0000,0.0000,0.0000,0.0000,0.0000,0.0000,0.0000,0.0000,0.0000,0.0000,0.0000,0.0000,0.0000,0.0000,0.0000,0.0000,0.0000,0.0000,0.0000,0.0000,0.0000,0.0000,0.0000,0.0000,0.0000,0.0000,0.0000,0.0000,0.0000,0.0000,0.0000,0.0000,0.0000,0.0000,0.0000,0.0000,0.0000,0.0000,0.0000,0.0000,0.0000,0.0000,0.0000,0.0000,0.0000,0.0000,0.0000,0.0000,0.0000,0.0000,0.0000,0.0000,0.0000,0.0000,0.0000,0.0000,0.0000,0.0000,0.0000,0.0000,0.0000,0.0000,0.0000,0.0000,0.0000,0.0000,0.0000,0.0000,0.0000,0.0000,0.0000,0.0000,0.0000,0.0000,0.0000,0.0000,0.0000,0.0000,0.0000,0.0000,0.0000,0.0000,0.0000,0.0000,0.0000,0.0000,0.0000,0.0000,0.0000,0.0000,0.0000,0.0000,0.0000,0.0000,0.0000,0.0000,0.0000,0.0000,0.0000,0.0000,0.0000,0.0000,0.0000,0.0000,0.0000,0.0000,0.0000,0.0000,0.0000,0.0000,0.0000,0.0000,0.0000,0.0000,0.0000,0.0000,0.0000,0.0000,0.0000,0.0000,0.0000,0.0000,0.0000,0.0000,0.0000,0.0000,0.0000,0.0000,0.0000,0.0000,0.0000,0.0000,0.0000,0.0000,0.0000,0.0000,0.0000,0.0000,0.0000,0.0000,0.0000,0.0000,0.0000,0.0000,0.0000,0.0000,0.0000,0.0000
0.0000,0.0000,0.0000,0.0000,0.0000,0.0000,0.0000,0.0000,0.0000,0.0000,0.0000,0.0000,0.0000,0.0000,0.0000,0.0000,0.0000,0.0000,0.0000,0.0000,0.0000,0.0000,0.0000,0.0000,0.0000,0.0000,0.0000,0.0000,0.0000,0.0000,0.0000,0.0000,0.0000,0.0000,0.0000,0.0000,0.0000,0.0000,0.0000,0.0000,0.0000,0.0000,0.0000,0.0000,0.0000,0.0000,0.0000,0.0000,0.0000,0.0000,0.0000,0.0000,0.0000,0.0000,0.0000,0.0000,0.0000,0.0000,0.0000,0.0000,0.0000,0.0000,0.0000,0.0000,0.0000,0.0000,0.0000,0.0000,0.0000,0.0000,0.0000,0.0000,0.0000,0.0000,0.0000,0.0000,0.0000,0.0000,0.0000,0.0000,0.0000,0.0000,0.0000,0.0000,0.0000,0.0000,0.0000,0.0000,0.0000,0.0000,0.0000,0.0000,0.0000,0.0000,0.0000,0.0000,0.0000,0.0000,0.0000,0.0000,0.0000,0.0000,0.0000,0.0000,0.0000,0.0000,0.0000,0.0000,0.0000,0.0000,0.0000,0.0000,0.0000,0.0000,0.0000,0.0000,0.0000,0.0000,0.0000,0.0000,0.0000,0.0000,0.0000,0.0000,0.0000,0.0000,0.0000,0.0000,0.0000,0.0000,0.0000,0.0000,0.0000,0.0000,0.0000,0.0000,0.0000,0.0000,0.0000,0.0000,0.0000,0.0000,0.0000,0.0000,0.0000,0.0000,0.0000,0.0000,0.0000,0.0000,0.0000,0.0000,0.0000,0.0000,0.0000,0.0000,0.0000,0.0000,0.0000,0.0000,0.0000,0.0000,0.0000,0.0000,0.0000,0.0000,0.0000,0.0000,0.0000,0.0000,0.0000,0.0000,0.0000,0.0000,0.0000,0.0000,0.0000,0.0000,0.0000,0.0000,0.0000,0.0000,0.0000,0.0000,0.0000,0.0000,0.0000,0.0000,0.0000,0.0000,0.0000,0.0000,0.0000,0.0000,0.0000,0.0000,0.0000,0.0000,0.0000,0.0000,0.0000,0.0000,0.0000,0.0000,0.0000,0.0000,0.0000,0.0000,0.0000,0.0000,0.0000,0.0000,0.0000,0.0000,0.0000,0.0000,0.0000,0.0000,0.0000,0.0000,0.0000,0.0000,0.0000,0.0000,0.0000,0.0000,0.0000,0.0000,0.0000,0.0000,0.0000,0.0000,0.0000,0.0000,0.0000,0.0000,0.0000,0.0000,0.0000,0.0000,0.0000,0.0000,0.0000,0.0000,0.0000,0.0000,0.0000,0.0000,0.0000,0.0000,0.0000,0.0000,0.0000,0.0000,0.0000,0.0000,0.0000,0.0000,0.0000,0.0000,0.0000,0.0000,0.0000,0.0000,0.0000,0.0000,0.0000,0.0000,0.0000,0.0000,0.0000,0.0000,0.0000,0.0000,0.0000,0.0000,0.0000,0.0000,0.0000,0.0000,0.0000,0.0000,0.0000,0.0000,0.0000,0.0000,0.0000,0.0000,0.0000,0.0000,0.0000,0.0000,0.0000,0.0000,0.0000,0.0000,0.0000,0.0000,0.0000,0.0000,0.0000,0.0000,0.0000,0.0000,0.0000,0.0000,0.0000,0.0000,0.0000,0.0000,0.0000,0.0000,0.0000,0.0000,0.0000,0.0000,0.0000,0.0000,0.0000,0.0000,0.0000,0.0000,0.0000,0.0000,0.0000,0.0000,0.0000,0.0000,0.0000,0.0000,0.0000,0.0000,0.0000,0.0000,0.0000,0.0000,0.0000,0.0000,0.0000,0.0000,0.0000,0.0000,0.0000,0.0000,0.0000,0.0000,0.0000,0.0000,0.0000,0.0000,0.0000,0.0000,0.0000,0.0000,0.0000,0.0000,0.0000,0.0000,0.0000,0.0000,0.0000,0.0000,0.0000,0.0000,0.0000,0.0000,0.0000,0.0000,0.0000,0.0000,0.0000,0.0000,0.0000,0.0000,0.0000,0.0000,0.0000,0.0000,0.0000,0.0000,0.0000,0.0000,0.0000,0.0000,0.0000,0.0000,0.0000,0.0000,0.0000,0.0000,0.0000,0.0000,0.0000,0.0000,0.0000,0.0000,0.0000,0.0000,0.0000,0.0000
0.0000,0.0000,0.0000,0.0000,0.0000,0.0000,0.0000,0.0000,0.0000,0.0000,0.0000,0.0000,0.0000,0.0000,0.0000,0.0000,0.0000,0.0000,0.0000,0.0000,0.0000,0.0000,0.0000,0.0000,0.0000,0.0000,0.0000,0.0000,0.0000,0.0000,0.0000,0.0000,0.0000,0.0000,0.0000,0.0000,0.0000,0.0000,0.0000,0.0000,0.0000,0.0000,0.0000,0.0000,0.0000,0.0000,0.0000,0.0000,0.0000,0.0000,0.0000,0.0000,0.0000,0.0000,0.0000,0.0000,0.0000,0.0000,0.0000,0.0000,0.0000,0.0000,0.0000,0.0000,0.0000,0.0000,0.0000,0.0000,0.0000,0.0000,0.0000,0.0000,0.0000,0.0000,0.0000,0.0000,0.0000,0.0000,0.0000,0.0000,0.0000,0.0000,0.0000,0.0000,0.0000,0.0000,0.0000,0.0000,0.0000,0.0000,0.0000,0.0000,0.0000,0.0000,0.0000,0.0000,0.0000,0.0000,0.0000,0.0000,0.0000,0.0000,0.0000,0.0000,0.0000,0.0000,0.0000,0.0000,0.0000,0.0000,0.0000,0.0000,0.0000,0.0000,0.0000,0.0000,0.0000,0.0000,0.0000,0.0000,0.0000,0.0000,0.0000,0.0000,0.0000,0.0000,0.0000,0.0000,0.0000,0.0000,0.0000,0.0000,0.0000,0.0000,0.0000,0.0000,0.0000,0.0000,0.0000,0.0000,0.0000,0.0000,0.0000,0.0000,0.0000,0.0000,0.0000,0.0000,0.0000,0.0000,0.0000,0.0000,0.0000,0.0000,0.0000,0.0000,0.0000,0.0000,0.0000,0.0000,0.0000,0.0000,0.0000,0.0000,0.0000,0.0000,0.0000,0.0000,0.0000,0.0000,0.0000,0.0000,0.0000,0.0000,0.0000,0.0000,0.0000,0.0000,0.0000,0.0000,0.0000,0.0000,0.0000,0.0000,0.0000,0.0000,0.0000,0.0000,0.0000,0.0000,0.0000,0.0000,0.0000,0.0000,0.0000,0.0000,0.0000,0.0000,0.0000,0.0000,0.0000,0.0000,0.0000,0.0000,0.0000,0.0000,0.0000,0.0000,0.0000,0.0000,0.0000,0.0000,0.0000,0.0000,0.0000,0.0000,0.0000,0.0000,0.0000,0.0000,0.0000,0.0000,0.0000,0.0000,0.0000,0.0000,0.0000,0.0000,0.0000,0.0000,0.0000,0.0000,0.0000,0.0000,0.0000,0.0000,0.0000,0.0000,0.0000,0.0000,0.0000,0.0000,0.0000,0.0000,0.0000,0.0000,0.0000,0.0000,0.0000,0.0000,0.0000,0.0000,0.0000,0.0000,0.0000,0.0000,0.0000,0.0000,0.0000,0.0000,0.0000,0.0000,0.0000,0.0000,0.0000,0.0000,0.0000,0.0000,0.0000,0.0000,0.0000,0.0000,0.0000,0.0000,0.0000,0.0000,0.0000,0.0000,0.0000,0.0000,0.0000,0.0000,0.0000,0.0000,0.0000,0.0000,0.0000,0.0000,0.0000,0.0000,0.0000,0.0000,0.0000,0.0000,0.0000,0.0000,0.0000,0.0000,0.0000,0.0000,0.0000,0.0000,0.0000,0.0000,0.0000,0.0000,0.0000,0.0000,0.0000,0.0000,0.0000,0.0000,0.0000,0.0000,0.0000,0.0000,0.0000,0.0000,0.0000,0.0000,0.0000,0.0000,0.0000,0.0000,0.0000,0.0000,0.0000,0.0000,0.0000,0.0000,0.0000,0.0000,0.0000,0.0000,0.0000,0.0000,0.0000,0.0000,0.0000,0.0000,0.0000,0.0000,0.0000,0.0000,0.0000,0.0000,0.0000,0.0000,0.0000,0.0000,0.0000,0.0000,0.0000,0.0000,0.0000,0.0000,0.0000,0.0000,0.0000,0.0000,0.0000,0.0000,0.0000,0.0000,0.0000,0.0000,0.0000,0.0000,0.0000,0.0000,0.0000,0.0000,0.0000,0.0000,0.0000,0.0000,0.0000,0.0000,0.0000,0.0000,0.0000,0.0000,0.0000,0.0000,0.0000,0.0000,0.0000,0.0000,0.0000,0.0000,0.0000,0.0000,0.0000,0.0000,0.0000,0.0000,0.0000,0.0000,0.0000,0.0000
0.0000,0.0000,0.0000,0.0000,0.0000,0.0000,0.0000,0.0000,0.0000,0.0000,0.0000,0.0000,0.0000,0.0000,0.0000,0.0000,0.0000,0.0000,0.0000,0.0000,0.0000,0.0000,0.0000,0.0000,0.0000,0.0000,0.0000,0.0000,0.0000,0.0000,0.0000,0.0000,0.0000,0.0000,0.0000,0.0000,0.0000,0.0000,0.0000,0.0000,0.0000,0.0000,0.0000,0.0000,0.0000,0.0000,0.0000,0.0000,0.0000,0.0000,0.0000,0.0000,0.0000,0.0000,0.0000,0.0000,0.0000,0.0000,0.0000,0.0000,0.0000,0.0000,0.0000,0.0000,0.0000,0.0000,0.0000,0.0000,0.0000,0.0000,0.0000,0.0000,0.0000,0.0000,0.0000,0.0000,0.0000,0.0000,0.0000,0.0000,0.0000,0.0000,0.0000,0.0000,0.0000,0.0000,0.0000,0.0000,0.0000,0.0000,0.0000,0.0000,0.0000,0.0000,0.0000,0.0000,0.0000,0.0000,0.0000,0.0000,0.0000,0.0000,0.0000,0.0000,0.0000,0.0000,0.0000,0.0000,0.0000,0.0000,0.0000,0.0000,0.0000,0.0000,0.0000,0.0000,0.0000,0.0000,0.0000,0.0000,0.0000,0.0000,0.0000,0.0000,0.0000,0.0000,0.0000,0.0000,0.0000,0.0000,0.0000,0.0000,0.0000,0.0000,0.0000,0.0000,0.0000,0.0000,0.0000,0.0000,0.0000,0.0000,0.0000,0.0000,0.0000,0.0000,0.0000,0.0000,0.0000,0.0000,0.0000,0.0000,0.0000,0.0000,0.0000,0.0000,0.0000,0.0000,0.0000,0.0000,0.0000,0.0000,0.0000,0.0000,0.0000,0.0000,0.0000,0.0000,0.0000,0.0000,0.0000,0.0000,0.0000,0.0000,0.0000,0.0000,0.0000,0.0000,0.0000,0.0000,0.0000,0.0000,0.0000,0.0000,0.0000,0.0000,0.0000,0.0000,0.0000,0.0000,0.0000,0.0000,0.0000,0.0000,0.0000,0.0000,0.0000,0.0000,0.0000,0.0000,0.0000,0.0000,0.0000,0.0000,0.0000,0.0000,0.0000,0.0000,0.0000,0.0000,0.0000,0.0000,0.0000,0.0000,0.0000,0.0000,0.0000,0.0000,0.0000,0.0000,0.0000,0.0000,0.0000,0.0000,0.0000,0.0000,0.0000,0.0000,0.0000,0.0000,0.0000,0.0000,0.0000,0.0000,0.0000,0.0000,0.0000,0.0000,0.0000,0.0000,0.0000,0.0000,0.0000,0.0000,0.0000,0.0000,0.0000,0.0000,0.0000,0.0000,0.0000,0.0000,0.0000,0.0000,0.0000,0.0000,0.0000,0.0000,0.0000,0.0000,0.0000,0.0000,0.0000,0.0000,0.0000,0.0000,0.0000,0.0000,0.0000,0.0000,0.0000,0.0000,0.0000,0.0000,0.0000,0.0000,0.0000,0.0000,0.0000,0.0000,0.0000,0.0000,0.0000,0.0000,0.0000,0.0000,0.0000,0.0000,0.0000,0.0000,0.0000,0.0000,0.0000,0.0000,0.0000,0.0000,0.0000,0.0000,0.0000,0.0000,0.0000,0.0000,0.0000,0.0000,0.0000,0.0000,0.0000,0.0000,0.0000,0.0000,0.0000,0.0000,0.0000,0.0000,0.0000,0.0000,0.0000,0.0000,0.0000,0.0000,0.0000,0.0000,0.0000,0.0000,0.0000,0.0000,0.0000,0.0000,0.0000,0.0000,0.0000,0.0000,0.0000,0.0000,0.0000,0.0000,0.0000,0.0000,0.0000,0.0000,0.0000,0.0000,0.0000,0.0000,0.0000,0.0000,0.0000,0.0000,0.0000,0.0000,0.0000,0.0000,0.0000,0.0000,0.0000,0.0000,0.0000,0.0000,0.0000,0.0000,0.0000,0.0000,0.0000,0.0000,0.0000,0.0000,0.0000,0.0000,0.0000,0.0000,0.0000,0.0000,0.0000,0.0000,0.0000,0.0000,0.0000,0.0000,0.0000,0.0000,0.0000,0.0000,0.0000,0.0000,0.0000,0.0000,0.0000,0.0000,0.0000,0.0000,0.0000,0.0000,0.0000,0.0000,0.0000,0.0000,0.0000,0.0000,0.0000,0.0000
0.0000,0.0000,0.0000,0.0000,0.0000,0.0000,0.0000,0.0000,0.0000,0.0000,0.0000,0.0000,0.0000,0.0000,0.0000,0.0000,0.0000,0.0000,0.0000,0.0000,0.0000,0.0000,0.0000,0.0000,0.0000,0.0000,0.0000,0.0000,0.0000,0.0000,0.0000,0.0000,0.0000,0.0000,0.0000,0.0000,0.0000,0.0000,0.0000,0.0000,0.0000,0.0000,0.0000,0.0000,0.0000,0.0000,0.0000,0.0000,0.0000,0.0000,0.0000,0.0000,0.0000,0.0000,0.0000,0.0000,0.0000,0.0000,0.0000,0.0000,0.0000,0.0000,0.0000,0.0000,0.0000,0.0000,0.0000,0.0000,0.0000,0.0000,0.0000,0.0000,0.0000,0.0000,0.0000,0.0000,0.0000,0.0000,0.0000,0.0000,0.0000,0.0000,0.0000,0.0000,0.0000,0.0000,0.0000,0.0000,0.0000,0.0000,0.0000,0.0000,0.0000,0.0000,0.0000,0.0000,0.0000,0.0000,0.0000,0.0000,0.0000,0.0000,0.0000,0.0000,0.0000,0.0000,0.0000,0.0000,0.0000,0.0000,0.0000,0.0000,0.0000,0.0000,0.0000,0.0000,0.0000,0.0000,0.0000,0.0000,0.0000,0.0000,0.0000,0.0000,0.0000,0.0000,0.0000,0.0000,0.0000,0.0000,0.0000,0.0000,0.0000,0.0000,0.0000,0.0000,0.0000,0.0000,0.0000,0.0000,0.0000,0.0000,0.0000,0.0000,0.0000,0.0000,0.0000,0.0000,0.0000,0.0000,0.0000,0.0000,0.0000,0.0000,0.0000,0.0000,0.0000,0.0000,0.0000,0.0000,0.0000,0.0000,0.0000,0.0000,0.0000,0.0000,0.0000,0.0000,0.0000,0.0000,0.0000,0.0000,0.0000,0.0000,0.0000,0.0000,0.0000,0.0000,0.0000,0.0000,0.0000,0.0000,0.0000,0.0000,0.0000,0.0000,0.0000,0.0000,0.0000,0.0000,0.0000,0.0000,0.0000,0.0000,0.0000,0.0000,0.0000,0.0000,0.0000,0.0000,0.0000,0.0000,0.0000,0.0000,0.0000,0.0000,0.0000,0.0000,0.0000,0.0000,0.0000,0.0000,0.0000,0.0000,0.0000,0.0000,0.0000,0.0000,0.0000,0.0000,0.0000,0.0000,0.0000,0.0000,0.0000,0.0000,0.0000,0.0000,0.0000,0.0000,0.0000,0.0000,0.0000,0.0000,0.0000,0.0000,0.0000,0.0000,0.0000,0.0000,0.0000,0.0000,0.0000,0.0000,0.0000,0.0000,0.0000,0.0000,0.0000,0.0000,0.0000,0.0000,0.0000,0.0000,0.0000,0.0000,0.0000,0.0000,0.0000,0.0000,0.0000,0.0000,0.0000,0.0000,0.0000,0.0000,0.0000,0.0000,0.0000,0.0000,0.0000,0.0000,0.0000,0.0000,0.0000,0.0000,0.0000,0.0000,0.0000,0.0000,0.0000,0.0000,0.0000,0.0000,0.0000,0.0000,0.0000,0.0000,0.0000,0.0000,0.0000,0.0000,0.0000,0.0000,0.0000,0.0000,0.0000,0.0000,0.0000,0.0000,0.0000,0.0000,0.0000,0.0000,0.0000,0.0000,0.0000,0.0000,0.0000,0.0000,0.0000,0.0000,0.0000,0.0000,0.0000,0.0000,0.0000,0.0000,0.0000,0.0000,0.0000,0.0000,0.0000,0.0000,0.0000,0.0000,0.0000,0.0000,0.0000,0.0000,0.0000,0.0000,0.0000,0.0000,0.0000,0.0000,0.0000,0.0000,0.0000,0.0000,0.0000,0.0000,0.0000,0.0000,0.0000,0.0000,0.0000,0.0000,0.0000,0.0000,0.0000,0.0000,0.0000,0.0000,0.0000,0.0000,0.0000,0.0000,0.0000,0.0000,0.0000,0.0000,0.0000,0.0000,0.0000,0.0000,0.0000,0.0000,0.0000,0.0000,0.0000,0.0000,0.0000,0.0000,0.0000,0.0000,0.0000,0.0000,0.0000,0.0000,0.0000,0.0000,0.0000,0.0000,0.0000,0.0000,0.0000,0.0000,0.0000,0.0000,0.0000,0.0000,0.0000,0.0000,0.0000,0.0000,0.0000,0.0000,0.0000,0.0000
0.0000,0.0000,0.0000,0.0000,0.0000,0.0000,0.0000,0.0000,0.0000,0.0000,0.0000,0.0000,0.0000,0.0000,0.0000,0.0000,0.0000,0.0000,0.0000,0.0000,0.0000,0.0000,0.0000,0.0000,0.0000,0.0000,0.0000,0.0000,0.0000,0.0000,0.0000,0.0000,0.0000,0.0000,0.0000,0.0000,0.0000,0.0000,0.0000,0.0000,0.0000,0.0000,0.0000,0.0000,0.0000,0.0000,0.0000,0.0000,0.0000,0.0000,0.0000,0.0000,0.0000,0.0000,0.0000,0.0000,0.0000,0.0000,0.0000,0.0000,0.0000,0.0000,0.0000,0.0000,0.0000,0.0000,0.0000,0.0000,0.0000,0.0000,0.0000,0.0000,0.0000,0.0000,0.0000,0.0000,0.0000,0.0000,0.0000,0.0000,0.0000,0.0000,0.0000,0.0000,0.0000,0.0000,0.0000,0.0000,0.0000,0.0000,0.0000,0.0000,0.0000,0.0000,0.0000,0.0000,0.0000,0.0000,0.0000,0.0000,0.0000,0.0000,0.0000,0.0000,0.0000,0.0000,0.0000,0.0000,0.0000,0.0000,0.0000,0.0000,0.0000,0.0000,0.0000,0.0000,0.0000,0.0000,0.0000,0.0000,0.0000,0.0000,0.0000,0.0000,0.0000,0.0000,0.0000,0.0000,0.0000,0.0000,0.0000,0.0000,0.0000,0.0000,0.0000,0.0000,0.0000,0.0000,0.0000,0.0000,0.0000,0.0000,0.0000,0.0000,0.0000,0.0000,0.0000,0.0000,0.0000,0.0000,0.0000,0.0000,0.0000,0.0000,0.0000,0.0000,0.0000,0.0000,0.0000,0.0000,0.0000,0.0000,0.0000,0.0000,0.0000,0.0000,0.0000,0.0000,0.0000,0.0000,0.0000,0.0000,0.0000,0.0000,0.0000,0.0000,0.0000,0.0000,0.0000,0.0000,0.0000,0.0000,0.0000,0.0000,0.0000,0.0000,0.0000,0.0000,0.0000,0.0000,0.0000,0.0000,0.0000,0.0000,0.0000,0.0000,0.0000,0.0000,0.0000,0.0000,0.0000,0.0000,0.0000,0.0000,0.0000,0.0000,0.0000,0.0000,0.0000,0.0000,0.0000,0.0000,0.0000,0.0000,0.0000,0.0000,0.0000,0.0000,0.0000,0.0000,0.0000,0.0000,0.0000,0.0000,0.0000,0.0000,0.0000,0.0000,0.0000,0.0000,0.0000,0.0000,0.0000,0.0000,0.0000,0.0000,0.0000,0.0000,0.0000,0.0000,0.0000,0.0000,0.0000,0.0000,0.0000,0.0000,0.0000,0.0000,0.0000,0.0000,0.0000,0.0000,0.0000,0.0000,0.0000,0.0000,0.0000,0.0000,0.0000,0.0000,0.0000,0.0000,0.0000,0.0000,0.0000,0.0000,0.0000,0.0000,0.0000,0.0000,0.0000,0.0000,0.0000,0.0000,0.0000,0.0000,0.0000,0.0000,0.0000,0.0000,0.0000,0.0000,0.0000,0.0000,0.0000,0.0000,0.0000,0.0000,0.0000,0.0000,0.0000,0.0000,0.0000,0.0000,0.0000,0.0000,0.0000,0.0000,0.0000,0.0000,0.0000,0.0000,0.0000,0.0000,0.0000,0.0000,0.0000,0.0000,0.0000,0.0000,0.0000,0.0000,0.0000,0.0000,0.0000,0.0000,0.0000,0.0000,0.0000,0.0000,0.0000,0.0000,0.0000,0.0000,0.0000,0.0000,0.0000,0.0000,0.0000,0.0000,0.0000,0.0000,0.0000,0.0000,0.0000,0.0000,0.0000,0.0000,0.0000,0.0000,0.0000,0.0000,0.0000,0.0000,0.0000,0.0000,0.0000,0.0000,0.0000,0.0000,0.0000,0.0000,0.0000,0.0000,0.0000,0.0000,0.0000,0.0000,0.0000,0.0000,0.0000,0.0000,0.0000,0.0000,0.0000,0.0000,0.0000,0.0000,0.0000,0.0000,0.0000,0.0000,0.0000,0.0000,0.0000,0.0000,0.0000,0.0000,0.0000,0.0000,0.0000,0.0000,0.0000,0.0000,0.0000,0.0000,0.0000,0.0000,0.0000,0.0000,0.0000,0.0000,0.0000,0.0000,0.0000,0.0000,0.0000,0.0000,0.0000,0.0000
0.0000,0.0000,0.0000,0.0000,0.0000,0.0000,0.0000,0.0000,0.0000,0.0000,0.0000,0.0000,0.0000,0.0000,0.0000,0.0000,0.0000,0.0000,0.0000,0.0000,0.0000,0.0000,0.0000,0.0000,0.0000,0.0000,0.0000,0.0000,0.0000,0.0000,0.0000,0.0000,0.0000,0.0000,0.0000,0.0000,0.0000,0.0000,0.0000,0.0000,0.0000,0.0000,0.0000,0.0000,0.0000,0.0000,0.0000,0.0000,0.0000,0.0000,0.0000,0.0000,0.0000,0.0000,0.0000,0.0000,0.0000,0.0000,0.0000,0.0000,0.0000,0.0000,0.0000,0.0000,0.0000,0.0000,0.0000,0.0000,0.0000,0.0000,0.0000,0.0000,0.0000,0.0000,0.0000,0.0000,0.0000,0.0000,0.0000,0.0000,0.0000,0.0000,0.0000,0.0000,0.0000,0.0000,0.0000,0.0000,0.0000,0.0000,0.0000,0.0000,0.0000,0.0000,0.0000,0.0000,0.0000,0.0000,0.0000,0.0000,0.0000,0.0000,0.0000,0.0000,0.0000,0.0000,0.0000,0.0000,0.0000,0.0000,0.0000,0.0000,0.0000,0.0000,0.0000,0.0000,0.0000,0.0000,0.0000,0.0000,0.0000,0.0000,0.0000,0.0000,0.0000,0.0000,0.0000,0.0000,0.0000,0.0000,0.0000,0.0000,0.0000,0.0000,0.0000,0.0000,0.0000,0.0000,0.0000,0.0000,0.0000,0.0000,0.0000,0.0000,0.0000,0.0000,0.0000,0.0000,0.0000,0.0000,0.0000,0.0000,0.0000,0.0000,0.0000,0.0000,0.0000,0.0000,0.0000,0.0000,0.0000,0.0000,0.0000,0.0000,0.0000,0.0000,0.0000,0.0000,0.0000,0.0000,0.0000,0.0000,0.0000,0.0000,0.0000,0.0000,0.0000,0.0000,0.0000,0.0000,0.0000,0.0000,0.0000,0.0000,0.0000,0.0000,0.0000,0.0000,0.0000,0.0000,0.0000,0.0000,0.0000,0.0000,0.0000,0.0000,0.0000,0.0000,0.0000,0.0000,0.0000,0.0000,0.0000,0.0000,0.0000,0.0000,0.0000,0.0000,0.0000,0.0000,0.0000,0.0000,0.0000,0.0000,0.0000,0.0000,0.0000,0.0000,0.0000,0.0000,0.0000,0.0000,0.0000,0.0000,0.0000,0.0000,0.0000,0.0000,0.0000,0.0000,0.0000,0.0000,0.0000,0.0000,0.0000,0.0000,0.0000,0.0000,0.0000,0.0000,0.0000,0.0000,0.0000,0.0000,0.0000,0.0000,0.0000,0.0000,0.0000,0.0000,0.0000,0.0000,0.0000,0.0000,0.0000,0.0000,0.0000,0.0000,0.0000,0.0000,0.0000,0.0000,0.0000,0.0000,0.0000,0.0000,0.0000,0.0000,0.0000,0.0000,0.0000,0.0000,0.0000,0.0000,0.0000,0.0000,0.0000,0.0000,0.0000,0.0000,0.0000,0.0000,0.0000,0.0000,0.0000,0.0000,0.0000,0.0000,0.0000,0.0000,0.0000,0.0000,0.0000,0.0000,0.0000,0.0000,0.0000,0.0000,0.0000,0.0000,0.0000,0.0000,0.0000,0.0000,0.0000,0.0000,0.0000,0.0000,0.0000,0.0000,0.0000,0.0000,0.0000,0.0000,0.0000,0.0000,0.0000,0.0000,0.0000,0.0000,0.0000,0.0000,0.0000,0.0000,0.0000,0.0000,0.0000,0.0000,0.0000,0.0000,0.0000,0.0000,0.0000,0.0000,0.0000,0.0000,0.0000,0.0000,0.0000,0.0000,0.0000,0.0000,0.0000,0.0000,0.0000,0.0000,0.0000,0.0000,0.0000,0.0000,0.0000,0.0000,0.0000,0.0000,0.0000,0.0000,0.0000,0.0000,0.0000,0.0000,0.0000,0.0000,0.0000,0.0000,0.0000,0.0000,0.0000,0.0000,0.0000,0.0000,0.0000,0.0000,0.0000,0.0000,0.0000,0.0000,0.0000,0.0000,0.0000,0.0000,0.0000,0.0000,0.0000,0.0000,0.0000,0.0000,0.0000,0.0000,0.0000,0.0000,0.0000,0.0000,0.0000,0.0000,0.0000,0.0000,0.0000,0.0000,0.0000,0.0000
0.0000,0.0000,0.0000,0.0000,0.0000,0.0000,0.0000,0.0000,0.0000,0.0000,0.0000,0.0000,0.0000,0.0000,0.0000,0.0000,0.0000,0.0000,0.0000,0.0000,0.0000,0.0000,0.0000,0.0000,0.0000,0.0000,0.0000,0.0000,0.0000,0.0000,0.0000,0.0000,0.0000,0.0000,0.0000,0.0000,0.0000,0.0000,0.0000,0.0000,0.0000,0.0000,0.0000,0.0000,0.0000,0.0000,0.0000,0.0000,0.0000,0.0000,0.0000,0.0000,0.0000,0.0000,0.0000,0.0000,0.0000,0.0000,0.0000,0.0000,0.0000,0.0000,0.0000,0.0000,0.0000,0.0000,0.0000,0.0000,0.0000,0.0000,0.0000,0.0000,0.0000,0.0000,0.0000,0.0000,0.0000,0.0000,0.0000,0.0000,0.0000,0.0000,0.0000,0.0000,0.0000,0.0000,0.0000,0.0000,0.0000,0.0000,0.0000,0.0000,0.0000,0.0000,0.0000,0.0000,0.0000,0.0000,0.0000,0.0000,0.0000,0.0000,0.0000,0.0000,0.0000,0.0000,0.0000,0.0000,0.0000,0.0000,0.0000,0.0000,0.0000,0.0000,0.0000,0.0000,0.0000,0.0000,0.0000,0.0000,0.0000,0.0000,0.0000,0.0000,0.0000,0.0000,0.0000,0.0000,0.0000,0.0000,0.0000,0.0000,0.0000,0.0000,0.0000,0.0000,0.0000,0.0000,0.0000,0.0000,0.0000,0.0000,0.0000,0.0000,0.0000,0.0000,0.0000,0.0000,0.0000,0.0000,0.0000,0.0000,0.0000,0.0000,0.0000,0.0000,0.0000,0.0000,0.0000,0.0000,0.0000,0.0000,0.0000,0.0000,0.0000,0.0000,0.0000,0.0000,0.0000,0.0000,0.0000,0.0000,0.0000,0.0000,0.0000,0.0000,0.0000,0.0000,0.0000,0.0000,0.0000,0.0000,0.0000,0.0000,0.0000,0.0000,0.0000,0.0000,0.0000,0.0000,0.0000,0.0000,0.0000,0.0000,0.0000,0.0000,0.0000,0.0000,0.0000,0.0000,0.0000,0.0000,0.0000,0.0000,0.0000,0.0000,0.0000,0.0000,0.0000,0.0000,0.0000,0.0000,0.0000,0.0000,0.0000,0.0000,0.0000,0.0000,0.0000,0.0000,0.0000,0.0000,0.0000,0.0000,0.0000,0.0000,0.0000,0.0000,0.0000,0.0000,0.0000,0.0000,0.0000,0.0000,0.0000,0.0000,0.0000,0.0000,0.0000,0.0000,0.0000,0.0000,0.0000,0.0000,0.0000,0.0000,0.0000,0.0000,0.0000,0.0000,0.0000,0.0000,0.0000,0.0000,0.0000,0.0000,0.0000,0.0000,0.0000,0.0000,0.0000,0.0000,0.0000,0.0000,0.0000,0.0000,0.0000,0.0000,0.0000,0.0000,0.0000,0.0000,0.0000,0.0000,0.0000,0.0000,0.0000,0.0000,0.0000,0.0000,0.0000,0.0000,0.0000,0.0000,0.0000,0.0000,0.0000,0.0000,0.0000,0.0000,0.0000,0.0000,0.0000,0.0000,0.0000,0.0000,0.0000,0.0000,0.0000,0.0000,0.0000,0.0000,0.0000,0.0000,0.0000,0.0000,0.0000,0.0000,0.0000,0.0000,0.0000,0.0000,0.0000,0.0000,0.0000,0.0000,0.0000,0.0000,0.0000,0.0000,0.0000,0.0000,0.0000,0.0000,0.0000,0.0000,0.0000,0.0000,0.0000,0.0000,0.0000,0.0000,0.0000,0.0000,0.0000,0.0000,0.0000,0.0000,0.0000,0.0000,0.0000,0.0000,0.0000,0.0000,0.0000,0.0000,0.0000,0.0000,0.0000,0.0000,0.0000,0.0000,0.0000,0.0000,0.0000,0.0000,0.0000,0.0000,0.0000,0.0000,0.0000,0.0000,0.0000,0.0000,0.0000,0.0000,0.0000,0.0000,0.0000,0.0000,0.0000,0.0000,0.0000,0.0000,0.0000,0.0000,0.0000,0.0000,0.0000,0.0000,0.0000,0.0000,0.0000,0.0000,0.0000,0.0000,0.0000,0.0000,0.0000,0.0000,0.0000,0.0000,0.0000,0.0000,0.0000,0.0000,0.0000,0.0000,0.0000,0.0000
0.0000,0.0000,0.0000,0.0000,0.0000,0.0000,0.0000,0.0000,0.0000,0.0000,0.0000,0.0000,0.0000,0.0000,0.0000,0.0000,0.0000,0.0000,0.0000,0.0000,0.0000,0.0000,0.0000,0.0000,0.0000,0.0000,0.0000,0.0000,0.0000,0.0000,0.0000,0.0000,0.0000,0.0000,0.0000,0.0000,0.0000,0.0000,0.0000,0.0000,0.0000,0.0000,0.0000,0.0000,0.0000,0.0000,0.0000,0.0000,0.0000,0.0000,0.0000,0.0000,0.0000,0.0000,0.0000,0.0000,0.0000,0.0000,0.0000,0.0000,0.0000,0.0000,0.0000,0.0000,0.0000,0.0000,0.0000,0.0000,0.0000,0.0000,0.0000,0.0000,0.0000,0.0000,0.0000,0.0000,0.0000,0.0000,0.0000,0.0000,0.0000,0.0000,0.0000,0.0000,0.0000,0.0000,0.0000,0.0000,0.0000,0.0000,0.0000,0.0000,0.0000,0.0000,0.0000,0.0000,0.0000,0.0000,0.0000,0.0000,0.0000,0.0000,0.0000,0.0000,0.0000,0.0000,0.0000,0.0000,0.0000,0.0000,0.0000,0.0000,0.0000,0.0000,0.0000,0.0000,0.0000,0.0000,0.0000,0.0000,0.0000,0.0000,0.0000,0.0000,0.0000,0.0000,0.0000,0.0000,0.0000,0.0000,0.0000,0.0000,0.0000,0.0000,0.0000,0.0000,0.0000,0.0000,0.0000,0.0000,0.0000,0.0000,0.0000,0.0000,0.0000,0.0000,0.0000,0.0000,0.0000,0.0000,0.0000,0.0000,0.0000,0.0000,0.0000,0.0000,0.0000,0.0000,0.0000,0.0000,0.0000,0.0000,0.0000,0.0000,0.0000,0.0000,0.0000,0.0000,0.0000,0.0000,0.0000,0.0000,0.0000,0.0000,0.0000,0.0000,0.0000,0.0000,0.0000,0.0000,0.0000,0.0000,0.0000,0.0000,0.0000,0.0000,0.0000,0.0000,0.0000,0.0000,0.0000,0.0000,0.0000,0.0000,0.0000,0.0000,0.0000,0.0000,0.0000,0.0000,0.0000,0.0000,0.0000,0.0000,0.0000,0.0000,0.0000,0.0000,0.0000,0.0000,0.0000,0.0000,0.0000,0.0000,0.0000,0.0000,0.0000,0.0000,0.0000,0.0000,0.0000,0.0000,0.0000,0.0000,0.0000,0.0000,0.0000,0.0000,0.0000,0.0000,0.0000,0.0000,0.0000,0.0000,0.0000,0.0000,0.0000,0.0000,0.0000,0.0000,0.0000,0.0000,0.0000,0.0000,0.0000,0.0000,0.0000,0.0000,0.0000,0.0000,0.0000,0.0000,0.0000,0.0000,0.0000,0.0000,0.0000,0.0000,0.0000,0.0000,0.0000,0.0000,0.0000,0.0000,0.0000,0.0000,0.0000,0.0000,0.0000,0.0000,0.0000,0.0000,0.0000,0.0000,0.0000,0.0000,0.0000,0.0000,0.0000,0.0000,0.0000,0.0000,0.0000,0.0000,0.0000,0.0000,0.0000,0.0000,0.0000,0.0000,0.0000,0.0000,0.0000,0.0000,0.0000,0.0000,0.0000,0.0000,0.0000,0.0000,0.0000,0.0000,0.0000,0.0000,0.0000,0.0000,0.0000,0.0000,0.0000,0.0000,0.0000,0.0000,0.0000,0.0000,0.0000,0.0000,0.0000,0.0000,0.0000,0.0000,0.0000,0.0000,0.0000,0.0000,0.0000,0.0000,0.0000,0.0000,0.0000,0.0000,0.0000,0.0000,0.0000,0.0000,0.0000,0.0000,0.0000,0.0000,0.0000,0.0000,0.0000,0.0000,0.0000,0.0000,0.0000,0.0000,0.0000,0.0000,0.0000,0.0000,0.0000,0.0000,0.0000,0.0000,0.0000,0.0000,0.0000,0.0000,0.0000,0.0000,0.0000,0.0000,0.0000,0.0000,0.0000,0.0000,0.0000,0.0000,0.0000,0.0000,0.0000,0.0000,0.0000,0.0000,0.0000,0.0000,0.0000,0.0000,0.0000,0.0000,0.0000,0.0000,0.0000,0.0000,0.0000,0.0000,0.0000,0.0000,0.0000,0.0000,0.0000,0.0000,0.0000,0.0000,0.0000,0.0000,0.0000,0.0000,0.0000,0.0000
0.0000,0.0000,0.0000,0.0000,0.0000,0.0000,0.0000,0.0000,0.0000,0.0000,0.0000,0.0000,0.0000,0.0000,0.0000,0.0000,0.0000,0.0000,0.0000,0.0000,0.0000,0.0000,0.0000,0.0000,0.0000,0.0000,0.0000,0.0000,0.0000,0.0000,0.0000,0.0000,0.0000,0.0000,0.0000,0.0000,0.0000,0.0000,0.0000,0.0000,0.0000,0.0000,0.0000,0.0000,0.0000,0.0000,0.0000,0.0000,0.0000,0.0000,0.0000,0.0000,0.0000,0.0000,0.0000,0.0000,0.0000,0.0000,0.0000,0.0000,0.0000,0.0000,0.0000,0.0000,0.0000,0.0000,0.0000,0.0000,0.0000,0.0000,0.0000,0.0000,0.0000,0.0000,0.0000,0.0000,0.0000,0.0000,0.0000,0.0000,0.0000,0.0000,0.0000,0.0000,0.0000,0.0000,0.0000,0.0000,0.0000,0.0000,0.0000,0.0000,0.0000,0.0000,0.0000,0.0000,0.0000,0.0000,0.0000,0.0000,0.0000,0.0000,0.0000,0.0000,0.0000,0.0000,0.0000,0.0000,0.0000,0.0000,0.0000,0.0000,0.0000,0.0000,0.0000,0.0000,0.0000,0.0000,0.0000,0.0000,0.0000,0.0000,0.0000,0.0000,0.0000,0.0000,0.0000,0.0000,0.0000,0.0000,0.0000,0.0000,0.0000,0.0000,0.0000,0.0000,0.0000,0.0000,0.0000,0.0000,0.0000,0.0000,0.0000,0.0000,0.0000,0.0000,0.0000,0.0000,0.0000,0.0000,0.0000,0.0000,0.0000,0.0000,0.0000,0.0000,0.0000,0.0000,0.0000,0.0000,0.0000,0.0000,0.0000,0.0000,0.0000,0.0000,0.0000,0.0000,0.0000,0.0000,0.0000,0.0000,0.0000,0.0000,0.0000,0.0000,0.0000,0.0000,0.0000,0.0000,0.0000,0.0000,0.0000,0.0000,0.0000,0.0000,0.0000,0.0000,0.0000,0.0000,0.0000,0.0000,0.0000,0.0000,0.0000,0.0000,0.0000,0.0000,0.0000,0.0000,0.0000,0.0000,0.0000,0.0000,0.0000,0.0000,0.0000,0.0000,0.0000,0.0000,0.0000,0.0000,0.0000,0.0000,0.0000,0.0000,0.0000,0.0000,0.0000,0.0000,0.0000,0.0000,0.0000,0.0000,0.0000,0.0000,0.0000,0.0000,0.0000,0.0000,0.0000,0.0000,0.0000,0.0000,0.0000,0.0000,0.0000,0.0000,0.0000,0.0000,0.0000,0.0000,0.0000,0.0000,0.0000,0.0000,0.0000,0.0000,0.0000,0.0000,0.0000,0.0000,0.0000,0.0000,0.0000,0.0000,0.0000,0.0000,0.0000,0.0000,0.0000,0.0000,0.0000,0.0000,0.0000,0.0000,0.0000,0.0000,0.0000,0.0000,0.0000,0.0000,0.0000,0.0000,0.0000,0.0000,0.0000,0.0000,0.0000,0.0000,0.0000,0.0000,0.0000,0.0000,0.0000,0.0000,0.0000,0.0000,0.0000,0.0000,0.0000,0.0000,0.0000,0.0000,0.0000,0.0000,0.0000,0.0000,0.0000,0.0000,0.0000,0.0000,0.0000,0.0000,0.0000,0.0000,0.0000,0.0000,0.0000,0.0000,0.0000,0.0000,0.0000,0.0000,0.0000,0.0000,0.0000,0.0000,0.0000,0.0000,0.0000,0.0000,0.0000,0.0000,0.0000,0.0000,0.0000,0.0000,0.0000,0.0000,0.0000,0.0000,0.0000,0.0000,0.0000,0.0000,0.0000,0.0000,0.0000,0.0000,0.0000,0.0000,0.0000,0.0000,0.0000,0.0000,0.0000,0.0000,0.0000,0.0000,0.0000,0.0000,0.0000,0.0000,0.0000,0.0000,0.0000,0.0000,0.0000,0.0000,0.0000,0.0000,0.0000,0.0000,0.0000,0.0000,0.0000,0.0000,0.0000,0.0000,0.0000,0.0000,0.0000,0.0000,0.0000,0.0000,0.0000,0.0000,0.0000,0.0000,0.0000,0.0000,0.0000,0.0000,0.0000,0.0000,0.0000,0.0000,0.0000,0.0000,0.0000,0.0000,0.0000,0.0000,0.0000,0.0000,0.0000,0.0000,0.0000,0.0000
0.0000,0.0000,0.0000,0.0000,0.0000,0.0000,0.0000,0.0000,0.0000,0.0000,0.0000,0.0000,0.0000,0.0000,0.0000,0.0000,0.0000,0.0000,0.0000,0.0000,0.0000,0.0000,0.0000,0.0000,0.0000,0.0000,0.0000,0.0000,0.0000,0.0000,0.0000,0.0000,0.0000,0.0000,0.0000,0.0000,0.0000,0.0000,0.0000,0.0000,0.0000,0.0000,0.0000,0.0000,0.0000,0.0000,0.0000,0.0000,0.0000,0.0000,0.0000,0.0000,0.0000,0.0000,0.0000,0.0000,0.0000,0.0000,0.0000,0.0000,0.0000,0.0000,0.0000,0.0000,0.0000,0.0000,0.0000,0.0000,0.0000,0.0000,0.0000,0.0000,0.0000,0.0000,0.0000,0.0000,0.0000,0.0000,0.0000,0.0000,0.0000,0.0000,0.0000,0.0000,0.0000,0.0000,0.0000,0.0000,0.0000,0.0000,0.0000,0.0000,0.0000,0.0000,0.0000,0.0000,0.0000,0.0000,0.0000,0.0000,0.0000,0.0000,0.0000,0.0000,0.0000,0.0000,0.0000,0.0000,0.0000,0.0000,0.0000,0.0000,0.0000,0.0000,0.0000,0.0000,0.0000,0.0000,0.0000,0.0000,0.0000,0.0000,0.0000,0.0000,0.0000,0.0000,0.0000,0.0000,0.0000,0.0000,0.0000,0.0000,0.0000,0.0000,0.0000,0.0000,0.0000,0.0000,0.0000,0.0000,0.0000,0.0000,0.0000,0.0000,0.0000,0.0000,0.0000,0.0000,0.0000,0.0000,0.0000,0.0000,0.0000,0.0000,0.0000,0.0000,0.0000,0.0000,0.0000,0.0000,0.0000,0.0000,0.0000,0.0000,0.0000,0.0000,0.0000,0.0000,0.0000,0.0000,0.0000,0.0000,0.0000,0.0000,0.0000,0.0000,0.0000,0.0000,0.0000,0.0000,0.0000,0.0000,0.0000,0.0000,0.0000,0.0000,0.0000,0.0000,0.0000,0.0000,0.0000,0.0000,0.0000,0.0000,0.0000,0.0000,0.0000,0.0000,0.0000,0.0000,0.0000,0.0000,0.0000,0.0000,0.0000,0.0000,0.0000,0.0000,0.0000,0.0000,0.0000,0.0000,0.0000,0.0000,0.0000,0.0000,0.0000,0.0000,0.0000,0.0000,0.0000,0.0000,0.0000,0.0000,0.0000,0.0000,0.0000,0.0000,0.0000,0.0000,0.0000,0.0000,0.0000,0.0000,0.0000,0.0000,0.0000,0.0000,0.0000,0.0000,0.0000,0.0000,0.0000,0.0000,0.0000,0.0000,0.0000,0.0000,0.0000,0.0000,0.0000,0.0000,0.0000,0.0000,0.0000,0.0000,0.0000,0.0000,0.0000,0.0000,0.0000,0.0000,0.0000,0.0000,0.0000,0.0000,0.0000,0.0000,0.0000,0.0000,0.0000,0.0000,0.0000,0.0000,0.0000,0.0000,0.0000,0.0000,0.0000,0.0000,0.0000,0.0000,0.0000,0.0000,0.0000,0.0000,0.0000,0.0000,0.0000,0.0000,0.0000,0.0000,0.0000,0.0000,0.0000,0.0000,0.0000,0.0000,0.0000,0.0000,0.0000,0.0000,0.0000,0.0000,0.0000,0.0000,0.0000,0.0000,0.0000,0.0000,0.0000,0.0000,0.0000,0.0000,0.0000,0.0000,0.0000,0.0000,0.0000,0.0000,0.0000,0.0000,0.0000,0.0000,0.0000,0.0000,0.0000,0.0000,0.0000,0.0000,0.0000,0.0000,0.0000,0.0000,0.0000,0.0000,0.0000,0.0000,0.0000,0.0000,0.0000,0.0000,0.0000,0.0000,0.0000,0.0000,0.0000,0.0000,0.0000,0.0000,0.0000,0.0000,0.0000,0.0000,0.0000,0.0000,0.0000,0.0000,0.0000,0.0000,0.0000,0.0000,0.0000,0.0000,0.0000,0.0000,0.0000,0.0000,0.0000,0.0000,0.0000,0.0000,0.0000,0.0000,0.0000,0.0000,0.0000,0.0000,0.0000,0.0000,0.0000,0.0000,0.0000,0.0000,0.0000,0.0000,0.0000,0.0000,0.0000,0.0000,0.0000,0.0000,0.0000,0.0000,0.0000,0.0000,0.0000,0.0000,0.0000,0.0000
0.0000,0.0000,0.0000,0.0000,0.0000,0.0000,0.0000,0.0000,0.0000,0.0000,0.0000,0.0000,0.0000,0.0000,0.0000,0.0000,0.0000,0.0000,0.0000,0.0000,0.0000,0.0000,0.0000,0.0000,0.0000,0.0000,0.0000,0.0000,0.0000,0.0000,0.0000,0.0000,0.0000,0.0000,0.0000,0.0000,0.0000,0.0000,0.0000,0.0000,0.0000,0.0000,0.0000,0.0000,0.0000,0.0000,0.0000,0.0000,0.0000,0.0000,0.0000,0.0000,0.0000,0.0000,0.0000,0.0000,0.0000,0.0000,0.0000,0.0000,0.0000,0.0000,0.0000,0.0000,0.0000,0.0000,0.0000,0.0000,0.0000,0.0000,0.0000,0.0000,0.0000,0.0000,0.0000,0.0000,0.0000,0.0000,0.0000,0.0000,0.0000,0.0000,0.0000,0.0000,0.0000,0.0000,0.0000,0.0000,0.0000,0.0000,0.0000,0.0000,0.0000,0.0000,0.0000,0.0000,0.0000,0.0000,0.0000,0.0000,0.0000,0.0000,0.0000,0.0000,0.0000,0.0000,0.0000,0.0000,0.0000,0.0000,0.0000,0.0000,0.0000,0.0000,0.0000,0.0000,0.0000,0.0000,0.0000,0.0000,0.0000,0.0000,0.0000,0.0000,0.0000,0.0000,0.0000,0.0000,0.0000,0.0000,0.0000,0.0000,0.0000,0.0000,0.0000,0.0000,0.0000,0.0000,0.0000,0.0000,0.0000,0.0000,0.0000,0.0000,0.0000,0.0000,0.0000,0.0000,0.0000,0.0000,0.0000,0.0000,0.0000,0.0000,0.0000,0.0000,0.0000,0.0000,0.0000,0.0000,0.0000,0.0000,0.0000,0.0000,0.0000,0.0000,0.0000,0.0000,0.0000,0.0000,0.0000,0.0000,0.0000,0.0000,0.0000,0.0000,0.0000,0.0000,0.0000,0.0000,0.0000,0.0000,0.0000,0.0000,0.0000,0.0000,0.0000,0.0000,0.0000,0.0000,0.0000,0.0000,0.0000,0.0000,0.0000,0.0000,0.0000,0.0000,0.0000,0.0000,0.0000,0.0000,0.0000,0.0000,0.0000,0.0000,0.0000,0.0000,0.0000,0.0000,0.0000,0.0000,0.0000,0.0000,0.0000,0.0000,0.0000,0.0000,0.0000,0.0000,0.0000,0.0000,0.0000,0.0000,0.0000,0.0000,0.0000,0.0000,0.0000,0.0000,0.0000,0.0000,0.0000,0.0000,0.0000,0.0000,0.0000,0.0000,0.0000,0.0000,0.0000,0.0000,0.0000,0.0000,0.0000,0.0000,0.0000,0.0000,0.0000,0.0000,0.0000,0.0000,0.0000,0.0000,0.0000,0.0000,0.0000,0.0000,0.0000,0.0000,0.0000,0.0000,0.0000,0.0000,0.0000,0.0000,0.0000,0.0000,0.0000,0.0000,0.0000,0.0000,0.0000,0.0000,0.0000,0.0000,0.0000,0.0000,0.0000,0.0000,0.0000,0.0000,0.0000,0.0000,0.0000,0.0000,0.0000,0.0000,0.0000,0.0000,0.0000,0.0000,0.0000,0.0000,0.0000,0.0000,0.0000,0.0000,0.0000,0.0000,0.0000,0.0000,0.0000,0.0000,0.0000,0.0000,0.0000,0.0000,0.0000,0.0000,0.0000,0.0000,0.0000,0.0000,0.0000,0.0000,0.0000,0.0000,0.0000,0.0000,0.0000,0.0000,0.0000,0.0000,0.0000,0.0000,0.0000,0.0000,0.0000,0.0000,0.0000,0.0000,0.0000,0.0000,0.0000,0.0000,0.0000,0.0000,0.0000,0.0000,0.0000,0.0000,0.0000,0.0000,0.0000,0.0000,0.0000,0.0000,0.0000,0.0000,0.0000,0.0000,0.0000,0.0000,0.0000,0.0000,0.0000,0.0000,0.0000,0.0000,0.0000,0.0000,0.0000,0.0000,0.0000,0.0000,0.0000,0.0000,0.0000,0.0000,0.0000,0.0000,0.0000,0.0000,0.0000,0.0000,0.0000,0.0000,0.0000,0.0000,0.0000,0.0000,0.0000,0.0000,0.0000,0.0000,0.0000,0.0000,0.0000,0.0000,0.0000,0.0000,0.0000,0.0000,0.0000,0.0000,0.0000,0.0000,0.0000,0.0000
0.0000,0.0000,0.0000,0.0000,0.0000,0.0000,0.0000,0.0000,0.0000,0.0000,0.0000,0.0000,0.0000,0.0000,0.0000,0.0000,0.0000,0.0000,0.0000,0.0000,0.0000,0.0000,0.0000,0.0000,0.0000,0.0000,0.0000,0.0000,0.0000,0.0000,0.0000,0.0000,0.0000,0.0000,0.0000,0.0000,0.0000,0.0000,0.0000,0.0000,0.0000,0.0000,0.0000,0.0000,0.0000,0.0000,0.0000,0.0000,0.0000,0.0000,0.0000,0.0000,0.0000,0.0000,0.0000,0.0000,0.0000,0.0000,0.0000,0.0000,0.0000,0.0000,0.0000,0.0000,0.0000,0.0000,0.0000,0.0000,0.0000,0.0000,0.0000,0.0000,0.0000,0.0000,0.0000,0.0000,0.0000,0.0000,0.0000,0.0000,0.0000,0.0000,0.0000,0.0000,0.0000,0.0000,0.0000,0.0000,0.0000,0.0000,0.0000,0.0000,0.0000,0.0000,0.0000,0.0000,0.0000,0.0000,0.0000,0.0000,0.0000,0.0000,0.0000,0.0000,0.0000,0.0000,0.0000,0.0000,0.0000,0.0000,0.0000,0.0000,0.0000,0.0000,0.0000,0.0000,0.0000,0.0000,0.0000,0.0000,0.0000,0.0000,0.0000,0.0000,0.0000,0.0000,0.0000,0.0000,0.0000,0.0000,0.0000,0.0000,0.0000,0.0000,0.0000,0.0000,0.0000,0.0000,0.0000,0.0000,0.0000,0.0000,0.0000,0.0000,0.0000,0.0000,0.0000,0.0000,0.0000,0.0000,0.0000,0.0000,0.0000,0.0000,0.0000,0.0000,0.0000,0.0000,0.0000,0.0000,0.0000,0.0000,0.0000,0.0000,0.0000,0.0000,0.0000,0.0000,0.0000,0.0000,0.0000,0.0000,0.0000,0.0000,0.0000,0.0000,0.0000,0.0000,0.0000,0.0000,0.0000,0.0000,0.0000,0.0000,0.0000,0.0000,0.0000,0.0000,0.0000,0.0000,0.0000,0.0000,0.0000,0.0000,0.0000,0.0000,0.0000,0.0000,0.0000,0.0000,0.0000,0.0000,0.0000,0.0000,0.0000,0.0000,0.0000,0.0000,0.0000,0.0000,0.0000,0.0000,0.0000,0.0000,0.0000,0.0000,0.0000,0.0000,0.0000,0.0000,0.0000,0.0000,0.0000,0.0000,0.0000,0.0000,0.0000,0.0000,0.0000,0.0000,0.0000,0.0000,0.0000,0.0000,0.0000,0.0000,0.0000,0.0000,0.0000,0.0000,0.0000,0.0000,0.0000,0.0000,0.0000,0.0000,0.0000,0.0000,0.0000,0.0000,0.0000,0.0000,0.0000,0.0000,0.0000,0.0000,0.0000,0.0000,0.0000,0.0000,0.0000,0.0000,0.0000,0.0000,0.0000,0.0000,0.0000,0.0000,0.0000,0.0000,0.0000,0.0000,0.0000,0.0000,0.0000,0.0000,0.0000,0.0000,0.0000,0.0000,0.0000,0.0000,0.0000,0.0000,0.0000,0.0000,0.0000,0.0000,0.0000,0.0000,0.0000,0.0000,0.0000,0.0000,0.0000,0.0000,0.0000,0.0000,0.0000,0.0000,0.0000,0.0000,0.0000,0.0000,0.0000,0.0000,0.0000,0.0000,0.0000,0.0000,0.0000,0.0000,0.0000,0.0000,0.0000,0.0000,0.0000,0.0000,0.0000,0.0000,0.0000,0.0000,0.0000,0.0000,0.0000,0.0000,0.0000,0.0000,0.0000,0.0000,0.0000,0.0000,0.0000,0.0000,0.0000,0.0000,0.0000,0.0000,0.0000,0.0000,0.0000,0.0000,0.0000,0.0000,0.0000,0.0000,0.0000,0.0000,0.0000,0.0000,0.0000,0.0000,0.0000,0.0000,0.0000,0.0000,0.0000,0.0000,0.0000,0.0000,0.0000,0.0000,0.0000,0.0000,0.0000,0.0000,0.0000,0.0000,0.0000,0.0000,0.0000,0.0000,0.0000,0.0000,0.0000,0.0000,0.0000,0.0000,0.0000,0.0000,0.0000,0.0000,0.0000,0.0000,0.0000,0.0000,0.0000,0.0000,0.0000,0.0000,0.0000,0.0000,0.0000,0.0000,0.0000,0.0000,0.0000,0.0000,0.0000,0.0000
0.0000,0.0000,0.0000,0.0000,0.0000,0.0000,0.0000,0.0000,0.0000,0.0000,0.0000,0.0000,0.0000,0.0000,0.0000,0.0000,0.0000,0.0000,0.0000,0.0000,0.0000,0.0000,0.0000,0.0000,0.0000,0.0000,0.0000,0.0000,0.0000,0.0000,0.0000,0.0000,0.0000,0.0000,0.0000,0.0000,0.0000,0.0000,0.0000,0.0000,0.0000,0.0000,0.0000,0.0000,0.0000,0.0000,0.0000,0.0000,0.0000,0.0000,0.0000,0.0000,0.0000,0.0000,0.0000,0.0000,0.0000,0.0000,0.0000,0.0000,0.0000,0.0000,0.0000,0.0000,0.0000,0.0000,0.0000,0.0000,0.0000,0.0000,0.0000,0.0000,0.0000,0.0000,0.0000,0.0000,0.0000,0.0000,0.0000,0.0000,0.0000,0.0000,0.0000,0.0000,0.0000,0.0000,0.0000,0.0000,0.0000,0.0000,0.0000,0.0000,0.0000,0.0000,0.0000,0.0000,0.0000,0.0000,0.0000,0.0000,0.0000,0.0000,0.0000,0.0000,0.0000,0.0000,0.0000,0.0000,0.0000,0.0000,0.0000,0.0000,0.0000,0.0000,0.0000,0.0000,0.0000,0.0000,0.0000,0.0000,0.0000,0.0000,0.0000,0.0000,0.0000,0.0000,0.0000,0.0000,0.0000,0.0000,0.0000,0.0000,0.0000,0.0000,0.0000,0.0000,0.0000,0.0000,0.0000,0.0000,0.0000,0.0000,0.0000,0.0000,0.0000,0.0000,0.0000,0.0000,0.0000,0.0000,0.0000,0.0000,0.0000,0.0000,0.0000,0.0000,0.0000,0.0000,0.0000,0.0000,0.0000,0.0000,0.0000,0.0000,0.0000,0.0000,0.0000,0.0000,0.0000,0.0000,0.0000,0.0000,0.0000,0.0000,0.0000,0.0000,0.0000,0.0000,0.0000,0.0000,0.0000,0.0000,0.0000,0.0000,0.0000,0.0000,0.0000,0.0000,0.0000,0.0000,0.0000,0.0000,0.0000,0.0000,0.0000,0.0000,0.0000,0.0000,0.0000,0.0000,0.0000,0.0000,0.0000,0.0000,0.0000,0.0000,0.0000,0.0000,0.0000,0.0000,0.0000,0.0000,0.0000,0.0000,0.0000,0.0000,0.0000,0.0000,0.0000,0.0000,0.0000,0.0000,0.0000,0.0000,0.0000,0.0000,0.0000,0.0000,0.0000,0.0000,0.0000,0.0000,0.0000,0.0000,0.0000,0.0000,0.0000,0.0000,0.0000,0.0000,0.0000,0.0000,0.0000,0.0000,0.0000,0.0000,0.0000,0.0000,0.0000,0.0000,0.0000,0.0000,0.0000,0.0000,0.0000,0.0000,0.0000,0.0000,0.0000,0.0000,0.0000,0.0000,0.0000,0.0000,0.0000,0.0000,0.0000,0.0000,0.0000,0.0000,0.0000,0.0000,0.0000,0.0000,0.0000,0.0000,0.0000,0.0000,0.0000,0.0000,0.0000,0.0000,0.0000,0.0000,0.0000,0.0000,0.0000,0.0000,0.0000,0.0000,0.0000,0.0000,0.0000,0.0000,0.0000,0.0000,0.0000,0.0000,0.0000,0.0000,0.0000,0.0000,0.0000,0.0000,0.0000,0.0000,0.0000,0.0000,0.0000,0.0000,0.0000,0.0000,0.0000,0.0000,0.0000,0.0000,0.0000,0.0000,0.0000,0.0000,0.0000,0.0000,0.0000,0.0000,0.0000,0.0000,0.0000,0.0000,0.0000,0.0000,0.0000,0.0000,0.0000,0.0000,0.0000,0.0000,0.0000,0.0000,0.0000,0.0000,0.0000,0.0000,0.0000,0.0000,0.0000,0.0000,0.0000,0.0000,0.0000,0.0000,0.0000,0.0000,0.0000,0.0000,0.0000,0.0000,0.0000,0.0000,0.0000,0.0000,0.0000,0.0000,0.0000,0.0000,0.0000,0.0000,0.0000,0.0000,0.0000,0.0000,0.0000,0.0000,0.0000,0.0000,0.0000,0.0000,0.0000,0.0000,0.0000,0.0000,0.0000,0.0000,0.0000,0.0000,0.0000,0.0000,0.0000,0.0000,0.0000,0.0000,0.0000,0.0000,0.0000,0.0000,0.0000,0.0000,0.0000,0.0000,0.0000,0.0000
0.0000,0.0000,0.0000,0.0000,0.0000,0.0000,0.0000,0.0000,0.0000,0.0000,0.0000,0.0000,0.0000,0.0000,0.0000,0.0000,0.0000,0.0000,0.0000,0.0000,0.0000,0.0000,0.0000,0.0000,0.0000,0.0000,0.0000,0.0000,0.0000,0.0000,0.0000,0.0000,0.0000,0.0000,0.0000,0.0000,0.0000,0.0000,0.0000,0.0000,0.0000,0.0000,0.0000,0.0000,0.0000,0.0000,0.0000,0.0000,0.0000,0.0000,0.0000,0.0000,0.0000,0.0000,0.0000,0.0000,0.0000,0.0000,0.0000,0.0000,0.0000,0.0000,0.0000,0.0000,0.0000,0.0000,0.0000,0.0000,0.0000,0.0000,0.0000,0.0000,0.0000,0.0000,0.0000,0.0000,0.0000,0.0000,0.0000,0.0000,0.0000,0.0000,0.0000,0.0000,0.0000,0.0000,0.0000,0.0000,0.0000,0.0000,0.0000,0.0000,0.0000,0.0000,0.0000,0.0000,0.0000,0.0000,0.0000,0.0000,0.0000,0.0000,0.0000,0.0000,0.0000,0.0000,0.0000,0.0000,0.0000,0.0000,0.0000,0.0000,0.0000,0.0000,0.0000,0.0000,0.0000,0.0000,0.0000,0.0000,0.0000,0.0000,0.0000,0.0000,0.0000,0.0000,0.0000,0.0000,0.0000,0.0000,0.0000,0.0000,0.0000,0.0000,0.0000,0.0000,0.0000,0.0000,0.0000,0.0000,0.0000,0.0000,0.0000,0.0000,0.0000,0.0000,0.0000,0.0000,0.0000,0.0000,0.0000,0.0000,0.0000,0.0000,0.0000,0.0000,0.0000,0.0000,0.0000,0.0000,0.0000,0.0000,0.0000,0.0000,0.0000,0.0000,0.0000,0.0000,0.0000,0.0000,0.0000,0.0000,0.0000,0.0000,0.0000,0.0000,0.0000,0.0000,0.0000,0.0000,0.0000,0.0000,0.0000,0.0000,0.0000,0.0000,0.0000,0.0000,0.0000,0.0000,0.0000,0.0000,0.0000,0.0000,0.0000,0.0000,0.0000,0.0000,0.0000,0.0000,0.0000,0.0000,0.0000,0.0000,0.0000,0.0000,0.0000,0.0000,0.0000,0.0000,0.0000,0.0000,0.0000,0.0000,0.0000,0.0000,0.0000,0.0000,0.0000,0.0000,0.0000,0.0000,0.0000,0.0000,0.0000,0.0000,0.0000,0.0000,0.0000,0.0000,0.0000,0.0000,0.0000,0.0000,0.0000,0.0000,0.0000,0.0000,0.0000,0.0000,0.0000,0.0000,0.0000,0.0000,0.0000,0.0000,0.0000,0.0000,0.0000,0.0000,0.0000,0.0000,0.0000,0.0000,0.0000,0.0000,0.0000,0.0000,0.0000,0.0000,0.0000,0.0000,0.0000,0.0000,0.0000,0.0000,0.0000,0.0000,0.0000,0.0000,0.0000,0.0000,0.0000,0.0000,0.0000,0.0000,0.0000,0.0000,0.0000,0.0000,0.0000,0.0000,0.0000,0.0000,0.0000,0.0000,0.0000,0.0000,0.0000,0.0000,0.0000,0.0000,0.0000,0.0000,0.0000,0.0000,0.0000,0.0000,0.0000,0.0000,0.0000,0.0000,0.0000,0.0000,0.0000,0.0000,0.0000,0.0000,0.0000,0.0000,0.0000,0.0000,0.0000,0.0000,0.0000,0.0000,0.0000,0.0000,0.0000,0.0000,0.0000,0.0000,0.0000,0.0000,0.0000,0.0000,0.0000,0.0000,0.0000,0.0000,0.0000,0.0000,0.0000,0.0000,0.0000,0.0000,0.0000,0.0000,0.0000,0.0000,0.0000,0.0000,0.0000,0.0000,0.0000,0.0000,0.0000,0.0000,0.0000,0.0000,0.0000,0.0000,0.0000,0.0000,0.0000,0.0000,0.0000,0.0000,0.0000,0.0000,0.0000,0.0000,0.0000,0.0000,0.0000,0.0000,0.0000,0.0000,0.0000,0.0000,0.0000,0.0000,0.0000,0.0000,0.0000,0.0000,0.0000,0.0000,0.0000,0.0000,0.0000,0.0000,0.0000,0.0000,0.0000,0.0000,0.0000,0.0000,0.0000,0.0000,0.0000,0.0000,0.0000,0.0000,0.0000,0.0000,0.0000,0.0000,0.0000,0.0000
0.0000,0.0000,0.0000,0.0000,0.0000,0.0000,0.0000,0.0000,0.0000,0.0000,0.0000,0.0000,0.0000,0.0000,0.0000,0.0000,0.0000,0.0000,0.0000,0.0000,0.0000,0.0000,0.0000,0.0000,0.0000,0.0000,0.0000,0.0000,0.0000,0.0000,0.0000,0.0000,0.0000,0.0000,0.0000,0.0000,0.0000,0.0000,0.0000,0.0000,0.0000,0.0000,0.0000,0.0000,0.0000,0.0000,0.0000,0.0000,0.0000,0.0000,0.0000,0.0000,0.0000,0.0000,0.0000,0.0000,0.0000,0.0000,0.0000,0.0000,0.0000,0.0000,0.0000,0.0000,0.0000,0.0000,0.0000,0.0000,0.0000,0.0000,0.0000,0.0000,0.0000,0.0000,0.0000,0.0000,0.0000,0.0000,0.0000,0.0000,0.0000,0.0000,0.0000,0.0000,0.0000,0.0000,0.0000,0.0000,0.0000,0.0000,0.0000,0.0000,0.0000,0.0000,0.0000,0.0000,0.0000,0.0000,0.0000,0.0000,0.0000,0.0000,0.0000,0.0000,0.0000,0.0000,0.0000,0.0000,0.0000,0.0000,0.0000,0.0000,0.0000,0.0000,0.0000,0.0000,0.0000,0.0000,0.0000,0.0000,0.0000,0.0000,0.0000,0.0000,0.0000,0.0000,0.0000,0.0000,0.0000,0.0000,0.0000,0.0000,0.0000,0.0000,0.0000,0.0000,0.0000,0.0000,0.0000,0.0000,0.0000,0.0000,0.0000,0.0000,0.0000,0.0000,0.0000,0.0000,0.0000,0.0000,0.0000,0.0000,0.0000,0.0000,0.0000,0.0000,0.0000,0.0000,0.0000,0.0000,0.0000,0.0000,0.0000,0.0000,0.0000,0.0000,0.0000,0.0000,0.0000,0.0000,0.0000,0.0000,0.0000,0.0000,0.0000,0.0000,0.0000,0.0000,0.0000,0.0000,0.0000,0.0000,0.0000,0.0000,0.0000,0.0000,0.0000,0.0000,0.0000,0.0000,0.0000,0.0000,0.0000,0.0000,0.0000,0.0000,0.0000,0.0000,0.0000,0.0000,0.0000,0.0000,0.0000,0.0000,0.0000,0.0000,0.0000,0.0000,0.0000,0.0000,0.0000,0.0000,0.0000,0.0000,0.0000,0.0000,0.0000,0.0000,0.0000,0.0000,0.0000,0.0000,0.0000,0.0000,0.0000,0.0000,0.0000,0.0000,0.0000,0.0000,0.0000,0.0000,0.0000,0.0000,0.0000,0.0000,0.0000,0.0000,0.0000,0.0000,0.0000,0.0000,0.0000,0.0000,0.0000,0.0000,0.0000,0.0000,0.0000,0.0000,0.0000,0.0000,0.0000,0.0000,0.0000,0.0000,0.0000,0.0000,0.0000,0.0000,0.0000,0.0000,0.0000,0.0000,0.0000,0.0000,0.0000,0.0000,0.0000,0.0000,0.0000,0.0000,0.0000,0.0000,0.0000,0.0000,0.0000,0.0000,0.0000,0.0000,0.0000,0.0000,0.0000,0.0000,0.0000,0.0000,0.0000,0.0000,0.0000,0.0000,0.0000,0.0000,0.0000,0.0000,0.0000,0.0000,0.0000,0.0000,0.0000,0.0000,0.0000,0.0000,0.0000,0.0000,0.0000,0.0000,0.0000,0.0000,0.0000,0.0000,0.0000,0.0000,0.0000,0.0000,0.0000,0.0000,0.0000,0.0000,0.0000,0.0000,0.0000,0.0000,0.0000,0.0000,0.0000,0.0000,0.0000,0.0000,0.0000,0.0000,0.0000,0.0000,0.0000,0.0000,0.0000,0.0000,0.0000,0.0000,0.0000,0.0000,0.0000,0.0000,0.0000,0.0000,0.0000,0.0000,0.0000,0.0000,0.0000,0.0000,0.0000,0.0000,0.0000,0.0000,0.0000,0.0000,0.0000,0.0000,0.0000,0.0000,0.0000,0.0000,0.0000,0.0000,0.0000,0.0000,0.0000,0.0000,0.0000,0.0000,0.0000,0.0000,0.0000,0.0000,0.0000,0.0000,0.0000,0.0000,0.0000,0.0000,0.0000,0.0000,0.0000,0.0000,0.0000,0.0000,0.0000,0.0000,0.0000,0.0000,0.0000,0.0000,0.0000,0.0000,0.0000,0.0000,0.0000,0.0000,0.0000,0.0000
0.0000,0.0000,0.0000,0.0000,0.0000,0.0000,0.0000,0.0000,0.0000,0.0000,0.0000,0.0000,0.0000,0.0000,0.0000,0.0000,0.0000,0.0000,0.0000,0.0000,0.0000,0.0000,0.0000,0.0000,0.0000,0.0000,0.0000,0.0000,0.0000,0.0000,0.0000,0.0000,0.0000,0.0000,0.0000,0.0000,0.0000,0.0000,0.0000,0.0000,0.0000,0.0000,0.0000,0.0000,0.0000,0.0000,0.0000,0.0000,0.0000,0.0000,0.0000,0.0000,0.0000,0.0000,0.0000,0.0000,0.0000,0.0000,0.0000,0.0000,0.0000,0.0000,0.0000,0.0000,0.0000,0.0000,0.0000,0.0000,0.0000,0.0000,0.0000,0.0000,0.0000,0.0000,0.0000,0.0000,0.0000,0.0000,0.0000,0.0000,0.0000,0.0000,0.0000,0.0000,0.0000,0.0000,0.0000,0.0000,0.0000,0.0000,0.0000,0.0000,0.0000,0.0000,0.0000,0.0000,0.0000,0.0000,0.0000,0.0000,0.0000,0.0000,0.0000,0.0000,0.0000,0.0000,0.0000,0.0000,0.0000,0.0000,0.0000,0.0000,0.0000,0.0000,0.0000,0.0000,0.0000,0.0000,0.0000,0.0000,0.0000,0.0000,0.0000,0.0000,0.0000,0.0000,0.0000,0.0000,0.0000,0.0000,0.0000,0.0000,0.0000,0.0000,0.0000,0.0000,0.0000,0.0000,0.0000,0.0000,0.0000,0.0000,0.0000,0.0000,0.0000,0.0000,0.0000,0.0000,0.0000,0.0000,0.0000,0.0000,0.0000,0.0000,0.0000,0.0000,0.0000,0.0000,0.0000,0.0000,0.0000,0.0000,0.0000,0.0000,0.0000,0.0000,0.0000,0.0000,0.0000,0.0000,0.0000,0.0000,0.0000,0.0000,0.0000,0.0000,0.0000,0.0000,0.0000,0.0000,0.0000,0.0000,0.0000,0.0000,0.0000,0.0000,0.0000,0.0000,0.0000,0.0000,0.0000,0.0000,0.0000,0.0000,0.0000,0.0000,0.0000,0.0000,0.0000,0.0000,0.0000,0.0000,0.0000,0.0000,0.0000,0.0000,0.0000,0.0000,0.0000,0.0000,0.0000,0.0000,0.0000,0.0000,0.0000,0.0000,0.0000,0.0000,0.0000,0.0000,0.0000,0.0000,0.0000,0.0000,0.0000,0.0000,0.0000,0.0000,0.0000,0.0000,0.0000,0.0000,0.0000,0.0000,0.0000,0.0000,0.0000,0.0000,0.0000,0.0000,0.0000,0.0000,0.0000,0.0000,0.0000,0.0000,0.0000,0.0000,0.0000,0.0000,0.0000,0.0000,0.0000,0.0000,0.0000,0.0000,0.0000,0.0000,0.0000,0.0000,0.0000,0.0000,0.0000,0.0000,0.0000,0.0000,0.0000,0.0000,0.0000,0.0000,0.0000,0.0000,0.0000,0.0000,0.0000,0.0000,0.0000,0.0000,0.0000,0.0000,0.0000,0.0000,0.0000,0.0000,0.0000,0.0000,0.0000,0.0000,0.0000,0.0000,0.0000,0.0000,0.0000,0.0000,0.0000,0.0000,0.0000,0.0000,0.0000,0.0000,0.0000,0.0000,0.0000,0.0000,0.0000,0.0000,0.0000,0.0000,0.0000,0.0000,0.0000,0.0000,0.0000,0.0000,0.0000,0.0000,0.0000,0.0000,0.0000,0.0000,0.0000,0.0000,0.0000,0.0000,0.0000,0.0000,0.0000,0.0000,0.0000,0.0000,0.0000,0.0000,0.0000,0.0000,0.0000,0.0000,0.0000,0.0000,0.0000,0.0000,0.0000,0.0000,0.0000,0.0000,0.0000,0.0000,0.0000,0.0000,0.0000,0.0000,0.0000,0.0000,0.0000,0.0000,0.0000,0.0000,0.0000,0.0000,0.0000,0.0000,0.0000,0.0000,0.0000,0.0000,0.0000,0.0000,0.0000,0.0000,0.0000,0.0000,0.0000,0.0000,0.0000,0.0000,0.0000,0.0000,0.0000,0.0000,0.0000,0.0000,0.0000,0.0000,0.0000,0.0000,0.0000,0.0000,0.0000,0.0000,0.0000,0.0000,0.0000,0.0000,0.0000,0.0000,0.0000,0.0000,0.0000,0.0000,0.0000,0.0000
