0.0,0.0,0.0,0.0,0.0,0.0,0.0,0.0,0.0,0.0,0.0,0.0,0.0,0.0,0.0,0.0,0.0,0.0,0.0,0.0,0.0,0.0,0.0,0.0,0.0,0.0,0.0,0.0,0.0,0.0,0.0,0.0,0.0,0.0,0.0,0.0,0.0,0.0,0.0,0.0,0.0,0.0,0.0,0.0,0.0,0.0,0.0,0.0,0.0,0.0,0.0,0.0,0.0,0.0,0.0,0.0,0.0,0.0,0.0,0.0,0.0,0.0,0.0,0.0,0.0,0.0,0.0,0.0,0.0,0.0,0.0,0.0,0.0,0.0,0.0,0.0,0.0,0.0,0.0,0.0,0.0,0.0,0.0,0.0,0.0,0.0,0.0,0.0,0.0,0.0,0.0,0.0,0.0,0.0,0.0,0.0,0.0,0.0,0.0,0.0,0.0,0.0,0.0,0.0,0.0,0.0,0.0,0.0,0.0,0.0,0.0,0.0,0.0,0.0,0.0,0.0,0.0,0.0,0.0,0.0,0.0,0.0,0.0,0.0,0.0,0.0,0.0,0.0,0.0,0.0,0.0,0.0,0.0,0.0,0.0,0.0,0.0,0.0,0.0,0.0,0.0,0.0,0.0,0.0,0.0,0.0,0.0,0.0,0.0,0.0,0.0,0.0,0.0,0.0,0.0,0.0,0.0,0.0,0.0,0.0,0.0,0.0,0.0,0.0,0.0,0.0,0.0,0.0,0.0,0.0,0.0,0.0,0.0,0.0,0.0,0.0,0.0,0.0,0.0,0.0,0.0,0.0,0.0,0.0,0.0,0.0,0.0,0.0,0.0,0.0,0.0,0.0,0.0,0.0,0.0,0.0,0.0,0.0,0.0,0.0,0.0,0.0,0.0,0.0,0.0,0.0,0.0,0.0,0.0,0.0,0.0,0.0,0.0,0.0,0.0,0.0,0.0,0.0,0.0,0.0,0.0,0.0,0.0,0.0,0.0,0.0,0.0,0.0,0.0,0.0,0.0,0.0,0.0,0.0,0.0,0.0,0.0,0.0,0.0,0.0,0.0,0.0,0.0,0.0,0.0,0.0,0.0,0.0,0.0,0.0,0.0,0.0,0.0,0.0,0.0,0.0,0.0,0.0,0.0,0.0,0.0,0.0,0.0,0.0,0.0,0.0,0.0,0.0,0.0,0.0,0.0,0.0,0.0,0.0,0.0,0.0,0.0,0.0,0.0,0.0,0.0,0.0,0.0,0.0,0.0,0.0,0.0,0.0,0.0,0.0,0.0,0.0,0.0,0.0,0.0,0.0,0.0,0.0,0.0,0.0,0.0,0.0,0.0,0.0,0.0,0.0,0.0,0.0,0.0,0.0,0.0,0.0,0.0,0.0,0.0,0.0,0.0,0.0,0.0,0.0,0.0,0.0,0.0,0.0,0.0,0.0,0.0,0.0,0.0,0.0,0.0,0.0,0.0,0.0,0.0,0.0,0.0,0.0,0.0,0.0,0.0,0.0,0.0,0.0,0.0,0.0,0.0,0.0,0.0,0.0,0.0,0.0,0.0,0.0,0.0,0.0,0.0,0.0,0.0,0.0,0.0,0.0,0.0,0.0,0.0,0.0,0.0,0.0,0.0,0.0,0.0,0.0,0.0,0.0,0.0,0.0,0.0,0.0,0.0,0.0,0.0,0.0,0.0,0.0,0.0,0.0,0.0,0.0,0.0,0.0,0.0,0.0,0.0,0.0,0.0,0.0,0.0,0.0,0.0,0.0
0.0,0.0,0.0,0.0,0.0,0.0,0.0,0.0,0.0,0.0,0.0,0.0,0.0,0.0,0.0,0.0,0.0,0.0,0.0,0.0,0.0,0.0,0.0,0.0,0.0,0.0,0.0,0.0,0.0,0.0,0.0,0.0,0.0,0.0,0.0,0.0,0.0,0.0,0.0,0.0,0.0,0.0,0.0,0.0,0.0,0.0,0.0,0.0,0.0,0.0,0.0,0.0,0.0,0.0,0.0,0.0,0.0,0.0,0.0,0.0,0.0,0.0,0.0,0.0,0.0,0.0,0.0,0.0,0.0,0.0,0.0,0.0,0.0,0.0,0.0,0.0,0.0,0.0,0.0,0.0,0.0,0.0,0.0,0.0,0.0,0.0,0.0,0.0,0.0,0.0,0.0,0.0,0.0,0.0,0.0,0.0,0.0,0.0,0.0,0.0,0.0,0.0,0.0,0.0,0.0,0.0,0.0,0.0,0.0,0.0,0.0,0.0,0.0,0.0,0.0,0.0,0.0,0.0,0.0,0.0,0.0,0.0,0.0,0.0,0.0,0.0,0.0,0.0,0.0,0.0,0.0,0.0,0.0,0.0,0.0,0.0,0.0,0.0,0.0,0.0,0.0,0.0,0.0,0.0,0.0,0.0,0.0,0.0,0.0,0.0,0.0,0.0,0.0,0.0,0.0,0.0,0.0,0.0,0.0,0.0,0.0,0.0,0.0,0.0,0.0,0.0,0.0,0.0,0.0,0.0,0.0,0.0,0.0,0.0,0.0,0.0,0.0,0.0,0.0,0.0,0.0,0.0,0.0,0.0,0.0,0.0,0.0,0.0,0.0,0.0,0.0,0.0,0.0,0.0,0.0,0.0,0.0,0.0,0.0,0.0,0.0,0.0,0.0,0.0,0.0,0.0,0.0,0.0,0.0,0.0,0.0,0.0,0.0,0.0,0.0,0.0,0.0,0.0,0.0,0.0,0.0,0.0,0.0,0.0,0.0,0.0,0.0,0.0,0.0,0.0,0.0,0.0,0.0,0.0,0.0,0.0,0.0,0.0,0.0,0.0,0.0,0.0,0.0,0.0,0.0,0.0,0.0,0.0,0.0,0.0,0.0,0.0,0.0,0.0,0.0,0.0,0.0,0.0,0.0,0.0,0.0,0.0,0.0,0.0,0.0,0.0,0.0,0.0,0.0,0.0,0.0,0.0,0.0,0.0,0.0,0.0,0.0,0.0,0.0,0.0,0.0,0.0,0.0,0.0,0.0,0.0,0.0,0.0,0.0,0.0,0.0,0.0,0.0,0.0,0.0,0.0,0.0,0.0,0.0,0.0,0.0,0.0,0.0,0.0,0.0,0.0,0.0,0.0,0.0,0.0,0.0,0.0,0.0,0.0,0.0,0.0,0.0,0.0,0.0,0.0,0.0,0.0,0.0,0.0,0.0,0.0,0.0,0.0,0.0,0.0,0.0,0.0,0.0,0.0,0.0,0.0,0.0,0.0,0.0,0.0,0.0,0.0,0.0,0.0,0.0,0.0,0.0,0.0,0.0,0.0,0.0,0.0,0.0,0.0,0.0,0.0,0.0,0.0,0.0,0.0,0.0,0.0,0.0,0.0,0.0,0.0,0.0,0.0,0.0,0.0,0.0,0.0,0.0,0.0,0.0,0.0,0.0,0.0,0.0,0.0,0.0,0.0,0.0,0.0,0.0,0.0,0.0,0.0,0.0,0.0,0.0,0.0,0.0,0.0,0.0,0.0,0.0,0.0,0.0,0.0
0.0,0.0,0.0,0.0,0.0,0.0,0.0,0.0,0.0,0.0,0.0,0.0,0.0,0.0,0.0,0.0,0.0,0.0,0.0,0.0,0.0,0.0,0.0,0.0,0.0,0.0,0.0,0.0,0.0,0.0,0.0,0.0,0.0,0.0,0.0,0.0,0.0,0.0,0.0,0.0,0.0,0.0,0.0,0.0,0.0,0.0,0.0,0.0,0.0,0.0,0.0,0.0,0.0,0.0,0.0,0.0,0.0,0.0,0.0,0.0,0.0,0.0,0.0,0.0,0.0,0.0,0.0,0.0,0.0,0.0,0.0,0.0,0.0,0.0,0.0,0.0,0.0,0.0,0.0,0.0,0.0,0.0,0.0,0.0,0.0,0.0,0.0,0.0,0.0,0.0,0.0,0.0,0.0,0.0,0.0,0.0,0.0,0.0,0.0,0.0,0.0,0.0,0.0,0.0,0.0,0.0,0.0,0.0,0.0,0.0,0.0,0.0,0.0,0.0,0.0,0.0,0.0,0.0,0.0,0.0,0.0,0.0,0.0,0.0,0.0,0.0,0.0,0.0,0.0,0.0,0.0,0.0,0.0,0.0,0.0,0.0,0.0,0.0,0.0,0.0,0.0,0.0,0.0,0.0,0.0,0.0,0.0,0.0,0.0,0.0,0.0,0.0,0.0,0.0,0.0,0.0,0.0,0.0,0.0,0.0,0.0,0.0,0.0,0.0,0.0,0.0,0.0,0.0,0.0,0.0,0.0,0.0,0.0,0.0,0.0,0.0,0.0,0.0,0.0,0.0,0.0,0.0,0.0,0.0,0.0,0.0,0.0,0.0,0.0,0.0,0.0,0.0,0.0,0.0,0.0,0.0,0.0,0.0,0.0,0.0,0.0,0.0,0.0,0.0,0.0,0.0,0.0,0.0,0.0,0.0,0.0,0.0,0.0,0.0,0.0,0.0,0.0,0.0,0.0,0.0,0.0,0.0,0.0,0.0,0.0,0.0,0.0,0.0,0.0,0.0,0.0,0.0,0.0,0.0,0.0,0.0,0.0,0.0,0.0,0.0,0.0,0.0,0.0,0.0,0.0,0.0,0.0,0.0,0.0,0.0,0.0,0.0,0.0,0.0,0.0,0.0,0.0,0.0,0.0,0.0,0.0,0.0,0.0,0.0,0.0,0.0,0.0,0.0,0.0,0.0,0.0,0.0,0.0,0.0,0.0,0.0,0.0,0.0,0.0,0.0,0.0,0.0,0.0,0.0,0.0,0.0,0.0,0.0,0.0,0.0,0.0,0.0,0.0,0.0,0.0,0.0,0.0,0.0,0.0,0.0,0.0,0.0,0.0,0.0,0.0,0.0,0.0,0.0,0.0,0.0,0.0,0.0,0.0,0.0,0.0,0.0,0.0,0.0,0.0,0.0,0.0,0.0,0.0,0.0,0.0,0.0,0.0,0.0,0.0,0.0,0.0,0.0,0.0,0.0,0.0,0.0,0.0,0.0,0.0,0.0,0.0,0.0,0.0,0.0,0.0,0.0,0.0,0.0,0.0,0.0,0.0,0.0,0.0,0.0,0.0,0.0,0.0,0.0,0.0,0.0,0.0,0.0,0.0,0.0,0.0,0.0,0.0,0.0,0.0,0.0,0.0,0.0,0.0,0.0,0.0,0.0,0.0,0.0,0.0,0.0,0.0,0.0,0.0,0.0,0.0,0.0,0.0,0.0,0.0,0.0,0.0,0.0,0.0,0.0,0.0,0.0,0.0,0.0,0.0,0.0
0.0,0.0,0.0,0.0,0.0,0.0,0.0,0.0,0.0,0.0,0.0,0.0,0.0,0.0,0.0,0.0,0.0,0.0,0.0,0.0,0.0,0.0,0.0,0.0,0.0,0.0,0.0,0.0,0.0,0.0,0.0,0.0,0.0,0.0,0.0,0.0,0.0,0.0,0.0,0.0,0.0,0.0,0.0,0.0,0.0,0.0,0.0,0.0,0.0,0.0,0.0,0.0,0.0,0.0,0.0,0.0,0.0,0.0,0.0,0.0,0.0,0.0,0.0,0.0,0.0,0.0,0.0,0.0,0.0,0.0,0.0,0.0,0.0,0.0,0.0,0.0,0.0,0.0,0.0,0.0,0.0,0.0,0.0,0.0,0.0,0.0,0.0,0.0,0.0,0.0,0.0,0.0,0.0,0.0,0.0,0.0,0.0,0.0,0.0,0.0,0.0,0.0,0.0,0.0,0.0,0.0,0.0,0.0,0.0,0.0,0.0,0.0,0.0,0.0,0.0,0.0,0.0,0.0,0.0,0.0,0.0,0.0,0.0,0.0,0.0,0.0,0.0,0.0,0.0,0.0,0.0,0.0,0.0,0.0,0.0,0.0,0.0,0.0,0.0,0.0,0.0,0.0,0.0,0.0,0.0,0.0,0.0,0.0,0.0,0.0,0.0,0.0,0.0,0.0,0.0,0.0,0.0,0.0,0.0,0.0,0.0,0.0,0.0,0.0,0.0,0.0,0.0,0.0,0.0,0.0,0.0,0.0,0.0,0.0,0.0,0.0,0.0,0.0,0.0,0.0,0.0,0.0,0.0,0.0,0.0,0.0,0.0,0.0,0.0,0.0,0.0,0.0,0.0,0.0,0.0,0.0,0.0,0.0,0.0,0.0,0.0,0.0,0.0,0.0,0.0,0.0,0.0,0.0,0.0,0.0,0.0,0.0,0.0,0.0,0.0,0.0,0.0,0.0,0.0,0.0,0.0,0.0,0.0,0.0,0.0,0.0,0.0,0.0,0.0,0.0,0.0,0.0,0.0,0.0,0.0,0.0,0.0,0.0,0.0,0.0,0.0,0.0,0.0,0.0,0.0,0.0,0.0,0.0,0.0,0.0,0.0,0.0,0.0,0.0,0.0,0.0,0.0,0.0,0.0,0.0,0.0,0.0,0.0,0.0,0.0,0.0,0.0,0.0,0.0,0.0,0.0,0.0,0.0,0.0,0.0,0.0,0.0,0.0,0.0,0.0,0.0,0.0,0.0,0.0,0.0,0.0,0.0,0.0,0.0,0.0,0.0,0.0,0.0,0.0,0.0,0.0,0.0,0.0,0.0,0.0,0.0,0.0,0.0,0.0,0.0,0.0,0.0,0.0,0.0,0.0,0.0,0.0,0.0,0.0,0.0,0.0,0.0,0.0,0.0,0.0,0.0,0.0,0.0,0.0,0.0,0.0,0.0,0.0,0.0,0.0,0.0,0.0,0.0,0.0,0.0,0.0,0.0,0.0,0.0,0.0,0.0,0.0,0.0,0.0,0.0,0.0,0.0,0.0,0.0,0.0,0.0,0.0,0.0,0.0,0.0,0.0,0.0,0.0,0.0,0.0,0.0,0.0,0.0,0.0,0.0,0.0,0.0,0.0,0.0,0.0,0.0,0.0,0.0,0.0,0.0,0.0,0.0,0.0,0.0,0.0,0.0,0.0,0.0,0.0,0.0,0.0,0.0,0.0,0.0,0.0,0.0,0.0,0.0,0.0,0.0,0.0,0.0,0.0,0.0,0.0
0.0,0.0,0.0,0.0,0.0,0.0,0.0,0.0,0.0,0.0,0.0,0.0,0.0,0.0,0.0,0.0,0.0,0.0,0.0,0.0,0.0,0.0,0.0,0.0,0.0,0.0,0.0,0.0,0.0,0.0,0.0,0.0,0.0,0.0,0.0,0.0,0.0,0.0,0.0,0.0,0.0,0.0,0.0,0.0,0.0,0.0,0.0,0.0,0.0,0.0,0.0,0.0,0.0,0.0,0.0,0.0,0.0,0.0,0.0,0.0,0.0,0.0,0.0,0.0,0.0,0.0,0.0,0.0,0.0,0.0,0.0,0.0,0.0,0.0,0.0,0.0,0.0,0.0,0.0,0.0,0.0,0.0,0.0,0.0,0.0,0.0,0.0,0.0,0.0,0.0,0.0,0.0,0.0,0.0,0.0,0.0,0.0,0.0,0.0,0.0,0.0,0.0,0.0,0.0,0.0,0.0,0.0,0.0,0.0,0.0,0.0,0.0,0.0,0.0,0.0,0.0,0.0,0.0,0.0,0.0,0.0,0.0,0.0,0.0,0.0,0.0,0.0,0.0,0.0,0.0,0.0,0.0,0.0,0.0,0.0,0.0,0.0,0.0,0.0,0.0,0.0,0.0,0.0,0.0,0.0,0.0,0.0,0.0,0.0,0.0,0.0,0.0,0.0,0.0,0.0,0.0,0.0,0.0,0.0,0.0,0.0,0.0,0.0,0.0,0.0,0.0,0.0,0.0,0.0,0.0,0.0,0.0,0.0,0.0,0.0,0.0,0.0,0.0,0.0,0.0,0.0,0.0,0.0,0.0,0.0,0.0,0.0,0.0,0.0,0.0,0.0,0.0,0.0,0.0,0.0,0.0,0.0,0.0,0.0,0.0,0.0,0.0,0.0,0.0,0.0,0.0,0.0,0.0,0.0,0.0,0.0,0.0,0.0,0.0,0.0,0.0,0.0,0.0,0.0,0.0,0.0,0.0,0.0,0.0,0.0,0.0,0.0,0.0,0.0,0.0,0.0,0.0,0.0,0.0,0.0,0.0,0.0,0.0,0.0,0.0,0.0,0.0,0.0,0.0,0.0,0.0,0.0,0.0,0.0,0.0,0.0,0.0,0.0,0.0,0.0,0.0,0.0,0.0,0.0,0.0,0.0,0.0,0.0,0.0,0.0,0.0,0.0,0.0,0.0,0.0,0.0,0.0,0.0,0.0,0.0,0.0,0.0,0.0,0.0,0.0,0.0,0.0,0.0,0.0,0.0,0.0,0.0,0.0,0.0,0.0,0.0,0.0,0.0,0.0,0.0,0.0,0.0,0.0,0.0,0.0,0.0,0.0,0.0,0.0,0.0,0.0,0.0,0.0,0.0,0.0,0.0,0.0,0.0,0.0,0.0,0.0,0.0,0.0,0.0,0.0,0.0,0.0,0.0,0.0,0.0,0.0,0.0,0.0,0.0,0.0,0.0,0.0,0.0,0.0,0.0,0.0,0.0,0.0,0.0,0.0,0.0,0.0,0.0,0.0,0.0,0.0,0.0,0.0,0.0,0.0,0.0,0.0,0.0,0.0,0.0,0.0,0.0,0.0,0.0,0.0,0.0,0.0,0.0,0.0,0.0,0.0,0.0,0.0,0.0,0.0,0.0,0.0,0.0,0.0,0.0,0.0,0.0,0.0,0.0,0.0,0.0,0.0,0.0,0.0,0.0,0.0,0.0,0.0,0.0,0.0,0.0,0.0,0.0,0.0,0.0,0.0,0.0,0.0,0.0,0.0
0.0,0.0,0.0,0.0,0.0,0.0,0.0,0.0,0.0,0.0,0.0,0.0,0.0,0.0,0.0,0.0,0.0,0.0,0.0,0.0,0.0,0.0,0.0,0.0,0.0,0.0,0.0,0.0,0.0,0.0,0.0,0.0,0.0,0.0,0.0,0.0,0.0,0.0,0.0,0.0,0.0,0.0,0.0,0.0,0.0,0.0,0.0,0.0,0.0,0.0,0.0,0.0,0.0,0.0,0.0,0.0,0.0,0.0,0.0,0.0,0.0,0.0,0.0,0.0,0.0,0.0,0.0,0.0,0.0,0.0,0.0,0.0,0.0,0.0,0.0,0.0,0.0,0.0,0.0,0.0,0.0,0.0,0.0,0.0,0.0,0.0,0.0,0.0,0.0,0.0,0.0,0.0,0.0,0.0,0.0,0.0,0.0,0.0,0.0,0.0,0.0,0.0,0.0,0.0,0.0,0.0,0.0,0.0,0.0,0.0,0.0,0.0,0.0,0.0,0.0,0.0,0.0,0.0,0.0,0.0,0.0,0.0,0.0,0.0,0.0,0.0,0.0,0.0,0.0,0.0,0.0,0.0,0.0,0.0,0.0,0.0,0.0,0.0,0.0,0.0,0.0,0.0,0.0,0.0,0.0,0.0,0.0,0.0,0.0,0.0,0.0,0.0,0.0,0.0,0.0,0.0,0.0,0.0,0.0,0.0,0.0,0.0,0.0,0.0,0.0,0.0,0.0,0.0,0.0,0.0,0.0,0.0,0.0,0.0,0.0,0.0,0.0,0.0,0.0,0.0,0.0,0.0,0.0,0.0,0.0,0.0,0.0,0.0,0.0,0.0,0.0,0.0,0.0,0.0,0.0,0.0,0.0,0.0,0.0,0.0,0.0,0.0,0.0,0.0,0.0,0.0,0.0,0.0,0.0,0.0,0.0,0.0,0.0,0.0,0.0,0.0,0.0,0.0,0.0,0.0,0.0,0.0,0.0,0.0,0.0,0.0,0.0,0.0,0.0,0.0,0.0,0.0,0.0,0.0,0.0,0.0,0.0,0.0,0.0,0.0,0.0,0.0,0.0,0.0,0.0,0.0,0.0,0.0,0.0,0.0,0.0,0.0,0.0,0.0,0.0,0.0,0.0,0.0,0.0,0.0,0.0,0.0,0.0,0.0,0.0,0.0,0.0,0.0,0.0,0.0,0.0,0.0,0.0,0.0,0.0,0.0,0.0,0.0,0.0,0.0,0.0,0.0,0.0,0.0,0.0,0.0,0.0,0.0,0.0,0.0,0.0,0.0,0.0,0.0,0.0,0.0,0.0,0.0,0.0,0.0,0.0,0.0,0.0,0.0,0.0,0.0,0.0,0.0,0.0,0.0,0.0,0.0,0.0,0.0,0.0,0.0,0.0,0.0,0.0,0.0,0.0,0.0,0.0,0.0,0.0,0.0,0.0,0.0,0.0,0.0,0.0,0.0,0.0,0.0,0.0,0.0,0.0,0.0,0.0,0.0,0.0,0.0,0.0,0.0,0.0,0.0,0.0,0.0,0.0,0.0,0.0,0.0,0.0,0.0,0.0,0.0,0.0,0.0,0.0,0.0,0.0,0.0,0.0,0.0,0.0,0.0,0.0,0.0,0.0,0.0,0.0,0.0,0.0,0.0,0.0,0.0,0.0,0.0,0.0,0.0,0.0,0.0,0.0,0.0,0.0,0.0,0.0,0.0,0.0,0.0,0.0,0.0,0.0,0.0,0.0,0.0,0.0,0.0,0.0,0.0
0.0,0.0,0.0,0.0,0.0,0.0,0.0,0.0,0.0,0.0,0.0,0.0,0.0,0.0,0.0,0.0,0.0,0.0,0.0,0.0,0.0,0.0,0.0,0.0,0.0,0.0,0.0,0.0,0.0,0.0,0.0,0.0,0.0,0.0,0.0,0.0,0.0,0.0,0.0,0.0,0.0,0.0,0.0,0.0,0.0,0.0,0.0,0.0,0.0,0.0,0.0,0.0,0.0,0.0,0.0,0.0,0.0,0.0,0.0,0.0,0.0,0.0,0.0,0.0,0.0,0.0,0.0,0.0,0.0,0.0,0.0,0.0,0.0,0.0,0.0,0.0,0.0,0.0,0.0,0.0,0.0,0.0,0.0,0.0,0.0,0.0,0.0,0.0,0.0,0.0,0.0,0.0,0.0,0.0,0.0,0.0,0.0,0.0,0.0,0.0,0.0,0.0,0.0,0.0,0.0,0.0,0.0,0.0,0.0,0.0,0.0,0.0,0.0,0.0,0.0,0.0,0.0,0.0,0.0,0.0,0.0,0.0,0.0,0.0,0.0,0.0,0.0,0.0,0.0,0.0,0.0,0.0,0.0,0.0,0.0,0.0,0.0,0.0,0.0,0.0,0.0,0.0,0.0,0.0,0.0,0.0,0.0,0.0,0.0,0.0,0.0,0.0,0.0,0.0,0.0,0.0,0.0,0.0,0.0,0.0,0.0,0.0,0.0,0.0,0.0,0.0,0.0,0.0,0.0,0.0,0.0,0.0,0.0,0.0,0.0,0.0,0.0,0.0,0.0,0.0,0.0,0.0,0.0,0.0,0.0,0.0,0.0,0.0,0.0,0.0,0.0,0.0,0.0,0.0,0.0,0.0,0.0,0.0,0.0,0.0,0.0,0.0,0.0,0.0,0.0,0.0,0.0,0.0,0.0,0.0,0.0,0.0,0.0,0.0,0.0,0.0,0.0,0.0,0.0,0.0,0.0,0.0,0.0,0.0,0.0,0.0,0.0,0.0,0.0,0.0,0.0,0.0,0.0,0.0,0.0,0.0,0.0,0.0,0.0,0.0,0.0,0.0,0.0,0.0,0.0,0.0,0.0,0.0,0.0,0.0,0.0,0.0,0.0,0.0,0.0,0.0,0.0,0.0,0.0,0.0,0.0,0.0,0.0,0.0,0.0,0.0,0.0,0.0,0.0,0.0,0.0,0.0,0.0,0.0,0.0,0.0,0.0,0.0,0.0,0.0,0.0,0.0,0.0,0.0,0.0,0.0,0.0,0.0,0.0,0.0,0.0,0.0,0.0,0.0,0.0,0.0,0.0,0.0,0.0,0.0,0.0,0.0,0.0,0.0,0.0,0.0,0.0,0.0,0.0,0.0,0.0,0.0,0.0,0.0,0.0,0.0,0.0,0.0,0.0,0.0,0.0,0.0,0.0,0.0,0.0,0.0,0.0,0.0,0.0,0.0,0.0,0.0,0.0,0.0,0.0,0.0,0.0,0.0,0.0,0.0,0.0,0.0,0.0,0.0,0.0,0.0,0.0,0.0,0.0,0.0,0.0,0.0,0.0,0.0,0.0,0.0,0.0,0.0,0.0,0.0,0.0,0.0,0.0,0.0,0.0,0.0,0.0,0.0,0.0,0.0,0.0,0.0,0.0,0.0,0.0,0.0,0.0,0.0,0.0,0.0,0.0,0.0,0.0,0.0,0.0,0.0,0.0,0.0,0.0,0.0,0.0,0.0,0.0,0.0,0.0,0.0,0.0,0.0,0.0,0.0
0.0,0.0,0.0,0.0,0.0,0.0,0.0,0.0,0.0,0.0,0.0,0.0,0.0,0.0,0.0,0.0,0.0,0.0,0.0,0.0,0.0,0.0,0.0,0.0,0.0,0.0,0.0,0.0,0.0,0.0,0.0,0.0,0.0,0.0,0.0,0.0,0.0,0.0,0.0,0.0,0.0,0.0,0.0,0.0,0.0,0.0,0.0,0.0,0.0,0.0,0.0,0.0,0.0,0.0,0.0,0.0,0.0,0.0,0.0,0.0,0.0,0.0,0.0,0.0,0.0,0.0,0.0,0.0,0.0,0.0,0.0,0.0,0.0,0.0,0.0,0.0,0.0,0.0,0.0,0.0,0.0,0.0,0.0,0.0,0.0,0.0,0.0,0.0,0.0,0.0,0.0,0.0,0.0,0.0,0.0,0.0,0.0,0.0,0.0,0.0,0.0,0.0,0.0,0.0,0.0,0.0,0.0,0.0,0.0,0.0,0.0,0.0,0.0,0.0,0.0,0.0,0.0,0.0,0.0,0.0,0.0,0.0,0.0,0.0,0.0,0.0,0.0,0.0,0.0,0.0,0.0,0.0,0.0,0.0,0.0,0.0,0.0,0.0,0.0,0.0,0.0,0.0,0.0,0.0,0.0,0.0,0.0,0.0,0.0,0.0,0.0,0.0,0.0,0.0,0.0,0.0,0.0,0.0,0.0,0.0,0.0,0.0,0.0,0.0,0.0,0.0,0.0,0.0,0.0,0.0,0.0,0.0,0.0,0.0,0.0,0.0,0.0,0.0,0.0,0.0,0.0,0.0,0.0,0.0,0.0,0.0,0.0,0.0,0.0,0.0,0.0,0.0,0.0,0.0,0.0,0.0,0.0,0.0,0.0,0.0,0.0,0.0,0.0,0.0,0.0,0.0,0.0,0.0,0.0,0.0,0.0,0.0,0.0,0.0,0.0,0.0,0.0,0.0,0.0,0.0,0.0,0.0,0.0,0.0,0.0,0.0,0.0,0.0,0.0,0.0,0.0,0.0,0.0,0.0,0.0,0.0,0.0,0.0,0.0,0.0,0.0,0.0,0.0,0.0,0.0,0.0,0.0,0.0,0.0,0.0,0.0,0.0,0.0,0.0,0.0,0.0,0.0,0.0,0.0,0.0,0.0,0.0,0.0,0.0,0.0,0.0,0.0,0.0,0.0,0.0,0.0,0.0,0.0,0.0,0.0,0.0,0.0,0.0,0.0,0.0,0.0,0.0,0.0,0.0,0.0,0.0,0.0,0.0,0.0,0.0,0.0,0.0,0.0,0.0,0.0,0.0,0.0,0.0,0.0,0.0,0.0,0.0,0.0,0.0,0.0,0.0,0.0,0.0,0.0,0.0,0.0,0.0,0.0,0.0,0.0,0.0,0.0,0.0,0.0,0.0,0.0,0.0,0.0,0.0,0.0,0.0,0.0,0.0,0.0,0.0,0.0,0.0,0.0,0.0,0.0,0.0,0.0,0.0,0.0,0.0,0.0,0.0,0.0,0.0,0.0,0.0,0.0,0.0,0.0,0.0,0.0,0.0,0.0,0.0,0.0,0.0,0.0,0.0,0.0,0.0,0.0,0.0,0.0,0.0,0.0,0.0,0.0,0.0,0.0,0.0,0.0,0.0,0.0,0.0,0.0,0.0,0.0,0.0,0.0,0.0,0.0,0.0,0.0,0.0,0.0,0.0,0.0,0.0,0.0,0.0,0.0,0.0,0.0,0.0,0.0,0.0,0.0,0.0,0.0,0.0
0.0,0.0,0.0,0.0,0.0,0.0,0.0,0.0,0.0,0.0,0.0,0.0,0.0,0.0,0.0,0.0,0.0,0.0,0.0,0.0,0.0,0.0,0.0,0.0,0.0,0.0,0.0,0.0,0.0,0.0,0.0,0.0,0.0,0.0,0.0,0.0,0.0,0.0,0.0,0.0,0.0,0.0,0.0,0.0,0.0,0.0,0.0,0.0,0.0,0.0,0.0,0.0,0.0,0.0,0.0,0.0,0.0,0.0,0.0,0.0,0.0,0.0,0.0,0.0,0.0,0.0,0.0,0.0,0.0,0.0,0.0,0.0,0.0,0.0,0.0,0.0,0.0,0.0,0.0,0.0,0.0,0.0,0.0,0.0,0.0,0.0,0.0,0.0,0.0,0.0,0.0,0.0,0.0,0.0,0.0,0.0,0.0,0.0,0.0,0.0,0.0,0.0,0.0,0.0,0.0,0.0,0.0,0.0,0.0,0.0,0.0,0.0,0.0,0.0,0.0,0.0,0.0,0.0,0.0,0.0,0.0,0.0,0.0,0.0,0.0,0.0,0.0,0.0,0.0,0.0,0.0,0.0,0.0,0.0,0.0,0.0,0.0,0.0,0.0,0.0,0.0,0.0,0.0,0.0,0.0,0.0,0.0,0.0,0.0,0.0,0.0,0.0,0.0,0.0,0.0,0.0,0.0,0.0,0.0,0.0,0.0,0.0,0.0,0.0,0.0,0.0,0.0,0.0,0.0,0.0,0.0,0.0,0.0,0.0,0.0,0.0,0.0,0.0,0.0,0.0,0.0,0.0,0.0,0.0,0.0,0.0,0.0,0.0,0.0,0.0,0.0,0.0,0.0,0.0,0.0,0.0,0.0,0.0,0.0,0.0,0.0,0.0,0.0,0.0,0.0,0.0,0.0,0.0,0.0,0.0,0.0,0.0,0.0,0.0,0.0,0.0,0.0,0.0,0.0,0.0,0.0,0.0,0.0,0.0,0.0,0.0,0.0,0.0,0.0,0.0,0.0,0.0,0.0,0.0,0.0,0.0,0.0,0.0,0.0,0.0,0.0,0.0,0.0,0.0,0.0,0.0,0.0,0.0,0.0,0.0,0.0,0.0,0.0,0.0,0.0,0.0,0.0,0.0,0.0,0.0,0.0,0.0,0.0,0.0,0.0,0.0,0.0,0.0,0.0,0.0,0.0,0.0,0.0,0.0,0.0,0.0,0.0,0.0,0.0,0.0,0.0,0.0,0.0,0.0,0.0,0.0,0.0,0.0,0.0,0.0,0.0,0.0,0.0,0.0,0.0,0.0,0.0,0.0,0.0,0.0,0.0,0.0,0.0,0.0,0.0,0.0,0.0,0.0,0.0,0.0,0.0,0.0,0.0,0.0,0.0,0.0,0.0,0.0,0.0,0.0,0.0,0.0,0.0,0.0,0.0,0.0,0.0,0.0,0.0,0.0,0.0,0.0,0.0,0.0,0.0,0.0,0.0,0.0,0.0,0.0,0.0,0.0,0.0,0.0,0.0,0.0,0.0,0.0,0.0,0.0,0.0,0.0,0.0,0.0,0.0,0.0,0.0,0.0,0.0,0.0,0.0,0.0,0.0,0.0,0.0,0.0,0.0,0.0,0.0,0.0,0.0,0.0,0.0,0.0,0.0,0.0,0.0,0.0,0.0,0.0,0.0,0.0,0.0,0.0,0.0,0.0,0.0,0.0,0.0,0.0,0.0,0.0,0.0,0.0,0.0,0.0,0.0,0.0,0.0,0.0
0.0,0.0,0.0,0.0,0.0,0.0,0.0,0.0,0.0,0.0,0.0,0.0,0.0,0.0,0.0,0.0,0.0,0.0,0.0,0.0,0.0,0.0,0.0,0.0,0.0,0.0,0.0,0.0,0.0,0.0,0.0,0.0,0.0,0.0,0.0,0.0,0.0,0.0,0.0,0.0,0.0,0.0,0.0,0.0,0.0,0.0,0.0,0.0,0.0,0.0,0.0,0.0,0.0,0.0,0.0,0.0,0.0,0.0,0.0,0.0,0.0,0.0,0.0,0.0,0.0,0.0,0.0,0.0,0.0,0.0,0.0,0.0,0.0,0.0,0.0,0.0,0.0,0.0,0.0,0.0,0.0,0.0,0.0,0.0,0.0,0.0,0.0,0.0,0.0,0.0,0.0,0.0,0.0,0.0,0.0,0.0,0.0,0.0,0.0,0.0,0.0,0.0,0.0,0.0,0.0,0.0,0.0,0.0,0.0,0.0,0.0,0.0,0.0,0.0,0.0,0.0,0.0,0.0,0.0,0.0,0.0,0.0,0.0,0.0,0.0,0.0,0.0,0.0,0.0,0.0,0.0,0.0,0.0,0.0,0.0,0.0,0.0,0.0,0.0,0.0,0.0,0.0,0.0,0.0,0.0,0.0,0.0,0.0,0.0,0.0,0.0,0.0,0.0,0.0,0.0,0.0,0.0,0.0,0.0,0.0,0.0,0.0,0.0,0.0,0.0,0.0,0.0,0.0,0.0,0.0,0.0,0.0,0.0,0.0,0.0,0.0,0.0,0.0,0.0,0.0,0.0,0.0,0.0,0.0,0.0,0.0,0.0,0.0,0.0,0.0,0.0,0.0,0.0,0.0,0.0,0.0,0.0,0.0,0.0,0.0,0.0,0.0,0.0,0.0,0.0,0.0,0.0,0.0,0.0,0.0,0.0,0.0,0.0,0.0,0.0,0.0,0.0,0.0,0.0,0.0,0.0,0.0,0.0,0.0,0.0,0.0,0.0,0.0,0.0,0.0,0.0,0.0,0.0,0.0,0.0,0.0,0.0,0.0,0.0,0.0,0.0,0.0,0.0,0.0,0.0,0.0,0.0,0.0,0.0,0.0,0.0,0.0,0.0,0.0,0.0,0.0,0.0,0.0,0.0,0.0,0.0,0.0,0.0,0.0,0.0,0.0,0.0,0.0,0.0,0.0,0.0,0.0,0.0,0.0,0.0,0.0,0.0,0.0,0.0,0.0,0.0,0.0,0.0,0.0,0.0,0.0,0.0,0.0,0.0,0.0,0.0,0.0,0.0,0.0,0.0,0.0,0.0,0.0,0.0,0.0,0.0,0.0,0.0,0.0,0.0,0.0,0.0,0.0,0.0,0.0,0.0,0.0,0.0,0.0,0.0,0.0,0.0,0.0,0.0,0.0,0.0,0.0,0.0,0.0,0.0,0.0,0.0,0.0,0.0,0.0,0.0,0.0,0.0,0.0,0.0,0.0,0.0,0.0,0.0,0.0,0.0,0.0,0.0,0.0,0.0,0.0,0.0,0.0,0.0,0.0,0.0,0.0,0.0,0.0,0.0,0.0,0.0,0.0,0.0,0.0,0.0,0.0,0.0,0.0,0.0,0.0,0.0,0.0,0.0,0.0,0.0,0.0,0.0,0.0,0.0,0.0,0.0,0.0,0.0,0.0,0.0,0.0,0.0,0.0,0.0,0.0,0.0,0.0,0.0,0.0,0.0,0.0,0.0,0.0,0.0,0.0,0.0,0.0,0.0,0.0
0.0,0.0,0.0,0.0,0.0,0.0,0.0,0.0,0.0,0.0,0.0,0.0,0.0,0.0,0.0,0.0,0.0,0.0,0.0,0.0,0.0,0.0,0.0,0.0,0.0,0.0,0.0,0.0,0.0,0.0,0.0,0.0,0.0,0.0,0.0,0.0,0.0,0.0,0.0,0.0,0.0,0.0,0.0,0.0,0.0,0.0,0.0,0.0,0.0,0.0,0.0,0.0,0.0,0.0,0.0,0.0,0.0,0.0,0.0,0.0,0.0,0.0,0.0,0.0,0.0,0.0,0.0,0.0,0.0,0.0,0.0,0.0,0.0,0.0,0.0,0.0,0.0,0.0,0.0,0.0,0.0,0.0,0.0,0.0,0.0,0.0,0.0,0.0,0.0,0.0,0.0,0.0,0.0,0.0,0.0,0.0,0.0,0.0,0.0,0.0,0.0,0.0,0.0,0.0,0.0,0.0,0.0,0.0,0.0,0.0,0.0,0.0,0.0,0.0,0.0,0.0,0.0,0.0,0.0,0.0,0.0,0.0,0.0,0.0,0.0,0.0,0.0,0.0,0.0,0.0,0.0,0.0,0.0,0.0,0.0,0.0,0.0,0.0,0.0,0.0,0.0,0.0,0.0,0.0,0.0,0.0,0.0,0.0,0.0,0.0,0.0,0.0,0.0,0.0,0.0,0.0,0.0,0.0,0.0,0.0,0.0,0.0,0.0,0.0,0.0,0.0,0.0,0.0,0.0,0.0,0.0,0.0,0.0,0.0,0.0,0.0,0.0,0.0,0.0,0.0,0.0,0.0,0.0,0.0,0.0,0.0,0.0,0.0,0.0,0.0,0.0,0.0,0.0,0.0,0.0,0.0,0.0,0.0,0.0,0.0,0.0,0.0,0.0,0.0,0.0,0.0,0.0,0.0,0.0,0.0,0.0,0.0,0.0,0.0,0.0,0.0,0.0,0.0,0.0,0.0,0.0,0.0,0.0,0.0,0.0,0.0,0.0,0.0,0.0,0.0,0.0,0.0,0.0,0.0,0.0,0.0,0.0,0.0,0.0,0.0,0.0,0.0,0.0,0.0,0.0,0.0,0.0,0.0,0.0,0.0,0.0,0.0,0.0,0.0,0.0,0.0,0.0,0.0,0.0,0.0,0.0,0.0,0.0,0.0,0.0,0.0,0.0,0.0,0.0,0.0,0.0,0.0,0.0,0.0,0.0,0.0,0.0,0.0,0.0,0.0,0.0,0.0,0.0,0.0,0.0,0.0,0.0,0.0,0.0,0.0,0.0,0.0,0.0,0.0,0.0,0.0,0.0,0.0,0.0,0.0,0.0,0.0,0.0,0.0,0.0,0.0,0.0,0.0,0.0,0.0,0.0,0.0,0.0,0.0,0.0,0.0,0.0,0.0,0.0,0.0,0.0,0.0,0.0,0.0,0.0,0.0,0.0,0.0,0.0,0.0,0.0,0.0,0.0,0.0,0.0,0.0,0.0,0.0,0.0,0.0,0.0,0.0,0.0,0.0,0.0,0.0,0.0,0.0,0.0,0.0,0.0,0.0,0.0,0.0,0.0,0.0,0.0,0.0,0.0,0.0,0.0,0.0,0.0,0.0,0.0,0.0,0.0,0.0,0.0,0.0,0.0,0.0,0.0,0.0,0.0,0.0,0.0,0.0,0.0,0.0,0.0,0.0,0.0,0.0,0.0,0.0,0.0,0.0,0.0,0.0,0.0,0.0,0.0,0.0,0.0,0.0,0.0,0.0,0.0,0.0
0.0,0.0,0.0,0.0,0.0,0.0,0.0,0.0,0.0,0.0,0.0,0.0,0.0,0.0,0.0,0.0,0.0,0.0,0.0,0.0,0.0,0.0,0.0,0.0,0.0,0.0,0.0,0.0,0.0,0.0,0.0,0.0,0.0,0.0,0.0,0.0,0.0,0.0,0.0,0.0,0.0,0.0,0.0,0.0,0.0,0.0,0.0,0.0,0.0,0.0,0.0,0.0,0.0,0.0,0.0,0.0,0.0,0.0,0.0,0.0,0.0,0.0,0.0,0.0,0.0,0.0,0.0,0.0,0.0,0.0,0.0,0.0,0.0,0.0,0.0,0.0,0.0,0.0,0.0,0.0,0.0,0.0,0.0,0.0,0.0,0.0,0.0,0.0,0.0,0.0,0.0,0.0,0.0,0.0,0.0,0.0,0.0,0.0,0.0,0.0,0.0,0.0,0.0,0.0,0.0,0.0,0.0,0.0,0.0,0.0,0.0,0.0,0.0,0.0,0.0,0.0,0.0,0.0,0.0,0.0,0.0,0.0,0.0,0.0,0.0,0.0,0.0,0.0,0.0,0.0,0.0,0.0,0.0,0.0,0.0,0.0,0.0,0.0,0.0,0.0,0.0,0.0,0.0,0.0,0.0,0.0,0.0,0.0,0.0,0.0,0.0,0.0,0.0,0.0,0.0,0.0,0.0,0.0,0.0,0.0,0.0,0.0,0.0,0.0,0.0,0.0,0.0,0.0,0.0,0.0,0.0,0.0,0.0,0.0,0.0,0.0,0.0,0.0,0.0,0.0,0.0,0.0,0.0,0.0,0.0,0.0,0.0,0.0,0.0,0.0,0.0,0.0,0.0,0.0,0.0,0.0,0.0,0.0,0.0,0.0,0.0,0.0,0.0,0.0,0.0,0.0,0.0,0.0,0.0,0.0,0.0,0.0,0.0,0.0,0.0,0.0,0.0,0.0,0.0,0.0,0.0,0.0,0.0,0.0,0.0,0.0,0.0,0.0,0.0,0.0,0.0,0.0,0.0,0.0,0.0,0.0,0.0,0.0,0.0,0.0,0.0,0.0,0.0,0.0,0.0,0.0,0.0,0.0,0.0,0.0,0.0,0.0,0.0,0.0,0.0,0.0,0.0,0.0,0.0,0.0,0.0,0.0,0.0,0.0,0.0,0.0,0.0,0.0,0.0,0.0,0.0,0.0,0.0,0.0,0.0,0.0,0.0,0.0,0.0,0.0,0.0,0.0,0.0,0.0,0.0,0.0,0.0,0.0,0.0,0.0,0.0,0.0,0.0,0.0,0.0,0.0,0.0,0.0,0.0,0.0,0.0,0.0,0.0,0.0,0.0,0.0,0.0,0.0,0.0,0.0,0.0,0.0,0.0,0.0,0.0,0.0,0.0,0.0,0.0,0.0,0.0,0.0,0.0,0.0,0.0,0.0,0.0,0.0,0.0,0.0,0.0,0.0,0.0,0.0,0.0,0.0,0.0,0.0,0.0,0.0,0.0,0.0,0.0,0.0,0.0,0.0,0.0,0.0,0.0,0.0,0.0,0.0,0.0,0.0,0.0,0.0,0.0,0.0,0.0,0.0,0.0,0.0,0.0,0.0,0.0,0.0,0.0,0.0,0.0,0.0,0.0,0.0,0.0,0.0,0.0,0.0,0.0,0.0,0.0,0.0,0.0,0.0,0.0,0.0,0.0,0.0,0.0,0.0,0.0,0.0,0.0,0.0,0.0,0.0,0.0,0.0,0.0,0.0,0.0,0.0
0.0,0.0,0.0,0.0,0.0,0.0,0.0,0.0,0.0,0.0,0.0,0.0,0.0,0.0,0.0,0.0,0.0,0.0,0.0,0.0,0.0,0.0,0.0,0.0,0.0,0.0,0.0,0.0,0.0,0.0,0.0,0.0,0.0,0.0,0.0,0.0,0.0,0.0,0.0,0.0,0.0,0.0,0.0,0.0,0.0,0.0,0.0,0.0,0.0,0.0,0.0,0.0,0.0,0.0,0.0,0.0,0.0,0.0,0.0,0.0,0.0,0.0,0.0,0.0,0.0,0.0,0.0,0.0,0.0,0.0,0.0,0.0,0.0,0.0,0.0,0.0,0.0,0.0,0.0,0.0,0.0,0.0,0.0,0.0,0.0,0.0,0.0,0.0,0.0,0.0,0.0,0.0,0.0,0.0,0.0,0.0,0.0,0.0,0.0,0.0,0.0,0.0,0.0,0.0,0.0,0.0,0.0,0.0,0.0,0.0,0.0,0.0,0.0,0.0,0.0,0.0,0.0,0.0,0.0,0.0,0.0,0.0,0.0,0.0,0.0,0.0,0.0,0.0,0.0,0.0,0.0,0.0,0.0,0.0,0.0,0.0,0.0,0.0,0.0,0.0,0.0,0.0,0.0,0.0,0.0,0.0,0.0,0.0,0.0,0.0,0.0,0.0,0.0,0.0,0.0,0.0,0.0,0.0,0.0,0.0,0.0,0.0,0.0,0.0,0.0,0.0,0.0,0.0,0.0,0.0,0.0,0.0,0.0,0.0,0.0,0.0,0.0,0.0,0.0,0.0,0.0,0.0,0.0,0.0,0.0,0.0,0.0,0.0,0.0,0.0,0.0,0.0,0.0,0.0,0.0,0.0,0.0,0.0,0.0,0.0,0.0,0.0,0.0,0.0,0.0,0.0,0.0,0.0,0.0,0.0,0.0,0.0,0.0,0.0,0.0,0.0,0.0,0.0,0.0,0.0,0.0,0.0,0.0,0.0,0.0,0.0,0.0,0.0,0.0,0.0,0.0,0.0,0.0,0.0,0.0,0.0,0.0,0.0,0.0,0.0,0.0,0.0,0.0,0.0,0.0,0.0,0.0,0.0,0.0,0.0,0.0,0.0,0.0,0.0,0.0,0.0,0.0,0.0,0.0,0.0,0.0,0.0,0.0,0.0,0.0,0.0,0.0,0.0,0.0,0.0,0.0,0.0,0.0,0.0,0.0,0.0,0.0,0.0,0.0,0.0,0.0,0.0,0.0,0.0,0.0,0.0,0.0,0.0,0.0,0.0,0.0,0.0,0.0,0.0,0.0,0.0,0.0,0.0,0.0,0.0,0.0,0.0,0.0,0.0,0.0,0.0,0.0,0.0,0.0,0.0,0.0,0.0,0.0,0.0,0.0,0.0,0.0,0.0,0.0,0.0,0.0,0.0,0.0,0.0,0.0,0.0,0.0,0.0,0.0,0.0,0.0,0.0,0.0,0.0,0.0,0.0,0.0,0.0,0.0,0.0,0.0,0.0,0.0,0.0,0.0,0.0,0.0,0.0,0.0,0.0,0.0,0.0,0.0,0.0,0.0,0.0,0.0,0.0,0.0,0.0,0.0,0.0,0.0,0.0,0.0,0.0,0.0,0.0,0.0,0.0,0.0,0.0,0.0,0.0,0.0,0.0,0.0,0.0,0.0,0.0,0.0,0.0,0.0,0.0,0.0,0.0,0.0,0.0,0.0,0.0,0.0,0.0,0.0,0.0,0.0,0.0,0.0,0.0,0.0,0.0
0.0,0.0,0.0,0.0,0.0,0.0,0.0,0.0,0.0,0.0,0.0,0.0,0.0,0.0,0.0,0.0,0.0,0.0,0.0,0.0,0.0,0.0,0.0,0.0,0.0,0.0,0.0,0.0,0.0,0.0,0.0,0.0,0.0,0.0,0.0,0.0,0.0,0.0,0.0,0.0,0.0,0.0,0.0,0.0,0.0,0.0,0.0,0.0,0.0,0.0,0.0,0.0,0.0,0.0,0.0,0.0,0.0,0.0,0.0,0.0,0.0,0.0,0.0,0.0,0.0,0.0,0.0,0.0,0.0,0.0,0.0,0.0,0.0,0.0,0.0,0.0,0.0,0.0,0.0,0.0,0.0,0.0,0.0,0.0,0.0,0.0,0.0,0.0,0.0,0.0,0.0,0.0,0.0,0.0,0.0,0.0,0.0,0.0,0.0,0.0,0.0,0.0,0.0,0.0,0.0,0.0,0.0,0.0,0.0,0.0,0.0,0.0,0.0,0.0,0.0,0.0,0.0,0.0,0.0,0.0,0.0,0.0,0.0,0.0,0.0,0.0,0.0,0.0,0.0,0.0,0.0,0.0,0.0,0.0,0.0,0.0,0.0,0.0,0.0,0.0,0.0,0.0,0.0,0.0,0.0,0.0,0.0,0.0,0.0,0.0,0.0,0.0,0.0,0.0,0.0,0.0,0.0,0.0,0.0,0.0,0.0,0.0,0.0,0.0,0.0,0.0,0.0,0.0,0.0,0.0,0.0,0.0,0.0,0.0,0.0,0.0,0.0,0.0,0.0,0.0,0.0,0.0,0.0,0.0,0.0,0.0,0.0,0.0,0.0,0.0,0.0,0.0,0.0,0.0,0.0,0.0,0.0,0.0,0.0,0.0,0.0,0.0,0.0,0.0,0.0,0.0,0.0,0.0,0.0,0.0,0.0,0.0,0.0,0.0,0.0,0.0,0.0,0.0,0.0,0.0,0.0,0.0,0.0,0.0,0.0,0.0,0.0,0.0,0.0,0.0,0.0,0.0,0.0,0.0,0.0,0.0,0.0,0.0,0.0,0.0,0.0,0.0,0.0,0.0,0.0,0.0,0.0,0.0,0.0,0.0,0.0,0.0,0.0,0.0,0.0,0.0,0.0,0.0,0.0,0.0,0.0,0.0,0.0,0.0,0.0,0.0,0.0,0.0,0.0,0.0,0.0,0.0,0.0,0.0,0.0,0.0,0.0,0.0,0.0,0.0,0.0,0.0,0.0,0.0,0.0,0.0,0.0,0.0,0.0,0.0,0.0,0.0,0.0,0.0,0.0,0.0,0.0,0.0,0.0,0.0,0.0,0.0,0.0,0.0,0.0,0.0,0.0,0.0,0.0,0.0,0.0,0.0,0.0,0.0,0.0,0.0,0.0,0.0,0.0,0.0,0.0,0.0,0.0,0.0,0.0,0.0,0.0,0.0,0.0,0.0,0.0,0.0,0.0,0.0,0.0,0.0,0.0,0.0,0.0,0.0,0.0,0.0,0.0,0.0,0.0,0.0,0.0,0.0,0.0,0.0,0.0,0.0,0.0,0.0,0.0,0.0,0.0,0.0,0.0,0.0,0.0,0.0,0.0,0.0,0.0,0.0,0.0,0.0,0.0,0.0,0.0,0.0,0.0,0.0,0.0,0.0,0.0,0.0,0.0,0.0,0.0,0.0,0.0,0.0,0.0,0.0,0.0,0.0,0.0,0.0,0.0,0.0,0.0,0.0,0.0,0.0,0.0,0.0,0.0,0.0
0.0,0.0,0.0,0.0,0.0,0.0,0.0,0.0,0.0,0.0,0.0,0.0,0.0,0.0,0.0,0.0,0.0,0.0,0.0,0.0,0.0,0.0,0.0,0.0,0.0,0.0,0.0,0.0,0.0,0.0,0.0,0.0,0.0,0.0,0.0,0.0,0.0,0.0,0.0,0.0,0.0,0.0,0.0,0.0,0.0,0.0,0.0,0.0,0.0,0.0,0.0,0.0,0.0,0.0,0.0,0.0,0.0,0.0,0.0,0.0,0.0,0.0,0.0,0.0,0.0,0.0,0.0,0.0,0.0,0.0,0.0,0.0,0.0,0.0,0.0,0.0,0.0,0.0,0.0,0.0,0.0,0.0,0.0,0.0,0.0,0.0,0.0,0.0,0.0,0.0,0.0,0.0,0.0,0.0,0.0,0.0,0.0,0.0,0.0,0.0,0.0,0.0,0.0,0.0,0.0,0.0,0.0,0.0,0.0,0.0,0.0,0.0,0.0,0.0,0.0,0.0,0.0,0.0,0.0,0.0,0.0,0.0,0.0,0.0,0.0,0.0,0.0,0.0,0.0,0.0,0.0,0.0,0.0,0.0,0.0,0.0,0.0,0.0,0.0,0.0,0.0,0.0,0.0,0.0,0.0,0.0,0.0,0.0,0.0,0.0,0.0,0.0,0.0,0.0,0.0,0.0,0.0,0.0,0.0,0.0,0.0,0.0,0.0,0.0,0.0,0.0,0.0,0.0,0.0,0.0,0.0,0.0,0.0,0.0,0.0,0.0,0.0,0.0,0.0,0.0,0.0,0.0,0.0,0.0,0.0,0.0,0.0,0.0,0.0,0.0,0.0,0.0,0.0,0.0,0.0,0.0,0.0,0.0,0.0,0.0,0.0,0.0,0.0,0.0,0.0,0.0,0.0,0.0,0.0,0.0,0.0,0.0,0.0,0.0,0.0,0.0,0.0,0.0,0.0,0.0,0.0,0.0,0.0,0.0,0.0,0.0,0.0,0.0,0.0,0.0,0.0,0.0,0.0,0.0,0.0,0.0,0.0,0.0,0.0,0.0,0.0,0.0,0.0,0.0,0.0,0.0,0.0,0.0,0.0,0.0,0.0,0.0,0.0,0.0,0.0,0.0,0.0,0.0,0.0,0.0,0.0,0.0,0.0,0.0,0.0,0.0,0.0,0.0,0.0,0.0,0.0,0.0,0.0,0.0,0.0,0.0,0.0,0.0,0.0,0.0,0.0,0.0,0.0,0.0,0.0,0.0,0.0,0.0,0.0,0.0,0.0,0.0,0.0,0.0,0.0,0.0,0.0,0.0,0.0,0.0,0.0,0.0,0.0,0.0,0.0,0.0,0.0,0.0,0.0,0.0,0.0,0.0,0.0,0.0,0.0,0.0,0.0,0.0,0.0,0.0,0.0,0.0,0.0,0.0,0.0,0.0,0.0,0.0,0.0,0.0,0.0,0.0,0.0,0.0,0.0,0.0,0.0,0.0,0.0,0.0,0.0,0.0,0.0,0.0,0.0,0.0,0.0,0.0,0.0,0.0,0.0,0.0,0.0,0.0,0.0,0.0,0.0,0.0,0.0,0.0,0.0,0.0,0.0,0.0,0.0,0.0,0.0,0.0,0.0,0.0,0.0,0.0,0.0,0.0,0.0,0.0,0.0,0.0,0.0,0.0,0.0,0.0,0.0,0.0,0.0,0.0,0.0,0.0,0.0,0.0,0.0,0.0,0.0,0.0,0.0,0.0,0.0,0.0,0.0,0.0
0.0,0.0,0.0,0.0,0.0,0.0,0.0,0.0,0.0,0.0,0.0,0.0,0.0,0.0,0.0,0.0,0.0,0.0,0.0,0.0,0.0,0.0,0.0,0.0,0.0,0.0,0.0,0.0,0.0,0.0,0.0,0.0,0.0,0.0,0.0,0.0,0.0,0.0,0.0,0.0,0.0,0.0,0.0,0.0,0.0,0.0,0.0,0.0,0.0,0.0,0.0,0.0,0.0,0.0,0.0,0.0,0.0,0.0,0.0,0.0,0.0,0.0,0.0,0.0,0.0,0.0,0.0,0.0,0.0,0.0,0.0,0.0,0.0,0.0,0.0,0.0,0.0,0.0,0.0,0.0,0.0,0.0,0.0,0.0,0.0,0.0,0.0,0.0,0.0,0.0,0.0,0.0,0.0,0.0,0.0,0.0,0.0,0.0,0.0,0.0,0.0,0.0,0.0,0.0,0.0,0.0,0.0,0.0,0.0,0.0,0.0,0.0,0.0,0.0,0.0,0.0,0.0,0.0,0.0,0.0,0.0,0.0,0.0,0.0,0.0,0.0,0.0,0.0,0.0,0.0,0.0,0.0,0.0,0.0,0.0,0.0,0.0,0.0,0.0,0.0,0.0,0.0,0.0,0.0,0.0,0.0,0.0,0.0,0.0,0.0,0.0,0.0,0.0,0.0,0.0,0.0,0.0,0.0,0.0,0.0,0.0,0.0,0.0,0.0,0.0,0.0,0.0,0.0,0.0,0.0,0.0,0.0,0.0,0.0,0.0,0.0,0.0,0.0,0.0,0.0,0.0,0.0,0.0,0.0,0.0,0.0,0.0,0.0,0.0,0.0,0.0,0.0,0.0,0.0,0.0,0.0,0.0,0.0,0.0,0.0,0.0,0.0,0.0,0.0,0.0,0.0,0.0,0.0,0.0,0.0,0.0,0.0,0.0,0.0,0.0,0.0,0.0,0.0,0.0,0.0,0.0,0.0,0.0,0.0,0.0,0.0,0.0,0.0,0.0,0.0,0.0,0.0,0.0,0.0,0.0,0.0,0.0,0.0,0.0,0.0,0.0,0.0,0.0,0.0,0.0,0.0,0.0,0.0,0.0,0.0,0.0,0.0,0.0,0.0,0.0,0.0,0.0,0.0,0.0,0.0,0.0,0.0,0.0,0.0,0.0,0.0,0.0,0.0,0.0,0.0,0.0,0.0,0.0,0.0,0.0,0.0,0.0,0.0,0.0,0.0,0.0,0.0,0.0,0.0,0.0,0.0,0.0,0.0,0.0,0.0,0.0,0.0,0.0,0.0,0.0,0.0,0.0,0.0,0.0,0.0,0.0,0.0,0.0,0.0,0.0,0.0,0.0,0.0,0.0,0.0,0.0,0.0,0.0,0.0,0.0,0.0,0.0,0.0,0.0,0.0,0.0,0.0,0.0,0.0,0.0,0.0,0.0,0.0,0.0,0.0,0.0,0.0,0.0,0.0,0.0,0.0,0.0,0.0,0.0,0.0,0.0,0.0,0.0,0.0,0.0,0.0,0.0,0.0,0.0,0.0,0.0,0.0,0.0,0.0,0.0,0.0,0.0,0.0,0.0,0.0,0.0,0.0,0.0,0.0,0.0,0.0,0.0,0.0,0.0,0.0,0.0,0.0,0.0,0.0,0.0,0.0,0.0,0.0,0.0,0.0,0.0,0.0,0.0,0.0,0.0,0.0,0.0,0.0,0.0,0.0,0.0,0.0,0.0,0.0,0.0,0.0,0.0,0.0,0.0,0.0
0.0,0.0,0.0,0.0,0.0,0.0,0.0,0.0,0.0,0.0,0.0,0.0,0.0,0.0,0.0,0.0,0.0,0.0,0.0,0.0,0.0,0.0,0.0,0.0,0.0,0.0,0.0,0.0,0.0,0.0,0.0,0.0,0.0,0.0,0.0,0.0,0.0,0.0,0.0,0.0,0.0,0.0,0.0,0.0,0.0,0.0,0.0,0.0,0.0,0.0,0.0,0.0,0.0,0.0,0.0,0.0,0.0,0.0,0.0,0.0,0.0,0.0,0.0,0.0,0.0,0.0,0.0,0.0,0.0,0.0,0.0,0.0,0.0,0.0,0.0,0.0,0.0,0.0,0.0,0.0,0.0,0.0,0.0,0.0,0.0,0.0,0.0,0.0,0.0,0.0,0.0,0.0,0.0,0.0,0.0,0.0,0.0,0.0,0.0,0.0,0.0,0.0,0.0,0.0,0.0,0.0,0.0,0.0,0.0,0.0,0.0,0.0,0.0,0.0,0.0,0.0,0.0,0.0,0.0,0.0,0.0,0.0,0.0,0.0,0.0,0.0,0.0,0.0,0.0,0.0,0.0,0.0,0.0,0.0,0.0,0.0,0.0,0.0,0.0,0.0,0.0,0.0,0.0,0.0,0.0,0.0,0.0,0.0,0.0,0.0,0.0,0.0,0.0,0.0,0.0,0.0,0.0,0.0,0.0,0.0,0.0,0.0,0.0,0.0,0.0,0.0,0.0,0.0,0.0,0.0,0.0,0.0,0.0,0.0,0.0,0.0,0.0,0.0,0.0,0.0,0.0,0.0,0.0,0.0,0.0,0.0,0.0,0.0,0.0,0.0,0.0,0.0,0.0,0.0,0.0,0.0,0.0,0.0,0.0,0.0,0.0,0.0,0.0,0.0,0.0,0.0,0.0,0.0,0.0,0.0,0.0,0.0,0.0,0.0,0.0,0.0,0.0,0.0,0.0,0.0,0.0,0.0,0.0,0.0,0.0,0.0,0.0,0.0,0.0,0.0,0.0,0.0,0.0,0.0,0.0,0.0,0.0,0.0,0.0,0.0,0.0,0.0,0.0,0.0,0.0,0.0,0.0,0.0,0.0,0.0,0.0,0.0,0.0,0.0,0.0,0.0,0.0,0.0,0.0,0.0,0.0,0.0,0.0,0.0,0.0,0.0,0.0,0.0,0.0,0.0,0.0,0.0,0.0,0.0,0.0,0.0,0.0,0.0,0.0,0.0,0.0,0.0,0.0,0.0,0.0,0.0,0.0,0.0,0.0,0.0,0.0,0.0,0.0,0.0,0.0,0.0,0.0,0.0,0.0,0.0,0.0,0.0,0.0,0.0,0.0,0.0,0.0,0.0,0.0,0.0,0.0,0.0,0.0,0.0,0.0,0.0,0.0,0.0,0.0,0.0,0.0,0.0,0.0,0.0,0.0,0.0,0.0,0.0,0.0,0.0,0.0,0.0,0.0,0.0,0.0,0.0,0.0,0.0,0.0,0.0,0.0,0.0,0.0,0.0,0.0,0.0,0.0,0.0,0.0,0.0,0.0,0.0,0.0,0.0,0.0,0.0,0.0,0.0,0.0,0.0,0.0,0.0,0.0,0.0,0.0,0.0,0.0,0.0,0.0,0.0,0.0,0.0,0.0,0.0,0.0,0.0,0.0,0.0,0.0,0.0,0.0,0.0,0.0,0.0,0.0,0.0,0.0,0.0,0.0,0.0,0.0,0.0,0.0,0.0,0.0,0.0,0.0,0.0,0.0,0.0
0.0,0.0,0.0,0.0,0.0,0.0,0.0,0.0,0.0,0.0,0.0,0.0,0.0,0.0,0.0,0.0,0.0,0.0,0.0,0.0,0.0,0.0,0.0,0.0,0.0,0.0,0.0,0.0,0.0,0.0,0.0,0.0,0.0,0.0,0.0,0.0,0.0,0.0,0.0,0.0,0.0,0.0,0.0,0.0,0.0,0.0,0.0,0.0,0.0,0.0,0.0,0.0,0.0,0.0,0.0,0.0,0.0,0.0,0.0,0.0,0.0,0.0,0.0,0.0,0.0,0.0,0.0,0.0,0.0,0.0,0.0,0.0,0.0,0.0,0.0,0.0,0.0,0.0,0.0,0.0,0.0,0.0,0.0,0.0,0.0,0.0,0.0,0.0,0.0,0.0,0.0,0.0,0.0,0.0,0.0,0.0,0.0,0.0,0.0,0.0,0.0,0.0,0.0,0.0,0.0,0.0,0.0,0.0,0.0,0.0,0.0,0.0,0.0,0.0,0.0,0.0,0.0,0.0,0.0,0.0,0.0,0.0,0.0,0.0,0.0,0.0,0.0,0.0,0.0,0.0,0.0,0.0,0.0,0.0,0.0,0.0,0.0,0.0,0.0,0.0,0.0,0.0,0.0,0.0,0.0,0.0,0.0,0.0,0.0,0.0,0.0,0.0,0.0,0.0,0.0,0.0,0.0,0.0,0.0,0.0,0.0,0.0,0.0,0.0,0.0,0.0,0.0,0.0,0.0,0.0,0.0,0.0,0.0,0.0,0.0,0.0,0.0,0.0,0.0,0.0,0.0,0.0,0.0,0.0,0.0,0.0,0.0,0.0,0.0,0.0,0.0,0.0,0.0,0.0,0.0,0.0,0.0,0.0,0.0,0.0,0.0,0.0,0.0,0.0,0.0,0.0,0.0,0.0,0.0,0.0,0.0,0.0,0.0,0.0,0.0,0.0,0.0,0.0,0.0,0.0,0.0,0.0,0.0,0.0,0.0,0.0,0.0,0.0,0.0,0.0,0.0,0.0,0.0,0.0,0.0,0.0,0.0,0.0,0.0,0.0,0.0,0.0,0.0,0.0,0.0,0.0,0.0,0.0,0.0,0.0,0.0,0.0,0.0,0.0,0.0,0.0,0.0,0.0,0.0,0.0,0.0,0.0,0.0,0.0,0.0,0.0,0.0,0.0,0.0,0.0,0.0,0.0,0.0,0.0,0.0,0.0,0.0,0.0,0.0,0.0,0.0,0.0,0.0,0.0,0.0,0.0,0.0,0.0,0.0,0.0,0.0,0.0,0.0,0.0,0.0,0.0,0.0,0.0,0.0,0.0,0.0,0.0,0.0,0.0,0.0,0.0,0.0,0.0,0.0,0.0,0.0,0.0,0.0,0.0,0.0,0.0,0.0,0.0,0.0,0.0,0.0,0.0,0.0,0.0,0.0,0.0,0.0,0.0,0.0,0.0,0.0,0.0,0.0,0.0,0.0,0.0,0.0,0.0,0.0,0.0,0.0,0.0,0.0,0.0,0.0,0.0,0.0,0.0,0.0,0.0,0.0,0.0,0.0,0.0,0.0,0.0,0.0,0.0,0.0,0.0,0.0,0.0,0.0,0.0,0.0,0.0,0.0,0.0,0.0,0.0,0.0,0.0,0.0,0.0,0.0,0.0,0.0,0.0,0.0,0.0,0.0,0.0,0.0,0.0,0.0,0.0,0.0,0.0,0.0,0.0,0.0,0.0,0.0,0.0,0.0,0.0,0.0,0.0,0.0,0.0
0.0,0.0,0.0,0.0,0.0,0.0,0.0,0.0,0.0,0.0,0.0,0.0,0.0,0.0,0.0,0.0,0.0,0.0,0.0,0.0,0.0,0.0,0.0,0.0,0.0,0.0,0.0,0.0,0.0,0.0,0.0,0.0,0.0,0.0,0.0,0.0,0.0,0.0,0.0,0.0,0.0,0.0,0.0,0.0,0.0,0.0,0.0,0.0,0.0,0.0,0.0,0.0,0.0,0.0,0.0,0.0,0.0,0.0,0.0,0.0,0.0,0.0,0.0,0.0,0.0,0.0,0.0,0.0,0.0,0.0,0.0,0.0,0.0,0.0,0.0,0.0,0.0,0.0,0.0,0.0,0.0,0.0,0.0,0.0,0.0,0.0,0.0,0.0,0.0,0.0,0.0,0.0,0.0,0.0,0.0,0.0,0.0,0.0,0.0,0.0,0.0,0.0,0.0,0.0,0.0,0.0,0.0,0.0,0.0,0.0,0.0,0.0,0.0,0.0,0.0,0.0,0.0,0.0,0.0,0.0,0.0,0.0,0.0,0.0,0.0,0.0,0.0,0.0,0.0,0.0,0.0,0.0,0.0,0.0,0.0,0.0,0.0,0.0,0.0,0.0,0.0,0.0,0.0,0.0,0.0,0.0,0.0,0.0,0.0,0.0,0.0,0.0,0.0,0.0,0.0,0.0,0.0,0.0,0.0,0.0,0.0,0.0,0.0,0.0,0.0,0.0,0.0,0.0,0.0,0.0,0.0,0.0,0.0,0.0,0.0,0.0,0.0,0.0,0.0,0.0,0.0,0.0,0.0,0.0,0.0,0.0,0.0,0.0,0.0,0.0,0.0,0.0,0.0,0.0,0.0,0.0,0.0,0.0,0.0,0.0,0.0,0.0,0.0,0.0,0.0,0.0,0.0,0.0,0.0,0.0,0.0,0.0,0.0,0.0,0.0,0.0,0.0,0.0,0.0,0.0,0.0,0.0,0.0,0.0,0.0,0.0,0.0,0.0,0.0,0.0,0.0,0.0,0.0,0.0,0.0,0.0,0.0,0.0,0.0,0.0,0.0,0.0,0.0,0.0,0.0,0.0,0.0,0.0,0.0,0.0,0.0,0.0,0.0,0.0,0.0,0.0,0.0,0.0,0.0,0.0,0.0,0.0,0.0,0.0,0.0,0.0,0.0,0.0,0.0,0.0,0.0,0.0,0.0,0.0,0.0,0.0,0.0,0.0,0.0,0.0,0.0,0.0,0.0,0.0,0.0,0.0,0.0,0.0,0.0,0.0,0.0,0.0,0.0,0.0,0.0,0.0,0.0,0.0,0.0,0.0,0.0,0.0,0.0,0.0,0.0,0.0,0.0,0.0,0.0,0.0,0.0,0.0,0.0,0.0,0.0,0.0,0.0,0.0,0.0,0.0,0.0,0.0,0.0,0.0,0.0,0.0,0.0,0.0,0.0,0.0,0.0,0.0,0.0,0.0,0.0,0.0,0.0,0.0,0.0,0.0,0.0,0.0,0.0,0.0,0.0,0.0,0.0,0.0,0.0,0.0,0.0,0.0,0.0,0.0,0.0,0.0,0.0,0.0,0.0,0.0,0.0,0.0,0.0,0.0,0.0,0.0,0.0,0.0,0.0,0.0,0.0,0.0,0.0,0.0,0.0,0.0,0.0,0.0,0.0,0.0,0.0,0.0,0.0,0.0,0.0,0.0,0.0,0.0,0.0,0.0,0.0,0.0,0.0,0.0,0.0,0.0,0.0,0.0,0.0,0.0
0.0,0.0,0.0,0.0,0.0,0.0,0.0,0.0,0.0,0.0,0.0,0.0,0.0,0.0,0.0,0.0,0.0,0.0,0.0,0.0,0.0,0.0,0.0,0.0,0.0,0.0,0.0,0.0,0.0,0.0,0.0,0.0,0.0,0.0,0.0,0.0,0.0,0.0,0.0,0.0,0.0,0.0,0.0,0.0,0.0,0.0,0.0,0.0,0.0,0.0,0.0,0.0,0.0,0.0,0.0,0.0,0.0,0.0,0.0,0.0,0.0,0.0,0.0,0.0,0.0,0.0,0.0,0.0,0.0,0.0,0.0,0.0,0.0,0.0,0.0,0.0,0.0,0.0,0.0,0.0,0.0,0.0,0.0,0.0,0.0,0.0,0.0,0.0,0.0,0.0,0.0,0.0,0.0,0.0,0.0,0.0,0.0,0.0,0.0,0.0,0.0,0.0,0.0,0.0,0.0,0.0,0.0,0.0,0.0,0.0,0.0,0.0,0.0,0.0,0.0,0.0,0.0,0.0,0.0,0.0,0.0,0.0,0.0,0.0,0.0,0.0,0.0,0.0,0.0,0.0,0.0,0.0,0.0,0.0,0.0,0.0,0.0,0.0,0.0,0.0,0.0,0.0,0.0,0.0,0.0,0.0,0.0,0.0,0.0,0.0,0.0,0.0,0.0,0.0,0.0,0.0,0.0,0.0,0.0,0.0,0.0,0.0,0.0,0.0,0.0,0.0,0.0,0.0,0.0,0.0,0.0,0.0,0.0,0.0,0.0,0.0,0.0,0.0,0.0,0.0,0.0,0.0,0.0,0.0,0.0,0.0,0.0,0.0,0.0,0.0,0.0,0.0,0.0,0.0,0.0,0.0,0.0,0.0,0.0,0.0,0.0,0.0,0.0,0.0,0.0,0.0,0.0,0.0,0.0,0.0,0.0,0.0,0.0,0.0,0.0,0.0,0.0,0.0,0.0,0.0,0.0,0.0,0.0,0.0,0.0,0.0,0.0,0.0,0.0,0.0,0.0,0.0,0.0,0.0,0.0,0.0,0.0,0.0,0.0,0.0,0.0,0.0,0.0,0.0,0.0,0.0,0.0,0.0,0.0,0.0,0.0,0.0,0.0,0.0,0.0,0.0,0.0,0.0,0.0,0.0,0.0,0.0,0.0,0.0,0.0,0.0,0.0,0.0,0.0,0.0,0.0,0.0,0.0,0.0,0.0,0.0,0.0,0.0,0.0,0.0,0.0,0.0,0.0,0.0,0.0,0.0,0.0,0.0,0.0,0.0,0.0,0.0,0.0,0.0,0.0,0.0,0.0,0.0,0.0,0.0,0.0,0.0,0.0,0.0,0.0,0.0,0.0,0.0,0.0,0.0,0.0,0.0,0.0,0.0,0.0,0.0,0.0,0.0,0.0,0.0,0.0,0.0,0.0,0.0,0.0,0.0,0.0,0.0,0.0,0.0,0.0,0.0,0.0,0.0,0.0,0.0,0.0,0.0,0.0,0.0,0.0,0.0,0.0,0.0,0.0,0.0,0.0,0.0,0.0,0.0,0.0,0.0,0.0,0.0,0.0,0.0,0.0,0.0,0.0,0.0,0.0,0.0,0.0,0.0,0.0,0.0,0.0,0.0,0.0,0.0,0.0,0.0,0.0,0.0,0.0,0.0,0.0,0.0,0.0,0.0,0.0,0.0,0.0,0.0,0.0,0.0,0.0,0.0,0.0,0.0,0.0,0.0,0.0,0.0,0.0,0.0,0.0,0.0,0.0,0.0
0.0,0.0,0.0,0.0,0.0,0.0,0.0,0.0,0.0,0.0,0.0,0.0,0.0,0.0,0.0,0.0,0.0,0.0,0.0,0.0,0.0,0.0,0.0,0.0,0.0,0.0,0.0,0.0,0.0,0.0,0.0,0.0,0.0,0.0,0.0,0.0,0.0,0.0,0.0,0.0,0.0,0.0,0.0,0.0,0.0,0.0,0.0,0.0,0.0,0.0,0.0,0.0,0.0,0.0,0.0,0.0,0.0,0.0,0.0,0.0,0.0,0.0,0.0,0.0,0.0,0.0,0.0,0.0,0.0,0.0,0.0,0.0,0.0,0.0,0.0,0.0,0.0,0.0,0.0,0.0,0.0,0.0,0.0,0.0,0.0,0.0,0.0,0.0,0.0,0.0,0.0,0.0,0.0,0.0,0.0,0.0,0.0,0.0,0.0,0.0,0.0,0.0,0.0,0.0,0.0,0.0,0.0,0.0,0.0,0.0,0.0,0.0,0.0,0.0,0.0,0.0,0.0,0.0,0.0,0.0,0.0,0.0,0.0,0.0,0.0,0.0,0.0,0.0,0.0,0.0,0.0,0.0,0.0,0.0,0.0,0.0,0.0,0.0,0.0,0.0,0.0,0.0,0.0,0.0,0.0,0.0,0.0,0.0,0.0,0.0,0.0,0.0,0.0,0.0,0.0,0.0,0.0,0.0,0.0,0.0,0.0,0.0,0.0,0.0,0.0,0.0,0.0,0.0,0.0,0.0,0.0,0.0,0.0,0.0,0.0,0.0,0.0,0.0,0.0,0.0,0.0,0.0,0.0,0.0,0.0,0.0,0.0,0.0,0.0,0.0,0.0,0.0,-0.16549999999999998,-0.2783,0.348825,0.9836750000000001,-0.2896,-0.015275,0.321275,-0.03935,0.11675,0.4434,0.9235249999999999,-0.67685,-0.038525000000000004,-0.243925,0.17052499999999998,-0.3881,0.0,0.0,0.0,0.0,0.0,0.0,0.0,0.0,0.0,0.0,0.0,0.0,0.0,0.0,0.0,0.0,0.0,0.0,0.0,0.0,0.0,0.0,0.0,0.0,0.0,0.0,0.0,0.0,0.0,0.0,0.0,0.0,0.0,0.0,0.0,0.0,0.0,0.0,0.0,0.0,0.0,0.0,0.0,0.0,0.0,0.0,0.0,0.0,0.0,0.0,0.0,0.0,0.0,0.0,0.0,0.0,0.0,0.0,0.0,0.0,0.0,0.0,0.0,0.0,0.0,0.0,0.0,0.0,0.0,0.0,0.0,0.0,0.0,0.0,0.0,0.0,0.0,0.0,0.0,0.0,0.0,0.0,0.0,0.0,0.0,0.0,0.0,0.0,0.0,0.0,0.0,0.0,0.0,0.0,0.0,0.0,0.0,0.0,0.0,0.0,0.0,0.0,0.0,0.0,0.0,0.0,0.0,0.0,0.0,0.0,0.0,0.0,0.0,0.0,0.0,0.0,0.0,0.0,0.0,0.0,0.0,0.0,0.0,0.0,0.0,0.0,0.0,0.0,0.0,0.0,0.0,0.0,0.0,0.0,0.0,0.0,0.0,0.0,0.0,0.0,0.0,0.0,0.0,0.0,0.0,0.0,0.0,0.0,0.0,0.0,0.0,0.0,0.0,0.0,0.0,0.0,0.0,0.0,0.0,0.0,0.0,0.0,0.0,0.0,0.0,0.0,0.0,0.0,0.0,0.0,0.0,0.0,0.0,0.0,0.0,0.0,0.0,0.0,0.0,0.0,0.0,0.0,0.0,0.0,0.0,0.0,0.0,0.0,0.0,0.0,0.0,0.0
0.0,0.0,0.0,0.0,0.0,0.0,0.0,0.0,0.0,0.0,0.0,0.0,0.0,0.0,0.0,0.0,0.0,0.0,0.0,0.0,0.0,0.0,0.0,0.0,0.0,0.0,0.0,0.0,0.0,0.0,0.0,0.0,0.0,0.0,0.0,0.0,0.0,0.0,0.0,0.0,0.0,0.0,0.0,0.0,0.0,0.0,0.0,0.0,0.0,0.0,0.0,0.0,0.0,0.0,0.0,0.0,0.0,0.0,0.0,0.0,0.0,0.0,0.0,0.0,0.0,0.0,0.0,0.0,0.0,0.0,0.0,0.0,0.0,0.0,0.0,0.0,0.0,0.0,0.0,0.0,0.0,0.0,0.0,0.0,0.0,0.0,0.0,0.0,0.0,0.0,0.0,0.0,0.0,0.0,0.0,0.0,0.0,0.0,0.0,0.0,0.0,0.0,0.0,0.0,0.0,0.0,0.0,0.0,0.0,0.0,0.0,0.0,0.0,0.0,0.0,0.0,0.0,0.0,0.0,0.0,0.0,0.0,0.0,0.0,0.0,0.0,0.0,0.0,0.0,0.0,0.0,0.0,0.0,0.0,0.0,0.0,0.0,0.0,0.0,0.0,0.0,0.0,0.0,0.0,0.0,0.0,0.0,0.0,0.0,0.0,0.0,0.0,0.0,0.0,0.0,0.0,0.0,0.0,0.0,0.0,0.0,0.0,0.0,0.0,0.0,0.0,0.0,0.0,0.0,0.0,0.0,0.0,0.0,0.0,0.0,0.0,0.0,0.0,0.0,0.0,-0.285025,-0.091875,-0.1132,-0.485,-0.14915,0.173175,0.18645,0.19140000000000001,-0.221525,-0.246575,0.038075,0.484325,0.134175,-0.5951,0.15315,-0.329825,-0.27395,0.113625,-0.38815,-0.089975,-0.04385,0.186925,-0.2531,-0.430975,-0.138475,-0.912425,0.36275,-0.2852,0.2107,-0.47735,-0.9557,-0.530075,0.24155000000000001,-0.297425,-0.7276,-0.15795,-0.17945,0.05875,-0.953375,-0.10715,0.0,0.0,0.0,0.0,0.0,0.0,0.0,0.0,0.0,0.0,0.0,0.0,0.0,0.0,0.0,0.0,0.0,0.0,0.0,0.0,0.0,0.0,0.0,0.0,0.0,0.0,0.0,0.0,0.0,0.0,0.0,0.0,0.0,0.0,0.0,0.0,0.0,0.0,0.0,0.0,0.0,0.0,0.0,0.0,0.0,0.0,0.0,0.0,0.0,0.0,0.0,0.0,0.0,0.0,0.0,0.0,0.0,0.0,0.0,0.0,0.0,0.0,0.0,0.0,0.0,0.0,0.0,0.0,0.0,0.0,0.0,0.0,0.0,0.0,0.0,0.0,0.0,0.0,0.0,0.0,0.0,0.0,0.0,0.0,0.0,0.0,0.0,0.0,0.0,0.0,0.0,0.0,0.0,0.0,0.0,0.0,0.0,0.0,0.0,0.0,0.0,0.0,0.0,0.0,0.0,0.0,0.0,0.0,0.0,0.0,0.0,0.0,0.0,0.0,0.0,0.0,0.0,0.0,0.0,0.0,0.0,0.0,0.0,0.0,0.0,0.0,0.0,0.0,0.0,0.0,0.0,0.0,0.0,0.0,0.0,0.0,0.0,0.0,0.0,0.0,0.0,0.0,0.0,0.0,0.0,0.0,0.0,0.0,0.0,0.0,0.0,0.0,0.0,0.0,0.0,0.0,0.0,0.0,0.0,0.0,0.0,0.0,0.0,0.0,0.0,0.0,0.0,0.0,0.0,0.0,0.0,0.0,0.0,0.0,0.0,0.0,0.0,0.0,0.0,0.0
0.0,0.0,0.0,0.0,0.0,0.0,0.0,0.0,0.0,0.0,0.0,0.0,0.0,0.0,0.0,0.0,0.0,0.0,0.0,0.0,0.0,0.0,0.0,0.0,0.0,0.0,0.0,0.0,0.0,0.0,0.0,0.0,0.0,0.0,0.0,0.0,0.0,0.0,0.0,0.0,0.0,0.0,0.0,0.0,0.0,0.0,0.0,0.0,0.0,0.0,0.0,0.0,0.0,0.0,0.0,0.0,0.0,0.0,0.0,0.0,0.0,0.0,0.0,0.0,0.0,0.0,0.0,0.0,0.0,0.0,0.0,0.0,0.0,0.0,0.0,0.0,0.0,0.0,0.0,0.0,0.0,0.0,0.0,0.0,0.0,0.0,0.0,0.0,0.0,0.0,0.0,0.0,0.0,0.0,0.0,0.0,0.0,0.0,0.0,0.0,0.0,0.0,0.0,0.0,0.0,0.0,0.0,0.0,0.0,0.0,0.0,0.0,0.0,0.0,0.0,0.0,0.0,0.0,0.0,0.0,0.0,0.0,0.0,0.0,0.0,0.0,0.0,0.0,0.0,0.0,0.0,0.0,0.0,0.0,0.0,0.0,0.0,0.0,0.0,0.0,0.0,0.0,0.0,0.0,0.0,0.0,0.0,0.0,0.0,0.0,0.0,0.0,0.0,0.0,0.0,0.0,0.0,0.0,0.0,0.0,0.0,0.0,0.0,0.0,0.0,0.0,0.0,0.0,0.0,0.0,0.0,0.0,0.655175,0.593875,-0.365575,-0.41905,-0.1461,0.761625,-0.19215000000000002,-0.10314999999999999,-0.201375,-0.363525,0.5725,0.231275,-0.098625,-0.87045,-0.15969999999999998,0.38275,0.3625,0.5055000000000001,-0.472425,-0.5846750000000001,0.040425,0.9238999999999999,-0.30820000000000003,-0.51465,0.27695000000000003,0.50815,0.1188,-0.5261250000000001,-0.44982500000000003,-0.535475,-0.177275,-0.105225,-0.49065000000000003,0.127525,-0.43635,-0.438725,0.3032,0.000525,-0.631675,-0.575225,-0.7375,0.000525,0.1821,-0.297875,-0.30905,0.62295,0.328625,0.245925,-0.82375,-0.463025,-0.4629,-0.14525,-0.62685,0.07605,-0.6634,-0.09185,0.0,0.0,0.0,0.0,0.0,0.0,0.0,0.0,0.0,0.0,0.0,0.0,0.0,0.0,0.0,0.0,0.0,0.0,0.0,0.0,0.0,0.0,0.0,0.0,0.0,0.0,0.0,0.0,0.0,0.0,0.0,0.0,0.0,0.0,0.0,0.0,0.0,0.0,0.0,0.0,0.0,0.0,0.0,0.0,0.0,0.0,0.0,0.0,0.0,0.0,0.0,0.0,0.0,0.0,0.0,0.0,0.0,0.0,0.0,0.0,0.0,0.0,0.0,0.0,0.0,0.0,0.0,0.0,0.0,0.0,0.0,0.0,0.0,0.0,0.0,0.0,0.0,0.0,0.0,0.0,0.0,0.0,0.0,0.0,0.0,0.0,0.0,0.0,0.0,0.0,0.0,0.0,0.0,0.0,0.0,0.0,0.0,0.0,0.0,0.0,0.0,0.0,0.0,0.0,0.0,0.0,0.0,0.0,0.0,0.0,0.0,0.0,0.0,0.0,0.0,0.0,0.0,0.0,0.0,0.0,0.0,0.0,0.0,0.0,0.0,0.0,0.0,0.0,0.0,0.0,0.0,0.0,0.0,0.0,0.0,0.0,0.0,0.0,0.0,0.0,0.0,0.0,0.0,0.0,0.0,0.0,0.0,0.0,0.0,0.0,0.0,0.0,0.0,0.0,0.0,0.0,0.0,0.0,0.0,0.0,0.0,0.0,0.0,0.0,0.0,0.0,0.0,0.0,0.0,0.0,0.0,0.0
0.0,0.0,0.0,0.0,0.0,0.0,0.0,0.0,0.0,0.0,0.0,0.0,0.0,0.0,0.0,0.0,0.0,0.0,0.0,0.0,0.0,0.0,0.0,0.0,0.0,0.0,0.0,0.0,0.0,0.0,0.0,0.0,0.0,0.0,0.0,0.0,0.0,0.0,0.0,0.0,0.0,0.0,0.0,0.0,0.0,0.0,0.0,0.0,0.0,0.0,0.0,0.0,0.0,0.0,0.0,0.0,0.0,0.0,0.0,0.0,0.0,0.0,0.0,0.0,0.0,0.0,0.0,0.0,0.0,0.0,0.0,0.0,0.0,0.0,0.0,0.0,0.0,0.0,0.0,0.0,0.0,0.0,0.0,0.0,0.0,0.0,0.0,0.0,0.0,0.0,0.0,0.0,0.0,0.0,0.0,0.0,0.0,0.0,0.0,0.0,0.0,0.0,0.0,0.0,0.0,0.0,0.0,0.0,0.0,0.0,0.0,0.0,0.0,0.0,0.0,0.0,0.0,0.0,0.0,0.0,0.0,0.0,0.0,0.0,0.0,0.0,0.0,0.0,0.0,0.0,0.0,0.0,0.0,0.0,0.0,0.0,0.0,0.0,0.0,0.0,0.0,0.0,0.0,0.0,0.0,0.0,0.0,0.0,0.0,0.0,0.0,0.0,0.0,0.0,0.0,0.0,0.0,0.0,0.0,0.0,0.0,0.0,0.0,0.0,0.0,0.0,-0.053275,-0.0009250000000000005,0.33325,0.850875,0.45289999999999997,-0.363925,-0.052125,-0.102625,-0.026975,0.7316750000000001,-0.251575,0.0284,-0.055775000000000005,0.36345,0.2517,0.28065,-0.4103,-0.382025,0.074875,0.233875,0.45025,0.034875,-0.174875,-0.056124999999999994,0.44694999999999996,-0.09895,-0.374525,0.022375,0.3669,0.538675,0.137025,-0.1348,-0.207425,-0.25425000000000003,0.066125,-0.308175,-0.151825,-0.414775,-0.05475,-0.126225,0.3271,-0.5467500000000001,-0.594825,-0.167325,-0.462725,-0.353275,-0.87105,-0.638325,-0.10635,0.448375,0.17475000000000002,-0.212925,-0.9368500000000001,-0.843175,0.1142,0.042499999999999996,0.0676,-0.5549000000000001,-0.56355,0.462525,-0.02465,-0.372575,-0.562,-0.482525,-0.5996999999999999,-0.411975,-0.489425,-0.43615,0.0,0.0,0.0,0.0,0.0,0.0,0.0,0.0,0.0,0.0,0.0,0.0,0.0,0.0,0.0,0.0,0.0,0.0,0.0,0.0,0.0,0.0,0.0,0.0,0.0,0.0,0.0,0.0,0.0,0.0,0.0,0.0,0.0,0.0,0.0,0.0,0.0,0.0,0.0,0.0,0.0,0.0,0.0,0.0,0.0,0.0,0.0,0.0,0.0,0.0,0.0,0.0,0.0,0.0,0.0,0.0,0.0,0.0,0.0,0.0,0.0,0.0,0.0,0.0,0.0,0.0,0.0,0.0,0.0,0.0,0.0,0.0,0.0,0.0,0.0,0.0,0.0,0.0,0.0,0.0,0.0,0.0,0.0,0.0,0.0,0.0,0.0,0.0,0.0,0.0,0.0,0.0,0.0,0.0,0.0,0.0,0.0,0.0,0.0,0.0,0.0,0.0,0.0,0.0,0.0,0.0,0.0,0.0,0.0,0.0,0.0,0.0,0.0,0.0,0.0,0.0,0.0,0.0,0.0,0.0,0.0,0.0,0.0,0.0,0.0,0.0,0.0,0.0,0.0,0.0,0.0,0.0,0.0,0.0,0.0,0.0,0.0,0.0,0.0,0.0,0.0,0.0,0.0,0.0,0.0,0.0,0.0,0.0,0.0,0.0,0.0,0.0,0.0,0.0,0.0,0.0,0.0,0.0,0.0,0.0,0.0,0.0,0.0,0.0,0.0,0.0
0.0,0.0,0.0,0.0,0.0,0.0,0.0,0.0,0.0,0.0,0.0,0.0,0.0,0.0,0.0,0.0,0.0,0.0,0.0,0.0,0.0,0.0,0.0,0.0,0.0,0.0,0.0,0.0,0.0,0.0,0.0,0.0,0.0,0.0,0.0,0.0,0.0,0.0,0.0,0.0,0.0,0.0,0.0,0.0,0.0,0.0,0.0,0.0,0.0,0.0,0.0,0.0,0.0,0.0,0.0,0.0,0.0,0.0,0.0,0.0,0.0,0.0,0.0,0.0,0.0,0.0,0.0,0.0,0.0,0.0,0.0,0.0,0.0,0.0,0.0,0.0,0.0,0.0,0.0,0.0,0.0,0.0,0.0,0.0,0.0,0.0,0.0,0.0,0.0,0.0,0.0,0.0,0.0,0.0,0.0,0.0,0.0,0.0,0.0,0.0,0.0,0.0,0.0,0.0,0.0,0.0,0.0,0.0,0.0,0.0,0.0,0.0,0.0,0.0,0.0,0.0,0.0,0.0,0.0,0.0,0.0,0.0,0.0,0.0,0.0,0.0,0.0,0.0,0.0,0.0,0.0,0.0,0.0,0.0,0.0,0.0,0.0,0.0,0.0,0.0,0.0,0.0,0.0,0.0,0.0,0.0,0.0,0.0,0.0,0.0,0.0,0.0,0.0,0.0,0.0,0.0,0.0,0.0,0.0,0.0,0.0,0.0,0.650625,0.354275,-0.257925,0.52225,0.7946249999999999,-0.02315,-0.32465,-0.0644,0.714125,0.45435,0.3348,-0.030475,0.3837,0.277075,0.097125,-0.08055,-0.3059,-0.36825,0.155325,0.26645,0.25335,0.195575,-0.06565,0.26365,0.338775,-0.15009999999999998,0.121125,-0.5702499999999999,-0.5253249999999999,0.177975,0.45132500000000003,-0.323325,-0.73395,-0.38775,0.248325,0.15605,-0.218075,-0.845475,-0.424025,0.3958,0.3952,0.1232,-0.24820000000000003,-0.23295,0.02845,-0.217675,0.199325,-0.450125,-0.15812500000000002,-0.717075,0.28654999999999997,-0.594025,-0.211725,-0.7563,-0.58095,0.29200000000000004,-0.660525,-0.254575,-0.2812,-0.04645,0.38954999999999995,-0.355,-0.6169,-0.14875,-0.7372749999999999,0.1274,-0.661425,-0.405925,-0.146775,-0.42735,0.15815,-0.1814,0.08297500000000001,-0.732225,-0.00855,-0.49335,0.0,0.0,0.0,0.0,0.0,0.0,0.0,0.0,0.0,0.0,0.0,0.0,0.0,0.0,0.0,0.0,0.0,0.0,0.0,0.0,0.0,0.0,0.0,0.0,0.0,0.0,0.0,0.0,0.0,0.0,0.0,0.0,0.0,0.0,0.0,0.0,0.0,0.0,0.0,0.0,0.0,0.0,0.0,0.0,0.0,0.0,0.0,0.0,0.0,0.0,0.0,0.0,0.0,0.0,0.0,0.0,0.0,0.0,0.0,0.0,0.0,0.0,0.0,0.0,0.0,0.0,0.0,0.0,0.0,0.0,0.0,0.0,0.0,0.0,0.0,0.0,0.0,0.0,0.0,0.0,0.0,0.0,0.0,0.0,0.0,0.0,0.0,0.0,0.0,0.0,0.0,0.0,0.0,0.0,0.0,0.0,0.0,0.0,0.0,0.0,0.0,0.0,0.0,0.0,0.0,0.0,0.0,0.0,0.0,0.0,0.0,0.0,0.0,0.0,0.0,0.0,0.0,0.0,0.0,0.0,0.0,0.0,0.0,0.0,0.0,0.0,0.0,0.0,0.0,0.0,0.0,0.0,0.0,0.0,0.0,0.0,0.0,0.0,0.0,0.0,0.0,0.0,0.0,0.0,0.0,0.0,0.0,0.0,0.0,0.0,0.0,0.0,0.0,0.0,0.0,0.0,0.0,0.0,0.0,0.0,0.0,0.0
0.0,0.0,0.0,0.0,0.0,0.0,0.0,0.0,0.0,0.0,0.0,0.0,0.0,0.0,0.0,0.0,0.0,0.0,0.0,0.0,0.0,0.0,0.0,0.0,0.0,0.0,0.0,0.0,0.0,0.0,0.0,0.0,0.0,0.0,0.0,0.0,0.0,0.0,0.0,0.0,0.0,0.0,0.0,0.0,0.0,0.0,0.0,0.0,0.0,0.0,0.0,0.0,0.0,0.0,0.0,0.0,0.0,0.0,0.0,0.0,0.0,0.0,0.0,0.0,0.0,0.0,0.0,0.0,0.0,0.0,0.0,0.0,0.0,0.0,0.0,0.0,0.0,0.0,0.0,0.0,0.0,0.0,0.0,0.0,0.0,0.0,0.0,0.0,0.0,0.0,0.0,0.0,0.0,0.0,0.0,0.0,0.0,0.0,0.0,0.0,0.0,0.0,0.0,0.0,0.0,0.0,0.0,0.0,0.0,0.0,0.0,0.0,0.0,0.0,0.0,0.0,0.0,0.0,0.0,0.0,0.0,0.0,0.0,0.0,0.0,0.0,0.0,0.0,0.0,0.0,0.0,0.0,0.0,0.0,0.0,0.0,0.0,0.0,0.0,0.0,0.0,0.0,0.0,0.0,0.0,0.0,0.0,0.0,0.0,0.0,0.0,0.0,0.0,0.0,0.0,0.0,0.0,0.71935,0.5883,1.055675,-0.23312500000000003,-0.813025,-0.155925,0.63635,0.48185,-0.58215,-0.360075,0.185,0.347175,0.86595,0.03715,-0.015300000000000001,0.06455,0.012125,0.168,-0.24375,0.22425,-0.00465,0.542375,-0.0745,-0.039375,0.06785,-0.365825,0.5292,-0.0441,-0.124375,-0.190475,-0.642275,0.32377500000000003,0.7208,0.2174,-0.389025,-0.274825,0.33415,1.0185,-0.1748,-0.08835,-0.170975,0.22095,0.58125,-0.28545,-0.30955,-0.144275,0.22185,0.252925,0.3532,-0.5561,-0.32115,0.0701,0.1131,-0.0723,-0.26765,-0.77835,-0.578,0.01365,0.1248,-0.384425,0.01405,0.1345,0.098725,-0.1173,-0.639675,-0.848575,-0.9352750000000001,0.432175,0.13294999999999998,-0.45125000000000004,-0.409925,-0.26685000000000003,0.225675,-0.19725,-0.773775,-0.6596,0.2147,0.028225,-0.6136,-0.580975,-0.1893,-0.00385,0.393,-0.661875,-0.6837,-0.88295,0.0,0.0,0.0,0.0,0.0,0.0,0.0,0.0,0.0,0.0,0.0,0.0,0.0,0.0,0.0,0.0,0.0,0.0,0.0,0.0,0.0,0.0,0.0,0.0,0.0,0.0,0.0,0.0,0.0,0.0,0.0,0.0,0.0,0.0,0.0,0.0,0.0,0.0,0.0,0.0,0.0,0.0,0.0,0.0,0.0,0.0,0.0,0.0,0.0,0.0,0.0,0.0,0.0,0.0,0.0,0.0,0.0,0.0,0.0,0.0,0.0,0.0,0.0,0.0,0.0,0.0,0.0,0.0,0.0,0.0,0.0,0.0,0.0,0.0,0.0,0.0,0.0,0.0,0.0,0.0,0.0,0.0,0.0,0.0,0.0,0.0,0.0,0.0,0.0,0.0,0.0,0.0,0.0,0.0,0.0,0.0,0.0,0.0,0.0,0.0,0.0,0.0,0.0,0.0,0.0,0.0,0.0,0.0,0.0,0.0,0.0,0.0,0.0,0.0,0.0,0.0,0.0,0.0,0.0,0.0,0.0,0.0,0.0,0.0,0.0,0.0,0.0,0.0,0.0,0.0,0.0,0.0,0.0,0.0,0.0,0.0,0.0,0.0,0.0,0.0,0.0,0.0,0.0,0.0,0.0,0.0,0.0,0.0,0.0,0.0,0.0,0.0,0.0,0.0,0.0,0.0,0.0
0.0,0.0,0.0,0.0,0.0,0.0,0.0,0.0,0.0,0.0,0.0,0.0,0.0,0.0,0.0,0.0,0.0,0.0,0.0,0.0,0.0,0.0,0.0,0.0,0.0,0.0,0.0,0.0,0.0,0.0,0.0,0.0,0.0,0.0,0.0,0.0,0.0,0.0,0.0,0.0,0.0,0.0,0.0,0.0,0.0,0.0,0.0,0.0,0.0,0.0,0.0,0.0,0.0,0.0,0.0,0.0,0.0,0.0,0.0,0.0,0.0,0.0,0.0,0.0,0.0,0.0,0.0,0.0,0.0,0.0,0.0,0.0,0.0,0.0,0.0,0.0,0.0,0.0,0.0,0.0,0.0,0.0,0.0,0.0,0.0,0.0,0.0,0.0,0.0,0.0,0.0,0.0,0.0,0.0,0.0,0.0,0.0,0.0,0.0,0.0,0.0,0.0,0.0,0.0,0.0,0.0,0.0,0.0,0.0,0.0,0.0,0.0,0.0,0.0,0.0,0.0,0.0,0.0,0.0,0.0,0.0,0.0,0.0,0.0,0.0,0.0,0.0,0.0,0.0,0.0,0.0,0.0,0.0,0.0,0.0,0.0,0.0,0.0,0.0,0.0,0.0,0.0,0.0,0.0,0.0,0.0,0.0,0.0,0.0,0.0,0.0,0.0,0.0,-0.5532,0.493475,0.797175,0.0636,0.12135,-0.594225,0.288775,0.7778,0.6059,0.0417,-0.225875,0.376525,0.94235,0.343125,-0.206425,-0.46555,0.14175,0.74705,0.3198,-0.144375,-0.381725,0.42317499999999997,1.0067,0.002425,-0.195925,0.08975,0.18555,-0.120975,-0.050525,0.28254999999999997,-0.25195,-0.301,0.51445,0.18495,-0.4222,-0.185,-0.15325,0.819,0.42167499999999997,-0.9034,-0.297,-0.65115,-0.4606,0.39805,-0.18635,-0.36819999999999997,0.010775,0.25565,0.437175,-0.47185,-0.08885,-0.32325000000000004,0.074875,-0.065275,-0.737975,-0.479,-0.510875,0.37420000000000003,0.032924999999999996,-0.6163000000000001,-0.264,-0.320625,0.00425,0.5924,-0.2995,-0.1693,-0.3186,-0.06665,0.27,-0.16715,-0.25844999999999996,-0.2477,-0.285725,0.6903,0.07247500000000001,-0.7402,-0.8086249999999999,-0.20535,0.2221,0.37072499999999997,-0.034550000000000004,-1.18885,-0.31635,0.032325,0.21885,-0.422875,-0.10615000000000001,0.2837,0.33830000000000005,-0.350825,-0.3518,-0.549675,-0.099675,-0.031474999999999996,0.0,0.0,0.0,0.0,0.0,0.0,0.0,0.0,0.0,0.0,0.0,0.0,0.0,0.0,0.0,0.0,0.0,0.0,0.0,0.0,0.0,0.0,0.0,0.0,0.0,0.0,0.0,0.0,0.0,0.0,0.0,0.0,0.0,0.0,0.0,0.0,0.0,0.0,0.0,0.0,0.0,0.0,0.0,0.0,0.0,0.0,0.0,0.0,0.0,0.0,0.0,0.0,0.0,0.0,0.0,0.0,0.0,0.0,0.0,0.0,0.0,0.0,0.0,0.0,0.0,0.0,0.0,0.0,0.0,0.0,0.0,0.0,0.0,0.0,0.0,0.0,0.0,0.0,0.0,0.0,0.0,0.0,0.0,0.0,0.0,0.0,0.0,0.0,0.0,0.0,0.0,0.0,0.0,0.0,0.0,0.0,0.0,0.0,0.0,0.0,0.0,0.0,0.0,0.0,0.0,0.0,0.0,0.0,0.0,0.0,0.0,0.0,0.0,0.0,0.0,0.0,0.0,0.0,0.0,0.0,0.0,0.0,0.0,0.0,0.0,0.0,0.0,0.0,0.0,0.0,0.0,0.0,0.0,0.0,0.0,0.0,0.0,0.0,0.0,0.0,0.0,0.0,0.0,0.0,0.0,0.0,0.0,0.0,0.0,0.0,0.0,0.0,0.0
0.0,0.0,0.0,0.0,0.0,0.0,0.0,0.0,0.0,0.0,0.0,0.0,0.0,0.0,0.0,0.0,0.0,0.0,0.0,0.0,0.0,0.0,0.0,0.0,0.0,0.0,0.0,0.0,0.0,0.0,0.0,0.0,0.0,0.0,0.0,0.0,0.0,0.0,0.0,0.0,0.0,0.0,0.0,0.0,0.0,0.0,0.0,0.0,0.0,0.0,0.0,0.0,0.0,0.0,0.0,0.0,0.0,0.0,0.0,0.0,0.0,0.0,0.0,0.0,0.0,0.0,0.0,0.0,0.0,0.0,0.0,0.0,0.0,0.0,0.0,0.0,0.0,0.0,0.0,0.0,0.0,0.0,0.0,0.0,0.0,0.0,0.0,0.0,0.0,0.0,0.0,0.0,0.0,0.0,0.0,0.0,0.0,0.0,0.0,0.0,0.0,0.0,0.0,0.0,0.0,0.0,0.0,0.0,0.0,0.0,0.0,0.0,0.0,0.0,0.0,0.0,0.0,0.0,0.0,0.0,0.0,0.0,0.0,0.0,0.0,0.0,0.0,0.0,0.0,0.0,0.0,0.0,0.0,0.0,0.0,0.0,0.0,0.0,0.0,0.0,0.0,0.0,0.0,0.0,0.0,0.0,0.0,0.0,0.0,0.0,0.299875,0.165275,0.38837499999999997,0.41752500000000003,-0.153575,0.418075,-0.1404,0.29335,0.028975,0.16295,0.069575,0.220975,0.26985000000000003,0.581125,0.027625,-0.237925,0.6734,0.36115,-0.26265,-0.531825,-0.20715,0.624775,0.7980750000000001,0.37785,-0.505925,0.284125,0.26935,0.2728,-0.014499999999999999,-0.235225,0.106175,0.422225,0.17675000000000002,0.12217499999999999,0.187075,-0.4502,0.36677499999999996,-0.084175,0.011925,-0.5454,-0.378425,0.122875,0.24355,0.1197,0.259575,-0.24680000000000002,-0.56035,0.1293,0.1491,-0.178525,-0.2711,-0.198575,0.6346,0.04685,-0.2329,0.030725000000000002,-0.21515,0.404475,0.088025,-0.478175,-0.192025,-0.007425000000000001,0.38605,0.10600000000000001,-0.23025,-0.0011250000000000001,-0.6642,-0.027299999999999998,-0.161625,-0.14529999999999998,-0.054175,-0.33172500000000005,-0.1051,0.18835000000000002,0.142675,-0.488175,-0.65645,-0.66675,1.0251,-0.626775,-0.17912499999999998,-0.58525,-0.075175,-0.133625,-0.6686500000000001,-0.7400749999999999,-0.470475,-0.223325,-0.1395,-0.0902,-0.09067499999999999,0.048425,-0.332775,0.576525,-0.551875,-0.77745,-0.0852,-0.353875,-0.6676249999999999,-0.406925,0.0,0.0,0.0,0.0,0.0,0.0,0.0,0.0,0.0,0.0,0.0,0.0,0.0,0.0,0.0,0.0,0.0,0.0,0.0,0.0,0.0,0.0,0.0,0.0,0.0,0.0,0.0,0.0,0.0,0.0,0.0,0.0,0.0,0.0,0.0,0.0,0.0,0.0,0.0,0.0,0.0,0.0,0.0,0.0,0.0,0.0,0.0,0.0,0.0,0.0,0.0,0.0,0.0,0.0,0.0,0.0,0.0,0.0,0.0,0.0,0.0,0.0,0.0,0.0,0.0,0.0,0.0,0.0,0.0,0.0,0.0,0.0,0.0,0.0,0.0,0.0,0.0,0.0,0.0,0.0,0.0,0.0,0.0,0.0,0.0,0.0,0.0,0.0,0.0,0.0,0.0,0.0,0.0,0.0,0.0,0.0,0.0,0.0,0.0,0.0,0.0,0.0,0.0,0.0,0.0,0.0,0.0,0.0,0.0,0.0,0.0,0.0,0.0,0.0,0.0,0.0,0.0,0.0,0.0,0.0,0.0,0.0,0.0,0.0,0.0,0.0,0.0,0.0,0.0,0.0,0.0,0.0,0.0,0.0,0.0,0.0,0.0,0.0,0.0,0.0,0.0,0.0,0.0,0.0,0.0,0.0,0.0,0.0,0.0,0.0
0.0,0.0,0.0,0.0,0.0,0.0,0.0,0.0,0.0,0.0,0.0,0.0,0.0,0.0,0.0,0.0,0.0,0.0,0.0,0.0,0.0,0.0,0.0,0.0,0.0,0.0,0.0,0.0,0.0,0.0,0.0,0.0,0.0,0.0,0.0,0.0,0.0,0.0,0.0,0.0,0.0,0.0,0.0,0.0,0.0,0.0,0.0,0.0,0.0,0.0,0.0,0.0,0.0,0.0,0.0,0.0,0.0,0.0,0.0,0.0,0.0,0.0,0.0,0.0,0.0,0.0,0.0,0.0,0.0,0.0,0.0,0.0,0.0,0.0,0.0,0.0,0.0,0.0,0.0,0.0,0.0,0.0,0.0,0.0,0.0,0.0,0.0,0.0,0.0,0.0,0.0,0.0,0.0,0.0,0.0,0.0,0.0,0.0,0.0,0.0,0.0,0.0,0.0,0.0,0.0,0.0,0.0,0.0,0.0,0.0,0.0,0.0,0.0,0.0,0.0,0.0,0.0,0.0,0.0,0.0,0.0,0.0,0.0,0.0,0.0,0.0,0.0,0.0,0.0,0.0,0.0,0.0,0.0,0.0,0.0,0.0,0.0,0.0,0.0,0.0,0.0,0.0,0.0,0.0,0.0,0.0,0.11545,0.6072,0.7348,0.8876,-0.082275,-0.11889999999999999,0.28507499999999997,0.9230499999999999,0.7649999999999999,-0.22345,0.4345,-0.06695,0.3769,0.8391,-0.143375,-0.1116,-0.00945,0.4461,0.41555000000000003,0.364875,-0.5917250000000001,-0.498475,0.5671,0.567175,0.617,-0.274625,-0.188525,0.6166750000000001,0.573325,-0.473275,-1.12215,0.2339,0.679425,0.614925,-0.011550000000000001,0.0040750000000000005,-0.077075,0.08595,-0.088825,-0.76965,0.61815,-0.23105,0.103425,-0.229825,0.40895,0.157875,-0.3248,0.041925000000000004,-0.47759999999999997,0.5891500000000001,-0.5283249999999999,0.03155,-0.429825,0.705975,0.4493,-0.18739999999999998,-0.388575,-0.474075,0.5615749999999999,-0.24765,-0.5863750000000001,0.16112500000000002,-0.00235,-0.110025,-0.5168,0.276675,-0.24105000000000001,-0.380275,-0.3629,-0.026424999999999997,-0.40159999999999996,0.07880000000000001,-0.021699999999999997,0.21515,0.390925,-0.536975,0.010350000000000002,-0.26787500000000003,0.1877,0.9500249999999999,0.06885,-0.518125,-0.8273,0.3114,0.10980000000000001,-0.043375,-0.905825,-0.6226499999999999,0.119675,0.106475,0.07277499999999999,-0.278175,-0.409925,0.039925,-0.6705,0.077775,-0.8861249999999999,-0.166675,-1.071,-0.085475,0.1071,-0.66265,-0.44875,0.1039,0.243375,-0.086225,-1.2445,-0.548,0.0,0.0,0.0,0.0,0.0,0.0,0.0,0.0,0.0,0.0,0.0,0.0,0.0,0.0,0.0,0.0,0.0,0.0,0.0,0.0,0.0,0.0,0.0,0.0,0.0,0.0,0.0,0.0,0.0,0.0,0.0,0.0,0.0,0.0,0.0,0.0,0.0,0.0,0.0,0.0,0.0,0.0,0.0,0.0,0.0,0.0,0.0,0.0,0.0,0.0,0.0,0.0,0.0,0.0,0.0,0.0,0.0,0.0,0.0,0.0,0.0,0.0,0.0,0.0,0.0,0.0,0.0,0.0,0.0,0.0,0.0,0.0,0.0,0.0,0.0,0.0,0.0,0.0,0.0,0.0,0.0,0.0,0.0,0.0,0.0,0.0,0.0,0.0,0.0,0.0,0.0,0.0,0.0,0.0,0.0,0.0,0.0,0.0,0.0,0.0,0.0,0.0,0.0,0.0,0.0,0.0,0.0,0.0,0.0,0.0,0.0,0.0,0.0,0.0,0.0,0.0,0.0,0.0,0.0,0.0,0.0,0.0,0.0,0.0,0.0,0.0,0.0,0.0,0.0,0.0,0.0,0.0,0.0,0.0,0.0,0.0,0.0,0.0,0.0,0.0,0.0,0.0,0.0,0.0,0.0,0.0
0.0,0.0,0.0,0.0,0.0,0.0,0.0,0.0,0.0,0.0,0.0,0.0,0.0,0.0,0.0,0.0,0.0,0.0,0.0,0.0,0.0,0.0,0.0,0.0,0.0,0.0,0.0,0.0,0.0,0.0,0.0,0.0,0.0,0.0,0.0,0.0,0.0,0.0,0.0,0.0,0.0,0.0,0.0,0.0,0.0,0.0,0.0,0.0,0.0,0.0,0.0,0.0,0.0,0.0,0.0,0.0,0.0,0.0,0.0,0.0,0.0,0.0,0.0,0.0,0.0,0.0,0.0,0.0,0.0,0.0,0.0,0.0,0.0,0.0,0.0,0.0,0.0,0.0,0.0,0.0,0.0,0.0,0.0,0.0,0.0,0.0,0.0,0.0,0.0,0.0,0.0,0.0,0.0,0.0,0.0,0.0,0.0,0.0,0.0,0.0,0.0,0.0,0.0,0.0,0.0,0.0,0.0,0.0,0.0,0.0,0.0,0.0,0.0,0.0,0.0,0.0,0.0,0.0,0.0,0.0,0.0,0.0,0.0,0.0,0.0,0.0,0.0,0.0,0.0,0.0,0.0,0.0,0.0,0.0,0.0,0.0,0.0,0.0,0.0,0.0,0.0,0.0,0.0,0.055900000000000005,0.5936,0.931575,0.917525,0.324725,-0.2291,1.0208,0.527675,0.31665,-0.100425,0.18165,0.579375,0.927525,0.1955,0.36895,0.230575,0.182375,0.50715,0.09912499999999999,-0.287175,-0.122525,-0.43325,0.73375,0.694325,0.012074999999999999,0.1759,-0.103275,0.295325,0.24432500000000001,-0.171925,-0.4578,-0.373375,0.670925,0.653575,0.06359999999999999,-0.0359,0.26177500000000004,0.131725,0.1597,-0.11649999999999999,-0.35802500000000004,-0.2307,0.009325,0.61435,-0.3731,-0.6003000000000001,-0.176075,0.289225,0.27737500000000004,-0.089525,-0.48495,-0.37765000000000004,0.2062,-0.07815,-0.138625,0.0666,-0.24835000000000002,-0.66785,0.25855,0.023125,-0.30385,-0.062075000000000005,-0.060200000000000004,0.56145,-0.4579,-0.527,-0.532075,-0.022574999999999998,0.468125,-0.0076749999999999995,-0.17015,-0.50655,-0.047450000000000006,0.28752500000000003,0.2009,-0.385075,-0.968125,0.192125,-0.855275,0.519575,0.51415,-0.5121249999999999,-0.2757,-0.134075,0.5034,-0.49667500000000003,-0.8101,-0.81825,0.0421,-0.183775,0.0295,-0.7190500000000001,-0.31725000000000003,0.045625,-0.1728,-0.803625,-0.498775,-0.332125,-0.2955,0.104975,-0.5575,-0.5342250000000001,-0.044475,-0.9793,-0.9778,-0.479725,-0.54335,-0.5669,-1.11965,-0.06345,-0.190825,0.19995,-0.6557999999999999,0.0172,0.0,0.0,0.0,0.0,0.0,0.0,0.0,0.0,0.0,0.0,0.0,0.0,0.0,0.0,0.0,0.0,0.0,0.0,0.0,0.0,0.0,0.0,0.0,0.0,0.0,0.0,0.0,0.0,0.0,0.0,0.0,0.0,0.0,0.0,0.0,0.0,0.0,0.0,0.0,0.0,0.0,0.0,0.0,0.0,0.0,0.0,0.0,0.0,0.0,0.0,0.0,0.0,0.0,0.0,0.0,0.0,0.0,0.0,0.0,0.0,0.0,0.0,0.0,0.0,0.0,0.0,0.0,0.0,0.0,0.0,0.0,0.0,0.0,0.0,0.0,0.0,0.0,0.0,0.0,0.0,0.0,0.0,0.0,0.0,0.0,0.0,0.0,0.0,0.0,0.0,0.0,0.0,0.0,0.0,0.0,0.0,0.0,0.0,0.0,0.0,0.0,0.0,0.0,0.0,0.0,0.0,0.0,0.0,0.0,0.0,0.0,0.0,0.0,0.0,0.0,0.0,0.0,0.0,0.0,0.0,0.0,0.0,0.0,0.0,0.0,0.0,0.0,0.0,0.0,0.0,0.0,0.0,0.0,0.0,0.0,0.0,0.0,0.0,0.0,0.0,0.0,0.0,0.0
0.0,0.0,0.0,0.0,0.0,0.0,0.0,0.0,0.0,0.0,0.0,0.0,0.0,0.0,0.0,0.0,0.0,0.0,0.0,0.0,0.0,0.0,0.0,0.0,0.0,0.0,0.0,0.0,0.0,0.0,0.0,0.0,0.0,0.0,0.0,0.0,0.0,0.0,0.0,0.0,0.0,0.0,0.0,0.0,0.0,0.0,0.0,0.0,0.0,0.0,0.0,0.0,0.0,0.0,0.0,0.0,0.0,0.0,0.0,0.0,0.0,0.0,0.0,0.0,0.0,0.0,0.0,0.0,0.0,0.0,0.0,0.0,0.0,0.0,0.0,0.0,0.0,0.0,0.0,0.0,0.0,0.0,0.0,0.0,0.0,0.0,0.0,0.0,0.0,0.0,0.0,0.0,0.0,0.0,0.0,0.0,0.0,0.0,0.0,0.0,0.0,0.0,0.0,0.0,0.0,0.0,0.0,0.0,0.0,0.0,0.0,0.0,0.0,0.0,0.0,0.0,0.0,0.0,0.0,0.0,0.0,0.0,0.0,0.0,0.0,0.0,0.0,0.0,0.0,0.0,0.0,0.0,0.0,0.0,0.0,0.0,0.0,0.0,0.0,0.0,0.23545,0.642025,1.306675,0.809925,0.775725,0.1615,0.72265,0.920975,-0.317175,-0.5179750000000001,-0.362875,0.8727499999999999,0.6100749999999999,0.505425,0.095725,0.282275,0.30595,0.22075,0.16355,-0.131075,0.1049,-0.0564,0.8472500000000001,-0.076125,0.2208,-0.290725,0.19305,0.230325,0.076625,-0.157525,-0.51545,0.194625,0.166875,0.059375000000000004,0.22985,-0.141725,-0.58685,0.354475,0.4196,-0.311425,-0.398775,-0.5338499999999999,0.7761,0.5610999999999999,-0.044175,-0.214775,0.29105,0.028975,-0.460125,0.155475,-0.430475,0.1134,-0.010925,-0.14565,-0.06557500000000001,-0.235375,-0.5143249999999999,-0.746225,0.546875,0.350425,-0.3621,-0.2112,0.257575,0.215325,-0.426325,-0.47009999999999996,-0.65135,-0.017925,0.11185,-0.038775,-0.29205,-0.3721,0.2609,0.0187,-0.12125,-0.65865,-0.815275,-0.0848,0.091075,0.18795,-0.2488,-0.3773,-0.120775,-0.23607499999999998,-0.29835,-0.3073,-0.483225,-0.458775,-0.23252499999999998,0.31435,-0.1137,-0.500375,-0.636075,0.136075,-0.018025,-0.61585,-0.5600499999999999,-0.70895,-0.0007250000000000001,-0.216225,0.12285,-0.44094999999999995,-0.793125,-0.40812499999999996,-0.11297499999999999,-0.0939,-1.0520749999999999,0.0521,0.17975,0.8995000000000001,-0.453575,-0.290775,-1.5983,-0.2573,-0.4145,0.06962499999999999,-0.009125,-0.5363,-0.397775,-0.10085,0.0,0.0,0.0,0.0,0.0,0.0,0.0,0.0,0.0,0.0,0.0,0.0,0.0,0.0,0.0,0.0,0.0,0.0,0.0,0.0,0.0,0.0,0.0,0.0,0.0,0.0,0.0,0.0,0.0,0.0,0.0,0.0,0.0,0.0,0.0,0.0,0.0,0.0,0.0,0.0,0.0,0.0,0.0,0.0,0.0,0.0,0.0,0.0,0.0,0.0,0.0,0.0,0.0,0.0,0.0,0.0,0.0,0.0,0.0,0.0,0.0,0.0,0.0,0.0,0.0,0.0,0.0,0.0,0.0,0.0,0.0,0.0,0.0,0.0,0.0,0.0,0.0,0.0,0.0,0.0,0.0,0.0,0.0,0.0,0.0,0.0,0.0,0.0,0.0,0.0,0.0,0.0,0.0,0.0,0.0,0.0,0.0,0.0,0.0,0.0,0.0,0.0,0.0,0.0,0.0,0.0,0.0,0.0,0.0,0.0,0.0,0.0,0.0,0.0,0.0,0.0,0.0,0.0,0.0,0.0,0.0,0.0,0.0,0.0,0.0,0.0,0.0,0.0,0.0,0.0,0.0,0.0,0.0,0.0,0.0,0.0,0.0,0.0,0.0,0.0
0.0,0.0,0.0,0.0,0.0,0.0,0.0,0.0,0.0,0.0,0.0,0.0,0.0,0.0,0.0,0.0,0.0,0.0,0.0,0.0,0.0,0.0,0.0,0.0,0.0,0.0,0.0,0.0,0.0,0.0,0.0,0.0,0.0,0.0,0.0,0.0,0.0,0.0,0.0,0.0,0.0,0.0,0.0,0.0,0.0,0.0,0.0,0.0,0.0,0.0,0.0,0.0,0.0,0.0,0.0,0.0,0.0,0.0,0.0,0.0,0.0,0.0,0.0,0.0,0.0,0.0,0.0,0.0,0.0,0.0,0.0,0.0,0.0,0.0,0.0,0.0,0.0,0.0,0.0,0.0,0.0,0.0,0.0,0.0,0.0,0.0,0.0,0.0,0.0,0.0,0.0,0.0,0.0,0.0,0.0,0.0,0.0,0.0,0.0,0.0,0.0,0.0,0.0,0.0,0.0,0.0,0.0,0.0,0.0,0.0,0.0,0.0,0.0,0.0,0.0,0.0,0.0,0.0,0.0,0.0,0.0,0.0,0.0,0.0,0.0,0.0,0.0,0.0,0.0,0.0,0.0,0.0,0.0,0.0,0.0,0.0,0.0,0.0,0.607125,0.856825,-0.2071,0.079925,-0.128375,1.0754000000000001,0.907175,0.166225,-0.366875,0.445625,0.73495,0.971925,0.598275,-0.47635,-0.239475,0.718075,0.641225,0.1177,-0.09075,-0.070175,0.2218,0.6343,-0.133125,-0.201525,0.09445,-0.401125,0.3115,-0.38542499999999996,0.11195,-0.17455,0.0642,1.07145,0.488425,-0.099425,-0.630625,0.06425,0.757825,0.2979,-0.4828,0.15335,0.029124999999999998,0.629475,0.6328,-0.4759,-0.46615,0.040375,0.7868999999999999,-0.10155,-0.37705,-0.0876,-0.0717,0.5744750000000001,-0.023275,-0.14065,-0.21095,0.15835,-0.12495,0.19685,-0.08395,-0.292325,-0.25055,0.265275,0.59395,-0.015700000000000002,-0.58805,-0.83455,-0.075575,0.24365,-0.039025000000000004,-0.43772500000000003,-0.729325,-0.154225,0.25229999999999997,-0.56175,-0.7912,-0.517875,0.240525,0.221175,-0.3098,-0.789225,-0.36955,0.174975,0.038275,-0.532625,-0.46885,-0.358075,-0.538,-0.21695,0.20024999999999998,-0.299275,-0.552575,-0.0756,0.2194,-0.231475,-0.24380000000000002,-0.458675,-0.508725,0.409175,0.080025,-0.016375,-0.37915,-0.10037499999999999,0.14015,-0.22865,-0.204025,-0.697225,-0.932825,-0.228625,0.48572499999999996,-0.5958,-0.8619749999999999,-0.4002,-0.21594999999999998,-0.32695,-0.6066750000000001,-0.174375,-0.381,-0.3967,-0.14809999999999998,-0.754675,-0.567175,-0.84775,0.2672,-1.2105000000000001,0.0,0.0,0.0,0.0,0.0,0.0,0.0,0.0,0.0,0.0,0.0,0.0,0.0,0.0,0.0,0.0,0.0,0.0,0.0,0.0,0.0,0.0,0.0,0.0,0.0,0.0,0.0,0.0,0.0,0.0,0.0,0.0,0.0,0.0,0.0,0.0,0.0,0.0,0.0,0.0,0.0,0.0,0.0,0.0,0.0,0.0,0.0,0.0,0.0,0.0,0.0,0.0,0.0,0.0,0.0,0.0,0.0,0.0,0.0,0.0,0.0,0.0,0.0,0.0,0.0,0.0,0.0,0.0,0.0,0.0,0.0,0.0,0.0,0.0,0.0,0.0,0.0,0.0,0.0,0.0,0.0,0.0,0.0,0.0,0.0,0.0,0.0,0.0,0.0,0.0,0.0,0.0,0.0,0.0,0.0,0.0,0.0,0.0,0.0,0.0,0.0,0.0,0.0,0.0,0.0,0.0,0.0,0.0,0.0,0.0,0.0,0.0,0.0,0.0,0.0,0.0,0.0,0.0,0.0,0.0,0.0,0.0,0.0,0.0,0.0,0.0,0.0,0.0,0.0,0.0,0.0,0.0,0.0,0.0,0.0,0.0,0.0,0.0
0.0,0.0,0.0,0.0,0.0,0.0,0.0,0.0,0.0,0.0,0.0,0.0,0.0,0.0,0.0,0.0,0.0,0.0,0.0,0.0,0.0,0.0,0.0,0.0,0.0,0.0,0.0,0.0,0.0,0.0,0.0,0.0,0.0,0.0,0.0,0.0,0.0,0.0,0.0,0.0,0.0,0.0,0.0,0.0,0.0,0.0,0.0,0.0,0.0,0.0,0.0,0.0,0.0,0.0,0.0,0.0,0.0,0.0,0.0,0.0,0.0,0.0,0.0,0.0,0.0,0.0,0.0,0.0,0.0,0.0,0.0,0.0,0.0,0.0,0.0,0.0,0.0,0.0,0.0,0.0,0.0,0.0,0.0,0.0,0.0,0.0,0.0,0.0,0.0,0.0,0.0,0.0,0.0,0.0,0.0,0.0,0.0,0.0,0.0,0.0,0.0,0.0,0.0,0.0,0.0,0.0,0.0,0.0,0.0,0.0,0.0,0.0,0.0,0.0,0.0,0.0,0.0,0.0,0.0,0.0,0.0,0.0,0.0,0.0,0.0,0.0,0.0,0.0,0.0,0.0,0.0,0.0,0.0,0.0,0.0,0.139075,1.8932250000000002,0.3181,0.46085,0.359425,0.20365,-0.113775,0.15200000000000002,-0.056775,-0.20579999999999998,0.8853,0.974875,0.7456499999999999,-0.569,-0.2086,0.4491,0.46555,0.172475,-0.4105,0.16435,0.490525,0.7858,0.18864999999999998,-0.368475,0.1263,0.573975,0.51865,-0.32785000000000003,-0.1797,-0.14629999999999999,0.24775,0.7882,0.26425,0.06205,-0.23615,-0.129925,0.365475,0.25684999999999997,0.0051,-0.166275,0.0056,0.588275,0.333375,-0.1179,0.0312,-0.733975,0.583375,0.673825,-0.190375,-0.44245,0.51115,0.137525,0.1862,-0.007725,-0.513675,0.388175,0.298675,0.01,0.036425,-0.053774999999999996,-0.398825,0.009975000000000001,-0.21710000000000002,-0.0816,-0.46299999999999997,-0.40202499999999997,0.0922,0.43895,-0.3464,-0.15585,-0.497925,0.1669,0.031599999999999996,-0.533425,-0.72835,-0.5461,-0.0152,0.222725,-0.387475,-0.637675,-0.490875,0.144025,0.150175,-0.5451,-0.42065,-0.48917499999999997,-0.150825,-0.09507499999999999,-0.136825,-0.4042,-0.2412,-0.3421,0.18832500000000002,-0.1995,-0.222625,-0.6976500000000001,-0.47945000000000004,-0.32885,-0.49234999999999995,-0.246975,-0.9648,-1.134325,0.0042499999999999994,-0.0464,-0.48395,-0.98325,-0.313225,0.108925,-0.8023250000000001,-0.157225,-0.5755750000000001,-0.19192499999999998,0.27035,-0.69965,-0.35685,-0.7274,-0.547325,-0.370825,-0.5273,-0.489275,-0.659475,-1.4760749999999998,-0.5663750000000001,-0.6554,-0.82385,-0.781525,-1.32995,-0.29814999999999997,0.29295,-0.13285000000000002,0.0,0.0,0.0,0.0,0.0,0.0,0.0,0.0,0.0,0.0,0.0,0.0,0.0,0.0,0.0,0.0,0.0,0.0,0.0,0.0,0.0,0.0,0.0,0.0,0.0,0.0,0.0,0.0,0.0,0.0,0.0,0.0,0.0,0.0,0.0,0.0,0.0,0.0,0.0,0.0,0.0,0.0,0.0,0.0,0.0,0.0,0.0,0.0,0.0,0.0,0.0,0.0,0.0,0.0,0.0,0.0,0.0,0.0,0.0,0.0,0.0,0.0,0.0,0.0,0.0,0.0,0.0,0.0,0.0,0.0,0.0,0.0,0.0,0.0,0.0,0.0,0.0,0.0,0.0,0.0,0.0,0.0,0.0,0.0,0.0,0.0,0.0,0.0,0.0,0.0,0.0,0.0,0.0,0.0,0.0,0.0,0.0,0.0,0.0,0.0,0.0,0.0,0.0,0.0,0.0,0.0,0.0,0.0,0.0,0.0,0.0,0.0,0.0,0.0,0.0,0.0,0.0,0.0,0.0,0.0,0.0,0.0,0.0,0.0,0.0,0.0,0.0,0.0,0.0,0.0,0.0,0.0,0.0,0.0,0.0
0.0,0.0,0.0,0.0,0.0,0.0,0.0,0.0,0.0,0.0,0.0,0.0,0.0,0.0,0.0,0.0,0.0,0.0,0.0,0.0,0.0,0.0,0.0,0.0,0.0,0.0,0.0,0.0,0.0,0.0,0.0,0.0,0.0,0.0,0.0,0.0,0.0,0.0,0.0,0.0,0.0,0.0,0.0,0.0,0.0,0.0,0.0,0.0,0.0,0.0,0.0,0.0,0.0,0.0,0.0,0.0,0.0,0.0,0.0,0.0,0.0,0.0,0.0,0.0,0.0,0.0,0.0,0.0,0.0,0.0,0.0,0.0,0.0,0.0,0.0,0.0,0.0,0.0,0.0,0.0,0.0,0.0,0.0,0.0,0.0,0.0,0.0,0.0,0.0,0.0,0.0,0.0,0.0,0.0,0.0,0.0,0.0,0.0,0.0,0.0,0.0,0.0,0.0,0.0,0.0,0.0,0.0,0.0,0.0,0.0,0.0,0.0,0.0,0.0,0.0,0.0,0.0,0.0,0.0,0.0,0.0,0.0,0.0,0.0,0.0,0.0,0.0,0.0,0.0,0.0,0.0,0.0,1.0978249999999998,0.5864,0.30269999999999997,0.3826,0.36515,0.5812999999999999,0.26665,0.288575,0.210275,0.466225,0.7729,0.12522499999999998,0.30227499999999996,0.006,0.15184999999999998,0.43772500000000003,0.35625,0.042025,-0.8726499999999999,0.199,0.572325,0.21675,-0.296825,-0.33795,0.024825,0.4828,0.4013,-0.28147500000000003,-0.1381,0.30555,0.473825,0.5400499999999999,-0.005625,0.0432,0.22417499999999999,0.4242,0.3809,-0.003,-0.020125,-0.1206,0.17629999999999998,0.68525,0.687275,-0.13777499999999998,-0.348075,-0.051675,0.02485,0.124925,-0.447675,-0.16062500000000002,0.0351,0.891325,0.086925,-0.50295,-0.40085000000000004,0.2217,0.435125,-0.19595,-0.235925,-0.296275,0.38945,0.159775,0.006375,-0.225925,-0.57145,-0.21775,-0.28035,0.1164,-0.1722,-0.1316,-0.647025,-0.7149,0.16147499999999998,-0.5848,-0.5077,-0.370125,0.09317500000000001,0.845825,-0.13205,-0.301975,-0.48302500000000004,0.580375,-0.300075,-0.6066,-0.83215,-0.369575,-0.038875,0.101225,-0.2299,-0.384625,-0.3436,-0.098475,-0.35365,-0.5107,-0.6781999999999999,-0.50245,-0.5222,0.19392500000000001,0.004449999999999999,-0.16954999999999998,-0.495375,-0.82285,-0.24317499999999997,0.276725,-0.511,-1.172625,-0.336225,-0.29855,-0.420025,-1.0829749999999998,-1.0500500000000001,-0.276275,-0.715325,-0.4205,-0.636875,-0.040625,-0.248075,0.83145,-0.038475,-0.9617749999999999,-0.83225,-0.576025,0.47635000000000005,-0.587525,-1.0743,-0.39335000000000003,-0.709975,-0.962225,-0.8278,-1.1094499999999998,-0.5468,-0.7348250000000001,-0.90155,0.05155,0.15565,-0.11645,0.0,0.0,0.0,0.0,0.0,0.0,0.0,0.0,0.0,0.0,0.0,0.0,0.0,0.0,0.0,0.0,0.0,0.0,0.0,0.0,0.0,0.0,0.0,0.0,0.0,0.0,0.0,0.0,0.0,0.0,0.0,0.0,0.0,0.0,0.0,0.0,0.0,0.0,0.0,0.0,0.0,0.0,0.0,0.0,0.0,0.0,0.0,0.0,0.0,0.0,0.0,0.0,0.0,0.0,0.0,0.0,0.0,0.0,0.0,0.0,0.0,0.0,0.0,0.0,0.0,0.0,0.0,0.0,0.0,0.0,0.0,0.0,0.0,0.0,0.0,0.0,0.0,0.0,0.0,0.0,0.0,0.0,0.0,0.0,0.0,0.0,0.0,0.0,0.0,0.0,0.0,0.0,0.0,0.0,0.0,0.0,0.0,0.0,0.0,0.0,0.0,0.0,0.0,0.0,0.0,0.0,0.0,0.0,0.0,0.0,0.0,0.0,0.0,0.0,0.0,0.0,0.0,0.0,0.0,0.0,0.0,0.0,0.0,0.0,0.0,0.0,0.0,0.0,0.0,0.0,0.0,0.0
0.0,0.0,0.0,0.0,0.0,0.0,0.0,0.0,0.0,0.0,0.0,0.0,0.0,0.0,0.0,0.0,0.0,0.0,0.0,0.0,0.0,0.0,0.0,0.0,0.0,0.0,0.0,0.0,0.0,0.0,0.0,0.0,0.0,0.0,0.0,0.0,0.0,0.0,0.0,0.0,0.0,0.0,0.0,0.0,0.0,0.0,0.0,0.0,0.0,0.0,0.0,0.0,0.0,0.0,0.0,0.0,0.0,0.0,0.0,0.0,0.0,0.0,0.0,0.0,0.0,0.0,0.0,0.0,0.0,0.0,0.0,0.0,0.0,0.0,0.0,0.0,0.0,0.0,0.0,0.0,0.0,0.0,0.0,0.0,0.0,0.0,0.0,0.0,0.0,0.0,0.0,0.0,0.0,0.0,0.0,0.0,0.0,0.0,0.0,0.0,0.0,0.0,0.0,0.0,0.0,0.0,0.0,0.0,0.0,0.0,0.0,0.0,0.0,0.0,0.0,0.0,0.0,0.0,0.0,0.0,0.0,0.0,0.0,0.0,0.0,0.0,0.0,0.0,0.0,0.0,0.546025,-0.289625,0.47302500000000003,1.11025,0.912675,0.891575,0.116475,0.13747499999999999,0.3187,0.774175,0.122125,-0.128,0.128975,0.279,0.49045,0.5325,0.19705,-0.6692750000000001,-0.200825,0.5997,0.45335000000000003,0.39897499999999997,-0.69055,-0.29669999999999996,0.318625,0.247775,-0.322575,-0.469125,-0.21507500000000002,0.379375,0.4828,-0.225925,-0.38795,0.169275,0.35187500000000005,0.0885,-0.059175,-0.11622500000000001,-0.249,0.25685,-0.362975,0.328325,-0.272875,-0.22460000000000002,0.151525,0.37805,0.11674999999999999,-0.235525,0.31167500000000004,0.032375,-0.164825,0.723725,-0.080475,0.0309,0.6386,0.140225,-0.13892500000000002,-0.157025,-0.0691,0.288375,0.234325,0.160175,-0.3578,-0.295525,0.238125,0.2037,-0.3368,-0.249425,-0.400275,-0.09255,-0.016649999999999998,0.08705,-0.533675,-0.21775,-0.6174499999999999,-0.012775,0.256625,-0.30375,-0.41525,-0.4401,-0.028475,-0.009349999999999999,-0.16347499999999998,-1.061325,-0.834925,-0.00445,0.34885,-0.294375,-0.626275,-0.3143,0.26745,-0.01235,-0.8586,-0.768675,-0.230275,-0.37295,-0.0841,-0.078925,-0.2259,-0.14535,-0.220075,-0.39944999999999997,-0.176125,-0.43775,-0.68665,-0.20177499999999998,0.187325,-0.50075,-0.5437000000000001,-0.669925,-0.037175,-0.29359999999999997,-0.14,-0.67975,-0.8053,0.058675000000000005,0.272625,-0.41400000000000003,-0.6890499999999999,-0.6874,-0.717575,0.355925,-0.531475,-0.677475,-0.41755,0.162625,0.23074999999999998,-0.62385,-0.269525,-0.45230000000000004,-0.6853499999999999,-0.396675,-0.753625,-0.317775,-0.9248000000000001,-0.5587,-0.372375,-0.4939,-1.5460500000000001,-0.8029999999999999,0.0,0.0,0.0,0.0,0.0,0.0,0.0,0.0,0.0,0.0,0.0,0.0,0.0,0.0,0.0,0.0,0.0,0.0,0.0,0.0,0.0,0.0,0.0,0.0,0.0,0.0,0.0,0.0,0.0,0.0,0.0,0.0,0.0,0.0,0.0,0.0,0.0,0.0,0.0,0.0,0.0,0.0,0.0,0.0,0.0,0.0,0.0,0.0,0.0,0.0,0.0,0.0,0.0,0.0,0.0,0.0,0.0,0.0,0.0,0.0,0.0,0.0,0.0,0.0,0.0,0.0,0.0,0.0,0.0,0.0,0.0,0.0,0.0,0.0,0.0,0.0,0.0,0.0,0.0,0.0,0.0,0.0,0.0,0.0,0.0,0.0,0.0,0.0,0.0,0.0,0.0,0.0,0.0,0.0,0.0,0.0,0.0,0.0,0.0,0.0,0.0,0.0,0.0,0.0,0.0,0.0,0.0,0.0,0.0,0.0,0.0,0.0,0.0,0.0,0.0,0.0,0.0,0.0,0.0,0.0,0.0,0.0,0.0,0.0,0.0,0.0,0.0,0.0,0.0,0.0
0.0,0.0,0.0,0.0,0.0,0.0,0.0,0.0,0.0,0.0,0.0,0.0,0.0,0.0,0.0,0.0,0.0,0.0,0.0,0.0,0.0,0.0,0.0,0.0,0.0,0.0,0.0,0.0,0.0,0.0,0.0,0.0,0.0,0.0,0.0,0.0,0.0,0.0,0.0,0.0,0.0,0.0,0.0,0.0,0.0,0.0,0.0,0.0,0.0,0.0,0.0,0.0,0.0,0.0,0.0,0.0,0.0,0.0,0.0,0.0,0.0,0.0,0.0,0.0,0.0,0.0,0.0,0.0,0.0,0.0,0.0,0.0,0.0,0.0,0.0,0.0,0.0,0.0,0.0,0.0,0.0,0.0,0.0,0.0,0.0,0.0,0.0,0.0,0.0,0.0,0.0,0.0,0.0,0.0,0.0,0.0,0.0,0.0,0.0,0.0,0.0,0.0,0.0,0.0,0.0,0.0,0.0,0.0,0.0,0.0,0.0,0.0,0.0,0.0,0.0,0.0,0.0,0.0,0.0,0.0,0.0,0.0,0.0,0.0,0.0,0.0,0.0,0.0,-0.45255,-0.201,0.9031750000000001,0.4531,0.259075,-0.012075,0.82915,0.7045,0.595825,1.037725,0.06939999999999999,0.3722,0.561725,0.799975,0.309875,0.17915,-0.2743,0.2483,0.4382,0.26145,0.014025,-0.27745,0.0969,0.0926,0.6055499999999999,-0.03475,-0.32904999999999995,0.26695,0.72365,0.67445,-0.150225,-0.160825,0.16347499999999998,0.7938500000000001,0.2747,-0.36375,-0.176475,0.042675000000000005,0.6073,0.84595,-0.396025,-0.48697500000000005,-0.088825,0.198875,0.0532,0.536725,-0.6676,-0.111575,0.550875,0.3922,0.284725,-0.161825,-0.18885000000000002,0.205725,0.55025,-0.060475,-0.054775,0.08199999999999999,0.3973,0.58255,-0.24715,-0.4782,-0.301175,0.12992499999999998,0.38334999999999997,-0.2652,-0.1342,-0.041975,0.34199999999999997,0.10635,-0.056100000000000004,-0.314625,-0.461175,-0.105575,-0.1059,0.28535,-0.083275,-0.534425,-0.199425,0.49822500000000003,-0.214725,0.1011,-0.816525,-0.66975,-0.260325,0.071975,-0.19105,-0.60795,-0.301075,0.1245,0.09697499999999999,-0.42945,-0.858975,-0.6091,0.021725,-0.22904999999999998,0.01925,-0.5657749999999999,-0.242825,-0.08402499999999999,-0.30467500000000003,-0.804675,-0.358825,-0.43325,-0.5721499999999999,0.465325,-0.1952,-0.173775,-0.599375,-0.40355,-0.31437499999999996,-0.144,-0.248425,-0.955175,-0.037475,-0.5712,-0.25522500000000004,-0.29407500000000003,-0.28295,-0.234825,0.2924,-0.14184999999999998,0.331625,-0.297075,-0.368375,0.221875,-0.65955,-0.316525,-1.01765,-0.069175,-0.252375,-0.342175,-1.047825,-0.41662499999999997,-0.2457,-0.138525,-0.4154,-0.3932,-0.57545,-0.4811,-1.05505,-0.03295,-0.495475,-0.6214999999999999,0.0,0.0,0.0,0.0,0.0,0.0,0.0,0.0,0.0,0.0,0.0,0.0,0.0,0.0,0.0,0.0,0.0,0.0,0.0,0.0,0.0,0.0,0.0,0.0,0.0,0.0,0.0,0.0,0.0,0.0,0.0,0.0,0.0,0.0,0.0,0.0,0.0,0.0,0.0,0.0,0.0,0.0,0.0,0.0,0.0,0.0,0.0,0.0,0.0,0.0,0.0,0.0,0.0,0.0,0.0,0.0,0.0,0.0,0.0,0.0,0.0,0.0,0.0,0.0,0.0,0.0,0.0,0.0,0.0,0.0,0.0,0.0,0.0,0.0,0.0,0.0,0.0,0.0,0.0,0.0,0.0,0.0,0.0,0.0,0.0,0.0,0.0,0.0,0.0,0.0,0.0,0.0,0.0,0.0,0.0,0.0,0.0,0.0,0.0,0.0,0.0,0.0,0.0,0.0,0.0,0.0,0.0,0.0,0.0,0.0,0.0,0.0,0.0,0.0,0.0,0.0,0.0,0.0,0.0,0.0,0.0,0.0,0.0,0.0,0.0,0.0,0.0,0.0
0.0,0.0,0.0,0.0,0.0,0.0,0.0,0.0,0.0,0.0,0.0,0.0,0.0,0.0,0.0,0.0,0.0,0.0,0.0,0.0,0.0,0.0,0.0,0.0,0.0,0.0,0.0,0.0,0.0,0.0,0.0,0.0,0.0,0.0,0.0,0.0,0.0,0.0,0.0,0.0,0.0,0.0,0.0,0.0,0.0,0.0,0.0,0.0,0.0,0.0,0.0,0.0,0.0,0.0,0.0,0.0,0.0,0.0,0.0,0.0,0.0,0.0,0.0,0.0,0.0,0.0,0.0,0.0,0.0,0.0,0.0,0.0,0.0,0.0,0.0,0.0,0.0,0.0,0.0,0.0,0.0,0.0,0.0,0.0,0.0,0.0,0.0,0.0,0.0,0.0,0.0,0.0,0.0,0.0,0.0,0.0,0.0,0.0,0.0,0.0,0.0,0.0,0.0,0.0,0.0,0.0,0.0,0.0,0.0,0.0,0.0,0.0,0.0,0.0,0.0,0.0,0.0,0.0,0.0,0.0,0.0,0.0,0.0,0.0,0.0,0.0,-0.3659,1.275175,0.892825,-0.347175,-0.043375,0.411125,1.198375,0.4459,0.11457500000000001,-0.12545,0.2335,1.016175,0.9428,-0.154825,-0.18280000000000002,0.3947,0.536725,0.4777,0.34547500000000003,0.64735,-0.127175,0.2018,0.38165,0.271675,-0.503225,-0.268175,0.2714,0.736675,0.07050000000000001,0.30245,-0.3774,-0.139025,0.7414000000000001,0.049675,-0.25882499999999997,-0.237375,-0.087175,0.2763,0.34740000000000004,-0.168575,0.013725000000000001,0.0131,0.55175,-0.333875,0.2071,-0.09895,-0.04885,0.5294,0.1475,-0.1071,-0.39895,-0.0701,-0.25835,0.538525,0.1689,-0.294775,-0.2145,0.234475,0.344875,-0.3383,-0.618725,-0.550875,0.07225000000000001,0.45875,-0.159,-0.1533,-0.2419,0.3916,0.1566,-0.24525,-0.8722749999999999,-0.254975,0.0165,-0.11315,-0.42025,-0.5889,-0.2344,-0.31645,-0.0438,-0.271675,-0.321675,-0.28202499999999997,-0.656075,-0.0082,0.1935,-0.259825,-0.370525,-0.399775,0.24630000000000002,-0.135575,-0.56955,-0.7141,-0.177325,0.309875,-0.0344,0.06855,-0.6841,-0.24745,-0.16685,0.32765,-0.656375,-0.653775,-0.265075,0.214125,-0.223325,-0.7507,-0.275725,-0.59835,-0.0494,0.253225,0.06595000000000001,-0.64635,-0.820825,-0.4562,0.15994999999999998,-0.0625,-0.34385,-0.764775,-0.354375,0.245925,-0.45840000000000003,-0.53915,-0.78185,-0.384575,0.561475,0.207625,-0.4481,-0.234175,-0.8553,0.42495,-0.237825,-0.49065000000000003,-0.484225,-0.051425,-0.44772500000000004,-0.8039999999999999,-0.824525,-0.761925,-0.71235,-0.80035,-0.484075,-1.5288,-0.563475,-1.22395,-0.85495,-0.75515,-0.25945,-1.040575,0.0,0.0,0.0,0.0,0.0,0.0,0.0,0.0,0.0,0.0,0.0,0.0,0.0,0.0,0.0,0.0,0.0,0.0,0.0,0.0,0.0,0.0,0.0,0.0,0.0,0.0,0.0,0.0,0.0,0.0,0.0,0.0,0.0,0.0,0.0,0.0,0.0,0.0,0.0,0.0,0.0,0.0,0.0,0.0,0.0,0.0,0.0,0.0,0.0,0.0,0.0,0.0,0.0,0.0,0.0,0.0,0.0,0.0,0.0,0.0,0.0,0.0,0.0,0.0,0.0,0.0,0.0,0.0,0.0,0.0,0.0,0.0,0.0,0.0,0.0,0.0,0.0,0.0,0.0,0.0,0.0,0.0,0.0,0.0,0.0,0.0,0.0,0.0,0.0,0.0,0.0,0.0,0.0,0.0,0.0,0.0,0.0,0.0,0.0,0.0,0.0,0.0,0.0,0.0,0.0,0.0,0.0,0.0,0.0,0.0,0.0,0.0,0.0,0.0,0.0,0.0,0.0,0.0,0.0,0.0,0.0,0.0,0.0,0.0,0.0,0.0
0.0,0.0,0.0,0.0,0.0,0.0,0.0,0.0,0.0,0.0,0.0,0.0,0.0,0.0,0.0,0.0,0.0,0.0,0.0,0.0,0.0,0.0,0.0,0.0,0.0,0.0,0.0,0.0,0.0,0.0,0.0,0.0,0.0,0.0,0.0,0.0,0.0,0.0,0.0,0.0,0.0,0.0,0.0,0.0,0.0,0.0,0.0,0.0,0.0,0.0,0.0,0.0,0.0,0.0,0.0,0.0,0.0,0.0,0.0,0.0,0.0,0.0,0.0,0.0,0.0,0.0,0.0,0.0,0.0,0.0,0.0,0.0,0.0,0.0,0.0,0.0,0.0,0.0,0.0,0.0,0.0,0.0,0.0,0.0,0.0,0.0,0.0,0.0,0.0,0.0,0.0,0.0,0.0,0.0,0.0,0.0,0.0,0.0,0.0,0.0,0.0,0.0,0.0,0.0,0.0,0.0,0.0,0.0,0.0,0.0,0.0,0.0,0.0,0.0,0.0,0.0,0.0,0.0,0.0,0.0,0.0,0.0,0.0,0.72775,0.3553,0.878925,0.139375,0.145125,0.27607499999999996,1.2619,0.438625,-0.082325,-0.57855,0.418625,1.015775,0.588825,0.060925,-0.0476,0.27875,0.44575,1.050275,-0.32237499999999997,0.25175,0.34575,0.565775,0.450625,0.22155,0.01875,-0.109325,0.58185,0.6118750000000001,0.15545,0.005875,-0.146175,0.50535,0.56555,0.39075000000000004,-0.30155,-0.1734,0.045899999999999996,0.496625,0.452075,-0.741275,-0.048325,-0.11535,0.540775,0.021925,-0.468525,-0.082675,0.694925,0.37355,0.670275,-0.50695,-0.2139,0.075575,0.4029,0.0932,0.20752500000000002,-0.506675,-0.107175,0.795275,0.0428,-0.281725,-0.66045,-0.466025,0.131125,0.58675,-0.007850000000000001,0.27280000000000004,-0.18925,0.442725,0.5298499999999999,-0.11085,-0.72455,-0.6175,0.167475,0.23065,-0.10005,-0.35040000000000004,-0.32855,0.341075,0.1206,-0.011224999999999999,-0.406675,-0.428125,-0.3173,0.087975,0.0281,-0.28885,-0.246375,0.002725,-0.0591,-0.5626,-0.017275,-0.68165,-0.503225,0.078025,0.2835,-0.335275,-0.4511,-0.166825,-0.0448,-0.172725,-0.9249,-0.6010249999999999,-0.32425000000000004,0.11080000000000001,-0.263175,-0.5032,-0.51145,-0.3277,-0.209725,-0.5416,-0.44945,-0.14250000000000002,-0.38725,-0.12187500000000001,0.03125,-0.69075,-0.576825,-0.538775,-0.319975,-0.38765,-0.553075,-0.699,-0.90525,0.036725,-0.11475,-0.227025,-0.845,-0.7797000000000001,-0.264525,0.32655,-0.9281999999999999,-0.5498749999999999,-0.640275,-0.12919999999999998,0.173875,-0.772375,-1.23785,-0.5734,-1.0466,-0.265075,-0.035175,-0.7102,-0.3221,-0.990675,0.048025,-0.591025,-1.247225,-0.019875,-0.944875,-0.46044999999999997,-0.023925,-0.943175,-0.8547750000000001,0.147075,0.0,0.0,0.0,0.0,0.0,0.0,0.0,0.0,0.0,0.0,0.0,0.0,0.0,0.0,0.0,0.0,0.0,0.0,0.0,0.0,0.0,0.0,0.0,0.0,0.0,0.0,0.0,0.0,0.0,0.0,0.0,0.0,0.0,0.0,0.0,0.0,0.0,0.0,0.0,0.0,0.0,0.0,0.0,0.0,0.0,0.0,0.0,0.0,0.0,0.0,0.0,0.0,0.0,0.0,0.0,0.0,0.0,0.0,0.0,0.0,0.0,0.0,0.0,0.0,0.0,0.0,0.0,0.0,0.0,0.0,0.0,0.0,0.0,0.0,0.0,0.0,0.0,0.0,0.0,0.0,0.0,0.0,0.0,0.0,0.0,0.0,0.0,0.0,0.0,0.0,0.0,0.0,0.0,0.0,0.0,0.0,0.0,0.0,0.0,0.0,0.0,0.0,0.0,0.0,0.0,0.0,0.0,0.0,0.0,0.0,0.0,0.0,0.0,0.0,0.0,0.0,0.0,0.0,0.0,0.0,0.0,0.0,0.0
0.0,0.0,0.0,0.0,0.0,0.0,0.0,0.0,0.0,0.0,0.0,0.0,0.0,0.0,0.0,0.0,0.0,0.0,0.0,0.0,0.0,0.0,0.0,0.0,0.0,0.0,0.0,0.0,0.0,0.0,0.0,0.0,0.0,0.0,0.0,0.0,0.0,0.0,0.0,0.0,0.0,0.0,0.0,0.0,0.0,0.0,0.0,0.0,0.0,0.0,0.0,0.0,0.0,0.0,0.0,0.0,0.0,0.0,0.0,0.0,0.0,0.0,0.0,0.0,0.0,0.0,0.0,0.0,0.0,0.0,0.0,0.0,0.0,0.0,0.0,0.0,0.0,0.0,0.0,0.0,0.0,0.0,0.0,0.0,0.0,0.0,0.0,0.0,0.0,0.0,0.0,0.0,0.0,0.0,0.0,0.0,0.0,0.0,0.0,0.0,0.0,0.0,0.0,0.0,0.0,0.0,0.0,0.0,0.0,0.0,0.0,0.0,0.0,0.0,0.0,0.0,0.0,0.0,0.0,0.0,0.0,0.8572,0.514825,0.374725,-0.089675,0.514675,1.002625,1.104425,0.41785,-0.369575,-0.1393,1.021175,0.449975,-0.0993,-0.177975,0.48035,0.6776,0.5226999999999999,-0.265975,-0.363525,0.3074,0.582525,0.5911,0.09895,0.257625,0.246575,0.550125,0.373575,-0.140825,0.4019,0.0861,0.264075,0.41962499999999997,0.16252499999999998,-0.065425,-0.21295,0.258125,0.06822500000000001,0.37882499999999997,0.0037,-0.3209,-0.147175,0.450625,-0.190325,-0.235325,0.0633,0.42627499999999996,0.756975,-0.2514,-0.313425,-0.062525,0.3309,0.502975,-0.020225,0.030950000000000002,-0.08445,0.411525,0.793075,0.190025,-0.35605,-0.165275,-0.26415,0.12395,-0.048375,-0.480575,-0.0382,-0.0108,0.359,0.40585,-0.08387499999999999,-0.9124249999999999,-0.382375,0.5035499999999999,0.18714999999999998,-0.28152499999999997,-0.253125,0.032299999999999995,0.36095,0.0613,-0.2959,-0.74715,-0.4411,0.030925,-0.021475,-0.133625,-0.32045,-0.18645,-0.079125,0.013375,-0.6016,-0.32785000000000003,-0.622025,-0.347225,0.07195,0.0372,-0.116975,-0.774225,-0.033549999999999996,0.055525000000000005,-0.0811,-0.702275,-0.672875,-0.269725,0.048025,-0.32382500000000003,-0.258175,-0.5041,-0.14855000000000002,0.060425,-0.418575,-0.432575,-0.440375,-0.2632,0.201825,-0.367375,-0.563825,-0.143525,-0.305675,-0.5343,-0.4915,-0.5842499999999999,-0.9675499999999999,-0.372725,-0.1415,-0.359575,-0.420675,-0.797825,-0.5264,-0.715225,0.006975,-0.727025,-0.712175,0.7597499999999999,-0.138075,0.48055000000000003,-1.123175,-0.804725,-0.416125,0.20045,-0.062875,-0.6333,-0.2497,-0.2024,-0.68235,-0.20275,-0.68345,-0.61275,-0.53235,-0.672525,-0.85095,-0.30845,-0.794125,-0.66825,-0.809075,0.55175,-0.78045,-0.376475,-1.2212,-0.82165,0.0,0.0,0.0,0.0,0.0,0.0,0.0,0.0,0.0,0.0,0.0,0.0,0.0,0.0,0.0,0.0,0.0,0.0,0.0,0.0,0.0,0.0,0.0,0.0,0.0,0.0,0.0,0.0,0.0,0.0,0.0,0.0,0.0,0.0,0.0,0.0,0.0,0.0,0.0,0.0,0.0,0.0,0.0,0.0,0.0,0.0,0.0,0.0,0.0,0.0,0.0,0.0,0.0,0.0,0.0,0.0,0.0,0.0,0.0,0.0,0.0,0.0,0.0,0.0,0.0,0.0,0.0,0.0,0.0,0.0,0.0,0.0,0.0,0.0,0.0,0.0,0.0,0.0,0.0,0.0,0.0,0.0,0.0,0.0,0.0,0.0,0.0,0.0,0.0,0.0,0.0,0.0,0.0,0.0,0.0,0.0,0.0,0.0,0.0,0.0,0.0,0.0,0.0,0.0,0.0,0.0,0.0,0.0,0.0,0.0,0.0,0.0,0.0,0.0,0.0,0.0,0.0,0.0,0.0,0.0,0.0
0.0,0.0,0.0,0.0,0.0,0.0,0.0,0.0,0.0,0.0,0.0,0.0,0.0,0.0,0.0,0.0,0.0,0.0,0.0,0.0,0.0,0.0,0.0,0.0,0.0,0.0,0.0,0.0,0.0,0.0,0.0,0.0,0.0,0.0,0.0,0.0,0.0,0.0,0.0,0.0,0.0,0.0,0.0,0.0,0.0,0.0,0.0,0.0,0.0,0.0,0.0,0.0,0.0,0.0,0.0,0.0,0.0,0.0,0.0,0.0,0.0,0.0,0.0,0.0,0.0,0.0,0.0,0.0,0.0,0.0,0.0,0.0,0.0,0.0,0.0,0.0,0.0,0.0,0.0,0.0,0.0,0.0,0.0,0.0,0.0,0.0,0.0,0.0,0.0,0.0,0.0,0.0,0.0,0.0,0.0,0.0,0.0,0.0,0.0,0.0,0.0,0.0,0.0,0.0,0.0,0.0,0.0,0.0,0.0,0.0,0.0,0.0,0.0,0.0,0.0,0.0,0.0,0.0,0.0,0.742875,0.338075,-0.241375,1.24895,0.8844000000000001,0.9380999999999999,0.35150000000000003,0.468675,0.451,0.604175,0.40385,0.14897500000000002,0.326625,-0.144075,1.058125,0.94125,-0.021425,-0.03495,0.587675,0.46325,0.7046250000000001,-0.386525,-0.01135,0.229125,1.13735,0.833175,0.125025,0.13779999999999998,0.14395,0.520825,0.0803,0.225875,-0.063525,-0.046575,0.73835,0.0346,0.16347499999999998,-0.486875,-0.16097499999999998,0.527875,0.489,0.02055,-0.13175,-0.088225,0.596375,0.29015,0.1979,-0.428425,-0.414975,0.24125000000000002,0.460675,-0.1618,-0.347575,-0.174925,0.56305,0.275575,-0.1216,-0.408575,0.003625,0.1447,-0.12415000000000001,0.08465,0.180875,-0.031,0.029775,0.25195,0.397025,-0.082925,-0.407225,-0.624625,0.776425,0.044399999999999995,0.040775,-0.166575,-0.20575,0.51065,0.29515,-0.073675,-0.6273249999999999,-0.182925,0.132525,0.072375,-0.3794,-0.6635,0.005925,0.3348,-0.28825,-0.5232,-0.294325,-0.0903,-0.19185,0.079525,-0.285725,-0.402925,-0.39315,-0.393225,-0.17174999999999999,0.0744,-0.361975,-0.241875,0.0721,0.319675,-0.17722500000000002,-0.8374250000000001,-0.6576249999999999,-0.27665,0.16799999999999998,-0.213475,-0.675775,-0.717325,-0.413375,0.07317499999999999,0.066825,-0.8395999999999999,-0.620975,-0.09595,-0.213725,-0.41615,-0.8177,-0.20604999999999998,-0.537125,-0.302375,-0.570425,-0.09335,-0.5351,-0.637475,-0.086525,0.104875,-0.64405,-0.7604500000000001,-0.313925,-0.09815,0.20045000000000002,-0.346,-0.860375,-1.064,-0.25434999999999997,-0.258575,-0.863,-0.086875,-0.733325,-0.1848,0.4392,-0.3993,-0.8662000000000001,-0.962525,-0.908725,-0.29722499999999996,-0.429925,-0.787125,-0.679675,-1.158025,0.8704500000000001,-0.283725,-0.32075,-0.925775,-1.0483,0.08557500000000001,-0.4981,-0.219475,-0.6241,-0.20124999999999998,0.0,0.0,0.0,0.0,0.0,0.0,0.0,0.0,0.0,0.0,0.0,0.0,0.0,0.0,0.0,0.0,0.0,0.0,0.0,0.0,0.0,0.0,0.0,0.0,0.0,0.0,0.0,0.0,0.0,0.0,0.0,0.0,0.0,0.0,0.0,0.0,0.0,0.0,0.0,0.0,0.0,0.0,0.0,0.0,0.0,0.0,0.0,0.0,0.0,0.0,0.0,0.0,0.0,0.0,0.0,0.0,0.0,0.0,0.0,0.0,0.0,0.0,0.0,0.0,0.0,0.0,0.0,0.0,0.0,0.0,0.0,0.0,0.0,0.0,0.0,0.0,0.0,0.0,0.0,0.0,0.0,0.0,0.0,0.0,0.0,0.0,0.0,0.0,0.0,0.0,0.0,0.0,0.0,0.0,0.0,0.0,0.0,0.0,0.0,0.0,0.0,0.0,0.0,0.0,0.0,0.0,0.0,0.0,0.0,0.0,0.0,0.0,0.0,0.0,0.0,0.0,0.0,0.0,0.0
0.0,0.0,0.0,0.0,0.0,0.0,0.0,0.0,0.0,0.0,0.0,0.0,0.0,0.0,0.0,0.0,0.0,0.0,0.0,0.0,0.0,0.0,0.0,0.0,0.0,0.0,0.0,0.0,0.0,0.0,0.0,0.0,0.0,0.0,0.0,0.0,0.0,0.0,0.0,0.0,0.0,0.0,0.0,0.0,0.0,0.0,0.0,0.0,0.0,0.0,0.0,0.0,0.0,0.0,0.0,0.0,0.0,0.0,0.0,0.0,0.0,0.0,0.0,0.0,0.0,0.0,0.0,0.0,0.0,0.0,0.0,0.0,0.0,0.0,0.0,0.0,0.0,0.0,0.0,0.0,0.0,0.0,0.0,0.0,0.0,0.0,0.0,0.0,0.0,0.0,0.0,0.0,0.0,0.0,0.0,0.0,0.0,0.0,0.0,0.0,0.0,0.0,0.0,0.0,0.0,0.0,0.0,0.0,0.0,0.0,0.0,0.0,0.0,0.0,0.0,0.0,0.0,0.277025,0.877425,0.69635,0.809375,0.9011,-0.132075,0.379975,0.1518,0.897575,0.10545,0.19469999999999998,0.201375,0.8288,0.90645,0.7416,0.28557499999999997,-0.178275,0.227525,0.6179749999999999,0.44530000000000003,-0.19424999999999998,-0.2497,0.500875,0.5997,0.68185,-0.1143,0.218525,0.278575,0.359375,0.098125,0.063125,0.193525,-0.007225,0.687625,0.6989000000000001,0.36224999999999996,0.0618,0.328775,0.456725,0.081425,-0.079425,0.002175,-0.073575,0.29865,0.424475,0.4556,-0.44277500000000003,-0.327,0.342025,0.27485,-0.1895,-0.28925,0.050575,0.86045,0.9979,0.36419999999999997,-0.39647499999999997,-0.32055,0.480175,0.147125,0.463375,-0.258125,-0.033425,0.347775,0.757325,-0.158525,-0.09575,-0.088075,-0.239375,0.2673,-0.019275,-0.217625,-0.238325,-0.096,0.38895,0.166325,-0.108525,-0.978725,-0.09865,0.487725,0.058374999999999996,-0.554825,-0.4532,-0.0706,0.12789999999999999,0.1271,-0.769625,-0.805825,0.1453,0.13892500000000002,-0.0745,-0.381975,-0.6153500000000001,0.046825,0.07995,0.124875,-0.31167500000000004,-0.16055,-0.49989999999999996,0.22675,-0.096775,-0.0574,-0.5234749999999999,-0.423475,-0.034375,-0.185375,-0.26065,-0.7965,-0.855,0.054099999999999995,0.22157500000000002,-0.5572750000000001,-0.77195,-0.5693,-0.236275,-0.001525,-0.8489,-0.579175,-0.40695,-0.235975,0.3074,-0.318075,-0.49265,-0.8013250000000001,-0.375575,-0.4692,-0.397875,-0.239525,-0.713425,-0.63855,-0.33565,0.20647500000000002,-0.06067500000000001,-0.76935,-0.96515,-0.600375,0.02985,-0.7394499999999999,-0.11910000000000001,-0.4841,0.7681250000000001,-0.835375,-0.9205,-1.308725,-1.18265,0.276325,-0.4053,-0.447225,-1.136275,-0.431775,-0.04865,0.145975,-0.903025,-0.8699749999999999,-1.400175,-0.951,-0.59175,-0.14097500000000002,-0.872825,-1.172475,-0.94175,-1.071475,-0.1113,-0.9077999999999999,-0.816875,-1.04195,0.0,0.0,0.0,0.0,0.0,0.0,0.0,0.0,0.0,0.0,0.0,0.0,0.0,0.0,0.0,0.0,0.0,0.0,0.0,0.0,0.0,0.0,0.0,0.0,0.0,0.0,0.0,0.0,0.0,0.0,0.0,0.0,0.0,0.0,0.0,0.0,0.0,0.0,0.0,0.0,0.0,0.0,0.0,0.0,0.0,0.0,0.0,0.0,0.0,0.0,0.0,0.0,0.0,0.0,0.0,0.0,0.0,0.0,0.0,0.0,0.0,0.0,0.0,0.0,0.0,0.0,0.0,0.0,0.0,0.0,0.0,0.0,0.0,0.0,0.0,0.0,0.0,0.0,0.0,0.0,0.0,0.0,0.0,0.0,0.0,0.0,0.0,0.0,0.0,0.0,0.0,0.0,0.0,0.0,0.0,0.0,0.0,0.0,0.0,0.0,0.0,0.0,0.0,0.0,0.0,0.0,0.0,0.0,0.0,0.0,0.0,0.0,0.0,0.0,0.0,0.0,0.0
0.0,0.0,0.0,0.0,0.0,0.0,0.0,0.0,0.0,0.0,0.0,0.0,0.0,0.0,0.0,0.0,0.0,0.0,0.0,0.0,0.0,0.0,0.0,0.0,0.0,0.0,0.0,0.0,0.0,0.0,0.0,0.0,0.0,0.0,0.0,0.0,0.0,0.0,0.0,0.0,0.0,0.0,0.0,0.0,0.0,0.0,0.0,0.0,0.0,0.0,0.0,0.0,0.0,0.0,0.0,0.0,0.0,0.0,0.0,0.0,0.0,0.0,0.0,0.0,0.0,0.0,0.0,0.0,0.0,0.0,0.0,0.0,0.0,0.0,0.0,0.0,0.0,0.0,0.0,0.0,0.0,0.0,0.0,0.0,0.0,0.0,0.0,0.0,0.0,0.0,0.0,0.0,0.0,0.0,0.0,0.0,0.0,0.0,0.0,0.0,0.0,0.0,0.0,0.0,0.0,0.0,0.0,0.0,0.0,0.0,0.0,0.0,0.0,0.0,0.0,0.36972499999999997,1.3229250000000001,1.404075,0.01415,0.7681749999999999,0.976,1.22565,0.26695,0.379975,0.227825,0.48195,0.650725,0.761725,0.387025,0.165425,-0.136125,0.430725,0.5539499999999999,0.7808999999999999,-0.2157,0.06420000000000001,0.388725,0.72925,0.2617,-0.33165,-0.36112500000000003,0.4699,0.602075,0.45465,-0.28935,0.34015,0.292675,0.854475,-0.027025,-0.27835,-0.254375,0.469225,0.49155000000000004,0.3281,0.138225,-0.443475,0.400325,0.38270000000000004,0.4628,0.258925,-0.464925,-0.023725,0.19324999999999998,0.910725,-0.24177500000000002,-0.253575,-0.1475,0.5303249999999999,0.47555,-0.0762,-0.155775,0.09922500000000001,0.434125,0.164975,-0.22885,-0.2496,-0.1632,0.6489,0.5546249999999999,0.0562,-0.558075,-0.2512,0.1227,0.231925,-0.165425,-0.450075,0.04185,0.13472499999999998,0.156275,0.1047,-0.24345,-0.5437000000000001,-0.09029999999999999,0.119325,0.09515,-0.2209,-0.146175,-0.250025,0.334075,-0.009625000000000002,-0.4954,-0.46715,0.136825,-0.123725,0.09965,-0.69195,-0.3383,0.131775,-0.28075,-0.178125,-0.74395,-0.101775,-0.3232,0.254,-0.40354999999999996,-0.1105,-0.152125,-0.133225,-0.013425,-0.441825,-0.360575,-0.625375,-0.724025,-0.026775,0.006925,-0.191525,-0.2749,-0.0982,0.056725,0.0426,-0.6940500000000001,-0.679075,-0.5152749999999999,-0.0639,0.2257,-0.17712499999999998,-0.854125,-0.537325,-0.28107499999999996,-0.294225,-0.551025,-0.3569,-0.5681,-0.115125,-0.051875000000000004,-0.2563,-0.542125,-0.885075,-0.027625,-0.139175,-0.5263,-0.534,-0.77865,0.39490000000000003,0.188425,-0.181975,-0.019225,-0.826825,-0.19467500000000001,-0.6724,-0.85225,-0.48760000000000003,-1.13165,-0.443,-0.37170000000000003,-0.41955000000000003,-0.651775,-0.96955,-0.872825,-0.4988,-0.94965,-0.8481,-1.2595750000000001,-0.468025,-1.13795,-0.928775,-0.24565,-0.76065,-0.992175,-0.823325,-0.128225,-0.044649999999999995,-0.6803,-1.1027500000000001,-0.72705,0.0,0.0,0.0,0.0,0.0,0.0,0.0,0.0,0.0,0.0,0.0,0.0,0.0,0.0,0.0,0.0,0.0,0.0,0.0,0.0,0.0,0.0,0.0,0.0,0.0,0.0,0.0,0.0,0.0,0.0,0.0,0.0,0.0,0.0,0.0,0.0,0.0,0.0,0.0,0.0,0.0,0.0,0.0,0.0,0.0,0.0,0.0,0.0,0.0,0.0,0.0,0.0,0.0,0.0,0.0,0.0,0.0,0.0,0.0,0.0,0.0,0.0,0.0,0.0,0.0,0.0,0.0,0.0,0.0,0.0,0.0,0.0,0.0,0.0,0.0,0.0,0.0,0.0,0.0,0.0,0.0,0.0,0.0,0.0,0.0,0.0,0.0,0.0,0.0,0.0,0.0,0.0,0.0,0.0,0.0,0.0,0.0,0.0,0.0,0.0,0.0,0.0,0.0,0.0,0.0,0.0,0.0,0.0,0.0,0.0,0.0,0.0,0.0,0.0,0.0
0.0,0.0,0.0,0.0,0.0,0.0,0.0,0.0,0.0,0.0,0.0,0.0,0.0,0.0,0.0,0.0,0.0,0.0,0.0,0.0,0.0,0.0,0.0,0.0,0.0,0.0,0.0,0.0,0.0,0.0,0.0,0.0,0.0,0.0,0.0,0.0,0.0,0.0,0.0,0.0,0.0,0.0,0.0,0.0,0.0,0.0,0.0,0.0,0.0,0.0,0.0,0.0,0.0,0.0,0.0,0.0,0.0,0.0,0.0,0.0,0.0,0.0,0.0,0.0,0.0,0.0,0.0,0.0,0.0,0.0,0.0,0.0,0.0,0.0,0.0,0.0,0.0,0.0,0.0,0.0,0.0,0.0,0.0,0.0,0.0,0.0,0.0,0.0,0.0,0.0,0.0,0.0,0.0,0.0,0.0,0.0,0.0,0.0,0.0,0.0,0.0,0.0,0.0,0.0,0.0,0.0,0.0,0.0,0.0,0.0,0.0,0.0,0.0,0.0,1.258975,0.48815,0.1471,0.881025,1.02755,0.338375,-0.52495,0.128275,0.493575,1.13875,0.66965,0.10502500000000001,0.419175,0.324325,1.130325,0.74195,0.40605,0.045725,0.142875,0.47262499999999996,0.693675,0.576025,-0.04305,-0.09625,0.41135,0.836225,0.27637500000000004,-0.40612499999999996,-0.19995000000000002,0.26689999999999997,1.196425,0.1339,-0.210675,-0.11725000000000001,0.41147500000000004,0.53745,-0.498775,-0.24312499999999998,0.222775,0.6874750000000001,0.72675,-0.20527499999999999,-0.187725,0.03095,0.3433,-0.0062,0.209225,0.08499999999999999,-0.184275,0.315525,0.5501,0.678225,0.227225,-0.332125,-0.110375,0.71265,0.42725,0.1574,-0.080775,0.1943,0.5254749999999999,0.406125,-0.348275,-0.527825,-0.0958,0.559825,0.07339999999999999,-0.1082,-0.608625,0.09252500000000001,0.28364999999999996,0.12639999999999998,-0.223975,-0.15385,-0.4297,-0.08197499999999999,0.41912499999999997,-0.0361,-0.2136,-0.09775,-0.19290000000000002,0.273075,-0.112675,-0.6173,-1.079475,-0.051775,0.366225,0.163475,-0.424875,-0.736575,-0.058,0.13545,-0.025225,-0.8392,-0.32439999999999997,-0.2929,0.05455,-0.30832499999999996,-0.4497,-0.319025,-0.027674999999999998,-0.023225000000000003,-0.13237500000000002,-0.0626,-0.67905,-0.500525,-0.011800000000000001,0.03335,-0.29135,-0.76785,-0.4592,-0.357175,-0.040075,-0.37505,-0.6924,-0.34114999999999995,-0.28807499999999997,0.30405,-0.3038,-0.8061,-0.79935,-0.18205,-0.14395,-0.599425,-0.122225,-0.387625,0.08135,-0.114775,-0.7575,-0.744275,-0.6434249999999999,-0.725025,-0.6304500000000001,-0.146125,-0.43055,-0.059675,-0.4294,-0.0907,0.154075,-0.7156499999999999,-0.72515,-0.723175,-0.04795,-0.73465,-0.6072,-0.685325,-0.471925,0.300525,0.131075,-0.43105000000000004,-0.4788,-0.878425,-0.127575,-0.7759,-0.78855,-0.76965,-0.637375,-0.3543,-0.4071,-0.6947000000000001,-0.940025,-0.4667,-0.503925,-0.31267500000000004,-0.5776749999999999,-1.26555,-0.7115,-0.509125,-1.0508,-0.17285,-0.6432,-0.693875,0.0,0.0,0.0,0.0,0.0,0.0,0.0,0.0,0.0,0.0,0.0,0.0,0.0,0.0,0.0,0.0,0.0,0.0,0.0,0.0,0.0,0.0,0.0,0.0,0.0,0.0,0.0,0.0,0.0,0.0,0.0,0.0,0.0,0.0,0.0,0.0,0.0,0.0,0.0,0.0,0.0,0.0,0.0,0.0,0.0,0.0,0.0,0.0,0.0,0.0,0.0,0.0,0.0,0.0,0.0,0.0,0.0,0.0,0.0,0.0,0.0,0.0,0.0,0.0,0.0,0.0,0.0,0.0,0.0,0.0,0.0,0.0,0.0,0.0,0.0,0.0,0.0,0.0,0.0,0.0,0.0,0.0,0.0,0.0,0.0,0.0,0.0,0.0,0.0,0.0,0.0,0.0,0.0,0.0,0.0,0.0,0.0,0.0,0.0,0.0,0.0,0.0,0.0,0.0,0.0,0.0,0.0,0.0,0.0,0.0,0.0,0.0,0.0,0.0
0.0,0.0,0.0,0.0,0.0,0.0,0.0,0.0,0.0,0.0,0.0,0.0,0.0,0.0,0.0,0.0,0.0,0.0,0.0,0.0,0.0,0.0,0.0,0.0,0.0,0.0,0.0,0.0,0.0,0.0,0.0,0.0,0.0,0.0,0.0,0.0,0.0,0.0,0.0,0.0,0.0,0.0,0.0,0.0,0.0,0.0,0.0,0.0,0.0,0.0,0.0,0.0,0.0,0.0,0.0,0.0,0.0,0.0,0.0,0.0,0.0,0.0,0.0,0.0,0.0,0.0,0.0,0.0,0.0,0.0,0.0,0.0,0.0,0.0,0.0,0.0,0.0,0.0,0.0,0.0,0.0,0.0,0.0,0.0,0.0,0.0,0.0,0.0,0.0,0.0,0.0,0.0,0.0,0.0,0.0,0.0,0.0,0.0,0.0,0.0,0.0,0.0,0.0,0.0,0.0,0.0,0.0,0.0,0.0,0.0,0.0,0.0,0.492475,0.367925,1.1471,1.1009,0.6916,-0.19655,0.182775,1.1126749999999999,1.421675,0.8274250000000001,-0.29000000000000004,0.5102,0.569125,0.987525,0.624675,0.3804,0.140075,0.075825,0.75,0.604325,0.275075,0.269625,0.157475,0.51955,0.388425,0.173,-0.49215000000000003,0.10717499999999999,0.839825,0.95675,0.196575,-0.18005,0.252925,0.471225,0.6341749999999999,-0.157525,-0.292625,0.017775,0.7882,0.748,0.14535,-0.24359999999999998,-0.3357,0.127625,0.231025,0.218025,0.0051,0.143975,0.539975,0.35955,0.07875,0.0223,-0.2535,0.14755000000000001,0.3817,0.592125,0.00995,-0.031175,0.062575,0.509525,0.410775,-0.177725,-0.2673,-0.077575,0.6158,0.28405,0.13115,-0.47505000000000003,0.145975,0.45465,0.182875,-0.32415,-0.72985,-0.114225,-0.08675,0.2104,-0.18835000000000002,-0.2784,-0.08165,0.051575,-0.17875,-0.1079,-0.290575,-0.57285,-0.1171,0.09004999999999999,-0.1988,-0.281775,-0.3345,-0.32315,0.07055,0.03505,-0.828075,-0.506675,0.20265,-0.01355,-0.069325,-0.45715,-0.152925,0.049800000000000004,0.21295,-0.584075,-0.3334,-0.35057499999999997,-0.339375,0.2021,-0.085475,-0.31479999999999997,-0.1471,-0.48115,-0.273975,-0.30345,-0.49395,-1.017575,-0.597825,0.183375,0.080475,-0.67,-0.48895,-0.533125,-0.167875,0.17455,-0.954975,-0.616775,-0.04375,0.09495,-0.1258,-0.710275,-0.613025,-0.219325,0.0768,-0.210925,-0.68955,-0.5776,-0.326025,-0.355225,-0.130925,-0.3292,-0.37695,-0.560675,-0.23857499999999998,-0.1815,0.00795,-0.545625,-0.77765,-1.0545499999999999,0.06612499999999999,-0.2142,-0.8723000000000001,-0.853425,-0.6062000000000001,0.277375,-0.6658999999999999,-0.386625,-1.0718999999999999,-0.19674999999999998,-0.28695,-0.26415,-0.6336999999999999,-0.411875,-0.544325,-0.581925,-0.81645,-0.923225,-1.262125,-0.072375,-0.654675,-0.3481,-0.8671249999999999,-1.070825,-0.445625,-0.20850000000000002,-0.50545,-0.666525,-0.7634749999999999,-1.148525,0.0,0.0,0.0,0.0,0.0,0.0,0.0,0.0,0.0,0.0,0.0,0.0,0.0,0.0,0.0,0.0,0.0,0.0,0.0,0.0,0.0,0.0,0.0,0.0,0.0,0.0,0.0,0.0,0.0,0.0,0.0,0.0,0.0,0.0,0.0,0.0,0.0,0.0,0.0,0.0,0.0,0.0,0.0,0.0,0.0,0.0,0.0,0.0,0.0,0.0,0.0,0.0,0.0,0.0,0.0,0.0,0.0,0.0,0.0,0.0,0.0,0.0,0.0,0.0,0.0,0.0,0.0,0.0,0.0,0.0,0.0,0.0,0.0,0.0,0.0,0.0,0.0,0.0,0.0,0.0,0.0,0.0,0.0,0.0,0.0,0.0,0.0,0.0,0.0,0.0,0.0,0.0,0.0,0.0,0.0,0.0,0.0,0.0,0.0,0.0,0.0,0.0,0.0,0.0,0.0,0.0,0.0,0.0,0.0,0.0,0.0,0.0
0.0,0.0,0.0,0.0,0.0,0.0,0.0,0.0,0.0,0.0,0.0,0.0,0.0,0.0,0.0,0.0,0.0,0.0,0.0,0.0,0.0,0.0,0.0,0.0,0.0,0.0,0.0,0.0,0.0,0.0,0.0,0.0,0.0,0.0,0.0,0.0,0.0,0.0,0.0,0.0,0.0,0.0,0.0,0.0,0.0,0.0,0.0,0.0,0.0,0.0,0.0,0.0,0.0,0.0,0.0,0.0,0.0,0.0,0.0,0.0,0.0,0.0,0.0,0.0,0.0,0.0,0.0,0.0,0.0,0.0,0.0,0.0,0.0,0.0,0.0,0.0,0.0,0.0,0.0,0.0,0.0,0.0,0.0,0.0,0.0,0.0,0.0,0.0,0.0,0.0,0.0,0.0,0.0,0.0,0.0,0.0,0.0,0.0,0.0,0.0,0.0,0.0,0.0,0.0,0.0,0.0,0.0,0.0,0.0,0.0,0.075475,1.061725,1.28695,0.774275,-0.020975,-0.12392500000000001,0.613525,1.16135,1.032575,0.273125,0.1623,1.033275,1.13,0.62405,0.10785,0.29769999999999996,0.419825,1.181475,0.58185,0.148325,0.0322,0.49275,0.588125,0.18925,0.388725,0.012450000000000001,0.185175,0.70505,0.651875,0.2741,-0.1184,-0.075625,0.446225,0.6333500000000001,-0.135,-0.32235,0.119975,0.71275,0.537875,0.155475,-0.164525,-0.052075,0.2338,0.18477500000000002,-0.193975,-0.050575,-0.21195,0.76715,0.461275,0.498625,-0.27105,-0.009325,0.095025,0.223275,-0.126525,-0.301875,-0.17107499999999998,0.066525,0.6747,0.60415,-0.256575,-0.424075,-0.098975,0.913625,-0.08679999999999999,0.018000000000000002,-0.366675,0.190775,0.6754249999999999,0.25422500000000003,-0.33445,-0.515475,0.045925,0.2465,0.127475,-0.264525,-0.14355,0.090725,0.20877500000000002,-0.131975,-0.2718,-0.33892500000000003,-0.368525,0.130275,0.104025,0.060675,-0.345675,-0.393775,-0.0069,0.07075,0.0939,-0.59695,-0.258925,0.280875,0.191075,0.06392500000000001,-0.6852,-0.5291,0.043775,-0.09705,-0.3069,-0.557925,-0.36975,-0.09895,0.445275,-0.19295,-0.5869249999999999,-0.264,-0.2951,0.028975,-0.495525,-0.428075,-0.623825,-0.3271,-0.2542,-0.33805,-0.357875,-0.595925,-0.473775,0.0152,0.19140000000000001,-0.908175,-0.79735,-0.235075,-0.030625,0.430325,-0.380375,-0.981525,-0.4764,0.27545,-0.15712500000000001,-0.796025,-0.2601,-0.531725,-0.11257500000000001,-0.433375,-0.517625,-0.845675,-0.117075,-0.25839999999999996,-0.59435,-0.24230000000000002,-0.20115,-0.793875,0.14529999999999998,-0.40795,-0.45899999999999996,-0.534775,-0.920825,-0.749925,0.2393,-0.8734999999999999,-0.43165,-0.778875,-0.04445,-0.0335,-0.1728,-0.824675,-1.008625,-0.24980000000000002,-0.5236000000000001,-0.6587000000000001,-0.979375,-0.47695,-0.708875,-0.39747499999999997,-0.5174500000000001,-0.676175,-0.823925,-1.254875,-0.22567500000000001,-0.375925,-0.31684999999999997,-0.6830750000000001,-1.012375,-0.4414,-0.59375,-0.241225,-1.25175,-0.45915,0.0,0.0,0.0,0.0,0.0,0.0,0.0,0.0,0.0,0.0,0.0,0.0,0.0,0.0,0.0,0.0,0.0,0.0,0.0,0.0,0.0,0.0,0.0,0.0,0.0,0.0,0.0,0.0,0.0,0.0,0.0,0.0,0.0,0.0,0.0,0.0,0.0,0.0,0.0,0.0,0.0,0.0,0.0,0.0,0.0,0.0,0.0,0.0,0.0,0.0,0.0,0.0,0.0,0.0,0.0,0.0,0.0,0.0,0.0,0.0,0.0,0.0,0.0,0.0,0.0,0.0,0.0,0.0,0.0,0.0,0.0,0.0,0.0,0.0,0.0,0.0,0.0,0.0,0.0,0.0,0.0,0.0,0.0,0.0,0.0,0.0,0.0,0.0,0.0,0.0,0.0,0.0,0.0,0.0,0.0,0.0,0.0,0.0,0.0,0.0,0.0,0.0,0.0,0.0,0.0,0.0,0.0,0.0,0.0,0.0
0.0,0.0,0.0,0.0,0.0,0.0,0.0,0.0,0.0,0.0,0.0,0.0,0.0,0.0,0.0,0.0,0.0,0.0,0.0,0.0,0.0,0.0,0.0,0.0,0.0,0.0,0.0,0.0,0.0,0.0,0.0,0.0,0.0,0.0,0.0,0.0,0.0,0.0,0.0,0.0,0.0,0.0,0.0,0.0,0.0,0.0,0.0,0.0,0.0,0.0,0.0,0.0,0.0,0.0,0.0,0.0,0.0,0.0,0.0,0.0,0.0,0.0,0.0,0.0,0.0,0.0,0.0,0.0,0.0,0.0,0.0,0.0,0.0,0.0,0.0,0.0,0.0,0.0,0.0,0.0,0.0,0.0,0.0,0.0,0.0,0.0,0.0,0.0,0.0,0.0,0.0,0.0,0.0,0.0,0.0,0.0,0.0,0.0,0.0,0.0,0.0,0.0,0.0,0.0,0.0,0.0,0.0,0.0,1.112275,1.75325,1.1127500000000001,0.029824999999999997,0.040675,0.5402750000000001,0.91385,0.19542500000000002,0.355,0.217425,0.5849,1.2331,0.183975,0.08005,0.279125,0.817225,1.216125,0.479025,-0.276175,0.20085,0.595675,0.6007750000000001,0.2431,0.451075,0.0298,0.361275,0.549025,0.42855,-0.044325,0.07285,0.4107,0.459825,0.40575,-0.02025,-0.030699999999999998,0.2765,0.454025,0.8814,-0.027775,0.0723,-0.14702500000000002,0.47215,0.43137499999999995,-0.0719,-0.30155,0.001375,0.43605,0.35497500000000004,-0.21505000000000002,-0.386225,0.294425,0.222825,-0.024975,0.46965,-0.19055,0.36507500000000004,0.223125,0.39405,0.241975,-0.471475,-0.25705,-0.07819999999999999,0.97675,0.0615,-0.033675,-0.438775,0.20525,0.555725,0.2288,-0.2414,-0.5413,0.09365,0.364725,-0.12485,-0.3312,-0.3923,0.210075,0.485425,-0.2137,-0.6105,-0.38755,-0.09745000000000001,0.1226,0.141625,-0.321875,-0.065725,-0.24057499999999998,0.06872500000000001,-0.1863,-0.1734,-0.455275,-0.561025,0.226575,-0.059075,-0.1742,-0.280325,-0.5634750000000001,0.133575,-0.193225,-0.452525,-1.07885,0.042624999999999996,0.103625,0.30815,-0.3089,-0.60795,-0.36050000000000004,0.0060999999999999995,-0.13305,-0.495375,-0.287975,-0.6383749999999999,-0.18207500000000001,-0.17225000000000001,-0.357525,-0.36495,-0.3893,-0.282475,-0.26465,0.013675,-0.6168,-0.748725,-0.092975,-0.0871,-0.11130000000000001,-0.6,-0.8885000000000001,-0.37685,-0.23777500000000001,-0.319025,-0.7657999999999999,-0.6043499999999999,-0.584375,0.021150000000000002,0.025825,-0.29610000000000003,-0.8967,-0.349225,-0.266775,-0.760225,-0.4736,-0.813375,-0.39035,-0.43525,-0.238975,-0.6199,-0.6055,-0.77895,-0.762575,0.108225,0.08065,-0.448875,-0.824075,-0.08049999999999999,-0.28852500000000003,-0.3742,-0.5675250000000001,-1.07365,-0.7701,-0.6280749999999999,-0.5048,-1.2654,-0.94005,-0.409125,-0.48310000000000003,-0.71035,-0.910825,-0.410625,-1.035625,-0.514575,-0.326075,-0.32092499999999996,-0.6899,-0.733475,-1.3297750000000002,-0.8318,-0.8969750000000001,-1.1297000000000001,-0.4648,-0.12560000000000002,-0.957375,-0.081475,-0.719675,-0.85595,0.0,0.0,0.0,0.0,0.0,0.0,0.0,0.0,0.0,0.0,0.0,0.0,0.0,0.0,0.0,0.0,0.0,0.0,0.0,0.0,0.0,0.0,0.0,0.0,0.0,0.0,0.0,0.0,0.0,0.0,0.0,0.0,0.0,0.0,0.0,0.0,0.0,0.0,0.0,0.0,0.0,0.0,0.0,0.0,0.0,0.0,0.0,0.0,0.0,0.0,0.0,0.0,0.0,0.0,0.0,0.0,0.0,0.0,0.0,0.0,0.0,0.0,0.0,0.0,0.0,0.0,0.0,0.0,0.0,0.0,0.0,0.0,0.0,0.0,0.0,0.0,0.0,0.0,0.0,0.0,0.0,0.0,0.0,0.0,0.0,0.0,0.0,0.0,0.0,0.0,0.0,0.0,0.0,0.0,0.0,0.0,0.0,0.0,0.0,0.0,0.0,0.0,0.0,0.0,0.0,0.0,0.0,0.0
0.0,0.0,0.0,0.0,0.0,0.0,0.0,0.0,0.0,0.0,0.0,0.0,0.0,0.0,0.0,0.0,0.0,0.0,0.0,0.0,0.0,0.0,0.0,0.0,0.0,0.0,0.0,0.0,0.0,0.0,0.0,0.0,0.0,0.0,0.0,0.0,0.0,0.0,0.0,0.0,0.0,0.0,0.0,0.0,0.0,0.0,0.0,0.0,0.0,0.0,0.0,0.0,0.0,0.0,0.0,0.0,0.0,0.0,0.0,0.0,0.0,0.0,0.0,0.0,0.0,0.0,0.0,0.0,0.0,0.0,0.0,0.0,0.0,0.0,0.0,0.0,0.0,0.0,0.0,0.0,0.0,0.0,0.0,0.0,0.0,0.0,0.0,0.0,0.0,0.0,0.0,0.0,0.0,0.0,0.0,0.0,0.0,0.0,0.0,0.0,0.0,0.0,0.0,0.0,0.0,0.0,0.0,0.72495,0.38439999999999996,0.098625,0.6683,0.913925,1.11605,0.103675,-0.113275,0.925575,0.486,0.5914250000000001,-0.0455,0.2192,1.4031,1.24295,0.45405,-0.33442500000000003,0.045399999999999996,0.7208749999999999,0.6687,0.10255,0.1907,-0.0030499999999999998,0.509025,0.48765,0.5282749999999999,-0.042625,-0.110725,0.418625,0.309975,0.13745,0.21985,-0.076225,0.593575,0.325725,0.5742750000000001,0.2808,-0.231525,-0.0388,0.47725,0.65535,-0.0058249999999999994,-0.179475,0.309725,1.1531,0.486175,-0.2734,-0.427925,-0.22917500000000002,0.498075,-0.007475,-0.083325,0.13222499999999998,0.16349999999999998,0.6807500000000001,0.66405,-0.0018,-0.485825,0.069325,0.000975,0.5039,-0.033549999999999996,0.0359,0.19485,0.125975,0.3124,-0.084975,-0.304225,-0.50395,0.25945,0.39402499999999996,0.04245,-0.49215000000000003,-0.354325,0.28445,0.274,0.215725,-0.6082,-0.1203,0.45465,0.200325,0.0922,-0.1921,-0.077625,0.1446,0.002575,-0.386825,-0.398075,-0.06587499999999999,-0.1368,0.492375,-0.17175,-0.302,-0.416225,-0.2777,-0.055825,0.074475,-0.331325,-0.6329750000000001,-0.31557500000000005,0.04015,0.09557500000000001,-0.21689999999999998,-0.6628000000000001,-0.260475,0.12014999999999999,0.13765,-0.57645,-0.3385,-0.16025,-0.149125,0.037425,-0.152425,-0.39399999999999996,-0.538475,0.052025,-0.45937500000000003,-0.45855,-0.5325500000000001,-0.8346750000000001,-0.141,-0.378475,-0.323575,-0.493925,-0.5865,-0.7161500000000001,-0.392025,-0.4309,-0.5598500000000001,-0.82415,-0.17452499999999999,0.12335,-0.177925,-0.73,-0.58765,-0.06135,0.23529999999999998,-0.621425,-0.428225,-0.41745,-0.119575,0.310675,-0.52705,-0.547475,-0.726,-0.27344999999999997,-0.34654999999999997,-0.052750000000000005,-0.24977500000000002,-0.18982500000000002,-0.5402499999999999,-0.732,-0.5758749999999999,-0.483025,-0.96555,-1.0218,-0.548975,-0.28507499999999997,-0.11677499999999999,-0.7442,-0.614325,-0.2821,-0.26775,-0.7327,-1.1226,-0.41715,-0.5149250000000001,-0.587875,-0.23855,-1.087375,-0.379725,-0.24615,-0.59385,-0.78945,-0.9308500000000001,-0.800525,-0.882175,-0.5108,-0.77215,-0.687225,-0.920875,-0.607425,-0.6906,-0.942475,-0.6656,-1.21985,0.0,0.0,0.0,0.0,0.0,0.0,0.0,0.0,0.0,0.0,0.0,0.0,0.0,0.0,0.0,0.0,0.0,0.0,0.0,0.0,0.0,0.0,0.0,0.0,0.0,0.0,0.0,0.0,0.0,0.0,0.0,0.0,0.0,0.0,0.0,0.0,0.0,0.0,0.0,0.0,0.0,0.0,0.0,0.0,0.0,0.0,0.0,0.0,0.0,0.0,0.0,0.0,0.0,0.0,0.0,0.0,0.0,0.0,0.0,0.0,0.0,0.0,0.0,0.0,0.0,0.0,0.0,0.0,0.0,0.0,0.0,0.0,0.0,0.0,0.0,0.0,0.0,0.0,0.0,0.0,0.0,0.0,0.0,0.0,0.0,0.0,0.0,0.0,0.0,0.0,0.0,0.0,0.0,0.0,0.0,0.0,0.0,0.0,0.0,0.0,0.0,0.0,0.0,0.0,0.0,0.0,0.0
0.0,0.0,0.0,0.0,0.0,0.0,0.0,0.0,0.0,0.0,0.0,0.0,0.0,0.0,0.0,0.0,0.0,0.0,0.0,0.0,0.0,0.0,0.0,0.0,0.0,0.0,0.0,0.0,0.0,0.0,0.0,0.0,0.0,0.0,0.0,0.0,0.0,0.0,0.0,0.0,0.0,0.0,0.0,0.0,0.0,0.0,0.0,0.0,0.0,0.0,0.0,0.0,0.0,0.0,0.0,0.0,0.0,0.0,0.0,0.0,0.0,0.0,0.0,0.0,0.0,0.0,0.0,0.0,0.0,0.0,0.0,0.0,0.0,0.0,0.0,0.0,0.0,0.0,0.0,0.0,0.0,0.0,0.0,0.0,0.0,0.0,0.0,0.0,0.0,0.0,0.0,0.0,0.0,0.0,0.0,0.0,0.0,0.0,0.0,0.0,0.0,0.0,0.0,0.0,0.0,0.436375,0.150125,1.420825,1.0092999999999999,0.36129999999999995,0.77925,0.485475,1.05355,0.616925,0.769525,-0.0245,0.23065000000000002,1.0986500000000001,0.969475,0.325375,0.21875,0.069275,0.862625,0.42255,0.032925,-0.3248,0.447175,0.6270249999999999,0.84865,0.0961,-0.146625,-0.062150000000000004,0.869925,0.469175,-0.030150000000000003,0.08224999999999999,0.15735,0.8064,0.517775,0.674225,-0.0238,0.223875,0.302,0.386675,0.427375,-0.403875,0.085125,0.537625,0.79705,0.7119,-0.013675,-0.33255,-0.02015,0.897025,0.251575,-0.35555,-0.264225,0.1306,0.71915,0.47635,0.13344999999999999,-0.355925,0.321925,0.36924999999999997,0.42035,0.106425,-0.186425,0.197625,0.32994999999999997,0.5733,-0.013524999999999999,0.07519999999999999,-0.410225,0.0453,0.314225,0.0259,-0.005625,-0.37385,0.075525,0.34585,-0.219125,-0.7158249999999999,-0.21775,0.313025,0.146425,0.137075,-0.3523,-0.44035,0.252375,0.23465,-0.252275,-0.5059,-0.207375,0.06470000000000001,0.2497,-0.410825,-0.213175,-0.28290000000000004,-0.30260000000000004,-0.131125,-0.2966,-0.04585,-0.6904250000000001,-0.175475,0.34209999999999996,0.11649999999999999,-0.462625,-0.60535,-0.1545,0.0049499999999999995,0.128525,-0.5931500000000001,-0.5644,-0.15855,0.2297,0.174975,-0.610275,-0.78945,-0.537025,0.14302499999999999,-0.0639,-0.42772499999999997,-0.633075,-0.41155,0.067625,-0.409575,-0.14965,-0.382275,-0.234375,-0.3993,0.013475,-0.197425,-0.3594,-0.287375,0.03655,0.21837499999999999,-0.33394999999999997,-0.70885,-0.7603,-0.514725,0.370825,-0.46799999999999997,-0.50055,-0.5740749999999999,-0.31575,-0.20765,-0.194475,-0.664975,-0.7873749999999999,-0.2489,-0.324625,-0.39535,-0.636325,-0.81105,-0.2838,-0.214125,-0.4114,-0.535325,-0.400625,-0.632725,-0.293,-0.080325,-0.31485,-0.328625,-1.2257500000000001,-0.51365,0.2098,-0.4424,-1.000575,-0.92755,-0.309275,-0.773575,-0.0245,-1.140475,-0.5493750000000001,-0.78155,-0.221325,-0.8424,-1.170775,-1.053675,-0.21165,0.311,-0.8492500000000001,-0.8611249999999999,-1.075575,-0.27742500000000003,-0.6395000000000001,-0.6353,-1.06955,-0.776025,-0.6664,-1.0802749999999999,-0.8875500000000001,-0.6534500000000001,-1.2292999999999998,0.0,0.0,0.0,0.0,0.0,0.0,0.0,0.0,0.0,0.0,0.0,0.0,0.0,0.0,0.0,0.0,0.0,0.0,0.0,0.0,0.0,0.0,0.0,0.0,0.0,0.0,0.0,0.0,0.0,0.0,0.0,0.0,0.0,0.0,0.0,0.0,0.0,0.0,0.0,0.0,0.0,0.0,0.0,0.0,0.0,0.0,0.0,0.0,0.0,0.0,0.0,0.0,0.0,0.0,0.0,0.0,0.0,0.0,0.0,0.0,0.0,0.0,0.0,0.0,0.0,0.0,0.0,0.0,0.0,0.0,0.0,0.0,0.0,0.0,0.0,0.0,0.0,0.0,0.0,0.0,0.0,0.0,0.0,0.0,0.0,0.0,0.0,0.0,0.0,0.0,0.0,0.0,0.0,0.0,0.0,0.0,0.0,0.0,0.0,0.0,0.0,0.0,0.0,0.0,0.0
0.0,0.0,0.0,0.0,0.0,0.0,0.0,0.0,0.0,0.0,0.0,0.0,0.0,0.0,0.0,0.0,0.0,0.0,0.0,0.0,0.0,0.0,0.0,0.0,0.0,0.0,0.0,0.0,0.0,0.0,0.0,0.0,0.0,0.0,0.0,0.0,0.0,0.0,0.0,0.0,0.0,0.0,0.0,0.0,0.0,0.0,0.0,0.0,0.0,0.0,0.0,0.0,0.0,0.0,0.0,0.0,0.0,0.0,0.0,0.0,0.0,0.0,0.0,0.0,0.0,0.0,0.0,0.0,0.0,0.0,0.0,0.0,0.0,0.0,0.0,0.0,0.0,0.0,0.0,0.0,0.0,0.0,0.0,0.0,0.0,0.0,0.0,0.0,0.0,0.0,0.0,0.0,0.0,0.0,0.0,0.0,0.0,0.0,0.0,0.0,0.0,0.0,0.0,0.6642,0.788525,0.88785,0.341425,0.7302,0.572575,1.0588250000000001,0.7309749999999999,0.069,0.31065,0.2182,0.8639749999999999,0.500075,0.73395,0.054275000000000004,0.48009999999999997,0.9650749999999999,0.966475,-0.047,-0.3568,0.421175,0.8094,1.110125,0.461325,-0.3393,0.080275,0.74195,0.699525,-0.043575,-0.12505,-0.138375,0.873375,0.28025,0.247775,0.121925,-0.23495,0.28585,0.27185,0.48360000000000003,0.15605,0.1273,0.326225,0.46815,0.29725,-0.044725,-0.051825,-0.13595000000000002,0.77485,0.281975,-0.189225,-0.507025,0.39495,1.069,0.302975,-0.70385,-0.514825,0.23015000000000002,0.255375,0.27425,0.015524999999999999,-0.22285,0.4762,0.36465000000000003,0.13922500000000002,-0.445225,-0.25275,0.17675,0.15860000000000002,0.38295,-0.15905,-0.06609999999999999,-0.10062499999999999,0.146375,0.23415,0.079125,-0.342375,-0.6387750000000001,0.5695,0.199625,-0.040475,-0.307275,-0.233825,0.478175,0.60625,-0.2189,-0.612675,-0.15225,0.145225,0.3909,-0.17595,-0.2871,-0.15245,-0.024975,-0.103925,-0.27665,0.030625,-0.44937499999999997,-0.1389,0.27475,-0.39944999999999997,-0.190025,-0.7251000000000001,-0.26422500000000004,0.041425000000000003,0.091075,-0.3795,-0.59295,-0.189475,0.141025,0.30782499999999996,-0.3001,-0.46247499999999997,-0.60535,-0.09135,-0.1259,-0.70375,-0.541075,0.0050999999999999995,-0.018075,0.023899999999999998,-0.48614999999999997,-0.561825,-0.128225,-0.34714999999999996,-0.37925,-0.12285,-0.58475,-0.6608,-0.19472499999999998,-0.32872500000000004,-0.5308499999999999,-0.9573,-0.9505,-0.44075,0.01725,-0.3549,-0.830975,-0.341075,-0.1746,-0.17504999999999998,-0.241225,-0.881175,-0.7151500000000001,-0.5062,-0.010225,-0.194575,-0.901725,-0.7986,-0.27225,-0.112675,-0.030125,-0.68505,-0.5545,-0.717425,-0.49815,-0.0091,-0.207525,-0.015025,-0.6627,-0.036324999999999996,-0.5377,-0.36634999999999995,-0.866525,-0.8276249999999999,-0.417775,-0.676625,-0.48467499999999997,-0.92255,-0.90345,-0.1438,-0.416975,-0.8544499999999999,-1.232,-1.16625,-0.338575,-0.2539,-0.91355,-1.271425,-0.8699,-0.44082499999999997,-0.516175,-1.18415,-0.934725,-0.8566,-0.578075,-0.53735,-0.639475,-0.58945,-1.0262,-0.93145,-0.498725,-0.0236,-0.909425,-0.93385,0.0,0.0,0.0,0.0,0.0,0.0,0.0,0.0,0.0,0.0,0.0,0.0,0.0,0.0,0.0,0.0,0.0,0.0,0.0,0.0,0.0,0.0,0.0,0.0,0.0,0.0,0.0,0.0,0.0,0.0,0.0,0.0,0.0,0.0,0.0,0.0,0.0,0.0,0.0,0.0,0.0,0.0,0.0,0.0,0.0,0.0,0.0,0.0,0.0,0.0,0.0,0.0,0.0,0.0,0.0,0.0,0.0,0.0,0.0,0.0,0.0,0.0,0.0,0.0,0.0,0.0,0.0,0.0,0.0,0.0,0.0,0.0,0.0,0.0,0.0,0.0,0.0,0.0,0.0,0.0,0.0,0.0,0.0,0.0,0.0,0.0,0.0,0.0,0.0,0.0,0.0,0.0,0.0,0.0,0.0,0.0,0.0,0.0,0.0,0.0,0.0,0.0,0.0
0.0,0.0,0.0,0.0,0.0,0.0,0.0,0.0,0.0,0.0,0.0,0.0,0.0,0.0,0.0,0.0,0.0,0.0,0.0,0.0,0.0,0.0,0.0,0.0,0.0,0.0,0.0,0.0,0.0,0.0,0.0,0.0,0.0,0.0,0.0,0.0,0.0,0.0,0.0,0.0,0.0,0.0,0.0,0.0,0.0,0.0,0.0,0.0,0.0,0.0,0.0,0.0,0.0,0.0,0.0,0.0,0.0,0.0,0.0,0.0,0.0,0.0,0.0,0.0,0.0,0.0,0.0,0.0,0.0,0.0,0.0,0.0,0.0,0.0,0.0,0.0,0.0,0.0,0.0,0.0,0.0,0.0,0.0,0.0,0.0,0.0,0.0,0.0,0.0,0.0,0.0,0.0,0.0,0.0,0.0,0.0,0.0,0.0,0.0,0.0,0.0,0.0,0.7150500000000001,-0.0222,0.2087,1.2235,0.792725,0.8469,0.337975,-0.157225,0.710375,1.52695,0.22415000000000002,0.501325,0.50085,0.54175,0.753925,1.0842500000000002,0.3711,-0.158775,0.64865,1.03715,0.863925,0.08265,-0.19945000000000002,0.219775,0.640425,0.552325,-0.14600000000000002,-0.2437,0.474275,0.951975,0.909675,-0.0213,0.064725,0.15555000000000002,0.609375,0.46709999999999996,0.2545,-0.0655,0.4073,1.034575,0.27475,0.065625,-0.19715,-0.072925,0.07780000000000001,0.48577499999999996,0.4286,-0.14175000000000001,0.27307499999999996,0.327,0.706575,0.22544999999999998,-0.008749999999999999,-0.43222499999999997,0.419525,0.717175,0.12037500000000001,-0.104025,-0.23685,0.68645,0.713375,0.06647499999999999,-0.41910000000000003,-0.27264999999999995,0.1855,0.33775,0.43189999999999995,-0.11225,-0.06265,0.25475,0.1663,0.128825,-0.106225,-0.2182,-0.3495,0.31005,0.14675,0.0178,-0.42285,-0.001175,0.24755,0.3833,-0.0927,-0.503675,-0.232175,0.362975,0.40695,-0.069025,-0.5215,0.059575,0.2295,0.13105,-0.40175,-0.419875,-0.2979,0.0166,-0.092075,-0.253,-0.476125,-0.435925,-0.054175,-0.226575,-0.101475,-0.560575,-0.5039,0.1925,-0.0487,0.035324999999999995,-0.380975,-0.62325,-0.195475,0.0987,-0.056225,-0.7071000000000001,-0.485925,-0.17272500000000002,0.09035,-0.3086,-0.551775,-0.6953,-0.32145,0.1879,-0.44684999999999997,-0.611975,-0.42875,-0.36582499999999996,0.1371,-0.178775,-0.303975,-0.64775,-0.52925,-0.6228,-0.0766,-0.121875,-0.8055000000000001,-0.6316,-0.21757500000000002,0.126075,-0.45325,-0.7592249999999999,-0.6112,-0.200925,-0.1978,-0.600125,-0.60315,-0.43010000000000004,0.05645,-0.45887500000000003,-0.8020750000000001,-0.805225,-0.6532250000000001,-0.31767500000000004,-0.488075,-0.029625000000000002,-0.5415000000000001,-0.419025,-0.49145,-0.022925,-0.419925,-0.681475,-0.6343,-0.34085,-0.30485,-0.3495,-0.617275,-0.90535,-0.613775,-0.813175,-0.1571,-0.749675,-1.0866749999999998,-0.15515,-0.397675,-0.41855,-0.6255499999999999,-0.5652,-0.28959999999999997,-0.5711999999999999,-0.31070000000000003,-1.15405,-0.744575,-0.587225,-0.719125,-0.9028,-0.945775,-0.84885,-1.2481,-0.4379,-0.82375,-0.66955,-0.688,-1.0567,-0.7496499999999999,-0.4023,-0.252575,-0.478775,0.0,0.0,0.0,0.0,0.0,0.0,0.0,0.0,0.0,0.0,0.0,0.0,0.0,0.0,0.0,0.0,0.0,0.0,0.0,0.0,0.0,0.0,0.0,0.0,0.0,0.0,0.0,0.0,0.0,0.0,0.0,0.0,0.0,0.0,0.0,0.0,0.0,0.0,0.0,0.0,0.0,0.0,0.0,0.0,0.0,0.0,0.0,0.0,0.0,0.0,0.0,0.0,0.0,0.0,0.0,0.0,0.0,0.0,0.0,0.0,0.0,0.0,0.0,0.0,0.0,0.0,0.0,0.0,0.0,0.0,0.0,0.0,0.0,0.0,0.0,0.0,0.0,0.0,0.0,0.0,0.0,0.0,0.0,0.0,0.0,0.0,0.0,0.0,0.0,0.0,0.0,0.0,0.0,0.0,0.0,0.0,0.0,0.0,0.0,0.0,0.0,0.0
0.0,0.0,0.0,0.0,0.0,0.0,0.0,0.0,0.0,0.0,0.0,0.0,0.0,0.0,0.0,0.0,0.0,0.0,0.0,0.0,0.0,0.0,0.0,0.0,0.0,0.0,0.0,0.0,0.0,0.0,0.0,0.0,0.0,0.0,0.0,0.0,0.0,0.0,0.0,0.0,0.0,0.0,0.0,0.0,0.0,0.0,0.0,0.0,0.0,0.0,0.0,0.0,0.0,0.0,0.0,0.0,0.0,0.0,0.0,0.0,0.0,0.0,0.0,0.0,0.0,0.0,0.0,0.0,0.0,0.0,0.0,0.0,0.0,0.0,0.0,0.0,0.0,0.0,0.0,0.0,0.0,0.0,0.0,0.0,0.0,0.0,0.0,0.0,0.0,0.0,0.0,0.0,0.0,0.0,0.0,0.0,0.0,0.0,0.0,0.0,0.3336,0.538175,1.121375,1.431975,0.197675,0.259725,0.544675,1.1308500000000001,1.448375,0.77235,0.163575,0.017224999999999997,0.8788,0.689625,0.508075,0.409825,0.224075,0.950625,1.083975,0.5385,0.292225,-0.272975,0.39895,0.5574250000000001,0.5117,-0.036699999999999997,-0.03065,0.5104,1.0696999999999999,0.8333250000000001,-0.01685,-0.1886,0.248475,0.933025,0.28654999999999997,0.079375,0.036575,0.548975,1.0638999999999998,0.394325,0.277875,-0.017725,0.08232500000000001,0.534475,0.357075,0.2248,-0.0371,0.194625,0.5521,0.536,0.12205,0.006875,-0.153825,0.2167,0.544175,0.114575,0.10644999999999999,-0.237275,0.5549499999999999,0.44625000000000004,0.08952500000000001,-0.29555,-0.26165,0.38517500000000005,0.349025,0.344175,-0.246675,0.089075,0.55435,0.397525,-0.0071,-0.28737500000000005,-0.136325,-0.12434999999999999,0.31820000000000004,0.030824999999999998,-0.107875,-0.19355,-0.2505,0.398575,-0.04405,-0.01185,-0.9291,-0.124725,0.648775,0.34475,-0.09595000000000001,-0.5445,0.047625,0.374175,0.20202499999999998,-0.33555,-0.622175,-0.07605,0.14049999999999999,0.43335,-0.275725,-0.586475,-0.400175,0.053775,-0.204725,-0.32945,-0.24527500000000002,-0.41495,0.127975,0.285575,-0.150675,-0.348175,-0.38415,-0.288925,-0.10005,0.06847500000000001,-0.64695,-0.36319999999999997,-0.129325,0.38684999999999997,-0.080275,-0.7954,-0.796575,-0.5687,0.154,-0.133325,-0.38325,-0.49075,-0.2186,0.209975,-0.48195,-0.6566000000000001,-0.671575,-0.26605,-0.33545,-0.45709999999999995,-0.3761,-0.5785750000000001,-0.191925,-0.34887500000000005,-0.142725,-0.48455000000000004,-0.629975,-0.68405,-0.379775,0.15905000000000002,-0.70975,-0.45085000000000003,-0.174725,-0.092025,-0.1903,-0.549725,-0.836225,-0.62505,-0.48907500000000004,-0.070825,-0.5881,-0.68375,-0.39815,0.035025,-0.169,-0.258625,-0.508275,-0.694925,-0.854225,-0.1343,-0.360475,-0.5314749999999999,-0.8351500000000001,-0.5645749999999999,-0.838225,-0.1454,-0.561525,-0.99985,-0.531075,-0.163275,-0.82215,-0.28465,-0.754675,-0.628625,-0.76465,-0.47200000000000003,-1.003475,-0.90205,-0.8849,-0.392575,-0.90875,-1.1462,-1.254025,-0.536,-0.562675,-0.578175,-1.2199749999999998,-1.1548,-0.762975,-0.6969000000000001,-0.5301,-1.1958000000000002,-0.8953249999999999,-1.591425,-1.041375,-0.07265,-0.808725,-1.096125,0.0,0.0,0.0,0.0,0.0,0.0,0.0,0.0,0.0,0.0,0.0,0.0,0.0,0.0,0.0,0.0,0.0,0.0,0.0,0.0,0.0,0.0,0.0,0.0,0.0,0.0,0.0,0.0,0.0,0.0,0.0,0.0,0.0,0.0,0.0,0.0,0.0,0.0,0.0,0.0,0.0,0.0,0.0,0.0,0.0,0.0,0.0,0.0,0.0,0.0,0.0,0.0,0.0,0.0,0.0,0.0,0.0,0.0,0.0,0.0,0.0,0.0,0.0,0.0,0.0,0.0,0.0,0.0,0.0,0.0,0.0,0.0,0.0,0.0,0.0,0.0,0.0,0.0,0.0,0.0,0.0,0.0,0.0,0.0,0.0,0.0,0.0,0.0,0.0,0.0,0.0,0.0,0.0,0.0,0.0,0.0,0.0,0.0,0.0,0.0
0.0,0.0,0.0,0.0,0.0,0.0,0.0,0.0,0.0,0.0,0.0,0.0,0.0,0.0,0.0,0.0,0.0,0.0,0.0,0.0,0.0,0.0,0.0,0.0,0.0,0.0,0.0,0.0,0.0,0.0,0.0,0.0,0.0,0.0,0.0,0.0,0.0,0.0,0.0,0.0,0.0,0.0,0.0,0.0,0.0,0.0,0.0,0.0,0.0,0.0,0.0,0.0,0.0,0.0,0.0,0.0,0.0,0.0,0.0,0.0,0.0,0.0,0.0,0.0,0.0,0.0,0.0,0.0,0.0,0.0,0.0,0.0,0.0,0.0,0.0,0.0,0.0,0.0,0.0,0.0,0.0,0.0,0.0,0.0,0.0,0.0,0.0,0.0,0.0,0.0,0.0,0.0,0.0,0.0,0.0,0.0,0.0,0.0,0.0,0.8509,0.91395,0.257,-0.23,0.778825,0.959425,0.921275,0.75765,-0.0487,0.774,0.5351,1.142575,0.30035,0.548975,0.35964999999999997,0.9267749999999999,0.9382,0.574775,0.402825,0.040725000000000004,0.564225,0.24362499999999998,0.2399,-0.147675,-0.196,0.815025,0.703025,0.73095,-0.00975,-0.182525,0.178225,0.7884249999999999,0.30720000000000003,-0.00265,0.05675,0.311125,1.158875,0.50495,-0.0584,-0.005475,0.457025,0.5873250000000001,0.19929999999999998,0.219,-0.021374999999999998,0.390075,0.2661,0.440525,0.154825,0.006625,0.0248,0.351825,0.630825,0.191125,0.116575,0.020375,0.8553499999999999,0.667,0.06715,-0.7290749999999999,-0.6137,0.514375,0.32682500000000003,0.15157500000000002,-0.25635,-0.175075,0.33255,0.26375,0.29165,-0.510675,0.1366,0.23415000000000002,0.2585,0.2581,-0.143675,0.0861,0.0905,0.068325,-0.21115,-0.138425,-0.5133749999999999,-0.203675,0.28665,0.255325,0.0285,-0.377925,0.11324999999999999,0.087325,0.3752,-0.388975,-0.55845,0.26287499999999997,0.537275,0.141175,-0.28759999999999997,-0.388575,-0.16755,0.02295,0.060375,-0.6452,-0.20804999999999998,-0.20882499999999998,0.20984999999999998,0.30335,-0.351425,-0.36460000000000004,-0.20900000000000002,0.19565,-0.0409,-0.069175,-0.6658999999999999,-0.4205,0.08979999999999999,-0.0132,-0.053975,-0.564625,-0.7945249999999999,-0.414225,-0.09507499999999999,-0.3063,-0.5904,-0.431175,0.037525,0.247125,-0.34819999999999995,-0.4792,-0.590075,-0.05265,0.1735,-0.4011,-0.3658,-0.708225,-0.23255,-0.154275,-0.142575,-0.55025,-0.491025,-0.471425,-0.0801,-0.211425,-0.49987499999999996,-0.38744999999999996,-0.22615000000000002,-0.15592499999999998,-0.237875,-0.34945000000000004,-0.96065,-0.6739,0.03995,0.1585,-0.34065,-0.791225,-0.739325,-0.451975,-0.5071749999999999,-0.252125,-0.9458500000000001,-0.42345,-0.19287500000000002,-0.514575,-0.5243,-0.7821,-0.292825,-0.5174500000000001,-0.2545,-0.817725,-0.85685,-0.6684,-0.6092500000000001,-0.5837749999999999,-0.3891,-0.783375,-0.998475,-0.80215,0.228575,-0.4246,-0.782775,-1.076625,-0.4631,-0.30355,-0.381675,-0.755525,-0.632725,-0.969225,-0.29645,-0.948775,-1.112025,-0.771425,-0.93355,-0.2852,-0.710275,-0.477775,-0.77005,-0.3976,-0.6947,-0.8063,-0.88265,-1.001725,-0.21805,-0.527475,-0.9693,0.178,0.0,0.0,0.0,0.0,0.0,0.0,0.0,0.0,0.0,0.0,0.0,0.0,0.0,0.0,0.0,0.0,0.0,0.0,0.0,0.0,0.0,0.0,0.0,0.0,0.0,0.0,0.0,0.0,0.0,0.0,0.0,0.0,0.0,0.0,0.0,0.0,0.0,0.0,0.0,0.0,0.0,0.0,0.0,0.0,0.0,0.0,0.0,0.0,0.0,0.0,0.0,0.0,0.0,0.0,0.0,0.0,0.0,0.0,0.0,0.0,0.0,0.0,0.0,0.0,0.0,0.0,0.0,0.0,0.0,0.0,0.0,0.0,0.0,0.0,0.0,0.0,0.0,0.0,0.0,0.0,0.0,0.0,0.0,0.0,0.0,0.0,0.0,0.0,0.0,0.0,0.0,0.0,0.0,0.0,0.0,0.0,0.0,0.0,0.0
0.0,0.0,0.0,0.0,0.0,0.0,0.0,0.0,0.0,0.0,0.0,0.0,0.0,0.0,0.0,0.0,0.0,0.0,0.0,0.0,0.0,0.0,0.0,0.0,0.0,0.0,0.0,0.0,0.0,0.0,0.0,0.0,0.0,0.0,0.0,0.0,0.0,0.0,0.0,0.0,0.0,0.0,0.0,0.0,0.0,0.0,0.0,0.0,0.0,0.0,0.0,0.0,0.0,0.0,0.0,0.0,0.0,0.0,0.0,0.0,0.0,0.0,0.0,0.0,0.0,0.0,0.0,0.0,0.0,0.0,0.0,0.0,0.0,0.0,0.0,0.0,0.0,0.0,0.0,0.0,0.0,0.0,0.0,0.0,0.0,0.0,0.0,0.0,0.0,0.0,0.0,0.0,0.0,0.0,0.0,0.0,0.0,0.0,0.447275,0.0263,0.59465,0.689375,1.4099249999999999,1.209025,0.0363,0.572275,1.7309,0.83495,0.02085,-0.391525,0.5009,0.992025,1.0481250000000002,0.6561750000000001,0.27647499999999997,0.257775,0.8796999999999999,0.39575,0.600025,0.211875,0.115975,0.19137500000000002,0.446625,0.689575,0.26697499999999996,0.02975,0.3945,0.70805,0.449275,-0.28025,0.13942500000000002,0.467075,1.0020250000000002,0.5725,-0.10400000000000001,-0.1681,0.196325,0.8226,0.414675,0.041325,-0.045200000000000004,0.367375,0.6732750000000001,0.2884,-0.07535,-0.0815,0.10805000000000001,0.419575,0.47419999999999995,-0.00805,0.3124,0.2912,0.3531,0.311925,0.08245000000000001,-0.1844,-0.2009,0.5884499999999999,0.5452250000000001,-0.155475,-0.2202,-0.1037,0.7232,0.40145,-0.06725,-0.51385,-0.05785,0.4992,0.469025,0.10497500000000001,-0.23299999999999998,0.048725000000000004,0.437425,0.2741,-0.20385,-0.1696,-0.2927,-0.08,0.416725,0.04095,-0.03835,-0.51135,-0.025575,0.149175,0.0547,-0.456125,-0.409125,0.00735,0.624325,0.29622499999999996,-0.08835,-0.38232499999999997,-0.17454999999999998,-0.02145,0.085825,-0.7209749999999999,-0.563725,-0.20915,0.334825,0.107075,-0.40145,-0.383225,-0.27705,-0.08625,-0.32320000000000004,-0.22555,-0.36465000000000003,-0.0767,0.062025,-0.018275,-0.062975,-0.4895,-0.429225,-0.45704999999999996,0.000275,-0.257475,-0.6312,-0.4873,-0.044950000000000004,0.12789999999999999,-0.2345,-0.61785,-0.66575,-0.057050000000000003,0.221425,-0.393875,-0.43167500000000003,-0.3325,0.2124,-0.050350000000000006,-0.31677500000000003,-0.401375,-0.566225,-0.3053,-0.422,-0.074875,-0.667325,-0.24675,-0.397625,-0.247825,-0.6727000000000001,-0.374775,-0.563975,-0.6199749999999999,-0.41265,-0.10035,-0.415375,-0.9317500000000001,-0.3419,-0.2132,-0.13974999999999999,-0.528025,-1.0542,-0.4478,-0.42257500000000003,-0.133725,-0.60085,-0.828175,-0.8477,-0.341375,-0.37344999999999995,-0.7799,-0.668,-0.29037500000000005,-0.51305,-0.17877500000000002,-0.579125,-0.6528750000000001,-0.706175,-0.580525,-0.450375,-0.25005,-0.3623,-0.8245,-0.335675,-0.730375,-0.61545,-0.900775,-0.9878250000000001,-1.114575,0.14675,-0.396525,-1.030475,-0.29907500000000004,-0.991825,-0.6093500000000001,-0.6522249999999999,-0.647675,-1.0250750000000002,-0.892975,-0.8661,-1.007,-0.8186,-0.602625,-0.86395,-0.6495,-0.85085,-0.8662,-0.774525,-0.929225,-0.95585,-0.0711,0.0,0.0,0.0,0.0,0.0,0.0,0.0,0.0,0.0,0.0,0.0,0.0,0.0,0.0,0.0,0.0,0.0,0.0,0.0,0.0,0.0,0.0,0.0,0.0,0.0,0.0,0.0,0.0,0.0,0.0,0.0,0.0,0.0,0.0,0.0,0.0,0.0,0.0,0.0,0.0,0.0,0.0,0.0,0.0,0.0,0.0,0.0,0.0,0.0,0.0,0.0,0.0,0.0,0.0,0.0,0.0,0.0,0.0,0.0,0.0,0.0,0.0,0.0,0.0,0.0,0.0,0.0,0.0,0.0,0.0,0.0,0.0,0.0,0.0,0.0,0.0,0.0,0.0,0.0,0.0,0.0,0.0,0.0,0.0,0.0,0.0,0.0,0.0,0.0,0.0,0.0,0.0,0.0,0.0,0.0,0.0,0.0,0.0
0.0,0.0,0.0,0.0,0.0,0.0,0.0,0.0,0.0,0.0,0.0,0.0,0.0,0.0,0.0,0.0,0.0,0.0,0.0,0.0,0.0,0.0,0.0,0.0,0.0,0.0,0.0,0.0,0.0,0.0,0.0,0.0,0.0,0.0,0.0,0.0,0.0,0.0,0.0,0.0,0.0,0.0,0.0,0.0,0.0,0.0,0.0,0.0,0.0,0.0,0.0,0.0,0.0,0.0,0.0,0.0,0.0,0.0,0.0,0.0,0.0,0.0,0.0,0.0,0.0,0.0,0.0,0.0,0.0,0.0,0.0,0.0,0.0,0.0,0.0,0.0,0.0,0.0,0.0,0.0,0.0,0.0,0.0,0.0,0.0,0.0,0.0,0.0,0.0,0.0,0.0,0.0,0.0,0.0,0.0,0.0,-0.460025,0.8992249999999999,0.77345,0.9936750000000001,0.82235,-0.26365,0.632475,0.48685,1.239325,0.126925,-0.069275,0.623975,1.4922,0.96215,0.25415,-0.061625,0.5480750000000001,0.8470500000000001,0.50465,0.16512500000000002,-0.09090000000000001,0.512625,0.851225,0.660925,0.15815,-0.023875,0.297675,0.32745,0.5746,0.3557,0.0019500000000000001,0.155475,0.706075,0.7737,0.40552499999999997,-0.1304,0.017775,0.5784750000000001,0.76185,0.337525,-0.044575,-0.17022500000000002,0.8871,1.0609250000000001,0.3984,-0.021425,0.02685,0.309375,0.5316,0.3279,-0.158525,0.2757,0.75115,0.57325,0.47819999999999996,-0.08115,-0.062325000000000005,-0.164225,0.5747,0.5831999999999999,0.2514,0.073975,-0.1671,0.38765,0.242025,-0.244975,-0.4561,-0.18480000000000002,0.414275,0.35705,-0.035875,-0.24182499999999998,-0.01185,0.489625,0.22970000000000002,-0.450125,-0.423825,-0.257325,0.2643,0.556575,-0.06605,-0.19505,-0.121925,0.062075,-0.0291,-0.15839999999999999,-0.1542,-0.2606,0.2621,0.13635,0.1438,-0.19745000000000001,-0.304825,-0.223575,0.28912499999999997,-0.050449999999999995,-0.58755,-0.51915,-0.0984,0.323975,0.15494999999999998,-0.5353749999999999,-0.616925,-0.101,0.48945,-0.24887499999999999,-0.6297,-0.309425,-0.211775,0.1402,-0.19540000000000002,-0.48815,-0.5202249999999999,-0.1821,0.117925,0.073875,-0.134675,-0.40364999999999995,-0.3189,-0.235775,-0.09805,-0.345825,-0.7191500000000001,-0.77445,-0.25465000000000004,0.171625,-0.29305,-0.47167499999999996,-0.420175,0.23404999999999998,0.282725,-0.1792,-0.6797249999999999,-0.85585,0.103575,-0.39932500000000004,-0.3076,-0.529425,-0.57985,-0.1918,-0.13935,-0.61515,-0.86765,-0.73,-0.663825,-0.27737500000000004,-0.106475,-0.370625,-0.64105,-0.45215,-0.338825,-0.7004999999999999,-0.670225,-0.7051499999999999,-0.615025,0.11585,-0.17405,-0.159,-0.712075,-0.385875,-0.368625,-0.30895,-0.84005,-0.672125,-0.5185,-0.140875,-0.22440000000000002,-0.77015,-0.44257500000000005,-0.72385,-0.330775,-0.6567500000000001,-0.4592,-0.61075,-0.87925,-0.44845,-0.41215,-0.351725,-0.517775,-0.609725,-0.8731,-0.39054999999999995,-0.430025,-0.8339,-0.6307,-0.33287500000000003,0.02735,-0.329975,-1.2270750000000001,-1.072125,-0.765875,-0.267625,-1.067975,-1.198525,-0.891675,-0.273525,-0.40559999999999996,-0.386575,-0.8842749999999999,-0.80055,-0.838625,-1.0133750000000001,-0.7108,-0.693275,-0.686875,-1.394225,-1.1006749999999998,-0.819175,0.0,0.0,0.0,0.0,0.0,0.0,0.0,0.0,0.0,0.0,0.0,0.0,0.0,0.0,0.0,0.0,0.0,0.0,0.0,0.0,0.0,0.0,0.0,0.0,0.0,0.0,0.0,0.0,0.0,0.0,0.0,0.0,0.0,0.0,0.0,0.0,0.0,0.0,0.0,0.0,0.0,0.0,0.0,0.0,0.0,0.0,0.0,0.0,0.0,0.0,0.0,0.0,0.0,0.0,0.0,0.0,0.0,0.0,0.0,0.0,0.0,0.0,0.0,0.0,0.0,0.0,0.0,0.0,0.0,0.0,0.0,0.0,0.0,0.0,0.0,0.0,0.0,0.0,0.0,0.0,0.0,0.0,0.0,0.0,0.0,0.0,0.0,0.0,0.0,0.0,0.0,0.0,0.0,0.0,0.0,0.0
0.0,0.0,0.0,0.0,0.0,0.0,0.0,0.0,0.0,0.0,0.0,0.0,0.0,0.0,0.0,0.0,0.0,0.0,0.0,0.0,0.0,0.0,0.0,0.0,0.0,0.0,0.0,0.0,0.0,0.0,0.0,0.0,0.0,0.0,0.0,0.0,0.0,0.0,0.0,0.0,0.0,0.0,0.0,0.0,0.0,0.0,0.0,0.0,0.0,0.0,0.0,0.0,0.0,0.0,0.0,0.0,0.0,0.0,0.0,0.0,0.0,0.0,0.0,0.0,0.0,0.0,0.0,0.0,0.0,0.0,0.0,0.0,0.0,0.0,0.0,0.0,0.0,0.0,0.0,0.0,0.0,0.0,0.0,0.0,0.0,0.0,0.0,0.0,0.0,0.0,0.0,0.0,0.0,0.0,0.0,1.782175,1.297075,0.9342,0.2379,0.841,0.827275,0.823075,-0.21155000000000002,-0.165175,0.830775,1.1809500000000002,1.12315,0.0051,0.279675,0.43605,1.108775,0.70435,-0.0872,-0.07405,0.351,1.50525,0.239075,0.069275,-0.0597,0.551575,0.479125,0.25475000000000003,0.602975,0.131525,0.3821,0.6979,0.580075,0.29242500000000005,-0.23162500000000003,0.0856,0.281575,0.652575,0.406825,-0.070825,-0.0015999999999999999,0.56775,1.10935,0.2738,-0.23854999999999998,-0.123775,0.662125,0.454575,0.232075,0.170525,0.19735,0.62565,0.6264500000000001,0.27695000000000003,-0.41695000000000004,-0.151875,0.56775,0.440225,0.299325,-0.044575,0.233025,0.12090000000000001,0.537025,0.467075,0.039725,-0.37275,-0.1186,0.478575,0.3231,-0.008725,-0.475925,0.13235000000000002,0.485025,0.39875000000000005,-0.35385,-0.6004,0.14485,0.2447,0.347875,-0.10795,-0.246575,0.193325,0.27525,0.143975,-0.25245,0.016274999999999998,-0.091375,0.26895,0.361275,0.146275,0.023425,-0.26327500000000004,0.07515,0.10005,0.234575,-0.6259250000000001,-0.34340000000000004,0.01095,0.29945,0.196325,-0.49445,-0.58275,-0.214025,0.441775,-0.20025,-0.6393249999999999,-0.4089,-0.0046,0.37192499999999995,-0.37729999999999997,-0.445075,-0.377625,-0.009625,0.092225,-0.2565,-0.162125,-0.38285,-0.2633,-0.122775,-0.247075,-0.280875,-0.497975,-0.603225,-0.2975,-0.077325,-0.457175,-0.522675,-0.284925,0.149475,0.046375,-0.33940000000000003,-0.741125,-0.785825,0.341575,-0.1856,-0.3113,-0.48960000000000004,-0.25470000000000004,0.011775,-0.1898,-0.458425,-0.7979,-0.253375,-0.426275,-0.136675,-0.30205,-0.39499999999999996,-0.27480000000000004,-0.4179,-0.459725,-0.23622500000000002,-0.353575,-0.5146,-0.7520249999999999,0.1026,-0.20865,-0.3893,-0.596775,-0.55565,-0.396675,-0.6282000000000001,-0.624925,-0.96645,-0.3043,0.179475,-0.233575,-0.5275749999999999,-0.825,-0.4411,-0.16225,-0.46485,-0.895225,-0.7126,-0.6129749999999999,-0.25065000000000004,-0.44389999999999996,-0.8595250000000001,-0.990175,-1.022625,-0.578825,-0.272,-0.41509999999999997,-0.955175,-0.6726749999999999,-0.237875,-0.392925,-0.637825,-0.745375,-1.0275750000000001,-0.579325,-0.6068250000000001,-0.780225,-1.086275,-0.50295,-0.427725,-0.14245,-1.3666,-0.9659500000000001,-1.0273,-0.88595,-0.5461,-0.7392749999999999,-1.0244,-1.110225,-1.031075,-0.5673,-0.626025,-0.555475,-0.33415,-1.1313499999999999,-0.706975,0.0,0.0,0.0,0.0,0.0,0.0,0.0,0.0,0.0,0.0,0.0,0.0,0.0,0.0,0.0,0.0,0.0,0.0,0.0,0.0,0.0,0.0,0.0,0.0,0.0,0.0,0.0,0.0,0.0,0.0,0.0,0.0,0.0,0.0,0.0,0.0,0.0,0.0,0.0,0.0,0.0,0.0,0.0,0.0,0.0,0.0,0.0,0.0,0.0,0.0,0.0,0.0,0.0,0.0,0.0,0.0,0.0,0.0,0.0,0.0,0.0,0.0,0.0,0.0,0.0,0.0,0.0,0.0,0.0,0.0,0.0,0.0,0.0,0.0,0.0,0.0,0.0,0.0,0.0,0.0,0.0,0.0,0.0,0.0,0.0,0.0,0.0,0.0,0.0,0.0,0.0,0.0,0.0,0.0,0.0
0.0,0.0,0.0,0.0,0.0,0.0,0.0,0.0,0.0,0.0,0.0,0.0,0.0,0.0,0.0,0.0,0.0,0.0,0.0,0.0,0.0,0.0,0.0,0.0,0.0,0.0,0.0,0.0,0.0,0.0,0.0,0.0,0.0,0.0,0.0,0.0,0.0,0.0,0.0,0.0,0.0,0.0,0.0,0.0,0.0,0.0,0.0,0.0,0.0,0.0,0.0,0.0,0.0,0.0,0.0,0.0,0.0,0.0,0.0,0.0,0.0,0.0,0.0,0.0,0.0,0.0,0.0,0.0,0.0,0.0,0.0,0.0,0.0,0.0,0.0,0.0,0.0,0.0,0.0,0.0,0.0,0.0,0.0,0.0,0.0,0.0,0.0,0.0,0.0,0.0,0.0,0.0,0.0,0.69825,0.3327,0.966825,1.198975,0.664525,0.8525,0.38280000000000003,0.18185,0.9626,0.9328000000000001,1.082675,0.1076,-0.115575,0.6938,1.072575,0.591975,0.060475,0.5230250000000001,0.6245499999999999,1.274675,0.7321,0.0698,0.19645,0.173925,0.96165,0.467275,0.038675,-0.045625,0.69425,0.84795,0.546475,0.08865,-0.08222499999999999,0.24712499999999998,0.32275,0.5838,0.363725,-0.09015,0.320075,0.794775,0.8538250000000001,0.40875,0.02035,-0.0567,0.804575,0.6539250000000001,0.239,0.17522500000000002,0.0686,1.0018500000000001,0.927075,0.386025,-0.15365,0.156975,0.1331,0.47114999999999996,0.077125,-0.11705,0.172,0.2528,0.113775,0.11674999999999999,-0.131525,-0.11532500000000001,-0.097675,0.420825,0.38694999999999996,0.10575,-0.175225,0.038075,0.27459999999999996,0.1637,-0.351275,-0.479475,0.301025,0.585675,0.38382499999999997,-0.127175,-0.52545,0.123025,0.2602,0.36250000000000004,-0.405,-0.289875,0.0219,0.457075,0.307725,-0.184775,0.102575,-0.12865,0.15065,-0.01075,-0.1431,-0.040225,-0.18185,0.13799999999999998,0.28025,0.07765,-0.473875,-0.502425,-0.12405000000000001,0.27075,-0.280175,-0.7167749999999999,-0.365975,-0.00425,0.44975,-0.084875,-0.6930499999999999,-0.544725,-0.1686,0.03845,-0.471475,-0.445075,-0.456175,0.5604750000000001,0.10805,-0.16875,-0.717525,-0.488875,-0.12494999999999999,-0.20682499999999998,-0.18072500000000002,-0.4706,-0.538125,-0.440575,0.113025,-0.20850000000000002,-0.3875,-0.5321750000000001,-0.684,0.31132499999999996,0.1454,-0.335125,-0.5336,-0.458975,0.008275,-0.180175,-0.31645,-0.8437,-0.39715,-0.21705,-0.360925,-0.369975,-0.550825,-0.6069249999999999,-0.1247,-0.085325,-0.6974750000000001,-0.546125,-0.52785,-0.5022,0.0479,-0.129525,-0.69865,-0.49477499999999996,-0.383,-0.40454999999999997,-0.40795,-0.69185,-1.022875,-0.203325,-0.324575,-0.399775,-0.6589,-0.6329,-0.43245,-0.374525,-0.5030749999999999,-1.1981249999999999,-0.6992,-0.47295,0.089725,-0.42045,-0.841225,-1.009175,-0.430275,-0.419575,-0.64265,-0.423775,-0.6386750000000001,-0.89205,-0.36675,-0.33385,-0.631,-0.979,-1.01355,-0.76525,-0.26855,-0.4068,-1.22845,-0.5666,-0.2462,-0.617325,-0.73375,-0.8261000000000001,-1.1439249999999999,-0.3026,-0.501425,-0.984975,-1.045375,-0.9545,-0.49767500000000003,-1.04855,-0.36585,-1.407825,-0.65925,-0.7624,-0.5779000000000001,-0.5323,-0.5718,-0.723475,-1.10195,-0.6533749999999999,0.0,0.0,0.0,0.0,0.0,0.0,0.0,0.0,0.0,0.0,0.0,0.0,0.0,0.0,0.0,0.0,0.0,0.0,0.0,0.0,0.0,0.0,0.0,0.0,0.0,0.0,0.0,0.0,0.0,0.0,0.0,0.0,0.0,0.0,0.0,0.0,0.0,0.0,0.0,0.0,0.0,0.0,0.0,0.0,0.0,0.0,0.0,0.0,0.0,0.0,0.0,0.0,0.0,0.0,0.0,0.0,0.0,0.0,0.0,0.0,0.0,0.0,0.0,0.0,0.0,0.0,0.0,0.0,0.0,0.0,0.0,0.0,0.0,0.0,0.0,0.0,0.0,0.0,0.0,0.0,0.0,0.0,0.0,0.0,0.0,0.0,0.0,0.0,0.0,0.0,0.0,0.0,0.0
0.0,0.0,0.0,0.0,0.0,0.0,0.0,0.0,0.0,0.0,0.0,0.0,0.0,0.0,0.0,0.0,0.0,0.0,0.0,0.0,0.0,0.0,0.0,0.0,0.0,0.0,0.0,0.0,0.0,0.0,0.0,0.0,0.0,0.0,0.0,0.0,0.0,0.0,0.0,0.0,0.0,0.0,0.0,0.0,0.0,0.0,0.0,0.0,0.0,0.0,0.0,0.0,0.0,0.0,0.0,0.0,0.0,0.0,0.0,0.0,0.0,0.0,0.0,0.0,0.0,0.0,0.0,0.0,0.0,0.0,0.0,0.0,0.0,0.0,0.0,0.0,0.0,0.0,0.0,0.0,0.0,0.0,0.0,0.0,0.0,0.0,0.0,0.0,0.0,0.0,0.0,0.0,1.332475,1.1600000000000001,1.190475,0.9668,-0.126825,0.8867499999999999,1.20465,0.57745,0.71785,0.07085,-0.067075,0.703175,1.117975,0.330425,-0.023825,0.111525,0.627075,1.3292249999999999,0.655675,0.25955,-0.0862,0.551775,0.934175,-0.0506,-0.1133,0.18855,0.6697500000000001,1.070275,0.38725,0.255475,0.11615,0.7787999999999999,0.40112499999999995,0.292625,0.311625,0.122725,0.30074999999999996,0.698725,0.4735,0.247125,-0.05635,0.27697499999999997,0.6489,0.506875,0.25787499999999997,-0.189,0.206025,0.8786999999999999,0.7943,0.150825,-0.501775,0.209925,1.0154,0.797425,0.0634,-0.0459,0.208275,0.6545,0.599275,-0.2829,-0.34204999999999997,-0.0697,0.113325,0.45495,-0.006625,-0.06565,-0.0763,0.272925,0.4007,-0.026549999999999997,-0.1213,-0.645125,0.08775,0.4131,0.32952499999999996,-0.052474999999999994,-0.23215,0.374825,0.189775,0.29555,-0.5585,-0.384575,0.07255,0.66335,0.48135,-0.21837499999999999,-0.137375,-0.0039,0.266125,-0.0241,-0.11789999999999999,0.103525,0.0139,0.68555,0.247725,0.035425,-0.2315,-0.297975,0.06947500000000001,0.02605,-0.17245,-0.6498,-0.365425,-0.0178,0.394625,-0.032575,-0.487175,-0.6308,-0.1411,0.09875,-0.64365,-0.469125,-0.29242500000000005,0.2082,0.132975,-0.562075,-0.6154000000000001,-0.470675,0.0816,-0.38475,-0.43235,-0.389025,-0.452425,-0.04625,-0.25780000000000003,-0.41984999999999995,-0.6456500000000001,-0.442175,-0.47325,0.023925000000000002,-0.052700000000000004,-0.3991,-0.36172499999999996,-0.337875,0.138125,-0.3382,-0.788075,-0.8383,-0.33165,0.169025,-0.09045,-0.553225,-0.6681750000000001,-0.26597499999999996,-0.122,-0.3093,-0.70145,-0.5882000000000001,-0.335025,-0.6012500000000001,-0.32275,-0.490625,-0.5243249999999999,-0.620325,-0.0567,-0.5075500000000001,-0.5287999999999999,-0.7012750000000001,-1.055475,-0.426375,-0.275625,-0.5240250000000001,-0.508425,-0.9275,-0.665825,-0.10247500000000001,-0.62535,-0.935875,-0.754075,-0.186225,0.010225,-0.49195,-0.6817,-0.64825,-0.47385,-0.13640000000000002,-0.7344250000000001,-0.628375,-0.449275,-0.52755,-0.7925500000000001,-0.671675,-0.78655,-0.791925,-0.69535,-0.261225,-0.12495,-0.77545,-1.068775,-0.41375,-0.506325,-0.8104,-0.67065,-1.3003500000000001,-0.8397749999999999,-0.5368999999999999,-0.571425,-1.2998750000000001,-1.1295,-0.943975,-0.5488500000000001,-0.436625,-1.2381,-1.731075,-1.189025,-0.42505000000000004,-0.826425,-0.94265,-0.897875,-1.205575,-0.7433500000000001,-0.135975,-0.473125,-0.85375,-0.6478250000000001,-0.9879249999999999,0.0,0.0,0.0,0.0,0.0,0.0,0.0,0.0,0.0,0.0,0.0,0.0,0.0,0.0,0.0,0.0,0.0,0.0,0.0,0.0,0.0,0.0,0.0,0.0,0.0,0.0,0.0,0.0,0.0,0.0,0.0,0.0,0.0,0.0,0.0,0.0,0.0,0.0,0.0,0.0,0.0,0.0,0.0,0.0,0.0,0.0,0.0,0.0,0.0,0.0,0.0,0.0,0.0,0.0,0.0,0.0,0.0,0.0,0.0,0.0,0.0,0.0,0.0,0.0,0.0,0.0,0.0,0.0,0.0,0.0,0.0,0.0,0.0,0.0,0.0,0.0,0.0,0.0,0.0,0.0,0.0,0.0,0.0,0.0,0.0,0.0,0.0,0.0,0.0,0.0,0.0,0.0
0.0,0.0,0.0,0.0,0.0,0.0,0.0,0.0,0.0,0.0,0.0,0.0,0.0,0.0,0.0,0.0,0.0,0.0,0.0,0.0,0.0,0.0,0.0,0.0,0.0,0.0,0.0,0.0,0.0,0.0,0.0,0.0,0.0,0.0,0.0,0.0,0.0,0.0,0.0,0.0,0.0,0.0,0.0,0.0,0.0,0.0,0.0,0.0,0.0,0.0,0.0,0.0,0.0,0.0,0.0,0.0,0.0,0.0,0.0,0.0,0.0,0.0,0.0,0.0,0.0,0.0,0.0,0.0,0.0,0.0,0.0,0.0,0.0,0.0,0.0,0.0,0.0,0.0,0.0,0.0,0.0,0.0,0.0,0.0,0.0,0.0,0.0,0.0,0.0,0.0,0.0,0.99285,0.48765000000000003,0.341675,0.73735,1.729875,1.725,0.84375,0.3871,0.567275,1.034775,0.8154250000000001,0.46787500000000004,0.89615,0.58565,0.7215,1.1031499999999999,0.6443,0.056,-0.063675,0.499075,1.0741,0.115025,-0.1473,0.0284,0.6975750000000001,1.092425,0.52255,-0.045175,0.042649999999999993,0.68465,0.785575,0.40795,0.107125,0.1149,0.660725,0.6873,0.33355,0.178675,0.15389999999999998,0.27825,0.315875,0.58055,0.265125,0.3981,0.31465,0.826075,0.828125,-0.22515000000000002,-0.28047500000000003,-0.07515000000000001,1.0428250000000001,0.48285,0.1356,-0.231675,0.40364999999999995,0.696275,0.668575,-0.13837500000000003,-0.25225,0.0581,0.36929999999999996,0.3875,0.13595000000000002,-0.185925,0.156025,0.5248,0.13865,-0.051175,-0.011125,-0.25555,0.2324,0.430475,-0.0573,-0.151175,-0.244175,0.177875,0.4588,0.11785,-0.417275,-0.533,0.06175,0.47545000000000004,0.4184,-0.127975,-0.01305,0.10217499999999999,0.5260750000000001,-0.171325,-0.364575,-0.034074999999999994,0.045875,0.677325,0.27645,-0.282375,-0.381025,-0.020624999999999998,0.0921,-0.125,-0.147925,-0.560875,-0.003025,0.140675,0.191425,-0.20355,-0.491575,-0.295925,-0.21425,0.21095,-0.36795,-0.597475,-0.0258,0.126775,0.219,-0.596625,-0.654975,-0.386475,0.39492499999999997,0.011075,-0.23274999999999998,-0.243725,-0.4782,0.10005,-0.153625,-0.22160000000000002,-0.8933249999999999,-0.38430000000000003,-0.470125,-0.14695,-0.3184,-0.463875,-0.379525,-0.34750000000000003,0.242975,-0.0521,-0.54355,-0.6795,-0.631275,0.12905,-0.19192499999999998,-0.38715,-0.62775,-0.36745,0.058275,-0.21907500000000002,-0.87705,-0.7544249999999999,-0.11885,-0.12525,-0.10455,-0.6211,-0.51245,-0.25495,-0.31225,-0.3498,-0.546975,-0.5443250000000001,-0.9128000000000001,-0.280175,-0.33965,-0.5804,-0.50095,-0.568675,-0.47447500000000004,-0.3909,-0.5514749999999999,-0.763975,-0.914325,-0.3929,0.1033,-0.31635,-0.9458249999999999,-0.7016,-0.366475,-0.0273,-0.8197749999999999,-0.830375,-0.3322,-0.585825,-0.07185,-0.7006,-0.884825,-0.902625,-0.47565,-0.305525,-0.80715,-0.4204,-1.0752000000000002,-0.3147,-0.814575,-0.7907,-0.611525,-1.0845500000000001,-1.0387,-0.46045,-0.1654,-0.785625,-0.79585,-0.853425,-0.43267500000000003,-0.34750000000000003,-1.0288,-1.32415,-1.4694500000000001,-0.01875,-0.9551,-0.789375,-0.990475,-0.6371,-0.27695000000000003,-1.14785,-0.651925,-1.0857,-1.0729,-1.1616,-0.8097000000000001,-0.778575,-0.921675,-0.846825,0.0,0.0,0.0,0.0,0.0,0.0,0.0,0.0,0.0,0.0,0.0,0.0,0.0,0.0,0.0,0.0,0.0,0.0,0.0,0.0,0.0,0.0,0.0,0.0,0.0,0.0,0.0,0.0,0.0,0.0,0.0,0.0,0.0,0.0,0.0,0.0,0.0,0.0,0.0,0.0,0.0,0.0,0.0,0.0,0.0,0.0,0.0,0.0,0.0,0.0,0.0,0.0,0.0,0.0,0.0,0.0,0.0,0.0,0.0,0.0,0.0,0.0,0.0,0.0,0.0,0.0,0.0,0.0,0.0,0.0,0.0,0.0,0.0,0.0,0.0,0.0,0.0,0.0,0.0,0.0,0.0,0.0,0.0,0.0,0.0,0.0,0.0,0.0,0.0,0.0,0.0
0.0,0.0,0.0,0.0,0.0,0.0,0.0,0.0,0.0,0.0,0.0,0.0,0.0,0.0,0.0,0.0,0.0,0.0,0.0,0.0,0.0,0.0,0.0,0.0,0.0,0.0,0.0,0.0,0.0,0.0,0.0,0.0,0.0,0.0,0.0,0.0,0.0,0.0,0.0,0.0,0.0,0.0,0.0,0.0,0.0,0.0,0.0,0.0,0.0,0.0,0.0,0.0,0.0,0.0,0.0,0.0,0.0,0.0,0.0,0.0,0.0,0.0,0.0,0.0,0.0,0.0,0.0,0.0,0.0,0.0,0.0,0.0,0.0,0.0,0.0,0.0,0.0,0.0,0.0,0.0,0.0,0.0,0.0,0.0,0.0,0.0,0.0,0.0,0.0,0.0,0.9135,1.0017,2.1185,1.24805,0.015375,0.692925,0.8309,0.872575,1.01,0.6038,0.19185,0.7953250000000001,1.408575,1.362175,0.519925,-0.077925,0.21035,0.401675,1.0972499999999998,0.477225,0.20485,0.30210000000000004,0.432275,1.175375,0.187325,-0.17635,0.011574999999999998,0.593325,0.7661250000000001,0.3338,0.08935,0.18667499999999998,1.1053,0.9969,0.10487500000000001,-0.12457499999999999,0.1532,0.361025,0.158025,0.42225,0.081625,0.500825,0.64345,0.58865,0.63895,0.041725,0.0036,0.1249,0.9137,0.5924,0.283775,-0.055325,0.410275,0.8405499999999999,0.733725,0.009149999999999998,-0.29305,0.297125,0.554825,0.45835,-0.071575,-0.26692499999999997,0.30469999999999997,0.7234750000000001,0.209375,-0.449025,-0.12895,0.121425,0.1714,0.47535000000000005,-0.14855000000000002,-0.043774999999999994,-0.0332,0.31762500000000005,0.2425,-0.053525,-0.286825,-0.3673,0.33762499999999995,0.29715,0.338875,-0.5766749999999999,-0.327475,0.203175,0.507775,-0.003925,-0.506725,-0.34447500000000003,0.122,0.668925,0.104825,-0.189525,-0.29464999999999997,0.143275,0.194575,-0.285575,-0.219725,-0.3719,0.065375,0.0071,0.002575,-0.3533,-0.306425,-0.3439,-0.189075,0.195075,-0.11272499999999999,-0.46135,-0.254725,0.080775,0.078875,-0.346375,-0.412575,-0.5802,0.20429999999999998,-0.08905,-0.3598,-0.442525,-0.327675,0.18777500000000003,0.21195,-0.5921000000000001,-0.591925,-0.35367499999999996,-0.035225,-0.299075,-0.424325,-0.670825,-0.21905,-0.14079999999999998,0.006925000000000001,-0.6249,-0.39737500000000003,-0.6321,-0.5825750000000001,0.16545,-0.3353,-0.47372499999999995,-0.7218249999999999,-0.4477,0.019775,-0.0601,-0.665125,-0.83475,-0.23085,-0.09812499999999999,-0.16494999999999999,-0.677525,-0.78315,-0.16772499999999999,0.06175,-0.327575,-0.8852,-0.68325,-0.36067499999999997,-0.348,-0.39695,-0.709925,-0.298725,-0.633425,-0.322425,-0.672125,-0.3834,-0.9516249999999999,-0.711025,-0.19405,-0.109325,-0.49034999999999995,-0.57665,-0.9667749999999999,-0.51235,0.39505,-0.38645,-0.75535,-0.7852,-0.33945000000000003,0.024825,-0.560625,-0.513725,-0.89525,-0.2757,-0.40745,-0.948575,-0.62365,-0.8339,-0.320825,-0.477825,-0.6125,-0.7415,-0.834975,-0.829575,-0.9829,-0.35855,-0.6483749999999999,-0.6979,-0.91195,-0.378475,-0.674375,-1.1900249999999999,-0.99315,-1.13595,-0.425075,-0.35445,-0.752525,-1.213125,-0.685775,-0.123375,-0.63595,-1.24095,-1.2207750000000002,-0.9475,-0.374225,-1.1246,-0.9772000000000001,-0.440075,-0.529175,-1.220725,-1.117625,-0.28474999999999995,-1.019275,0.0,0.0,0.0,0.0,0.0,0.0,0.0,0.0,0.0,0.0,0.0,0.0,0.0,0.0,0.0,0.0,0.0,0.0,0.0,0.0,0.0,0.0,0.0,0.0,0.0,0.0,0.0,0.0,0.0,0.0,0.0,0.0,0.0,0.0,0.0,0.0,0.0,0.0,0.0,0.0,0.0,0.0,0.0,0.0,0.0,0.0,0.0,0.0,0.0,0.0,0.0,0.0,0.0,0.0,0.0,0.0,0.0,0.0,0.0,0.0,0.0,0.0,0.0,0.0,0.0,0.0,0.0,0.0,0.0,0.0,0.0,0.0,0.0,0.0,0.0,0.0,0.0,0.0,0.0,0.0,0.0,0.0,0.0,0.0,0.0,0.0,0.0,0.0,0.0,0.0
0.0,0.0,0.0,0.0,0.0,0.0,0.0,0.0,0.0,0.0,0.0,0.0,0.0,0.0,0.0,0.0,0.0,0.0,0.0,0.0,0.0,0.0,0.0,0.0,0.0,0.0,0.0,0.0,0.0,0.0,0.0,0.0,0.0,0.0,0.0,0.0,0.0,0.0,0.0,0.0,0.0,0.0,0.0,0.0,0.0,0.0,0.0,0.0,0.0,0.0,0.0,0.0,0.0,0.0,0.0,0.0,0.0,0.0,0.0,0.0,0.0,0.0,0.0,0.0,0.0,0.0,0.0,0.0,0.0,0.0,0.0,0.0,0.0,0.0,0.0,0.0,0.0,0.0,0.0,0.0,0.0,0.0,0.0,0.0,0.0,0.0,0.0,0.0,0.6171500000000001,1.968375,1.6954250000000002,0.4244,0.7166,0.76005,1.370675,0.462975,0.418325,0.382725,0.793925,1.249825,0.699325,0.35397500000000004,0.31124999999999997,0.847,0.820175,0.631775,0.35585,0.20897500000000002,0.796025,0.62165,0.829175,0.5139,0.03385,0.12985,0.540325,0.9788,0.172225,-0.10915,0.288825,1.120725,1.139025,0.262225,-0.200175,0.048350000000000004,0.8950499999999999,0.40355,0.346825,-0.017525,0.37244999999999995,0.589025,0.674075,0.214775,0.04845,0.33405,0.2258,0.793475,0.5794,0.3587,-0.0594,0.32705,0.80965,0.370475,-0.069875,-0.331225,0.372625,0.532925,0.396375,0.129225,-0.136375,0.314125,0.65615,0.3461,-0.47605000000000003,-0.38632500000000003,0.385175,0.42732499999999995,0.384,-0.35914999999999997,-0.0398,0.159125,0.236925,0.28059999999999996,-0.11322499999999999,-0.339725,-0.192875,0.502475,0.2865,0.142,0.021675,-0.1976,0.14634999999999998,0.19595,-0.13655,-0.4473,-0.13895000000000002,0.44455,0.76585,0.110025,-0.4401,-0.069775,0.14735,0.638975,-0.256525,-0.28835,-0.08515,0.409675,0.5493750000000001,-0.150275,-0.475425,-0.32215000000000005,0.202175,-0.07275000000000001,-0.025425,-0.321925,-0.43827499999999997,-0.060925,0.186325,0.070525,-0.2891,-0.4996,-0.377775,-0.042275,0.04985,-0.42865000000000003,-0.6553,-0.120575,0.5412250000000001,0.2256,-0.403775,-0.6638000000000001,-0.51925,0.38045,-0.17670000000000002,-0.362775,-0.5873,-0.46595,-0.043625,-0.2931,-0.496,-0.481375,-0.332,-0.34965,0.322,-0.32277500000000003,-0.603275,-0.28850000000000003,-0.24695,0.068925,-0.340725,-0.522825,-0.9902249999999999,-0.29795000000000005,0.093,-0.259775,-0.576325,-0.572775,-0.1558,-0.28335,-0.1655,-0.79675,-0.624725,-0.179875,-0.0933,-0.236125,-0.6957500000000001,-0.3714,-0.4055,-0.21405000000000002,-0.491925,-0.42857500000000004,-0.46735,-0.7088749999999999,-0.4074,-0.30805,-0.675,-0.8472000000000001,-0.6798,-0.7639750000000001,-0.453625,-0.491925,-0.704175,-0.67445,-0.041550000000000004,-0.1719,-0.460425,-0.838625,-0.782625,-0.391225,0.00955,-0.91745,-0.7322249999999999,-0.52275,-0.31755,-0.33275,-0.54375,-0.876275,-0.644175,-0.3106,-0.8261000000000001,-0.266575,-0.182,-0.78875,-0.582125,-0.635375,-0.5423250000000001,-0.907825,-1.022825,-1.120125,-0.09407499999999999,-0.9947250000000001,-0.856425,-1.034375,-1.2756,-0.0199,-0.7942,-0.6631,-1.1552,-0.84285,-0.45582500000000004,-0.593575,-0.686525,-0.745175,-0.991975,-0.47125,-1.003125,-0.873375,-0.99105,-0.9278500000000001,-1.2187,-1.0071750000000002,-0.86295,-1.1359249999999999,0.0,0.0,0.0,0.0,0.0,0.0,0.0,0.0,0.0,0.0,0.0,0.0,0.0,0.0,0.0,0.0,0.0,0.0,0.0,0.0,0.0,0.0,0.0,0.0,0.0,0.0,0.0,0.0,0.0,0.0,0.0,0.0,0.0,0.0,0.0,0.0,0.0,0.0,0.0,0.0,0.0,0.0,0.0,0.0,0.0,0.0,0.0,0.0,0.0,0.0,0.0,0.0,0.0,0.0,0.0,0.0,0.0,0.0,0.0,0.0,0.0,0.0,0.0,0.0,0.0,0.0,0.0,0.0,0.0,0.0,0.0,0.0,0.0,0.0,0.0,0.0,0.0,0.0,0.0,0.0,0.0,0.0,0.0,0.0,0.0,0.0,0.0,0.0
0.0,0.0,0.0,0.0,0.0,0.0,0.0,0.0,0.0,0.0,0.0,0.0,0.0,0.0,0.0,0.0,0.0,0.0,0.0,0.0,0.0,0.0,0.0,0.0,0.0,0.0,0.0,0.0,0.0,0.0,0.0,0.0,0.0,0.0,0.0,0.0,0.0,0.0,0.0,0.0,0.0,0.0,0.0,0.0,0.0,0.0,0.0,0.0,0.0,0.0,0.0,0.0,0.0,0.0,0.0,0.0,0.0,0.0,0.0,0.0,0.0,0.0,0.0,0.0,0.0,0.0,0.0,0.0,0.0,0.0,0.0,0.0,0.0,0.0,0.0,0.0,0.0,0.0,0.0,0.0,0.0,0.0,0.0,0.0,0.0,0.0,0.0,0.964575,0.097575,-0.165625,1.027925,1.394425,0.614525,-0.11385,0.51105,0.938825,1.824525,0.9576250000000001,0.378325,0.287225,0.5716,0.7281,0.789675,0.35067499999999996,0.12635000000000002,0.84675,0.6628499999999999,0.616975,0.18687499999999999,0.197625,0.300475,0.49375,0.68625,0.3594,0.1305,0.08195000000000001,0.945675,0.853375,0.276875,-0.196125,0.14227499999999998,0.8819,0.760025,0.311925,0.208725,0.37415,1.009325,0.617025,0.418875,-0.18855,0.62135,0.21137499999999998,0.5493250000000001,0.152675,-0.15687500000000001,0.364,0.367375,0.895025,0.05445,0.06465,-0.033725,0.271525,0.6387499999999999,0.45962499999999995,-0.073325,-0.158475,0.45909999999999995,0.563925,0.209175,-0.28565,-0.364975,0.510875,0.65205,0.3047,-0.23122499999999999,-0.203575,0.303075,0.449775,-0.049725000000000005,-0.32835000000000003,-0.054375,0.1824,0.612375,0.20295,-0.1809,-0.07575,-0.11499999999999999,0.24855,0.07117499999999999,0.080975,-0.396025,-0.28250000000000003,0.21434999999999998,0.551725,0.2531,-0.469875,-0.13067499999999999,0.36472499999999997,0.52845,-0.45385,-0.496425,-0.0515,0.27227500000000004,0.4175,-0.148425,-0.342275,-0.322775,0.12575,-0.13415,-0.089875,-0.1866,-0.42325,0.22744999999999999,-0.113525,-0.27190000000000003,-0.3109,-0.30895,-0.264025,-0.12167499999999999,-0.0249,-0.4115,-0.32272500000000004,-0.15050000000000002,0.2535,0.008675,-0.473375,-0.724925,-0.24459999999999998,0.373525,-0.13715,-0.384725,-0.635975,-0.429475,0.163925,0.04445,-0.433875,-0.82945,-0.11952499999999999,-0.20775000000000002,0.052000000000000005,-0.5226500000000001,-0.3961,-0.2042,-0.209725,0.1039,-0.63085,-0.6525000000000001,-0.6487750000000001,-0.492,-0.030674999999999997,-0.40775,-0.5683,-0.538575,-0.0791,-0.210075,-0.27595,-0.9137,-0.7564249999999999,0.034225000000000005,0.1343,-0.191675,-0.798675,-0.5823750000000001,-0.309,-0.15255000000000002,-0.5243,-0.9121999999999999,-0.321575,-0.509775,-0.14100000000000001,-0.41807500000000003,-0.750475,-0.61515,-0.4464,-0.543975,-0.5809,-0.537275,-0.782725,-0.7075,-0.36465,-0.228275,-0.6616,-0.689975,-0.8354,-0.61855,-0.288675,-0.8204750000000001,-0.9833000000000001,-0.565525,-0.621425,-0.19362500000000002,-0.46902499999999997,-0.852275,-0.9931749999999999,-0.2299,-0.5588,-0.4253,-0.7166750000000001,-0.40595000000000003,-0.356925,-0.703675,-0.6011500000000001,-0.678175,-0.5444,-0.8102,-0.805775,-0.78305,-0.828275,-0.864625,-0.76125,-0.48875,-0.840325,-0.963125,-0.8190000000000001,-1.0713,0.1756,-1.0071750000000002,-0.366175,-1.21435,-0.837975,-0.631775,-0.3634,-1.1590500000000001,-1.4679250000000001,-1.1283,-0.144075,-0.364325,-0.8302499999999999,-1.1751749999999999,-0.80165,-0.9513499999999999,-0.844975,-1.05895,0.0,0.0,0.0,0.0,0.0,0.0,0.0,0.0,0.0,0.0,0.0,0.0,0.0,0.0,0.0,0.0,0.0,0.0,0.0,0.0,0.0,0.0,0.0,0.0,0.0,0.0,0.0,0.0,0.0,0.0,0.0,0.0,0.0,0.0,0.0,0.0,0.0,0.0,0.0,0.0,0.0,0.0,0.0,0.0,0.0,0.0,0.0,0.0,0.0,0.0,0.0,0.0,0.0,0.0,0.0,0.0,0.0,0.0,0.0,0.0,0.0,0.0,0.0,0.0,0.0,0.0,0.0,0.0,0.0,0.0,0.0,0.0,0.0,0.0,0.0,0.0,0.0,0.0,0.0,0.0,0.0,0.0,0.0,0.0,0.0,0.0,0.0
0.0,0.0,0.0,0.0,0.0,0.0,0.0,0.0,0.0,0.0,0.0,0.0,0.0,0.0,0.0,0.0,0.0,0.0,0.0,0.0,0.0,0.0,0.0,0.0,0.0,0.0,0.0,0.0,0.0,0.0,0.0,0.0,0.0,0.0,0.0,0.0,0.0,0.0,0.0,0.0,0.0,0.0,0.0,0.0,0.0,0.0,0.0,0.0,0.0,0.0,0.0,0.0,0.0,0.0,0.0,0.0,0.0,0.0,0.0,0.0,0.0,0.0,0.0,0.0,0.0,0.0,0.0,0.0,0.0,0.0,0.0,0.0,0.0,0.0,0.0,0.0,0.0,0.0,0.0,0.0,0.0,0.0,0.0,0.0,0.0,0.0,0.04135,1.67275,1.7204249999999999,0.5653,0.5447,0.480625,1.20995,1.3891,0.865125,0.1696,0.8382499999999999,1.106875,1.221475,0.385025,0.472925,0.365625,1.08325,0.715375,0.6841,0.13949999999999999,0.178725,0.7189749999999999,0.7608250000000001,0.6189749999999999,-0.05595,0.37295,0.5394,0.811425,0.834825,-0.065825,-0.028925,0.196875,1.017725,0.7933,0.23505,-0.0649,0.108925,1.02225,0.695125,0.006625,-0.340225,0.21295,0.937825,0.545775,0.320775,-0.075175,0.57735,0.876325,0.7051000000000001,0.22,0.22665,0.2626,0.3785,0.823875,0.0066749999999999995,0.016550000000000002,0.119475,0.199075,0.533025,0.139025,0.004675,-0.405475,0.49685,0.5266000000000001,0.5315,-0.24385,-0.21715,0.3509,0.54565,-0.043575,-0.6079,-0.104325,0.0875,0.5522499999999999,0.4097,-0.30575,0.07947499999999999,0.0828,0.2721,-0.096025,0.064725,-0.031675,0.08855,0.599525,0.298275,0.102025,-0.493875,-0.025775,0.145475,0.379975,-0.16297499999999998,-0.6216250000000001,0.11405,0.24085,0.48525,-0.244175,-0.346375,-0.37122499999999997,0.34545,0.14642500000000003,-0.48615,-0.1991,-0.121425,0.60845,0.087975,-0.185925,-0.397725,-0.32145,0.15295,-0.24767499999999998,-0.042525,-0.240975,-0.301025,-0.07155,0.1995,-0.1025,-0.48912500000000003,-0.580175,-0.37035,0.5968,-0.14355,-0.22797499999999998,-0.50015,-0.079575,0.263125,-0.12975,-0.718525,-0.77015,-0.28125,0.10927500000000001,-0.24082499999999998,-0.28664999999999996,-0.56795,-0.154025,-0.115675,-0.084775,-0.65715,-0.3308,-0.28965,-0.44045,-0.1533,-0.5548,-0.4037,-0.361025,-0.2535,-0.20447500000000002,-0.36767500000000003,-0.5498000000000001,-0.71285,0.046925,-0.301675,-0.141925,-0.6655,-0.5432,-0.215975,-0.101525,-0.376875,-1.0599500000000002,-0.59,-0.0628,0.25822500000000004,-0.43365,-0.7309749999999999,-0.598275,-0.329575,-0.28750000000000003,-0.851725,-0.469225,-0.401625,-0.637825,-0.3877,-0.695375,-0.44,-0.6459,-0.4779,-0.549775,-0.083675,-0.881125,-0.88055,-0.4581,-0.1873,-0.42045,-0.35365,-0.8101750000000001,-0.7413000000000001,-0.365025,-0.121725,-0.7417,-0.900725,-0.47695,0.11130000000000001,-0.39492499999999997,-0.68735,-0.804825,-0.7818,-0.569175,-0.9700500000000001,-0.442225,-0.71915,-0.5169,-0.811025,0.06799999999999999,-0.9487,-1.1035499999999998,-1.27805,-0.8051,-0.517425,-0.71225,-0.6368,-1.243175,-1.01755,-0.6375,-0.6766,-1.04495,-0.816025,-0.5952500000000001,-0.6460999999999999,0.066925,-0.832975,-0.8209,-0.77395,-0.993325,-0.1632,-0.83135,-0.5498,-0.299875,-0.430225,-0.622525,0.0,0.0,0.0,0.0,0.0,0.0,0.0,0.0,0.0,0.0,0.0,0.0,0.0,0.0,0.0,0.0,0.0,0.0,0.0,0.0,0.0,0.0,0.0,0.0,0.0,0.0,0.0,0.0,0.0,0.0,0.0,0.0,0.0,0.0,0.0,0.0,0.0,0.0,0.0,0.0,0.0,0.0,0.0,0.0,0.0,0.0,0.0,0.0,0.0,0.0,0.0,0.0,0.0,0.0,0.0,0.0,0.0,0.0,0.0,0.0,0.0,0.0,0.0,0.0,0.0,0.0,0.0,0.0,0.0,0.0,0.0,0.0,0.0,0.0,0.0,0.0,0.0,0.0,0.0,0.0,0.0,0.0,0.0,0.0,0.0,0.0
0.0,0.0,0.0,0.0,0.0,0.0,0.0,0.0,0.0,0.0,0.0,0.0,0.0,0.0,0.0,0.0,0.0,0.0,0.0,0.0,0.0,0.0,0.0,0.0,0.0,0.0,0.0,0.0,0.0,0.0,0.0,0.0,0.0,0.0,0.0,0.0,0.0,0.0,0.0,0.0,0.0,0.0,0.0,0.0,0.0,0.0,0.0,0.0,0.0,0.0,0.0,0.0,0.0,0.0,0.0,0.0,0.0,0.0,0.0,0.0,0.0,0.0,0.0,0.0,0.0,0.0,0.0,0.0,0.0,0.0,0.0,0.0,0.0,0.0,0.0,0.0,0.0,0.0,0.0,0.0,0.0,0.0,0.0,0.0,0.0,0.906325,0.6003499999999999,0.459675,0.8734,1.1350500000000001,1.4431500000000002,0.9788,0.19390000000000002,0.083125,1.259075,1.514175,0.234675,0.323975,0.47100000000000003,1.184375,0.9765,0.397225,0.058275,0.468825,0.8336,0.618725,0.1351,0.1713,0.12455,0.96965,0.70345,0.547875,0.23927500000000002,0.081425,0.148325,0.790675,0.5343249999999999,0.2431,0.27864999999999995,0.361225,1.1277,0.7137249999999999,-0.11705,-0.314425,0.131375,0.883475,0.4181,-0.015224999999999999,0.033225000000000005,0.3954,0.92375,0.688525,0.21337499999999998,-0.024225,0.5847749999999999,0.270475,0.73165,0.102275,0.19335000000000002,0.522875,0.5709,0.650925,0.341825,0.0011749999999999998,-0.2103,0.551625,0.43320000000000003,0.460975,-0.0196,-0.17,0.5052,0.476025,0.105225,-0.5916250000000001,-0.1704,0.507375,0.5053,0.251275,-0.52025,-0.052274999999999995,0.39132500000000003,0.733275,-0.09090000000000001,-0.0838,-0.1684,0.1365,0.5565,0.192525,-0.012475,-0.097275,-0.0108,0.1257,0.063425,-0.04155,-0.29585,0.051824999999999996,0.259425,0.4762,-0.26165000000000005,-0.4283,-0.346825,0.197,0.226525,-0.55155,-0.255825,-0.064975,0.5659,0.287175,-0.15975,-0.4041,-0.30810000000000004,0.499675,-0.204025,-0.14875,-0.35465,-0.182375,0.13605,0.030325,-0.401825,-0.46765,-0.267175,-0.3241,0.021525000000000002,0.059925,-0.26097499999999996,-0.140575,-0.15962500000000002,0.414875,0.01795,-0.5643,-0.8087,-0.188375,0.0015500000000000002,-0.338325,-0.63995,-0.596175,-0.0471,0.212525,-0.306425,-0.8390500000000001,-0.451025,0.01205,-0.090675,-0.28195,-0.459375,-0.245925,-0.45465,-0.38465,-0.448,-0.592625,-0.462525,-0.65205,0.104025,-0.23785,-0.17345,-0.67705,-0.43067500000000003,-0.170775,-0.2309,-0.4733,-0.91505,-0.5928249999999999,-0.216575,-0.262125,-0.313,-0.66725,-0.5565,-0.10752500000000001,-0.143175,-0.758,-0.5391999999999999,-0.436975,-0.433375,0.020499999999999997,-0.3603,-0.42215,-0.328425,-0.421975,-0.5447,-0.4868,-0.98305,-0.939775,-0.371575,-0.375225,-0.28042500000000004,-0.794525,-0.668025,-0.687025,-0.545675,-0.415475,-0.8382000000000001,-0.852225,-0.47807499999999997,-0.263525,-0.29125,-0.971425,-0.7747999999999999,-0.573325,-0.287675,-0.6481750000000001,-0.515525,-0.5102500000000001,-0.586975,-0.607225,-0.669575,-0.7172499999999999,-0.621675,-0.6968,-1.0184,-0.362375,-0.576825,-1.1403500000000002,-0.8617,-0.4545,-0.5491,-0.93035,-0.62005,-1.14895,-0.790575,-0.478975,-0.968275,-0.988475,-0.703475,-0.206975,-0.287725,-0.4086,-0.8069,-0.6976749999999999,-0.6124999999999999,-1.144925,-0.267775,-2.0214999999999996,-0.9234249999999999,-1.27225,-0.801625,0.0,0.0,0.0,0.0,0.0,0.0,0.0,0.0,0.0,0.0,0.0,0.0,0.0,0.0,0.0,0.0,0.0,0.0,0.0,0.0,0.0,0.0,0.0,0.0,0.0,0.0,0.0,0.0,0.0,0.0,0.0,0.0,0.0,0.0,0.0,0.0,0.0,0.0,0.0,0.0,0.0,0.0,0.0,0.0,0.0,0.0,0.0,0.0,0.0,0.0,0.0,0.0,0.0,0.0,0.0,0.0,0.0,0.0,0.0,0.0,0.0,0.0,0.0,0.0,0.0,0.0,0.0,0.0,0.0,0.0,0.0,0.0,0.0,0.0,0.0,0.0,0.0,0.0,0.0,0.0,0.0,0.0,0.0,0.0,0.0
0.0,0.0,0.0,0.0,0.0,0.0,0.0,0.0,0.0,0.0,0.0,0.0,0.0,0.0,0.0,0.0,0.0,0.0,0.0,0.0,0.0,0.0,0.0,0.0,0.0,0.0,0.0,0.0,0.0,0.0,0.0,0.0,0.0,0.0,0.0,0.0,0.0,0.0,0.0,0.0,0.0,0.0,0.0,0.0,0.0,0.0,0.0,0.0,0.0,0.0,0.0,0.0,0.0,0.0,0.0,0.0,0.0,0.0,0.0,0.0,0.0,0.0,0.0,0.0,0.0,0.0,0.0,0.0,0.0,0.0,0.0,0.0,0.0,0.0,0.0,0.0,0.0,0.0,0.0,0.0,0.0,0.0,0.0,0.0,0.0678,0.97795,1.213975,1.68125,0.796725,0.246425,0.4574,1.262825,1.24915,0.36175,0.070075,0.8693,1.3474,1.4474500000000001,0.44075,-0.14805000000000001,0.1275,0.9498,0.83335,0.416475,0.01395,0.305525,1.2797,0.69985,0.369575,-0.000875,0.23035,0.32689999999999997,0.486125,0.531175,0.019225,0.240275,0.6934250000000001,1.22225,0.658725,0.181375,-0.136925,0.31177499999999997,0.84755,0.639475,0.2156,-0.01125,0.586175,0.83965,0.701975,-0.09765,-0.433725,0.804425,0.729025,0.631,0.251425,0.022275000000000003,0.515925,0.739975,0.2997,0.011325,0.09125,0.015224999999999999,0.529325,0.451575,0.3063,-0.037775,0.055925,0.6016,0.53945,0.1024,-0.38639999999999997,-0.029124999999999998,0.677425,0.6322,0.15082500000000001,-0.48995,-0.120525,0.165825,0.479875,-0.157225,-0.353125,0.06709999999999999,0.5957,0.717625,0.06605,-0.18435,-0.12327500000000001,0.2454,0.179925,-0.186875,-0.021275,-0.17085,0.283225,0.258675,0.382675,-0.15437499999999998,-0.43210000000000004,0.051925,0.110025,0.337,-0.29045,-0.362175,0.170925,0.41359999999999997,0.3034,-0.26605,-0.467475,-0.18695,0.5119,0.012425,-0.17235,-0.424375,-0.176525,0.560225,-0.15375,-0.48875,-0.6880499999999999,-0.022699999999999998,-0.2003,-0.01125,-0.193075,-0.53435,-0.121425,-0.0468,0.52715,-0.23695,-0.3437,-0.655125,-0.16849999999999998,0.374525,-0.3517,-0.39625,-0.55415,-0.207525,0.024025,-0.3637,-0.67245,-0.3832,-0.017675,0.048175,-0.0987,-0.4679,-0.445975,-0.18877500000000003,-0.251375,-0.392775,-0.714425,-0.30312500000000003,-0.5698,-0.12564999999999998,-0.361075,-0.197225,-0.5260499999999999,-0.436025,-0.1535,-0.317525,-0.29135,-0.7219,-0.437925,-0.10655,0.028075,-0.38015,-0.757425,-0.418325,-0.26045,-0.06035,-0.738525,-0.7853749999999999,-0.32735000000000003,-0.107425,-0.2086,-0.551625,-0.5675,-0.277475,-0.14379999999999998,-0.44232499999999997,-0.6366499999999999,-0.37975000000000003,-0.68805,0.0075,-0.188925,-0.29619999999999996,-0.808775,-0.6555,-0.360375,-0.604025,0.02185,-0.5603,-0.9924,-0.345175,-0.26435,-0.575175,-0.847275,-0.9706,-0.61595,0.1673,-0.5629500000000001,-0.5972,-0.8609249999999999,-0.494325,-0.1611,-0.7305,-1.0705,-0.7523,-0.6027,-0.451075,-1.03545,-0.81705,-0.645275,-0.850475,-0.55575,-0.6669,-1.031375,-0.861075,-0.901825,-0.68835,-0.6012,-0.9533,-1.235675,-0.992475,-0.424275,-0.7825,-0.741625,-0.845325,-0.7226,-0.87205,-0.294875,-0.31105,-1.394925,-0.998775,-0.3991,-0.638425,-0.912725,-1.0963,-0.6436,-1.0171999999999999,0.0,0.0,0.0,0.0,0.0,0.0,0.0,0.0,0.0,0.0,0.0,0.0,0.0,0.0,0.0,0.0,0.0,0.0,0.0,0.0,0.0,0.0,0.0,0.0,0.0,0.0,0.0,0.0,0.0,0.0,0.0,0.0,0.0,0.0,0.0,0.0,0.0,0.0,0.0,0.0,0.0,0.0,0.0,0.0,0.0,0.0,0.0,0.0,0.0,0.0,0.0,0.0,0.0,0.0,0.0,0.0,0.0,0.0,0.0,0.0,0.0,0.0,0.0,0.0,0.0,0.0,0.0,0.0,0.0,0.0,0.0,0.0,0.0,0.0,0.0,0.0,0.0,0.0,0.0,0.0,0.0,0.0,0.0,0.0
0.0,0.0,0.0,0.0,0.0,0.0,0.0,0.0,0.0,0.0,0.0,0.0,0.0,0.0,0.0,0.0,0.0,0.0,0.0,0.0,0.0,0.0,0.0,0.0,0.0,0.0,0.0,0.0,0.0,0.0,0.0,0.0,0.0,0.0,0.0,0.0,0.0,0.0,0.0,0.0,0.0,0.0,0.0,0.0,0.0,0.0,0.0,0.0,0.0,0.0,0.0,0.0,0.0,0.0,0.0,0.0,0.0,0.0,0.0,0.0,0.0,0.0,0.0,0.0,0.0,0.0,0.0,0.0,0.0,0.0,0.0,0.0,0.0,0.0,0.0,0.0,0.0,0.0,0.0,0.0,0.0,0.0,0.886125,1.163525,0.751325,0.862525,0.80365,1.1994,0.770425,1.4264000000000001,0.7791999999999999,0.541725,0.5931,1.1984,1.169325,0.63235,0.224575,0.47592500000000004,0.8713,0.8686,0.313275,0.077975,0.48115,1.18865,0.665575,0.059524999999999995,-0.022075,0.425275,0.658975,0.73045,0.24925,0.06837499999999999,0.54955,0.6002,0.67795,0.3731,0.1478,0.197575,0.33065,0.859425,0.3318,0.101425,0.0612,0.39707499999999996,0.84955,0.545575,-0.0293,-0.242825,0.6127750000000001,0.843125,0.638325,-0.055625,-0.01545,0.9175,0.5235,0.452975,-0.20885,0.068025,0.337775,0.643325,0.496325,0.026375000000000003,0.08305,0.1311,0.592825,0.227475,0.14675,-0.2332,-0.18985,0.710775,0.40225,0.277525,-0.286575,-0.134025,0.219425,0.45545,-0.14055,-0.57765,-0.15157500000000002,0.55485,0.8851,0.121225,-0.061625,0.000675,0.41955,0.39242499999999997,-0.17585,-0.0581,-0.081375,0.547725,0.52745,0.081275,-0.27490000000000003,-0.0885,0.146625,0.116025,0.220525,-0.289225,-0.36182499999999995,0.166975,0.0889,0.35075,-0.417675,-0.47957500000000003,-0.22985,0.195825,0.103025,-0.22644999999999998,-0.25212500000000004,0.01145,0.74695,0.013225,-0.53905,-0.48107500000000003,-0.12065000000000001,0.02,-0.174925,-0.246675,-0.29652500000000004,-0.0035,0.07645,0.046925,-0.4093,-0.3146,-0.32295,-0.339325,0.40245,-0.212675,-0.41600000000000004,-0.266275,0.03775,-0.0979,-0.34235000000000004,-0.58055,-0.793075,0.08862500000000001,-0.021475,-0.07095,-0.461025,-0.37734999999999996,-0.019925,-0.055749999999999994,-0.390025,-0.8397749999999999,-0.424075,0.004475,-0.15825,-0.405,-0.62635,-0.373875,-0.309,-0.071325,-0.3542,-0.5992500000000001,-0.6043000000000001,-0.734525,0.22585,-0.18182500000000001,-0.42055,-0.6623,-0.7739,-0.27302499999999996,-0.23865,-0.812125,-0.860125,-0.492425,-0.24395,0.204225,-0.541675,-0.6677,-0.647075,0.009425,-0.32195,-0.726925,-0.5288,-0.5463749999999999,-0.201125,-0.2682,-0.48160000000000003,-0.457075,-0.61105,-0.56815,-0.604025,-0.331725,-1.01745,-0.9877750000000001,-0.34535,-0.5051749999999999,-0.5407249999999999,-0.92235,-0.7709250000000001,-0.874375,-0.232425,-0.600975,-0.9511999999999999,-0.5558500000000001,-0.711975,-0.10715000000000001,-0.36612500000000003,-0.833425,-1.209975,-0.2987,-0.687225,-0.917725,-0.7865500000000001,-0.5098750000000001,-0.58745,-0.6841,-0.83365,-1.1001750000000001,-0.7654000000000001,-0.7139500000000001,-0.9446,-0.3358,-1.005325,-0.9718249999999999,-0.624125,-0.84035,-0.66445,-0.8108500000000001,-1.0240749999999998,-1.132625,-0.34125,-1.258625,-0.417075,-0.690175,-1.01915,-0.0346,-1.19705,-1.097075,-1.7049500000000002,-0.5782,-0.2948,-0.42967500000000003,-1.354075,-0.69105,-0.9207,-1.442575,0.0,0.0,0.0,0.0,0.0,0.0,0.0,0.0,0.0,0.0,0.0,0.0,0.0,0.0,0.0,0.0,0.0,0.0,0.0,0.0,0.0,0.0,0.0,0.0,0.0,0.0,0.0,0.0,0.0,0.0,0.0,0.0,0.0,0.0,0.0,0.0,0.0,0.0,0.0,0.0,0.0,0.0,0.0,0.0,0.0,0.0,0.0,0.0,0.0,0.0,0.0,0.0,0.0,0.0,0.0,0.0,0.0,0.0,0.0,0.0,0.0,0.0,0.0,0.0,0.0,0.0,0.0,0.0,0.0,0.0,0.0,0.0,0.0,0.0,0.0,0.0,0.0,0.0,0.0,0.0,0.0,0.0
0.0,0.0,0.0,0.0,0.0,0.0,0.0,0.0,0.0,0.0,0.0,0.0,0.0,0.0,0.0,0.0,0.0,0.0,0.0,0.0,0.0,0.0,0.0,0.0,0.0,0.0,0.0,0.0,0.0,0.0,0.0,0.0,0.0,0.0,0.0,0.0,0.0,0.0,0.0,0.0,0.0,0.0,0.0,0.0,0.0,0.0,0.0,0.0,0.0,0.0,0.0,0.0,0.0,0.0,0.0,0.0,0.0,0.0,0.0,0.0,0.0,0.0,0.0,0.0,0.0,0.0,0.0,0.0,0.0,0.0,0.0,0.0,0.0,0.0,0.0,0.0,0.0,0.0,0.0,0.0,0.0,1.7616,0.523875,-0.153325,0.746175,0.95955,0.8376750000000001,0.4482,0.096125,1.22785,1.123725,1.057875,0.746775,0.17070000000000002,0.240425,1.114675,1.071025,0.359375,0.09887499999999999,0.607125,1.1745999999999999,1.158825,0.071325,-0.20170000000000002,0.50015,1.161475,0.49375,0.3725,0.0851,0.664625,1.1255,0.55295,0.17025,0.08735,0.2667,0.391925,0.5312,0.249075,0.525225,0.39625,0.424525,0.9102,0.215225,0.140125,-0.218625,0.6839,1.014675,0.580375,0.220725,-0.0388,0.7797499999999999,0.843475,0.44915,-0.22899999999999998,0.0445,0.6319250000000001,0.655725,0.477375,-0.1076,0.308,0.478175,0.70385,-0.14552500000000002,-0.13322499999999998,-0.108075,0.12265,0.540575,0.4165,0.04115,-0.14575,0.26345,0.3159,0.3402,-0.037825,-0.52635,0.025675,0.35507500000000003,0.5139499999999999,0.13135,-0.2405,-0.039400000000000004,0.6603,0.414025,-0.09815,-0.019475,-0.0464,0.6356499999999999,0.442275,-0.22895,-0.247275,-0.0871,0.459875,-0.088925,0.06960000000000001,-0.376325,-0.15487499999999998,0.4468,0.19915,-0.162425,-0.307075,-0.275475,-0.2047,0.266525,0.064275,-0.2388,-0.246825,0.107125,0.6174499999999999,-0.034949999999999995,-0.555875,-0.648725,-0.03485,0.416775,-0.076875,-0.283025,-0.485275,0.09809999999999999,0.26332500000000003,0.052724999999999994,-0.33135,-0.28917499999999996,-0.1467,-0.13549999999999998,0.354175,-0.15610000000000002,-0.17207499999999998,-0.14687499999999998,-0.13777499999999998,-0.0306,-0.23672500000000002,-0.5832999999999999,-0.903475,-0.123625,-0.0464,-0.12514999999999998,-0.518625,-0.537975,0.13847500000000001,-0.017025,-0.28595000000000004,-0.75815,-0.22215,-0.098975,0.03715,-0.38825,-0.572525,-0.21655,-0.30115000000000003,0.009375,-0.461725,-0.5632,-0.3588,-0.49010000000000004,0.06075,-0.391625,-0.36535,-0.4649,-0.33515,-0.6472249999999999,-0.46935,-0.510975,-0.8784749999999999,-0.639375,-0.16655,-0.13455,-0.6559,-0.7719,-0.610875,-0.018275,-0.18915,-0.91105,-0.5828,-0.540875,-0.048299999999999996,-0.252075,-0.6354,-0.95765,-0.514675,-0.22824999999999998,-0.601975,-0.6866749999999999,-0.5735,-0.497725,-0.11474999999999999,-0.305125,-0.43005,-0.6512,-0.6559,-0.812825,-0.33725,-0.3237,-0.911575,-0.7227,-0.5137,-0.38865,-0.65015,-0.8356750000000001,-1.0813,-0.50815,-0.04765,-0.508725,-0.73825,-0.715825,-0.386525,-0.3089,-0.8175,-0.862175,-0.980975,-0.539,-0.46495,-0.580375,-0.5395249999999999,-0.8115749999999999,-0.986375,-0.862525,-0.599325,-0.493875,-1.09665,-0.9338,-0.71635,-0.79215,-0.388125,-0.663025,-0.91985,-0.42785,-0.8773249999999999,-0.195975,-1.2363,-1.0053750000000001,-0.3938,-0.87395,-1.312025,-1.062875,-0.732225,-0.8532,-0.86095,-1.13735,-0.83905,-0.26475000000000004,0.0,0.0,0.0,0.0,0.0,0.0,0.0,0.0,0.0,0.0,0.0,0.0,0.0,0.0,0.0,0.0,0.0,0.0,0.0,0.0,0.0,0.0,0.0,0.0,0.0,0.0,0.0,0.0,0.0,0.0,0.0,0.0,0.0,0.0,0.0,0.0,0.0,0.0,0.0,0.0,0.0,0.0,0.0,0.0,0.0,0.0,0.0,0.0,0.0,0.0,0.0,0.0,0.0,0.0,0.0,0.0,0.0,0.0,0.0,0.0,0.0,0.0,0.0,0.0,0.0,0.0,0.0,0.0,0.0,0.0,0.0,0.0,0.0,0.0,0.0,0.0,0.0,0.0,0.0,0.0,0.0
0.0,0.0,0.0,0.0,0.0,0.0,0.0,0.0,0.0,0.0,0.0,0.0,0.0,0.0,0.0,0.0,0.0,0.0,0.0,0.0,0.0,0.0,0.0,0.0,0.0,0.0,0.0,0.0,0.0,0.0,0.0,0.0,0.0,0.0,0.0,0.0,0.0,0.0,0.0,0.0,0.0,0.0,0.0,0.0,0.0,0.0,0.0,0.0,0.0,0.0,0.0,0.0,0.0,0.0,0.0,0.0,0.0,0.0,0.0,0.0,0.0,0.0,0.0,0.0,0.0,0.0,0.0,0.0,0.0,0.0,0.0,0.0,0.0,0.0,0.0,0.0,0.0,0.0,0.0,0.0,0.643375,1.233075,1.27735,0.496625,0.3822,0.44755,1.05725,1.3024,1.22925,0.08247499999999999,0.7191,0.5634250000000001,1.3022,0.816975,0.18345,0.4341,0.82165,1.02375,0.738675,0.1023,-0.23785,0.67485,1.175675,0.576675,0.1808,0.11574999999999999,0.5518,1.2380499999999999,0.663475,0.053274999999999996,0.18735000000000002,0.6079,0.51325,0.342,0.078125,0.35672499999999996,0.78055,0.665425,0.88045,0.318925,0.022324999999999998,0.158425,0.59705,0.8174,0.354575,0.254575,0.092525,0.946725,0.6936,0.379975,-0.21925,0.11964999999999999,0.99805,0.851025,0.3577,-0.19465,0.12434999999999999,0.6783,0.75425,0.0598,-0.285775,0.1422,0.501125,0.778975,0.22125,0.1051,0.1962,0.24107499999999998,0.24515,-0.09824999999999999,0.32355,-0.2309,0.160225,0.49215,0.47812499999999997,0.13622499999999998,-0.381875,0.08185,0.460225,0.69065,-0.427125,-0.227075,0.16465000000000002,0.834125,0.639625,-0.13217500000000001,-0.35635,-0.124975,0.39045,0.01935,-0.220575,-0.168925,-0.026725,0.496125,0.00995,-0.263875,-0.214625,-0.093475,0.1133,0.1622,0.011,-0.287775,-0.128075,-0.0256,0.319975,-0.17655,-0.269175,-0.368425,0.018949999999999998,0.540125,-0.31205000000000005,-0.3102,-0.29774999999999996,0.049525,0.19832499999999997,-0.10400000000000001,-0.45195,-0.60685,0.1273,0.133275,-0.08085,-0.44830000000000003,-0.23685,0.084525,-0.0562,-0.2195,-0.392175,-0.3687,-0.40755,-0.01635,0.123425,-0.308625,-0.57,-0.326925,-0.21545,-0.03505,-0.123175,-0.878575,-0.41737500000000005,0.3522,0.078925,-0.0138,-0.7478,-0.40215,-0.14775,-0.122875,-0.559475,-0.742175,-0.37755000000000005,-0.06607500000000001,0.28140000000000004,-0.4965,-0.5973,-0.38745,-0.216125,-0.08587499999999999,-0.353725,-0.517625,-0.7537,-0.4394,-0.164,-0.164,-0.40785000000000005,-0.675025,-0.423925,-0.29975,-0.11282500000000001,-0.67815,-0.6342749999999999,-0.207325,-0.035275,-0.020675,-0.691925,-0.70565,-0.647475,-0.36819999999999997,-0.78005,-0.655025,-0.73505,-0.37512500000000004,0.08625000000000001,-0.471725,-0.732375,-0.7028,-0.411625,-0.4353,-0.45505,-0.55875,-0.8534,-0.9464250000000001,-0.71445,-0.100525,-0.94095,-0.898625,-1.0156,-0.515775,-0.372825,-0.727,-0.647525,-1.02075,-0.544525,-0.482775,-0.633,-0.964575,-0.88735,-0.20955000000000001,-0.8530249999999999,-0.80165,-0.9199,-0.897025,-0.46352499999999996,-0.345125,-0.5897249999999999,-0.6888000000000001,-0.5784,-1.3841,-0.437575,-0.216,-0.8636999999999999,-0.60995,-0.813775,-0.1956,-0.649325,-0.566225,-1.225875,-0.959375,-0.5483,-0.387225,-1.349275,-1.150425,-1.793925,-0.683925,-0.9779249999999999,-1.075075,-1.306425,-0.66595,-0.688225,-0.025825,-1.02535,-0.816525,0.0,0.0,0.0,0.0,0.0,0.0,0.0,0.0,0.0,0.0,0.0,0.0,0.0,0.0,0.0,0.0,0.0,0.0,0.0,0.0,0.0,0.0,0.0,0.0,0.0,0.0,0.0,0.0,0.0,0.0,0.0,0.0,0.0,0.0,0.0,0.0,0.0,0.0,0.0,0.0,0.0,0.0,0.0,0.0,0.0,0.0,0.0,0.0,0.0,0.0,0.0,0.0,0.0,0.0,0.0,0.0,0.0,0.0,0.0,0.0,0.0,0.0,0.0,0.0,0.0,0.0,0.0,0.0,0.0,0.0,0.0,0.0,0.0,0.0,0.0,0.0,0.0,0.0,0.0,0.0
0.0,0.0,0.0,0.0,0.0,0.0,0.0,0.0,0.0,0.0,0.0,0.0,0.0,0.0,0.0,0.0,0.0,0.0,0.0,0.0,0.0,0.0,0.0,0.0,0.0,0.0,0.0,0.0,0.0,0.0,0.0,0.0,0.0,0.0,0.0,0.0,0.0,0.0,0.0,0.0,0.0,0.0,0.0,0.0,0.0,0.0,0.0,0.0,0.0,0.0,0.0,0.0,0.0,0.0,0.0,0.0,0.0,0.0,0.0,0.0,0.0,0.0,0.0,0.0,0.0,0.0,0.0,0.0,0.0,0.0,0.0,0.0,0.0,0.0,0.0,0.0,0.0,0.0,0.0,0.862525,0.87355,0.6418,0.8061,1.600325,1.1697,0.47785,0.9989750000000001,0.8042,0.997625,0.64545,0.963925,0.339875,0.844175,0.772975,1.195525,0.9053,0.307425,0.14875,0.321675,1.211625,0.3163,0.5126999999999999,0.13292500000000002,0.9332750000000001,1.34925,0.83415,-0.127875,-0.160975,0.8210000000000001,0.764025,0.69225,0.19187500000000002,-0.01035,0.64755,0.671975,0.7539,0.136775,0.19519999999999998,0.45505,0.5857749999999999,0.883825,0.20445,0.37817500000000004,0.25117500000000004,0.74225,0.676675,0.48572499999999996,-0.015099999999999999,-0.067775,0.8802749999999999,0.732275,0.576325,-0.102425,0.23325,0.7352000000000001,0.664575,-0.06535,-0.45575,0.334025,0.6235999999999999,0.810325,-0.011675,-0.10642499999999999,0.1412,0.38997499999999996,0.3537,-0.08145000000000001,-0.065625,-0.25405,0.329725,0.648525,0.089625,0.010324999999999999,-0.21655000000000002,0.1836,0.3617,0.36419999999999997,-0.171775,-0.268175,0.26417500000000005,0.5504249999999999,0.5847,-0.171775,-0.37895,0.124025,0.676525,0.070725,-0.327875,-0.308075,0.318325,0.7281,0.3264,-0.1592,-0.5018,0.012525,0.36102500000000004,0.02805,-0.075125,-0.384875,0.011975,0.21465,0.11122499999999999,0.059125,-0.29475,-0.381925,-0.04705,0.40874999999999995,-0.1316,-0.240475,-0.2558,0.18125,0.476425,-0.15605,-0.45325000000000004,-0.7948500000000001,0.21445,0.173975,-0.0125,-0.3546,-0.35105000000000003,0.1936,0.035575,-0.2964,-0.6091,-0.268225,-0.227,-0.08795,0.07425,-0.39955,-0.25415,-0.405925,-0.20127499999999998,-0.293575,-0.45875,-0.556225,-0.61365,0.074275,-0.13217500000000001,-0.231475,-0.52355,-0.389525,-0.041075,-0.03845,-0.47957500000000003,-0.868025,-0.222025,0.061274999999999996,-0.007325,-0.369825,-0.462225,-0.38815,-0.083525,-0.171975,-0.6120749999999999,-0.18935000000000002,-0.583325,-0.27025,0.1335,-0.36114999999999997,-0.6768500000000001,-0.608275,-0.470575,-0.5406249999999999,-0.21589999999999998,-0.72575,-0.628575,-0.233125,0.0464,-0.054525,-0.498375,-0.897,-0.626775,-0.13125,-0.45575,-1.020325,-0.680475,-0.2039,-0.039975000000000004,-0.5612750000000001,-0.6315500000000001,-0.7684,-0.49175,-0.4033,-0.528575,-0.372075,-0.634,-0.5980500000000001,-0.6770499999999999,-0.3599,-0.7591749999999999,-1.098775,-0.8845500000000001,-0.60565,-0.18064999999999998,-0.6159,-0.88295,-0.6966000000000001,-0.4237,-0.019875,-0.6908749999999999,-0.853775,-0.814025,-0.477875,-0.473575,-0.6273500000000001,-0.93625,-0.641525,-0.45372500000000004,-0.23465,-0.9525999999999999,-0.9882,-0.8889,-0.291125,-0.599025,-0.8547,-0.760475,-0.7382500000000001,-1.122725,-0.5328499999999999,-0.883975,-0.98065,-0.861625,-1.2449,-0.761975,-0.977,-0.87395,-1.2131500000000002,-0.92925,-0.1844,-0.68835,-1.0267,-0.878475,-0.98885,-0.9333750000000001,-0.960425,-0.897775,-1.1551,-0.934925,0.15685,-0.8100750000000001,-1.5901999999999998,0.0,0.0,0.0,0.0,0.0,0.0,0.0,0.0,0.0,0.0,0.0,0.0,0.0,0.0,0.0,0.0,0.0,0.0,0.0,0.0,0.0,0.0,0.0,0.0,0.0,0.0,0.0,0.0,0.0,0.0,0.0,0.0,0.0,0.0,0.0,0.0,0.0,0.0,0.0,0.0,0.0,0.0,0.0,0.0,0.0,0.0,0.0,0.0,0.0,0.0,0.0,0.0,0.0,0.0,0.0,0.0,0.0,0.0,0.0,0.0,0.0,0.0,0.0,0.0,0.0,0.0,0.0,0.0,0.0,0.0,0.0,0.0,0.0,0.0,0.0,0.0,0.0,0.0,0.0
0.0,0.0,0.0,0.0,0.0,0.0,0.0,0.0,0.0,0.0,0.0,0.0,0.0,0.0,0.0,0.0,0.0,0.0,0.0,0.0,0.0,0.0,0.0,0.0,0.0,0.0,0.0,0.0,0.0,0.0,0.0,0.0,0.0,0.0,0.0,0.0,0.0,0.0,0.0,0.0,0.0,0.0,0.0,0.0,0.0,0.0,0.0,0.0,0.0,0.0,0.0,0.0,0.0,0.0,0.0,0.0,0.0,0.0,0.0,0.0,0.0,0.0,0.0,0.0,0.0,0.0,0.0,0.0,0.0,0.0,0.0,0.0,0.0,0.0,0.0,0.0,0.0,0.0,0.9777,0.413325,1.1753,1.321875,0.70485,0.71295,0.70305,1.506675,0.6804,0.7985,0.331075,0.614375,1.384325,0.788375,0.5290250000000001,0.111275,0.367475,0.354525,1.203525,0.440625,0.130825,0.19985,0.789325,1.1561,0.5289,0.045375,-0.208425,0.62325,0.816575,0.5726,0.317675,0.12845,0.950625,0.704725,0.440175,-0.09465000000000001,0.131425,0.6416499999999999,0.553475,0.5359499999999999,0.13865,0.714425,0.832775,0.5622499999999999,0.14115,0.0182,-0.10055,0.41312499999999996,0.800925,0.57005,0.32985,0.242075,0.25355000000000005,0.806675,0.6115499999999999,0.185725,-0.39154999999999995,0.276925,0.770675,0.571925,0.405375,-0.288675,0.0808,0.63595,0.48305,-0.123675,-0.2045,-0.0114,0.660325,0.728575,-0.018775,-0.100775,-0.079425,0.1023,0.179525,0.12407499999999999,0.009275,-0.1617,0.368575,0.49555,0.46802499999999997,-0.13095,-0.507725,0.018525,0.65885,0.31905,-0.32975,-0.1757,0.067525,0.50285,0.19820000000000002,-0.25935,-0.266425,-0.0433,0.44334999999999997,-0.13935,-0.1368,-0.14955000000000002,0.219275,0.44395,0.05195,-0.14202499999999998,-0.309175,-0.034325,-0.21,0.136575,-0.15789999999999998,-0.164525,-0.108575,0.128825,0.278175,-0.1429,-0.55495,-0.6785249999999999,0.16194999999999998,0.12245,-0.3337,-0.37345,-0.38245,0.328225,0.119625,-0.246075,-0.644975,-0.359275,0.062775,0.049425,-0.2175,-0.48150000000000004,-0.358625,-0.0446,0.028325,-0.410025,-0.4871,-0.48315,-0.420025,-0.0007000000000000001,-0.293475,-0.31265,-0.605,-0.34802500000000003,0.0416,-0.116575,-0.36424999999999996,-0.867875,-0.203325,0.22705,0.0766,-0.3845,-0.667275,-0.39935,0.098825,-0.0059,-0.738475,-0.58805,-0.322625,0.0495,-0.1262,-0.584875,-0.440075,-0.3912,-0.2939,-0.7220249999999999,-0.386825,-0.668,-0.774975,-0.374525,-0.524325,-0.17815,-0.73805,-0.4743,-0.525125,-0.15639999999999998,-0.268475,-0.8597250000000001,-0.6011,-0.45282500000000003,-0.125775,-0.5541499999999999,-0.836325,-0.832875,-0.45195,-0.515325,-0.792875,-0.6083999999999999,-0.6153,-0.186675,-0.36312500000000003,-0.82155,-1.0269,-0.917075,-0.747575,-0.7173499999999999,-0.57345,-0.905225,-0.4803,-0.68105,-0.262675,-0.300575,-0.7976,-0.9113749999999999,-0.909575,-0.105075,-0.3435,-0.646925,-0.7994,-0.7602,-0.220025,-0.527325,-0.8670249999999999,-1.0152,-0.6755,-0.436125,-0.3135,-0.5798000000000001,-0.819325,-0.7643500000000001,-0.9713750000000001,-0.4171,-1.079675,-0.992875,-1.1161750000000001,-1.112425,-0.382825,-0.962,-0.797675,-1.1864499999999998,-1.191575,-0.659875,-1.06345,-0.7531,-1.43475,-1.0664,-1.21015,-0.7993,-0.426025,-1.1001,-0.72835,-0.478525,-0.8833,-1.176875,-0.823575,0.144,-1.3063,-0.8968,0.0,0.0,0.0,0.0,0.0,0.0,0.0,0.0,0.0,0.0,0.0,0.0,0.0,0.0,0.0,0.0,0.0,0.0,0.0,0.0,0.0,0.0,0.0,0.0,0.0,0.0,0.0,0.0,0.0,0.0,0.0,0.0,0.0,0.0,0.0,0.0,0.0,0.0,0.0,0.0,0.0,0.0,0.0,0.0,0.0,0.0,0.0,0.0,0.0,0.0,0.0,0.0,0.0,0.0,0.0,0.0,0.0,0.0,0.0,0.0,0.0,0.0,0.0,0.0,0.0,0.0,0.0,0.0,0.0,0.0,0.0,0.0,0.0,0.0,0.0,0.0,0.0,0.0
0.0,0.0,0.0,0.0,0.0,0.0,0.0,0.0,0.0,0.0,0.0,0.0,0.0,0.0,0.0,0.0,0.0,0.0,0.0,0.0,0.0,0.0,0.0,0.0,0.0,0.0,0.0,0.0,0.0,0.0,0.0,0.0,0.0,0.0,0.0,0.0,0.0,0.0,0.0,0.0,0.0,0.0,0.0,0.0,0.0,0.0,0.0,0.0,0.0,0.0,0.0,0.0,0.0,0.0,0.0,0.0,0.0,0.0,0.0,0.0,0.0,0.0,0.0,0.0,0.0,0.0,0.0,0.0,0.0,0.0,0.0,0.0,0.0,0.0,0.0,0.0,0.0,2.0631,1.650925,0.48460000000000003,0.208925,1.1498249999999999,1.888325,0.891225,0.438425,0.740125,1.0556999999999999,1.9529,0.8851749999999999,0.38117500000000004,0.4042,0.818,0.912075,0.88455,0.582425,0.483175,0.6853750000000001,0.8189500000000001,0.861625,0.384475,0.26515,-0.0126,0.8604,0.892675,0.390025,0.152275,0.26775,0.81315,1.186725,0.63575,-0.467325,-0.11415,0.939225,0.820875,0.4636,-0.00645,0.24785000000000001,0.7939750000000001,0.89415,0.05595,-0.1603,0.3228,0.208175,0.5730500000000001,0.5873999999999999,0.2285,0.23065,0.509225,0.746775,0.5429,0.41115,-0.259625,0.14150000000000001,0.8423499999999999,0.6012500000000001,0.18860000000000002,-0.19422499999999998,0.2585,0.5440499999999999,0.6604,-0.224825,-0.33015000000000005,0.27394999999999997,0.754275,0.65065,-0.142675,-0.06872500000000001,0.22455,0.55385,0.279575,-0.09605,0.28375,-0.049025,0.6199,0.536025,0.1729,-0.08877499999999999,-0.172275,0.1097,0.47309999999999997,0.25505,-0.41425,-0.017775,0.22385,0.50605,0.251525,-0.404925,-0.43205,-0.047875,0.563975,-0.216775,-0.200425,-0.33825,0.245325,0.63845,0.222975,-0.35155000000000003,-0.373075,0.1302,0.16412500000000002,0.186325,-0.093875,-0.148925,0.1521,0.1924,0.20395,-0.132575,-0.36015,-0.32430000000000003,0.151525,0.46630000000000005,-0.173675,-0.27335,-0.2354,0.237175,0.12787500000000002,-0.199925,-0.7364,-0.470575,0.184525,-0.018675,-0.20247500000000002,-0.45875,-0.24377500000000002,0.1404,0.06394999999999999,-0.45655,-0.52105,-0.1174,-0.160925,-0.071475,-0.3135,-0.37729999999999997,-0.3093,-0.213375,-0.1673,-0.2417,-0.3654,-0.74375,-0.203775,0.21789999999999998,-0.21985,-0.33447499999999997,-0.74925,-0.15992499999999998,-0.088975,-0.151925,-0.804275,-0.50095,-0.03085,0.140575,-0.10025,-0.5638000000000001,-0.66155,-0.332025,0.1025,-0.366975,-0.48685,-0.554475,-0.470775,-0.18115,-0.4347,-0.4395,-0.463675,-0.357425,-0.44765,-0.21835,-0.28015,-0.7431,-0.55345,-0.214275,-0.076725,-0.405025,-0.607925,-0.762675,-0.27725,0.04725,-0.54945,-0.5422,-0.6951,-0.1656,0.05545,-0.645475,-0.629925,-0.9630000000000001,-0.2462,-0.37775000000000003,-0.55575,-0.6967,-0.65935,-0.41705,-0.42795,-0.6,-0.68885,-0.957275,-1.0553750000000002,-0.493525,-0.269825,-0.881375,-0.7161500000000001,-0.703375,-0.3486,-0.445925,-0.67345,-1.1167,-0.85705,-0.4429,-0.39005,-0.878225,-0.9738,-0.7114,-0.6104,-0.38380000000000003,-0.9303250000000001,-1.12305,-0.674925,-0.40135,-0.70985,-0.531025,-0.8331,-0.7579499999999999,-1.2978999999999998,-1.09955,-0.6466500000000001,-0.5102,-1.2865,-0.718525,-0.623475,-0.683825,-1.064425,-1.265925,-0.91275,-0.90905,-0.278425,-1.1474,-0.620275,-0.719975,-0.26585000000000003,-0.683625,-1.2663250000000001,-0.7490749999999999,-1.205725,0.11065,0.0,0.0,0.0,0.0,0.0,0.0,0.0,0.0,0.0,0.0,0.0,0.0,0.0,0.0,0.0,0.0,0.0,0.0,0.0,0.0,0.0,0.0,0.0,0.0,0.0,0.0,0.0,0.0,0.0,0.0,0.0,0.0,0.0,0.0,0.0,0.0,0.0,0.0,0.0,0.0,0.0,0.0,0.0,0.0,0.0,0.0,0.0,0.0,0.0,0.0,0.0,0.0,0.0,0.0,0.0,0.0,0.0,0.0,0.0,0.0,0.0,0.0,0.0,0.0,0.0,0.0,0.0,0.0,0.0,0.0,0.0,0.0,0.0,0.0,0.0,0.0,0.0
0.0,0.0,0.0,0.0,0.0,0.0,0.0,0.0,0.0,0.0,0.0,0.0,0.0,0.0,0.0,0.0,0.0,0.0,0.0,0.0,0.0,0.0,0.0,0.0,0.0,0.0,0.0,0.0,0.0,0.0,0.0,0.0,0.0,0.0,0.0,0.0,0.0,0.0,0.0,0.0,0.0,0.0,0.0,0.0,0.0,0.0,0.0,0.0,0.0,0.0,0.0,0.0,0.0,0.0,0.0,0.0,0.0,0.0,0.0,0.0,0.0,0.0,0.0,0.0,0.0,0.0,0.0,0.0,0.0,0.0,0.0,0.0,0.0,0.0,0.0,0.0,1.1475,0.8851,1.062325,1.55985,0.8481500000000001,0.56265,0.8937,1.3442,1.6725249999999998,0.7427250000000001,0.60895,0.19185,0.798,1.475675,0.8243499999999999,0.6002000000000001,0.25479999999999997,0.942,0.91835,0.6663,0.148275,0.414925,0.40095000000000003,0.377025,0.727125,0.39944999999999997,0.260625,0.38935,1.0390249999999999,0.82835,0.356925,-0.1591,-0.15587499999999999,1.1512250000000002,1.127375,0.38235,-0.057825,0.2868,0.8194,0.9107999999999999,0.34892500000000004,-0.019725,0.38915,0.7132999999999999,0.9561999999999999,0.67205,0.11455,0.48164999999999997,0.6144999999999999,0.89545,0.22810000000000002,0.26084999999999997,-0.0244,0.409575,0.893725,0.3327,0.227525,-0.144375,0.38580000000000003,0.4172,0.606175,-0.42055,-0.215575,0.14675000000000002,0.80375,0.663725,-0.048299999999999996,-0.24484999999999998,0.13045,0.786125,0.3701,-0.264425,-0.1146,-0.0069500000000000004,0.55475,0.3243,-0.006975,0.110675,0.13237500000000002,0.36595,0.298125,0.20355,-0.36035,-0.0228,0.26485000000000003,0.465825,0.354725,-0.198475,-0.112275,-0.079525,0.527075,0.008400000000000001,-0.2616,-0.2417,0.33985,0.68025,0.054825,-0.34885,-0.351525,0.467225,0.4477,-0.044625,-0.23585,-0.027475,0.371325,0.394725,-0.012425,-0.448,-0.2702,-0.07285,0.1006,0.157675,-0.37275,-0.121975,-0.2046,0.081525,0.01315,-0.29522499999999996,-0.5343249999999999,-0.5892000000000001,0.26595,0.039150000000000004,-0.17475000000000002,-0.643875,-0.208775,0.179975,0.083125,-0.6718,-0.8347249999999999,-0.01485,0.174425,0.03825,-0.198625,-0.490575,-0.23557499999999998,-0.1579,-0.0873,-0.46195,-0.396525,-0.569475,-0.065,0.1989,-0.2968,-0.30619999999999997,-0.5325,-0.325275,-0.063225,-0.027275,-0.671525,-0.76135,-0.1725,0.1688,0.08575,-0.48425,-0.48275,-0.414775,0.1891,-0.3869,-0.703675,-0.374925,-0.353075,-0.010425,-0.3596,-0.651025,-0.563475,-0.481775,-0.230425,-0.3671,-0.456975,-0.684375,-0.309675,-0.2511,-0.20702500000000001,-0.376875,-0.534475,-0.724525,-0.624125,-0.013475,-0.5374,-0.678175,-0.5793,-0.09705,-0.3284,-0.7324999999999999,-0.88885,-0.81725,-0.2342,-0.18125000000000002,-0.644025,-0.581875,-0.6609499999999999,-0.5263,-0.491275,-0.6049,-0.955025,-0.540675,-0.63525,-0.496275,-0.531725,-0.88445,-0.6449750000000001,-0.6808000000000001,-0.540725,-0.6474500000000001,-0.74905,-1.046375,-0.801,-0.562975,-0.6693,-0.84025,-1.169475,-0.60845,-0.183475,-0.412775,-0.8495250000000001,-1.157,-0.63785,-0.527025,-0.46865,-0.5455000000000001,-0.989475,-0.53135,-0.915225,-0.81585,-0.903975,-0.5001749999999999,-1.0371249999999999,-0.402325,-0.32305,-0.8279,-0.3533,-1.330325,-1.06215,-0.481875,-0.66045,-0.917575,-0.980575,-0.45542499999999997,-0.46457499999999996,-0.4068,-0.9956,-1.784025,-0.8546,-0.2833,-0.462825,-0.7470749999999999,-0.72975,-0.0532,0.0,0.0,0.0,0.0,0.0,0.0,0.0,0.0,0.0,0.0,0.0,0.0,0.0,0.0,0.0,0.0,0.0,0.0,0.0,0.0,0.0,0.0,0.0,0.0,0.0,0.0,0.0,0.0,0.0,0.0,0.0,0.0,0.0,0.0,0.0,0.0,0.0,0.0,0.0,0.0,0.0,0.0,0.0,0.0,0.0,0.0,0.0,0.0,0.0,0.0,0.0,0.0,0.0,0.0,0.0,0.0,0.0,0.0,0.0,0.0,0.0,0.0,0.0,0.0,0.0,0.0,0.0,0.0,0.0,0.0,0.0,0.0,0.0,0.0,0.0,0.0
0.0,0.0,0.0,0.0,0.0,0.0,0.0,0.0,0.0,0.0,0.0,0.0,0.0,0.0,0.0,0.0,0.0,0.0,0.0,0.0,0.0,0.0,0.0,0.0,0.0,0.0,0.0,0.0,0.0,0.0,0.0,0.0,0.0,0.0,0.0,0.0,0.0,0.0,0.0,0.0,0.0,0.0,0.0,0.0,0.0,0.0,0.0,0.0,0.0,0.0,0.0,0.0,0.0,0.0,0.0,0.0,0.0,0.0,0.0,0.0,0.0,0.0,0.0,0.0,0.0,0.0,0.0,0.0,0.0,0.0,0.0,0.0,0.0,0.0,0.0,1.25995,1.2119,1.1487500000000002,1.1806999999999999,0.7968,0.8714,1.694525,0.8869,-0.218375,0.3861,0.7639750000000001,1.455825,0.714475,0.24165,0.405925,1.21645,1.362625,0.690025,-0.095375,0.37565000000000004,0.74985,0.9133,1.01535,0.1508,0.310175,0.37995,1.144775,0.77165,0.457275,0.036074999999999996,-0.21437499999999998,0.739575,0.725625,0.677675,0.22647499999999998,0.532625,1.038225,0.664275,0.314775,-0.1054,0.29225,1.1066,0.75855,0.650475,-0.019725,0.432525,0.784075,0.7263,0.04185,0.11115,0.3355,0.628525,0.986375,0.378025,0.30615,-0.0907,0.33325000000000005,0.5442,0.2589,-0.08285000000000001,-0.156675,0.513,0.6691750000000001,0.5509499999999999,-0.0965,-0.057275,0.1113,0.5232,0.30005000000000004,-0.23427499999999998,0.06505,0.260475,0.792125,0.623125,-0.268625,-0.13529999999999998,0.236325,0.5964,0.109,0.1102,-0.3343,0.6329,0.589925,0.39697499999999997,0.089125,-0.26865,-0.16699999999999998,0.15815,0.44682499999999997,0.126125,-0.291325,0.039850000000000003,0.3236,0.39694999999999997,0.043225,-0.463675,-0.39355,0.40869999999999995,0.428425,0.0511,-0.2254,-0.1545,0.48767499999999997,0.4307,0.026725,-0.47314999999999996,-0.28485,0.173875,0.096275,0.28625,-0.2842,0.056525,0.054375,0.1888,-0.052025,-0.18914999999999998,-0.3325,-0.43770000000000003,0.263975,0.12737500000000002,-0.111775,-0.422975,-0.2943,0.163425,-0.031299999999999994,-0.470675,-0.81005,-0.159225,0.044525,0.097075,-0.37220000000000003,-0.53155,-0.06937499999999999,0.06715,-0.10935,-0.721725,-0.59485,-0.295325,-0.1634,-0.041475,-0.342575,-0.3267,-0.117125,-0.1225,-0.2864,-0.385675,-0.46340000000000003,-0.661,-0.1022,0.05675,-0.067675,-0.691175,-0.501,-0.311425,0.262,-0.318575,-0.874625,-0.362175,-0.1439,0.11380000000000001,-0.2835,-0.546975,-0.696375,-0.28537500000000005,-0.139575,-0.554325,-0.60535,-0.7538,-0.22105,-0.064875,-0.495175,-0.231775,-0.618825,-0.513725,-0.5361,-0.0982,-0.46482500000000004,-0.5551,-0.5708,-0.1536,-0.15109999999999998,-0.494,-0.834825,-0.874025,0.01575,-0.045774999999999996,-0.36865000000000003,-0.5574250000000001,-0.79615,-0.18837500000000001,-0.2297,-0.853175,-0.7678750000000001,-0.707525,-0.7177250000000001,-0.3155,-0.5346,-0.8307,-0.7697,-0.5516749999999999,-0.7008749999999999,-0.7379749999999999,-0.81375,-0.6130249999999999,-0.92535,-0.408225,-0.64935,-0.49992499999999995,-0.9144,-0.5413749999999999,-0.663525,-0.5377,-0.980075,-1.303,-0.7949,-0.33457499999999996,-0.44532499999999997,-0.862525,-1.1569500000000001,-0.7375499999999999,-0.616475,-0.67035,-0.8281000000000001,-1.107825,-0.457375,-0.498225,-0.314025,-0.722775,-0.72475,-1.1126,-1.1367749999999999,-1.05625,-0.64415,-1.046725,-0.69125,-1.0254750000000001,-0.12945,-0.9450500000000001,-0.340275,-1.3633499999999998,-1.185375,-1.12425,-1.3214,-1.1116,-1.585175,-0.223925,-0.27945,-0.7849,-1.3106749999999998,-0.80115,0.0,0.0,0.0,0.0,0.0,0.0,0.0,0.0,0.0,0.0,0.0,0.0,0.0,0.0,0.0,0.0,0.0,0.0,0.0,0.0,0.0,0.0,0.0,0.0,0.0,0.0,0.0,0.0,0.0,0.0,0.0,0.0,0.0,0.0,0.0,0.0,0.0,0.0,0.0,0.0,0.0,0.0,0.0,0.0,0.0,0.0,0.0,0.0,0.0,0.0,0.0,0.0,0.0,0.0,0.0,0.0,0.0,0.0,0.0,0.0,0.0,0.0,0.0,0.0,0.0,0.0,0.0,0.0,0.0,0.0,0.0,0.0,0.0,0.0,0.0
0.0,0.0,0.0,0.0,0.0,0.0,0.0,0.0,0.0,0.0,0.0,0.0,0.0,0.0,0.0,0.0,0.0,0.0,0.0,0.0,0.0,0.0,0.0,0.0,0.0,0.0,0.0,0.0,0.0,0.0,0.0,0.0,0.0,0.0,0.0,0.0,0.0,0.0,0.0,0.0,0.0,0.0,0.0,0.0,0.0,0.0,0.0,0.0,0.0,0.0,0.0,0.0,0.0,0.0,0.0,0.0,0.0,0.0,0.0,0.0,0.0,0.0,0.0,0.0,0.0,0.0,0.0,0.0,0.0,0.0,0.0,0.0,0.0,0.0,1.373825,0.50875,0.998225,1.1106749999999999,2.2003,0.72345,0.4128,-0.123725,1.07025,1.6383999999999999,0.753425,0.613525,0.645375,1.3522500000000002,1.643275,0.86125,-0.02775,0.348375,0.950375,1.012325,0.642925,0.39255,0.381125,0.7726500000000001,0.844325,0.44265,0.105575,0.288975,0.353,0.7954,0.540275,0.4012,0.20865,0.151325,0.908925,0.93745,0.4475,-0.201525,0.367475,0.775625,0.840525,0.5404,0.211125,0.760425,1.01775,0.967275,0.062150000000000004,-0.0995,0.413875,0.755425,0.899525,0.20725,0.23025,0.343325,0.6935749999999999,0.48719999999999997,0.069575,-0.081575,-0.06365,0.516425,0.839775,0.47814999999999996,0.073725,-0.164325,0.2865,0.594725,0.3619,-0.356475,-0.1284,0.242375,0.7726000000000001,0.6054499999999999,-0.1322,-0.12705,0.12332499999999999,0.751375,-0.06615,-0.116475,0.093925,0.5741999999999999,0.82535,0.163825,-0.150775,-0.111275,0.164725,0.121825,0.25255,-0.06525,-0.162,0.16212500000000002,0.2708,0.249175,-0.07865,-0.38625,-0.438875,0.40095,0.37679999999999997,-0.08215,-0.22575,-0.043025,0.500875,0.454075,0.006825,-0.57735,-0.2202,0.31875,0.08625000000000001,-0.009425000000000001,-0.4073,0.08327499999999999,0.266975,0.275375,-0.19517500000000002,-0.49335,0.010425,-0.320675,0.1956,0.090025,-0.254625,-0.306425,-0.107375,0.134225,-0.113125,-0.282225,-0.8695,-0.175975,0.1328,0.04645,-0.21225,-0.599525,-0.096175,0.142225,0.12465,-0.50945,-0.54505,-0.124225,0.109575,0.0379,-0.51925,-0.445725,-0.303475,0.0417,-0.2295,-0.34005,-0.39225,-0.567475,-0.07287500000000001,-0.169725,-0.15842499999999998,-0.5195000000000001,-0.6091500000000001,-0.377925,0.028725,-0.218275,-0.83805,-0.5217750000000001,-0.198225,0.188925,-0.22585,-0.64695,-0.674275,-0.35719999999999996,0.0697,-0.68385,-0.6405000000000001,-0.509725,-0.211475,-0.18295,-0.636625,-0.585275,-0.62165,-0.24952500000000002,-0.437325,-0.276675,-0.36505,-0.577825,-0.41362499999999996,-0.30779999999999996,-0.448625,-0.496375,-0.554225,-0.751775,-0.1662,-0.17245,-0.706375,-0.8612500000000001,-0.654875,0.0497,-0.2314,-0.612425,-0.92145,-0.65505,-0.2331,-0.6802250000000001,-0.677725,-1.019775,-0.5025000000000001,-0.42347500000000005,-0.4417,-0.9775,-0.8926499999999999,-0.582575,-0.68415,-0.460175,-0.434025,-0.760925,-0.75905,-0.806875,-0.6867,-0.8073,-1.0428,-0.958475,-0.400325,-0.24557500000000002,-0.49255,-0.609225,-1.025925,-0.46654999999999996,-0.5528,-0.6038,-1.2063249999999999,-1.071125,-0.72245,-0.49834999999999996,-0.8027249999999999,-0.961175,-1.0789,-1.10365,-0.7582500000000001,-1.06195,-1.1150499999999999,-0.804,-1.165125,-0.7751,-0.83025,-0.83175,-0.6913,-1.2429999999999999,-1.4963,-0.679475,-0.57475,-1.588225,-0.8537250000000001,-0.72865,-1.276875,-0.32982500000000003,-0.9647749999999999,-1.023075,-1.144075,-0.111675,-0.9307000000000001,-0.75685,0.0,0.0,0.0,0.0,0.0,0.0,0.0,0.0,0.0,0.0,0.0,0.0,0.0,0.0,0.0,0.0,0.0,0.0,0.0,0.0,0.0,0.0,0.0,0.0,0.0,0.0,0.0,0.0,0.0,0.0,0.0,0.0,0.0,0.0,0.0,0.0,0.0,0.0,0.0,0.0,0.0,0.0,0.0,0.0,0.0,0.0,0.0,0.0,0.0,0.0,0.0,0.0,0.0,0.0,0.0,0.0,0.0,0.0,0.0,0.0,0.0,0.0,0.0,0.0,0.0,0.0,0.0,0.0,0.0,0.0,0.0,0.0,0.0,0.0
0.0,0.0,0.0,0.0,0.0,0.0,0.0,0.0,0.0,0.0,0.0,0.0,0.0,0.0,0.0,0.0,0.0,0.0,0.0,0.0,0.0,0.0,0.0,0.0,0.0,0.0,0.0,0.0,0.0,0.0,0.0,0.0,0.0,0.0,0.0,0.0,0.0,0.0,0.0,0.0,0.0,0.0,0.0,0.0,0.0,0.0,0.0,0.0,0.0,0.0,0.0,0.0,0.0,0.0,0.0,0.0,0.0,0.0,0.0,0.0,0.0,0.0,0.0,0.0,0.0,0.0,0.0,0.0,0.0,0.0,0.0,0.0,0.0,1.3533,1.280675,1.59765,1.227525,0.7941,0.64,0.994625,1.301025,0.730175,0.348525,0.677875,1.2328999999999999,1.461875,0.96505,-0.051000000000000004,0.359525,1.276175,0.9663499999999999,0.7674,0.259075,0.333675,1.095675,0.808825,0.434525,0.08975,0.182025,0.4704,0.57605,0.7236,0.35995,0.550125,0.3246,0.7238,0.4396,0.49255,0.132325,0.4022,0.985525,0.64985,0.43605,0.10695,0.485775,0.957425,0.76545,-0.01865,-0.102475,0.722125,0.95375,0.9565750000000001,0.0775,0.13955,0.443625,0.918775,0.410875,-0.073825,0.036375000000000005,0.21689999999999998,0.79535,0.63395,0.078125,0.0833,0.15325,0.2732,0.257575,0.31065,-0.184775,0.037675,0.45542499999999997,0.895325,0.48672499999999996,-0.205225,-0.01455,0.165175,0.779275,0.0902,-0.22097499999999998,-0.079925,0.5870500000000001,0.760375,-0.01835,-0.1703,-0.114525,0.5524249999999999,0.36660000000000004,0.07635,0.035574999999999996,-0.20525,0.402875,0.19415,0.074025,-0.05405,-0.186025,-0.22412500000000002,0.00945,0.31105,-0.247025,-0.092875,-0.05905,0.6208750000000001,0.42455,-0.029375,-0.44865,-0.3679,0.705,0.39625,0.0631,-0.305975,-0.1402,0.459025,-0.01355,-0.233475,-0.55865,0.144775,-0.048875,0.18385,-0.158725,-0.339675,-0.222875,-0.08835,-0.146625,-0.3094,-0.280125,-0.422775,-0.18280000000000002,0.137925,-0.066375,-0.17055,-0.5646249999999999,-0.153525,-0.010775,0.187425,-0.4661,-0.75175,0.061524999999999996,0.28075,-0.031024999999999997,-0.59295,-0.413275,-0.255525,0.06709999999999999,-0.344325,-0.5988249999999999,-0.162175,-0.30595,0.10927500000000001,-0.0521,-0.410725,-0.4385,-0.4186,-0.27595000000000003,-0.29415,-0.21655,-0.6272249999999999,-0.505225,-0.12365,0.18005000000000002,-0.062025000000000004,-0.699025,-0.63725,-0.33840000000000003,0.12645,-0.45555,-0.7482,-0.30555,-0.00145,0.020025,-0.44415,-0.622025,-0.7095,-0.004824999999999999,-0.24937499999999999,-0.44745,-0.507025,-0.637675,-0.122,-0.167375,-0.39087500000000003,-0.60535,-0.6729,-0.645775,-0.18665,-0.095525,-0.746275,-0.769775,-0.39825,0.073,-0.20882499999999998,-0.68015,-0.760175,-0.8698750000000001,-0.150475,-0.350475,-0.551175,-0.7471749999999999,-0.599525,-0.093975,-0.55685,-0.845,-0.912775,-0.386,-0.6577,-0.660475,-0.44834999999999997,-0.8435,-0.6560999999999999,-0.6073,-0.5977,-0.72085,-0.83395,-0.9273,-0.6675500000000001,-0.453,-0.893425,-0.7981750000000001,-0.6765,-0.5880000000000001,-0.653325,-0.9048,-1.1312,-0.913525,-0.44445,-0.397175,-0.6067,-1.0063,-0.6522,-0.750925,-0.123275,-1.270575,-0.893325,-0.607275,-0.8595999999999999,-0.58785,-0.7493749999999999,-0.8367,-0.8710249999999999,-0.9366000000000001,-1.0419,-0.942125,-0.9570500000000001,-0.98155,-1.20385,-1.07025,-0.141425,-0.516475,-0.912925,-1.131925,-0.6922999999999999,0.5886750000000001,-0.85005,-1.0137,-0.96745,-0.8643,-0.541875,-0.64375,0.0,0.0,0.0,0.0,0.0,0.0,0.0,0.0,0.0,0.0,0.0,0.0,0.0,0.0,0.0,0.0,0.0,0.0,0.0,0.0,0.0,0.0,0.0,0.0,0.0,0.0,0.0,0.0,0.0,0.0,0.0,0.0,0.0,0.0,0.0,0.0,0.0,0.0,0.0,0.0,0.0,0.0,0.0,0.0,0.0,0.0,0.0,0.0,0.0,0.0,0.0,0.0,0.0,0.0,0.0,0.0,0.0,0.0,0.0,0.0,0.0,0.0,0.0,0.0,0.0,0.0,0.0,0.0,0.0,0.0,0.0,0.0,0.0
0.0,0.0,0.0,0.0,0.0,0.0,0.0,0.0,0.0,0.0,0.0,0.0,0.0,0.0,0.0,0.0,0.0,0.0,0.0,0.0,0.0,0.0,0.0,0.0,0.0,0.0,0.0,0.0,0.0,0.0,0.0,0.0,0.0,0.0,0.0,0.0,0.0,0.0,0.0,0.0,0.0,0.0,0.0,0.0,0.0,0.0,0.0,0.0,0.0,0.0,0.0,0.0,0.0,0.0,0.0,0.0,0.0,0.0,0.0,0.0,0.0,0.0,0.0,0.0,0.0,0.0,0.0,0.0,0.0,0.0,0.0,0.0,1.0735000000000001,0.91415,0.6611,0.87165,1.40205,1.5438999999999998,0.925225,0.7773249999999999,0.534625,1.366625,1.267375,0.93275,0.04405,0.35885,1.315825,1.033325,0.6617500000000001,-0.129125,0.47505000000000003,1.253525,1.08815,0.13505,-0.05045,0.400825,0.991275,0.960375,0.26949999999999996,-0.13615,0.535825,0.747525,0.74645,0.253925,0.09532500000000001,0.3888,0.494175,0.8811,0.670175,0.5056999999999999,0.5623750000000001,0.9029,1.1263999999999998,0.6638,0.3019,-0.246075,0.7902,1.086525,0.80735,0.502525,-0.033124999999999995,0.58665,1.132925,0.484575,-0.22035,0.011125,0.3063,1.047825,0.755225,0.056975,0.242925,0.125575,0.6328750000000001,0.313525,0.12762500000000002,-0.18395,0.265675,0.5715250000000001,0.44532499999999997,0.33640000000000003,-0.163125,-0.1221,0.3572,0.963025,0.18835,-0.211975,0.038625,0.40545,0.888525,0.09004999999999999,-0.17895,-0.29869999999999997,0.4245,0.6328,-0.187625,-0.022025000000000003,-0.264225,0.392075,0.48472499999999996,-0.0117,-0.10115,-0.242225,0.2134,0.1206,0.2636,-0.193,-0.1282,0.084725,0.32745,0.158775,-0.0338,-0.22375,-0.16565000000000002,0.59095,0.18825,-0.128575,-0.21015,-0.017124999999999998,0.4532,0.35365,-0.2168,-0.67945,0.1538,0.32492499999999996,0.0856,-0.12655,-0.34349999999999997,0.287875,0.023175,0.1599,-0.44255,-0.423125,-0.174925,-0.071675,0.141075,-0.183275,-0.2056,-0.35625,0.1476,-0.08485000000000001,-0.250925,-0.4559,-0.619875,0.1364,0.178425,0.1403,-0.3416,-0.49212500000000003,-0.049925,0.21225,-0.16602499999999998,-0.7585000000000001,-0.469425,-0.16025,0.226225,-0.110775,-0.5465,-0.506575,-0.3452,-0.192475,-0.55235,-0.28165,-0.4118,-0.422275,-0.123475,-0.08929999999999999,-0.190425,-0.54255,-0.3332,-0.3081,0.066025,-0.506075,-0.8459,-0.29059999999999997,-0.1523,0.19565,-0.42695,-0.76875,-0.5937,-0.2351,-0.20835,-0.65005,-0.57185,-0.7358,-0.18259999999999998,-0.19495,-0.61885,-0.7884,-0.56985,-0.43275,-0.51125,-0.311275,-0.664125,-0.5090250000000001,-0.588625,-0.07919999999999999,-0.4177,-0.693725,-0.56735,-0.680075,-0.014075,-0.3609,-0.583875,-0.68955,-0.5891,-0.133475,-0.37345,-0.844725,-0.98915,-0.531925,-0.37474999999999997,-0.29165,-0.6259750000000001,-0.849075,-0.3257,-0.472425,-0.5481499999999999,-0.675875,-0.832775,-0.43257500000000004,-0.642725,-0.7416,-0.93715,-0.64805,-1.0440749999999999,-0.24105,-0.565125,-0.534725,-0.901475,-0.8658,-0.46037500000000003,-0.09195,-0.5433,-1.0438,-0.923575,-0.7745,-0.6809499999999999,-0.9708249999999999,-1.2499,-1.089375,-0.653225,-0.6099,-0.8100499999999999,-0.7705,-1.005575,-0.643775,-0.7995249999999999,-0.8423,-0.527725,-0.897375,-0.5795750000000001,-0.65375,-1.116275,-0.83375,-0.7010000000000001,-1.49965,-1.0948,-0.785175,-0.065425,-1.779775,-0.420025,-1.216175,0.014025,-1.0631,-0.49495,-1.2198,-0.65415,-0.4544,0.0,0.0,0.0,0.0,0.0,0.0,0.0,0.0,0.0,0.0,0.0,0.0,0.0,0.0,0.0,0.0,0.0,0.0,0.0,0.0,0.0,0.0,0.0,0.0,0.0,0.0,0.0,0.0,0.0,0.0,0.0,0.0,0.0,0.0,0.0,0.0,0.0,0.0,0.0,0.0,0.0,0.0,0.0,0.0,0.0,0.0,0.0,0.0,0.0,0.0,0.0,0.0,0.0,0.0,0.0,0.0,0.0,0.0,0.0,0.0,0.0,0.0,0.0,0.0,0.0,0.0,0.0,0.0,0.0,0.0,0.0,0.0
0.0,0.0,0.0,0.0,0.0,0.0,0.0,0.0,0.0,0.0,0.0,0.0,0.0,0.0,0.0,0.0,0.0,0.0,0.0,0.0,0.0,0.0,0.0,0.0,0.0,0.0,0.0,0.0,0.0,0.0,0.0,0.0,0.0,0.0,0.0,0.0,0.0,0.0,0.0,0.0,0.0,0.0,0.0,0.0,0.0,0.0,0.0,0.0,0.0,0.0,0.0,0.0,0.0,0.0,0.0,0.0,0.0,0.0,0.0,0.0,0.0,0.0,0.0,0.0,0.0,0.0,0.0,0.0,0.0,0.0,0.0,1.32975,1.6492,1.3627,1.23035,0.7891250000000001,0.713275,1.14835,1.136175,1.218875,0.450125,0.46745,0.6186750000000001,1.462675,1.2221,0.6615,0.49105,0.48205,1.31455,1.2525,0.5638,-0.13425,0.281625,1.1918250000000001,0.8885000000000001,0.42015,0.165375,0.727875,0.99675,0.84,0.177475,0.0022250000000000004,0.673975,0.725825,0.576775,0.427125,0.483475,0.37677499999999997,0.695575,0.6272249999999999,0.45015,0.25745,-0.17812499999999998,0.688,0.9054,0.923225,-0.09670000000000001,0.2026,0.6926,0.9472750000000001,0.605275,-0.35865,-0.08552499999999999,0.45580000000000004,0.79325,0.600225,-0.1858,0.248775,0.49805,0.9993000000000001,0.1282,-0.021025,0.095525,0.37939999999999996,0.849525,0.655875,0.140575,-0.15157500000000002,0.32425,0.40512499999999996,0.5566500000000001,0.13595000000000002,-0.123875,0.3357,0.59715,0.86365,0.28365,-0.294225,-0.121275,0.381425,0.644775,-0.06005,-0.130325,-0.12555,0.723,0.545,-0.04655,-0.34015,-0.2157,0.37815,0.188025,0.1266,-0.2052,0.0552,0.406475,0.4475,0.048325,-0.2391,-0.1427,-0.287225,0.50245,0.279,-0.065175,-0.148575,0.004125,0.4417,0.266525,-0.060225,-0.652325,-0.205375,0.54905,0.179175,-0.016274999999999998,-0.36970000000000003,-0.009575,0.2595,0.19395,-0.318025,-0.377,-0.103825,-0.029925,0.0133,-0.2495,-0.16167499999999999,-0.06595000000000001,0.073,-0.12974999999999998,-0.09922500000000001,-0.28154999999999997,-0.57475,0.000375,0.00042500000000000003,-0.0871,-0.30479999999999996,-0.401475,-0.1306,0.017225,-0.1534,-0.765275,-0.400225,0.018475000000000002,0.32899999999999996,-0.13145,-0.646925,-0.42485,-0.15084999999999998,0.22045,-0.5020249999999999,-0.53705,-0.4071,-0.11705,-0.010575,-0.311,-0.23927500000000002,-0.46935,-0.236925,-0.19432500000000003,-0.0218,-0.3137,-0.620575,-0.396275,-0.0651,-0.047275000000000005,-0.31084999999999996,-0.5753,-0.6596500000000001,-0.267425,-0.0894,-0.577275,-0.680275,-0.372925,0.2,-0.120125,-0.51235,-0.83155,-0.551225,-0.044925,-0.356375,-0.43417500000000003,-0.46235,-0.50455,-0.3718,-0.177975,-0.51485,-0.6762999999999999,-0.5914999999999999,-0.68905,-0.0357,-0.423775,-0.635925,-0.65795,-0.5847249999999999,-0.2811,-0.36177499999999996,-0.494425,-0.9479500000000001,-0.5901000000000001,-0.125425,-0.39137500000000003,-0.8004249999999999,-0.830475,-0.444175,-0.492775,-0.5042249999999999,-1.11625,-0.82715,-0.46997500000000003,-0.484875,-0.608725,-0.687775,-0.54995,-0.7182,-0.33262499999999995,-0.9840249999999999,-0.8685,-0.81475,-0.81035,-0.480525,-0.5715,-0.7070749999999999,-0.686875,-0.839175,-0.6307,-0.41905,-0.615325,-1.0264,-1.21295,-0.561775,-0.283775,-0.8612500000000001,-0.97835,-1.0469249999999999,-0.741725,-0.69965,-1.128575,-1.1100750000000001,-0.802875,-0.7107249999999999,-0.7371,-0.8880250000000001,-1.3378999999999999,-1.1794,-0.9127000000000001,-0.7268,-0.307675,-1.09495,-1.155875,-0.617,-1.1453,-0.485925,-0.8633000000000001,-1.11925,-1.0608,0.087475,-0.6001000000000001,-0.608875,-0.82405,-0.65695,-0.224375,0.0,0.0,0.0,0.0,0.0,0.0,0.0,0.0,0.0,0.0,0.0,0.0,0.0,0.0,0.0,0.0,0.0,0.0,0.0,0.0,0.0,0.0,0.0,0.0,0.0,0.0,0.0,0.0,0.0,0.0,0.0,0.0,0.0,0.0,0.0,0.0,0.0,0.0,0.0,0.0,0.0,0.0,0.0,0.0,0.0,0.0,0.0,0.0,0.0,0.0,0.0,0.0,0.0,0.0,0.0,0.0,0.0,0.0,0.0,0.0,0.0,0.0,0.0,0.0,0.0,0.0,0.0,0.0,0.0,0.0,0.0
0.0,0.0,0.0,0.0,0.0,0.0,0.0,0.0,0.0,0.0,0.0,0.0,0.0,0.0,0.0,0.0,0.0,0.0,0.0,0.0,0.0,0.0,0.0,0.0,0.0,0.0,0.0,0.0,0.0,0.0,0.0,0.0,0.0,0.0,0.0,0.0,0.0,0.0,0.0,0.0,0.0,0.0,0.0,0.0,0.0,0.0,0.0,0.0,0.0,0.0,0.0,0.0,0.0,0.0,0.0,0.0,0.0,0.0,0.0,0.0,0.0,0.0,0.0,0.0,0.0,0.0,0.0,0.0,0.0,0.0,1.5288249999999999,0.94875,0.61685,0.9758,1.0734,1.453325,1.0077,0.725425,0.5576,0.696825,1.1194,0.89015,0.31789999999999996,0.692975,0.70685,1.215325,1.1546249999999998,0.373,-0.006425,0.5154,1.161175,0.9777,0.57895,0.033350000000000005,0.6562,1.142075,0.887475,0.215625,-0.14252499999999999,0.6537499999999999,0.71965,1.062125,0.639975,0.28552500000000003,0.7728999999999999,0.690625,0.516975,-0.1242,0.512575,0.23377499999999998,0.82315,0.891375,0.531325,0.269225,0.023175,0.65005,0.67945,0.6265499999999999,0.03165,0.1273,0.8469,1.09105,0.78625,0.061200000000000004,0.193075,0.547775,1.102575,0.235075,-0.12664999999999998,0.04095,0.426025,1.0355249999999998,0.352225,-0.050175,-0.1018,0.456175,0.35765,0.0863,0.10087499999999999,0.028275,0.35167499999999996,0.5416,0.6528,0.215625,-0.226375,0.0454,0.23349999999999999,0.726425,-0.15975,-0.050475,0.107875,0.710975,0.530725,-0.24395,-0.38034999999999997,-0.172425,0.49517500000000003,0.24217499999999997,0.015325,-0.116575,-0.046525,0.408675,0.305775,-0.127225,-0.334325,0.0458,0.07014999999999999,0.28005,0.104,-0.302,-0.00495,-0.0307,0.53845,0.1133,-0.1256,-0.501675,-0.06972500000000001,0.4037,0.103125,-0.242,-0.42857500000000004,0.1068,0.3777,0.124375,-0.7253000000000001,-0.707325,0.338825,0.315725,0.0103,-0.244525,-0.3328,-0.03405,0.27427500000000005,-0.1285,-0.36035,-0.365975,-0.30417500000000003,0.16215,-0.079275,-0.183375,-0.269675,-0.35767499999999997,-0.039150000000000004,-0.11545,-0.0546,-0.59175,-0.545275,0.037925,0.37529999999999997,-0.156925,-0.6402,-0.375975,-0.06520000000000001,0.2218,-0.3659,-0.675,-0.36312500000000003,-0.0803,0.414425,-0.29919999999999997,-0.4148,-0.5935,-0.214425,-0.23945,-0.4326,-0.327675,-0.7461500000000001,-0.17615,-0.17205,-0.22815000000000002,-0.558325,-0.655225,-0.569775,-0.364825,0.0031,-0.504575,-0.5487,-0.41259999999999997,0.06955,-0.1716,-0.5587,-0.7550749999999999,-0.6423,0.124375,-0.402175,-0.589325,-0.57095,-0.278075,-0.13142500000000001,-0.211475,-0.594375,-0.91945,-0.333775,-0.633675,-0.39755,-0.4448,-0.7562,-0.41285,-0.276175,-0.38387499999999997,-0.625675,-0.606825,-0.9027000000000001,-0.5871,-0.1722,-0.29635,-0.7393,-0.757125,-0.369025,-0.293775,-0.552375,-0.947125,-0.855875,-0.354475,-0.45840000000000003,-0.717975,-0.70925,-0.832875,-0.6118,-0.461475,-0.8002,-1.14345,-0.772275,-0.6102000000000001,-0.39594999999999997,-0.547725,-0.6871999999999999,-0.928075,-0.9051,-0.6371749999999999,-0.778925,-0.4327,-1.2156,-1.112575,-0.597425,-0.2552,-0.8613500000000001,-1.3066,-0.89675,-0.6187,-0.222575,-0.961525,-1.064975,-0.90505,-0.468675,-0.541075,-0.79655,-0.9267000000000001,-0.9763,-0.97375,-1.04175,-0.70475,-1.022,-1.008975,-0.492875,-1.1271,-0.711075,-0.6950000000000001,-1.033275,-0.8733000000000001,-0.2683,-0.89015,-1.26705,-1.052675,-0.316525,-0.7731,-0.163325,-1.5970499999999999,-1.19805,-1.086075,0.0,0.0,0.0,0.0,0.0,0.0,0.0,0.0,0.0,0.0,0.0,0.0,0.0,0.0,0.0,0.0,0.0,0.0,0.0,0.0,0.0,0.0,0.0,0.0,0.0,0.0,0.0,0.0,0.0,0.0,0.0,0.0,0.0,0.0,0.0,0.0,0.0,0.0,0.0,0.0,0.0,0.0,0.0,0.0,0.0,0.0,0.0,0.0,0.0,0.0,0.0,0.0,0.0,0.0,0.0,0.0,0.0,0.0,0.0,0.0,0.0,0.0,0.0,0.0,0.0,0.0,0.0,0.0,0.0,0.0
0.0,0.0,0.0,0.0,0.0,0.0,0.0,0.0,0.0,0.0,0.0,0.0,0.0,0.0,0.0,0.0,0.0,0.0,0.0,0.0,0.0,0.0,0.0,0.0,0.0,0.0,0.0,0.0,0.0,0.0,0.0,0.0,0.0,0.0,0.0,0.0,0.0,0.0,0.0,0.0,0.0,0.0,0.0,0.0,0.0,0.0,0.0,0.0,0.0,0.0,0.0,0.0,0.0,0.0,0.0,0.0,0.0,0.0,0.0,0.0,0.0,0.0,0.0,0.0,0.0,0.0,0.0,0.0,0.0,1.308775,0.614025,2.044925,1.513825,1.100325,0.372625,0.6340749999999999,1.05775,1.060475,1.12725,0.29085,0.7923250000000001,0.8259000000000001,1.469475,0.6375249999999999,0.45477500000000004,0.41315,0.5067,1.2335,0.7715,0.5435,0.3308,0.7171000000000001,1.23595,1.0487250000000001,0.1532,-0.12005,0.6416,1.03375,0.81675,0.140425,0.09525,0.8455,0.9681500000000001,0.695525,0.003525,0.25527500000000003,0.4502,0.7911,0.7588250000000001,0.5655,0.40507499999999996,0.396225,0.966125,0.45155,0.46635000000000004,0.174825,0.0971,0.639575,1.039725,0.60205,0.1882,0.25665,0.49515,0.59215,0.296225,-0.25880000000000003,0.20385,0.693775,0.96185,0.246375,-0.1143,0.1666,0.538675,0.71695,0.0035,0.0585,0.00205,0.826775,0.7778,0.18589999999999998,0.15295,0.09195,0.171575,0.32405,0.494575,0.06365,-0.129025,0.21505,0.691525,0.601825,0.01795,-0.2139,-0.15342499999999998,0.6696,0.188125,-0.1351,-0.201625,-0.015,0.7118,0.44980000000000003,-0.244075,-0.5421,0.12192499999999999,0.220375,0.25734999999999997,0.1703,-0.230025,0.3588,0.244125,0.390875,-0.000625,-0.187075,-0.11335,-0.191375,0.6279750000000001,0.13665,-0.1504,-0.2267,0.017650000000000002,0.2972,0.057575,-0.343075,-0.6269750000000001,0.084325,0.237825,0.181125,-0.356875,-0.503375,0.1357,0.173875,-0.1881,-0.7237750000000001,-0.270375,-0.010825,0.30985,-0.0149,-0.360575,-0.144725,-0.26727500000000004,0.158825,-0.269625,-0.1866,-0.464675,-0.3328,0.03395,0.0271,-0.124275,-0.416825,-0.37945,-0.14229999999999998,0.12689999999999999,-0.355375,-0.5807,-0.394525,0.00025,0.313825,-0.232925,-0.586175,-0.49285,-0.049175,-0.088925,-0.3733,-0.48285,-0.3561,0.1571,-0.074375,-0.42905000000000004,-0.473525,-0.584725,-0.1183,-0.200075,-0.1153,-0.4872,-0.6335000000000001,-0.212275,-0.0194,-0.19190000000000002,-0.55465,-0.741025,-0.6523249999999999,0.171475,-0.343875,-0.475125,-0.59295,-0.3879,0.16005,-0.21637499999999998,-0.654,-0.8012999999999999,-0.44245,-0.2413,-0.500725,-0.5594250000000001,-0.7051499999999999,-0.45027500000000004,-0.41035,-0.34155,-0.742575,-0.6792,-0.6675249999999999,-0.6683749999999999,-0.331375,-0.361775,-0.43665,-0.7124,-0.4398,-0.46799999999999997,-0.4326,-0.6945749999999999,-1.0048750000000002,-0.2644,-0.3929,-0.3875,-0.7984249999999999,-0.716725,-0.5046,-0.337175,-0.78265,-0.9589,-0.692175,-0.65925,-0.29869999999999997,-0.717625,-0.8730749999999999,-0.694425,-0.602675,-0.411575,-1.0107,-0.815375,-0.923425,-0.77335,-0.4796,-0.47085,-0.8990750000000001,-1.095875,-0.9574750000000001,-0.645675,-0.445,-1.130375,-0.992175,-0.6366499999999999,-0.80185,-0.636475,-0.8679250000000001,-1.0593,-1.19325,-0.602825,-0.780275,-0.861075,-1.1471,-0.919625,-0.405775,-0.581925,-0.8894500000000001,-1.1431,-1.239825,-1.461,-0.9359,-0.358275,-0.2955,-0.93475,-1.199875,-1.100025,-1.39385,-1.0473750000000002,-1.347775,-0.88695,0.174325,-0.7960499999999999,-1.0408,-0.49205,0.0,0.0,0.0,0.0,0.0,0.0,0.0,0.0,0.0,0.0,0.0,0.0,0.0,0.0,0.0,0.0,0.0,0.0,0.0,0.0,0.0,0.0,0.0,0.0,0.0,0.0,0.0,0.0,0.0,0.0,0.0,0.0,0.0,0.0,0.0,0.0,0.0,0.0,0.0,0.0,0.0,0.0,0.0,0.0,0.0,0.0,0.0,0.0,0.0,0.0,0.0,0.0,0.0,0.0,0.0,0.0,0.0,0.0,0.0,0.0,0.0,0.0,0.0,0.0,0.0,0.0,0.0,0.0,0.0
0.0,0.0,0.0,0.0,0.0,0.0,0.0,0.0,0.0,0.0,0.0,0.0,0.0,0.0,0.0,0.0,0.0,0.0,0.0,0.0,0.0,0.0,0.0,0.0,0.0,0.0,0.0,0.0,0.0,0.0,0.0,0.0,0.0,0.0,0.0,0.0,0.0,0.0,0.0,0.0,0.0,0.0,0.0,0.0,0.0,0.0,0.0,0.0,0.0,0.0,0.0,0.0,0.0,0.0,0.0,0.0,0.0,0.0,0.0,0.0,0.0,0.0,0.0,0.0,0.0,0.0,0.0,0.0,1.6401249999999998,2.12635,0.791725,0.583475,0.9758,1.4311,1.24215,0.9354,0.695525,0.8861,1.214675,1.333775,0.6856,0.267625,0.443975,0.711525,1.287175,0.6787,0.68475,0.559175,0.76385,0.921175,0.7708250000000001,0.306025,-0.050825,0.7186,1.06265,0.8165,0.27845,-0.03295,0.6966,1.0129,0.56145,-0.004575,0.19245,0.9264,1.15035,0.6383,0.080825,0.040475,0.780275,0.941425,0.704225,0.266525,0.28925,0.09584999999999999,1.030125,0.8476250000000001,0.50295,0.10640000000000001,0.23115,0.5408999999999999,0.6697249999999999,0.43585,-0.114375,0.09532500000000001,0.6338250000000001,0.969375,0.3244,-0.006,-0.010475,0.5362750000000001,0.726775,-0.1968,-0.040475000000000004,0.167425,0.865375,0.77345,0.1344,-0.05825,0.0698,0.6452249999999999,0.2342,0.35172499999999995,0.071975,0.01815,0.6054,0.588275,0.295075,0.0531,-0.066325,-0.05335,0.4379,0.20215,-0.150975,-0.0967,0.035325,0.664875,0.16444999999999999,-0.20902500000000002,-0.52915,-0.059475,0.514925,0.18032499999999999,-0.002175,-0.205025,0.24582500000000002,0.511825,0.22972499999999998,-0.37277499999999997,-0.1774,0.24855,0.17822500000000002,0.48960000000000004,-0.13685,-0.174475,-0.0048,0.098825,0.243075,-0.060649999999999996,-0.31277499999999997,-0.5123249999999999,0.22060000000000002,0.3106,0.046775,-0.318675,-0.5302,0.16765,0.15925,0.1015,-0.6502,-0.301925,0.26890000000000003,0.448325,-0.01565,-0.49045,-0.225025,0.11275,0.320675,-0.341225,-0.276075,-0.39645,-0.350175,0.312425,-0.059725,-0.1504,-0.384525,-0.20285,-0.225525,0.064825,-0.355925,-0.75555,-0.338325,0.04665,0.38415,-0.348775,-0.45194999999999996,-0.543225,0.027525,0.15855,-0.5747,-0.5456,-0.20925,0.266675,0.049350000000000005,-0.386925,-0.536575,-0.361775,-0.21,-0.39065,-0.1646,-0.397175,-0.34705,-0.10925,-0.09725,-0.2743,-0.62805,-0.526375,-0.658525,0.0334,-0.338425,-0.5343500000000001,-0.5171749999999999,-0.4597,0.100825,-0.333375,-0.6353500000000001,-1.00065,-0.3973,-0.037575,-0.296825,-0.546325,-0.7828999999999999,-0.341,-0.25327500000000003,-0.4017,-0.76715,-0.785925,-0.4359,-0.5097,-0.23565,-0.469025,-0.87845,-0.644575,-0.319475,-0.35105000000000003,-0.72915,-0.74485,-0.9177500000000001,-0.2431,-0.362575,-0.30335,-0.73605,-0.862125,-0.285025,-0.57185,-0.34115,-1.0659,-0.909075,-0.359175,-0.46545000000000003,-0.6414,-0.824725,-0.79495,-0.49660000000000004,-0.466625,-1.116975,-0.9438,-0.8043750000000001,-0.55525,-0.22785,-0.73135,-0.899875,-0.86065,-0.9575,-0.6118,-0.4713,-0.892725,-1.015125,-0.96265,-0.5654,-0.440475,-0.6300250000000001,-0.9949,-1.060325,-0.51835,-0.521575,-1.472975,-1.17515,-0.628675,-0.625225,-0.73925,-0.892525,-1.066975,-0.894375,-0.641375,-1.44965,-0.58935,-1.11535,-1.225975,-0.479175,-1.281275,-0.862,-0.8014249999999999,-1.434025,-1.4062000000000001,-0.2878,-0.3518,-1.3766749999999999,-1.1627999999999998,-1.1728,-0.64915,-1.256,-0.9465,0.0,0.0,0.0,0.0,0.0,0.0,0.0,0.0,0.0,0.0,0.0,0.0,0.0,0.0,0.0,0.0,0.0,0.0,0.0,0.0,0.0,0.0,0.0,0.0,0.0,0.0,0.0,0.0,0.0,0.0,0.0,0.0,0.0,0.0,0.0,0.0,0.0,0.0,0.0,0.0,0.0,0.0,0.0,0.0,0.0,0.0,0.0,0.0,0.0,0.0,0.0,0.0,0.0,0.0,0.0,0.0,0.0,0.0,0.0,0.0,0.0,0.0,0.0,0.0,0.0,0.0,0.0,0.0
0.0,0.0,0.0,0.0,0.0,0.0,0.0,0.0,0.0,0.0,0.0,0.0,0.0,0.0,0.0,0.0,0.0,0.0,0.0,0.0,0.0,0.0,0.0,0.0,0.0,0.0,0.0,0.0,0.0,0.0,0.0,0.0,0.0,0.0,0.0,0.0,0.0,0.0,0.0,0.0,0.0,0.0,0.0,0.0,0.0,0.0,0.0,0.0,0.0,0.0,0.0,0.0,0.0,0.0,0.0,0.0,0.0,0.0,0.0,0.0,0.0,0.0,0.0,0.0,0.0,0.0,0.0,1.1894,0.61205,0.616825,1.511675,1.2672750000000002,0.9769,0.26597499999999996,1.239975,1.8516249999999999,1.260125,0.861775,0.373425,0.8367249999999999,0.98375,1.209875,0.76005,0.349475,0.714475,1.118125,1.04575,0.5247,0.4959,0.307025,0.6054999999999999,1.3320500000000002,0.571675,0.30635,0.1295,0.746675,0.896925,0.66725,-0.1696,0.105575,0.8651,0.957825,0.6936249999999999,0.102275,0.235975,0.778025,0.7841750000000001,0.333125,-0.028975,0.43229999999999996,0.52855,1.2636500000000002,0.615475,0.07915,0.21960000000000002,0.45265,0.6995750000000001,0.6197250000000001,0.351325,-0.0482,0.388225,0.8837250000000001,0.978775,0.358725,-0.13915,0.1352,0.4712,0.783725,0.005575,-0.09392500000000001,0.32935,0.817725,0.74285,0.224225,-0.0963,0.028125,0.79145,0.38805,0.3182,-0.060475,0.069725,0.9381499999999999,0.44375,0.18955,0.025875000000000002,0.19465,0.236325,0.46855,0.374125,-0.065675,0.034100000000000005,0.168825,0.715725,0.240725,-0.13417500000000002,-0.43875000000000003,0.0041,0.678575,0.1476,0.09784999999999999,-0.2964,0.19442500000000001,0.716825,0.286625,-0.324375,-0.430175,0.29485,0.20170000000000002,0.275325,0.061225,-0.18987500000000002,0.30922499999999997,0.254525,-0.1077,-0.393775,-0.1699,-0.334025,0.1512,0.19465,-0.0493,-0.080875,-0.27545000000000003,0.240325,-0.070125,-0.090475,-0.6263,-0.40275,0.382125,0.31520000000000004,0.126775,-0.46425,-0.38415,0.26505,0.349425,-0.3466,-0.485825,-0.10112499999999999,0.0217,0.2998,-0.23495,-0.3422,-0.361875,-0.10752500000000001,-0.07785,-0.15760000000000002,-0.2105,-0.5376,-0.149,-0.09315,0.14147500000000002,-0.25222500000000003,-0.5433749999999999,-0.3345,-0.14595,0.11725000000000001,-0.559525,-0.516575,-0.134725,0.116425,0.144275,-0.5332250000000001,-0.51545,-0.315425,0.18945,-0.217,-0.5314249999999999,-0.486625,-0.43465,0.16115,-0.14195,-0.31732499999999997,-0.664425,-0.4033,-0.41052500000000003,-0.183425,-0.29810000000000003,-0.5395,-0.367375,-0.408475,0.11537499999999999,-0.360275,-0.651775,-0.984075,-0.590225,0.02115,-0.366725,-0.46165,-0.604075,-0.271325,-0.0566,-0.407925,-0.8322,-0.8624750000000001,-0.078125,-0.43427499999999997,-0.380575,-0.5747749999999999,-0.517675,-0.601175,-0.20842500000000003,-0.563375,-0.5948,-0.567125,-0.6341749999999999,-0.5467,-0.39512499999999995,-0.439,-0.61465,-0.5872,-0.272425,-0.504675,-0.631575,-1.197825,-0.607825,-0.182525,-0.476775,-0.7015750000000001,-0.957875,-0.8311,-0.531775,-0.492675,-0.843925,-0.940225,-0.7450749999999999,-0.6511,-0.291225,-0.751325,-0.9446749999999999,-0.6315000000000001,-0.436125,-0.702775,-0.77235,-0.646825,-1.099825,-0.5293,-0.5205500000000001,-0.445725,-0.993725,-0.998175,-0.9378,-0.6828749999999999,-0.74785,-1.2047,-1.1479750000000002,-0.6668499999999999,-0.3621,-0.34735,-0.9385249999999999,-1.251725,-0.799525,-0.120925,-1.1137000000000001,-1.0642749999999999,-1.2355,-0.863625,-0.46437500000000004,-1.0234,-0.9772000000000001,-1.196925,-1.0104499999999998,-0.5472250000000001,-0.89,-0.780725,-1.0462,-1.4893,-0.7810999999999999,-0.5791,-1.0299,-1.1993749999999999,-1.2062499999999998,-0.6883,-1.12985,-0.302075,0.0,0.0,0.0,0.0,0.0,0.0,0.0,0.0,0.0,0.0,0.0,0.0,0.0,0.0,0.0,0.0,0.0,0.0,0.0,0.0,0.0,0.0,0.0,0.0,0.0,0.0,0.0,0.0,0.0,0.0,0.0,0.0,0.0,0.0,0.0,0.0,0.0,0.0,0.0,0.0,0.0,0.0,0.0,0.0,0.0,0.0,0.0,0.0,0.0,0.0,0.0,0.0,0.0,0.0,0.0,0.0,0.0,0.0,0.0,0.0,0.0,0.0,0.0,0.0,0.0,0.0,0.0
0.0,0.0,0.0,0.0,0.0,0.0,0.0,0.0,0.0,0.0,0.0,0.0,0.0,0.0,0.0,0.0,0.0,0.0,0.0,0.0,0.0,0.0,0.0,0.0,0.0,0.0,0.0,0.0,0.0,0.0,0.0,0.0,0.0,0.0,0.0,0.0,0.0,0.0,0.0,0.0,0.0,0.0,0.0,0.0,0.0,0.0,0.0,0.0,0.0,0.0,0.0,0.0,0.0,0.0,0.0,0.0,0.0,0.0,0.0,0.0,0.0,0.0,0.0,0.0,0.0,0.0,0.860625,1.55375,1.5955249999999999,1.0639750000000001,0.504,0.7464999999999999,1.700275,1.416625,0.49365,-0.030350000000000002,0.882975,0.85645,0.90045,0.453525,0.331275,1.1674,0.9427,1.069825,-0.002425,0.472725,0.6024499999999999,0.86695,1.1893500000000001,0.42360000000000003,0.429325,0.304425,0.8021499999999999,0.863225,0.404175,0.18739999999999998,-0.067925,1.184925,0.9739,0.77395,0.04285,0.365675,0.7483,1.090775,0.352825,-0.238475,0.122275,0.7751250000000001,1.147075,0.499875,0.053725,0.41400000000000003,0.805275,0.86125,0.433975,0.38755,-0.044425000000000006,0.47915,0.849475,0.76825,0.25285,0.078425,0.375025,0.341525,0.76925,0.088175,-0.054974999999999996,0.267625,0.598175,0.564275,0.199075,-0.162875,-0.012150000000000001,0.7487250000000001,0.545175,0.017675000000000003,-0.058675,0.202525,1.074475,0.599475,-0.02135,-0.178425,0.113175,0.443175,0.426975,0.249,0.087375,0.157425,0.375825,0.474325,0.018625,-0.13705,-0.38032499999999997,-0.047,0.6047,0.016075,-0.057300000000000004,-0.133975,0.18355,0.5923499999999999,0.281675,-0.18180000000000002,-0.509,0.212175,0.5296,0.31405000000000005,-0.19172499999999998,-0.345825,0.43222499999999997,0.2837,0.136025,-0.432175,-0.216775,0.047375,0.11885,0.175925,-0.119,-0.133475,-0.0464,0.21342499999999998,0.092725,-0.04785,-0.473,-0.427925,0.41252500000000003,0.205475,0.21325,-0.32055,-0.3174,0.20700000000000002,0.394625,-0.32035,-0.712125,-0.211725,0.21864999999999998,0.404275,-0.2372,-0.5855,-0.347375,-0.006200000000000001,-0.0426,-0.402325,-0.192,-0.36312500000000003,-0.038974999999999996,0.052500000000000005,-0.06344999999999999,-0.25875000000000004,-0.447025,-0.38355,-0.16947500000000001,0.117125,-0.3936,-0.5709,-0.170625,0.0934,0.152325,-0.385625,-0.5295,-0.436875,0.1571,-0.17972500000000002,-0.4535,-0.3609,-0.2311,0.15612499999999999,-0.23950000000000002,-0.6214,-0.817825,-0.32037499999999997,-0.195675,-0.316425,-0.18285,-0.363075,-0.20750000000000002,-0.27749999999999997,-0.057675,-0.487,-0.4982,-0.77355,-0.40347500000000003,-0.002,-0.5488500000000001,-0.562875,-0.52075,-0.26525,-0.02805,-0.3649,-0.78015,-0.836875,-0.15652500000000003,-0.2036,-0.30894999999999995,-0.7199249999999999,-0.659625,-0.308525,-0.25065000000000004,-0.56925,-1.02095,-0.4145,-0.34797500000000003,-0.37827500000000003,-0.448675,-0.7211000000000001,-0.453525,-0.5126999999999999,-0.178,-0.5100750000000001,-0.5569,-0.9123749999999999,-0.853225,-0.044075,-0.49275,-0.48619999999999997,-0.9910749999999999,-0.826175,-0.8417250000000001,-0.40205,-0.8552000000000001,-1.32315,-0.686,-0.5225500000000001,-0.201725,-0.811125,-0.888025,-1.053525,-0.310475,-0.9721000000000001,-0.955775,-0.7822,-1.023275,-0.485,-0.39527500000000004,-0.502825,-0.76225,-0.939975,-0.9719,-1.0433,-0.33795000000000003,-0.8007500000000001,-1.2332,-1.019725,-0.80965,-1.022575,-0.7337250000000001,-0.9309,-0.769925,-0.6198,-0.732725,-1.053375,-0.76355,-0.9347,-0.274,-1.25365,-1.1344750000000001,-1.23,-0.766975,-1.5018,-0.85615,-0.702975,-0.83565,-1.0321250000000002,-1.5332000000000001,-0.901575,-1.1375000000000002,-0.612625,-1.34425,-0.604625,-0.4846,-1.184125,-1.564975,-0.9296,-0.618575,-0.46185,0.0,0.0,0.0,0.0,0.0,0.0,0.0,0.0,0.0,0.0,0.0,0.0,0.0,0.0,0.0,0.0,0.0,0.0,0.0,0.0,0.0,0.0,0.0,0.0,0.0,0.0,0.0,0.0,0.0,0.0,0.0,0.0,0.0,0.0,0.0,0.0,0.0,0.0,0.0,0.0,0.0,0.0,0.0,0.0,0.0,0.0,0.0,0.0,0.0,0.0,0.0,0.0,0.0,0.0,0.0,0.0,0.0,0.0,0.0,0.0,0.0,0.0,0.0,0.0,0.0,0.0
0.0,0.0,0.0,0.0,0.0,0.0,0.0,0.0,0.0,0.0,0.0,0.0,0.0,0.0,0.0,0.0,0.0,0.0,0.0,0.0,0.0,0.0,0.0,0.0,0.0,0.0,0.0,0.0,0.0,0.0,0.0,0.0,0.0,0.0,0.0,0.0,0.0,0.0,0.0,0.0,0.0,0.0,0.0,0.0,0.0,0.0,0.0,0.0,0.0,0.0,0.0,0.0,0.0,0.0,0.0,0.0,0.0,0.0,0.0,0.0,0.0,0.0,0.0,0.0,0.0,0.8214750000000001,0.9139999999999999,0.4727,1.164725,1.67565,1.453975,0.916075,0.1683,1.217075,1.1937000000000002,1.5927,0.634225,0.028375,0.994125,1.27925,1.11735,0.1738,0.330325,0.99,1.0810499999999998,0.8607,0.39135,0.6506,0.61125,0.8845500000000001,0.56955,0.440125,0.2963,0.14732499999999998,0.90505,0.680225,0.715,0.169475,0.2311,0.837875,0.98495,0.454725,-0.229325,0.45455,0.875675,1.171525,0.41637500000000005,-0.173325,0.28102499999999997,0.76745,1.147575,0.44175,0.19222499999999998,0.17595,0.8275750000000001,0.892225,0.5038750000000001,0.073725,0.19522499999999998,0.564825,0.41225,0.5844,0.211,0.02735,0.57705,0.6683,0.6924250000000001,0.033625,-0.080775,-0.037875,0.55825,0.6813750000000001,-0.052724999999999994,0.012925,0.4032,1.06175,0.626025,0.01305,-0.2187,0.11715,1.11995,0.4585,0.128225,-0.057575,0.354,0.713975,0.5498999999999999,-0.017875,0.0723,0.095725,0.06332499999999999,0.46815,0.025575,-0.08302499999999999,-0.15145,0.184,0.5789,0.17520000000000002,-0.27875,-0.450875,0.327075,0.719825,0.092,-0.0819,-0.33035000000000003,0.44420000000000004,0.452,0.17645,-0.49785,-0.129825,0.43485,0.1429,0.22495,-0.29769999999999996,-0.13535,0.1096,0.30355,-0.134575,-0.072225,-0.198075,-0.377875,0.34425,0.036950000000000004,0.071125,-0.242725,-0.160525,-0.010724999999999998,0.288025,-0.2178,-0.7046749999999999,-0.2048,0.18235,0.23405,-0.238325,-0.50385,-0.2496,0.149625,0.115,-0.559375,-0.321175,-0.19019999999999998,0.081375,0.20155,-0.27405,-0.47235,-0.41607500000000003,-0.050375,-0.196125,-0.003075,-0.369325,-0.40754999999999997,-0.0282,0.13642500000000002,0.08715,-0.51295,-0.51615,-0.5115000000000001,0.074525,-0.0465,-0.434525,-0.579975,-0.082675,0.364,-0.11987500000000001,-0.5629000000000001,-0.7269749999999999,-0.181425,0.23249999999999998,-0.33757499999999996,-0.331025,-0.53705,-0.09945,0.09067499999999999,-0.2215,-0.5588500000000001,-0.5700000000000001,-0.348275,-0.5116999999999999,0.050225,-0.486475,-0.56545,-0.494,-0.3089,-0.05785,-0.50265,-0.571475,-0.8426,-0.3457,-0.07565,-0.270425,-0.6179,-0.7807,-0.263025,-0.41125,-0.75465,-0.9683,-0.63425,-0.29135,-0.316275,-0.309625,-0.8181,-0.261075,-0.3973,-0.39740000000000003,-0.8472000000000001,-0.5039250000000001,-0.53615,-0.65425,-0.13925,-0.51065,-0.632625,-0.875,-0.61355,-0.637875,-0.4606,-0.758525,-1.0404749999999998,-0.601,-0.37067500000000003,-0.332375,-0.7357,-0.97175,-0.89975,-0.698175,-0.315425,-1.2142249999999999,-0.707125,-0.4693,-0.48775,-0.760175,-0.785525,-0.697125,-0.7539750000000001,-0.45944999999999997,-1.0719,-0.861725,-0.79035,-0.98425,-0.651675,-0.8929,-0.672975,-0.82465,-1.1962000000000002,-1.153675,-0.783125,-0.40435,-1.002375,-0.6910999999999999,-0.765725,-0.374275,-0.6776,-1.027425,-1.188525,-0.5515249999999999,-0.699975,-0.9755,-0.9036,-0.93735,-0.890675,-0.537325,-0.664075,-0.96735,-1.0251000000000001,-0.402075,-1.014675,-0.566925,-0.446125,-0.809625,-1.372,-0.8772,-0.123875,-0.5643,-1.2795,-1.4730500000000002,-1.2838,0.0,0.0,0.0,0.0,0.0,0.0,0.0,0.0,0.0,0.0,0.0,0.0,0.0,0.0,0.0,0.0,0.0,0.0,0.0,0.0,0.0,0.0,0.0,0.0,0.0,0.0,0.0,0.0,0.0,0.0,0.0,0.0,0.0,0.0,0.0,0.0,0.0,0.0,0.0,0.0,0.0,0.0,0.0,0.0,0.0,0.0,0.0,0.0,0.0,0.0,0.0,0.0,0.0,0.0,0.0,0.0,0.0,0.0,0.0,0.0,0.0,0.0,0.0,0.0,0.0
0.0,0.0,0.0,0.0,0.0,0.0,0.0,0.0,0.0,0.0,0.0,0.0,0.0,0.0,0.0,0.0,0.0,0.0,0.0,0.0,0.0,0.0,0.0,0.0,0.0,0.0,0.0,0.0,0.0,0.0,0.0,0.0,0.0,0.0,0.0,0.0,0.0,0.0,0.0,0.0,0.0,0.0,0.0,0.0,0.0,0.0,0.0,0.0,0.0,0.0,0.0,0.0,0.0,0.0,0.0,0.0,0.0,0.0,0.0,0.0,0.0,0.0,0.0,0.0,0.0,1.211275,1.3109250000000001,1.491825,0.76675,0.5024500000000001,1.3754,2.0059750000000003,0.676625,0.6249750000000001,0.5478999999999999,1.1504750000000001,1.052775,1.223875,0.261725,0.35455000000000003,0.968675,1.11555,1.1347,0.188175,0.483325,0.9790000000000001,1.1025,0.6203,0.269175,0.469425,0.45195,0.890275,0.754775,0.5831999999999999,0.401525,0.486425,0.9747750000000001,0.878725,0.6883750000000001,0.054425,0.3011,1.0014500000000002,0.9605750000000001,0.733975,0.1464,0.212175,0.766725,0.7836000000000001,0.25934999999999997,0.202025,0.45642499999999997,1.0538249999999998,1.276525,0.385925,0.09145,0.23845,0.6012249999999999,0.365925,0.32095,0.06659999999999999,0.100825,0.6936249999999999,0.715125,0.486525,0.25155,0.16535,0.21187499999999998,0.41975,0.716775,-0.147675,0.11795,0.41545,0.753375,0.5934250000000001,0.0182,-0.09290000000000001,0.208275,1.0741500000000002,0.334275,0.09765,0.09342500000000001,0.415875,1.045925,0.398125,-0.17045,-0.33777500000000005,0.37555,0.37385,0.38315,-0.064575,-0.322475,0.31955,0.2668,0.42467499999999997,0.04375,-0.1376,-0.35487500000000005,0.210375,0.744625,0.139525,-0.053625,-0.089525,0.49705,0.378375,0.1533,-0.490275,-0.38935,0.588775,0.412075,0.243275,-0.3508,-0.162,0.2889,0.408875,-0.1805,-0.47897500000000004,-0.072125,0.190725,0.3773,0.0005,-0.15625,-0.102725,-0.037500000000000006,0.12725,0.004574999999999999,-0.039375,-0.525825,-0.19045,0.4752,0.31905,-0.08282500000000001,-0.440575,-0.21965,0.065575,0.357575,-0.52335,-0.51615,-0.20675000000000002,0.23715,0.24595,-0.24185,-0.39065000000000005,-0.35915,0.174125,-0.2653,-0.34365,-0.279925,-0.319175,0.07665,-0.225725,-0.06415,-0.448875,-0.529925,-0.372075,-0.242225,0.001275,-0.4786,-0.46955,-0.1132,0.225075,-0.16485,-0.565625,-0.69685,-0.358825,0.2813,-0.2852,-0.410775,-0.501575,-0.179525,0.189475,-0.28365,-0.645375,-0.682225,-0.07905000000000001,-0.273175,-0.241025,-0.5187,-0.407975,-0.29185,-0.16697499999999998,-0.23435,-0.585475,-0.5199750000000001,-0.627625,-0.3357,-0.114875,-0.297,-0.613475,-0.553825,-0.07919999999999999,-0.24480000000000002,-0.393125,-1.0929,-0.71045,-0.11147499999999999,-0.30225,-0.42772499999999997,-0.751675,-0.4652,-0.315625,-0.22845,-0.661975,-0.859325,-0.54845,-0.400875,-0.143425,-0.38265,-0.48895,-0.63005,-0.3976,-0.54345,-0.395775,-0.458075,-0.97515,-0.6553,-0.424775,-0.47425,-0.872375,-1.177325,-0.7685,-0.4902,-0.20185,-1.1192499999999999,-0.9579,-0.79075,-0.49105,-0.49019999999999997,-0.84405,-0.92605,-0.761575,-0.35985,-0.9568000000000001,-0.750275,-1.02575,-0.8901,-0.4592,-0.836325,-0.534575,-0.9397500000000001,-0.8852500000000001,-1.199875,-0.8332999999999999,-0.884225,-0.8279749999999999,-0.9093,-1.0526749999999998,-0.488725,-0.643575,-0.852375,-1.2007750000000001,-0.4824,-0.44784999999999997,-0.915725,-1.011125,-1.037275,-0.8147,-0.63855,-1.077925,-1.315625,-1.4564000000000001,-0.7091500000000001,-0.6439250000000001,-0.13095,-1.1065,-0.9189750000000001,-0.8123,-0.7915749999999999,-1.486875,-0.9642999999999999,-0.7233499999999999,-1.345475,-1.1161999999999999,-0.7128749999999999,-0.518475,-0.5374249999999999,0.0,0.0,0.0,0.0,0.0,0.0,0.0,0.0,0.0,0.0,0.0,0.0,0.0,0.0,0.0,0.0,0.0,0.0,0.0,0.0,0.0,0.0,0.0,0.0,0.0,0.0,0.0,0.0,0.0,0.0,0.0,0.0,0.0,0.0,0.0,0.0,0.0,0.0,0.0,0.0,0.0,0.0,0.0,0.0,0.0,0.0,0.0,0.0,0.0,0.0,0.0,0.0,0.0,0.0,0.0,0.0,0.0,0.0,0.0,0.0,0.0,0.0,0.0,0.0,0.0
0.0,0.0,0.0,0.0,0.0,0.0,0.0,0.0,0.0,0.0,0.0,0.0,0.0,0.0,0.0,0.0,0.0,0.0,0.0,0.0,0.0,0.0,0.0,0.0,0.0,0.0,0.0,0.0,0.0,0.0,0.0,0.0,0.0,0.0,0.0,0.0,0.0,0.0,0.0,0.0,0.0,0.0,0.0,0.0,0.0,0.0,0.0,0.0,0.0,0.0,0.0,0.0,0.0,0.0,0.0,0.0,0.0,0.0,0.0,0.0,0.0,0.0,0.0,0.0,1.4246249999999998,0.41795,0.99585,0.7739,1.00415,0.872225,0.590025,0.355075,1.281675,1.501075,1.13465,0.30545,0.039900000000000005,1.185225,1.1557,1.126725,0.52155,0.45475,1.1626,1.216175,0.534025,0.085675,0.344325,0.9041250000000001,1.2194,0.756175,0.18312499999999998,0.547925,0.6249750000000001,1.0092,0.564825,0.31835,0.100675,0.43615,1.143675,0.869325,0.49617500000000003,-0.0194,0.582425,0.74655,1.1058,0.08410000000000001,-0.109125,0.351525,0.9707749999999999,1.2026249999999998,0.49655,0.082675,0.442225,1.07425,0.80885,0.0908,0.2448,0.22394999999999998,0.95275,0.62415,0.241475,0.04165,0.27054999999999996,0.5911,0.468825,0.51385,0.058575,0.1375,0.624175,0.721025,0.539775,0.041275,-0.138775,0.31735,0.9392,0.44494999999999996,0.038625,0.0461,0.44284999999999997,1.002875,0.4302,-0.154475,-0.349,0.464025,0.650575,0.288575,0.135625,-0.14985,0.537925,0.556725,0.356425,-0.252025,-0.10602500000000001,-0.17875000000000002,0.072,0.671725,0.0815,0.178175,-0.05835,0.44937499999999997,0.36875,0.19417500000000001,-0.417025,-0.409775,0.41165,0.38534999999999997,0.213875,-0.23115,-0.0793,0.26897499999999996,0.3491,-0.138575,-0.62845,-0.051449999999999996,0.15555,0.2791,-0.066775,-0.3119,-0.003225,0.153425,0.296825,-0.29125,0.006625,-0.347875,-0.22935,0.439025,-0.03075,-0.16135,-0.323,-0.0605,-0.0125,0.102925,-0.3069,-0.51775,-0.001325,0.2828,0.396175,-0.475375,-0.48655000000000004,-0.26465,0.29767499999999997,-0.048425,-0.5448,-0.317,-0.12317499999999999,0.345925,-0.02715,-0.30469999999999997,-0.46905,-0.17357499999999998,-0.016125,-0.318625,-0.054275000000000004,-0.4809,-0.2982,0.101625,0.21775,-0.03175,-0.391875,-0.6271,-0.4546,0.116,-0.32892499999999997,-0.5432,-0.497825,-0.14502500000000002,0.3535,-0.135675,-0.681,-0.708225,-0.110875,-0.08945,-0.2605,-0.431475,-0.505375,-0.09682500000000001,-0.156275,-0.21200000000000002,-0.704225,-0.45587500000000003,-0.55885,-0.48205,-0.059025,-0.38555,-0.48,-0.5398499999999999,-0.26497499999999996,-0.3338,-0.18827500000000003,-0.7362500000000001,-0.802025,-0.08775,-0.324275,-0.38505,-0.783675,-0.56785,-0.33037500000000003,-0.2525,-0.688225,-1.00645,-0.48665,-0.397775,-0.26025,-0.84645,-0.5623,-0.37735,-0.511025,-0.3376,-0.66825,-0.31545,-0.796375,-0.69535,-0.29835,-0.465575,-0.59405,-0.9309000000000001,-0.8630249999999999,-0.679,-0.3762,-1.035125,-0.7454000000000001,-0.742725,-0.6001,-0.336425,-0.904875,-0.952325,-0.843525,-0.3424,-0.711425,-0.9085749999999999,-0.811125,-0.68745,-0.35507500000000003,-0.65835,-0.878775,-0.9838250000000001,-1.027875,-0.51915,-0.701175,-0.80565,-0.962825,-0.901675,-0.6037,-0.8735999999999999,-0.720925,-0.865475,-1.1561750000000002,-0.786025,-0.359025,-0.9237249999999999,-0.836225,-0.922325,-0.99365,-0.23005,-0.968275,-0.8279500000000001,-1.3605,-0.7562,-0.561675,-0.594875,-0.6597000000000001,-0.6468,-0.85465,-0.3495,-1.0989,-0.5944,-1.033425,-1.37515,-0.611375,-1.2392750000000001,-0.661375,-0.7412000000000001,-1.204875,-1.176275,-0.9311,-0.508625,0.0,0.0,0.0,0.0,0.0,0.0,0.0,0.0,0.0,0.0,0.0,0.0,0.0,0.0,0.0,0.0,0.0,0.0,0.0,0.0,0.0,0.0,0.0,0.0,0.0,0.0,0.0,0.0,0.0,0.0,0.0,0.0,0.0,0.0,0.0,0.0,0.0,0.0,0.0,0.0,0.0,0.0,0.0,0.0,0.0,0.0,0.0,0.0,0.0,0.0,0.0,0.0,0.0,0.0,0.0,0.0,0.0,0.0,0.0,0.0,0.0,0.0,0.0,0.0
0.0,0.0,0.0,0.0,0.0,0.0,0.0,0.0,0.0,0.0,0.0,0.0,0.0,0.0,0.0,0.0,0.0,0.0,0.0,0.0,0.0,0.0,0.0,0.0,0.0,0.0,0.0,0.0,0.0,0.0,0.0,0.0,0.0,0.0,0.0,0.0,0.0,0.0,0.0,0.0,0.0,0.0,0.0,0.0,0.0,0.0,0.0,0.0,0.0,0.0,0.0,0.0,0.0,0.0,0.0,0.0,0.0,0.0,0.0,0.0,0.0,0.0,0.0,0.873875,1.069325,1.88685,1.0944,0.90275,0.8244250000000001,1.543725,1.2960500000000001,0.77115,0.668675,0.12275,1.084725,1.5032999999999999,0.96065,0.46765,0.334075,1.1717499999999998,1.26665,0.762425,-0.13217500000000001,0.36875,1.0718,1.1486750000000001,0.8012,0.192125,0.6257250000000001,1.1432,1.0400749999999999,0.126725,0.42965000000000003,0.16567500000000002,0.63135,1.0876,0.448025,0.5525249999999999,0.27142499999999997,0.5710999999999999,0.6325999999999999,0.6626,0.20400000000000001,0.023,0.6432249999999999,1.119675,1.1958250000000001,0.27355,-0.1128,0.351225,1.1195249999999999,0.81335,0.03055,-0.011824999999999999,0.480775,1.09435,0.852425,0.205075,-0.06075,0.184525,0.6984250000000001,0.22615000000000002,0.415425,0.179225,0.2196,0.6781499999999999,0.55515,0.44442499999999996,-0.0126,0.06420000000000001,0.134,0.74365,0.41625,-0.0911,0.1356,0.4243,0.9863,0.476275,-0.136,-0.4922,0.5063,0.98355,0.265275,0.0829,0.07117499999999999,0.55325,0.523925,0.17205,-0.38,-0.15615,0.226575,0.19665,0.371825,-0.14529999999999998,0.13535,0.1925,0.5008,0.305875,0.050175,-0.101275,-0.291175,0.40495,0.222475,0.049675000000000004,-0.29825,-0.126525,0.469275,0.447775,-0.130625,-0.619425,-0.048925,0.479675,0.347825,0.036375,-0.36215,-0.10012499999999999,0.222375,0.45752499999999996,-0.270725,-0.2376,-0.08764999999999999,0.199125,0.45840000000000003,-0.15675,-0.2501,-0.365325,-0.0033499999999999997,-0.211375,0.0195,-0.27899999999999997,-0.548875,-0.1505,0.278825,0.2714,-0.218675,-0.41695,-0.3134,0.31057500000000005,0.17005,-0.594625,-0.2967,0.018525,0.3978,0.09845,-0.416925,-0.488625,-0.118575,0.043875,-0.354575,-0.23025,-0.452975,-0.230425,0.068175,-0.15339999999999998,-0.36595,-0.433875,-0.41575,-0.46305,0.0986,-0.28509999999999996,-0.461975,-0.4381,-0.14475000000000002,0.069075,-0.297425,-0.535775,-0.7814,0.111175,0.08627499999999999,-0.3961,-0.35715,-0.38632500000000003,0.096025,0.084125,-0.269875,-0.834175,-0.4761,-0.08935,-0.4043,-0.029375,-0.634,-0.4283,-0.315725,-0.19065,-0.44475,-0.493525,-0.457175,-0.704925,-0.03845,-0.2714,-0.305,-0.65125,-0.633675,-0.1948,-0.2901,-0.4548,-1.159925,-0.449025,-0.2614,-0.080175,-0.62945,-0.723625,-0.683125,-0.090425,-0.1969,-0.893325,-0.6415,-0.6888749999999999,-0.42610000000000003,-0.242525,-0.6636,-0.5119750000000001,-0.593075,-0.505225,-0.720175,-0.610425,-0.88565,-1.117325,-0.6836249999999999,-0.397775,-0.4727,-0.8983,-0.966575,-0.8296749999999999,-0.546,-0.5422750000000001,-1.036,-0.8134,-0.6393249999999999,-0.21635,-0.668625,-1.038475,-1.095925,-0.8202,-0.40812499999999996,-0.93185,-0.7087,-0.8331000000000001,-0.6925250000000001,-0.37045,-0.6249750000000001,-0.91435,-1.028175,-0.745225,-1.1003,-0.4975,-0.74935,-0.8607,-0.7832,-0.741575,-0.6733,-0.928625,-1.01275,-1.21295,-0.897575,-0.550825,-1.07075,-0.961875,-0.992,-0.506825,-0.762875,-1.007975,-0.981475,-1.21645,-0.99105,-1.116975,-0.98275,-1.154475,-1.210925,-0.6845749999999999,-0.650425,-1.5429,-1.3634499999999998,-0.80525,-1.3528499999999999,-0.581025,-0.895525,0.0,0.0,0.0,0.0,0.0,0.0,0.0,0.0,0.0,0.0,0.0,0.0,0.0,0.0,0.0,0.0,0.0,0.0,0.0,0.0,0.0,0.0,0.0,0.0,0.0,0.0,0.0,0.0,0.0,0.0,0.0,0.0,0.0,0.0,0.0,0.0,0.0,0.0,0.0,0.0,0.0,0.0,0.0,0.0,0.0,0.0,0.0,0.0,0.0,0.0,0.0,0.0,0.0,0.0,0.0,0.0,0.0,0.0,0.0,0.0,0.0,0.0,0.0
0.0,0.0,0.0,0.0,0.0,0.0,0.0,0.0,0.0,0.0,0.0,0.0,0.0,0.0,0.0,0.0,0.0,0.0,0.0,0.0,0.0,0.0,0.0,0.0,0.0,0.0,0.0,0.0,0.0,0.0,0.0,0.0,0.0,0.0,0.0,0.0,0.0,0.0,0.0,0.0,0.0,0.0,0.0,0.0,0.0,0.0,0.0,0.0,0.0,0.0,0.0,0.0,0.0,0.0,0.0,0.0,0.0,0.0,0.0,0.0,0.0,0.0,1.5353,0.8971,0.9657749999999999,1.679675,1.54,1.132725,1.188625,1.05895,0.76555,1.196675,1.598775,0.802975,0.770025,0.5504,1.17005,1.033825,0.706675,-0.03545,0.515425,1.158825,1.2239,1.040125,0.286625,0.47812499999999997,1.036925,1.0535,0.52405,0.04375,0.4747,0.786575,1.031825,0.391625,0.40465,0.3994,0.7550250000000001,0.706275,0.38432499999999997,0.633425,0.02315,0.670925,1.062375,0.986775,0.5287,0.0672,0.4393,0.706275,0.96585,0.1792,0.09885,0.5433250000000001,1.15195,0.8529,0.102975,0.04695,0.329975,1.008775,0.271925,-0.0026249999999999997,0.106125,0.49319999999999997,1.0595249999999998,0.463625,0.18135,-0.017575,0.233925,0.4266,0.50275,0.5915250000000001,0.044425,0.486525,0.5233,0.822875,0.38217500000000004,-0.10255,-0.143775,0.380875,0.8697750000000001,0.121025,0.05255,-0.021625000000000002,0.56545,0.7929999999999999,0.336625,-0.22642500000000002,-0.322025,0.56215,0.549775,0.33165,-0.054025000000000004,-0.1608,0.326425,0.3776,0.13424999999999998,-0.162725,0.104025,-0.088,0.37875,0.28105,-0.013825,-0.0869,-0.08685,0.40149999999999997,0.23115,0.059699999999999996,-0.39315,-0.057125,0.6318250000000001,0.22799999999999998,0.075975,-0.39785000000000004,-0.077975,0.307425,0.2718,-0.3577,-0.5085000000000001,0.06025,0.281175,0.5853250000000001,-0.26380000000000003,-0.1732,-0.022824999999999998,0.23465,-0.051775,-0.2317,-0.216975,-0.426525,0.1165,0.232425,0.0487,-0.204625,-0.406775,-0.17015,0.15775,0.239375,-0.57355,-0.23995,0.053525,0.46090000000000003,0.1504,-0.42115,-0.385375,-0.2475,0.45994999999999997,-0.208225,-0.402175,-0.4358,0.2155,0.35365,-0.08655,-0.4436,-0.599175,-0.269625,-0.194675,-0.187725,-0.158275,-0.36075,-0.19495,-0.06597499999999999,0.113275,-0.463675,-0.4522,-0.787125,-0.2166,0.239975,-0.351575,-0.45975,-0.48982499999999995,0.141975,0.160025,-0.235375,-0.682925,-0.663125,-0.06075,-0.1868,-0.25045,-0.797125,-0.46325,-0.203875,-0.24745,-0.649575,-0.5268,-0.4004,-0.49865000000000004,-0.151675,-0.36402500000000004,-0.30095,-0.34550000000000003,-0.576225,-0.152425,-0.235475,-0.364375,-0.909375,-0.5468,-0.035250000000000004,-0.21937500000000001,-0.499575,-0.821775,-0.609425,-0.486675,-0.4369,-0.961175,-0.886575,-0.314475,-0.2312,-0.20299999999999999,-0.834125,-0.5958749999999999,-0.5836749999999999,-0.20235,-0.6698000000000001,-0.56165,-0.607275,-0.7544,-0.272725,-0.4294,-0.565875,-0.7947000000000001,-0.709775,-0.796275,-0.5596249999999999,-0.401025,-0.997125,-0.899725,-0.479,-0.588875,-0.626,-0.997825,-0.992775,-0.3701,-0.534975,-0.993825,-0.893925,-1.1520000000000001,-0.5106,-0.3913,-0.70185,-0.921225,-0.915575,-0.803075,-1.003125,-0.896675,-0.661925,-0.566375,-1.05505,-0.669575,-0.489325,-0.8629,-0.676375,-1.3192249999999999,-0.633625,-0.34965,-0.6569,-0.8156,-1.2715,-0.9069750000000001,-0.61935,-0.7242500000000001,-1.1293,-1.4080249999999999,-0.693925,-0.939325,-0.6719999999999999,-1.14795,-0.809875,-1.15415,-0.8576250000000001,-1.1631749999999998,-1.115225,-0.5469,-1.42965,-0.8065249999999999,-1.00625,-0.8674499999999999,-1.054375,-1.847175,-1.324525,0.0,0.0,0.0,0.0,0.0,0.0,0.0,0.0,0.0,0.0,0.0,0.0,0.0,0.0,0.0,0.0,0.0,0.0,0.0,0.0,0.0,0.0,0.0,0.0,0.0,0.0,0.0,0.0,0.0,0.0,0.0,0.0,0.0,0.0,0.0,0.0,0.0,0.0,0.0,0.0,0.0,0.0,0.0,0.0,0.0,0.0,0.0,0.0,0.0,0.0,0.0,0.0,0.0,0.0,0.0,0.0,0.0,0.0,0.0,0.0,0.0,0.0
0.0,0.0,0.0,0.0,0.0,0.0,0.0,0.0,0.0,0.0,0.0,0.0,0.0,0.0,0.0,0.0,0.0,0.0,0.0,0.0,0.0,0.0,0.0,0.0,0.0,0.0,0.0,0.0,0.0,0.0,0.0,0.0,0.0,0.0,0.0,0.0,0.0,0.0,0.0,0.0,0.0,0.0,0.0,0.0,0.0,0.0,0.0,0.0,0.0,0.0,0.0,0.0,0.0,0.0,0.0,0.0,0.0,0.0,0.0,0.0,0.0,0.991475,1.710775,1.858075,0.63105,0.237575,0.987375,1.10965,1.9072500000000001,1.08555,0.943975,0.783925,0.7034,1.2520250000000002,0.8424499999999999,0.64695,0.27002499999999996,0.442625,1.40585,1.106775,0.939975,0.0437,0.482325,0.875575,1.171475,0.2509,-0.11232500000000001,0.6609750000000001,1.114175,1.331275,0.6750750000000001,0.022875,0.4907,0.787475,0.922425,0.40702499999999997,0.368975,0.31930000000000003,0.9594,0.999575,0.613325,0.500175,0.378,0.609775,0.5895,0.91255,0.21137499999999998,0.153075,0.574325,0.839475,1.06175,0.2271,0.0118,0.29045,1.07455,0.45105,-0.028975,0.05275,0.5055,1.0166,0.42747500000000005,-0.0999,-0.204875,0.5511999999999999,0.597925,0.31427499999999997,0.19792500000000002,0.006725,0.502875,0.6983250000000001,0.4938,0.37122499999999997,0.1135,0.0779,0.428475,0.7755,0.03815,-0.0509,0.197625,0.63435,0.7594,0.20329999999999998,-0.325675,-0.28517499999999996,0.6662,0.7366,0.31355,-0.167375,0.091225,0.663875,0.49522499999999997,0.17254999999999998,-0.436225,0.12365000000000001,0.466825,0.4572,0.35095,-0.04285,0.28895000000000004,0.28812499999999996,0.345725,-0.001925,-0.024125,-0.36085,0.0193,0.6534,0.35087500000000005,0.07139999999999999,-0.418725,-0.0832,0.224175,0.380375,-0.1625,-0.5326249999999999,0.18695,0.556975,0.61015,-0.325125,-0.350775,0.011675,0.372225,0.1699,-0.459475,-0.18027500000000002,-0.3204,0.263775,0.120775,-0.156475,-0.277,-0.289875,0.023850000000000003,-0.0684,0.044425,-0.43755,-0.3862,-0.01035,0.20495,0.08855,-0.37732499999999997,-0.456275,-0.243125,0.3317,-0.169575,-0.55785,-0.3139,0.139375,0.389325,-0.154175,-0.5169,-0.573375,-0.033975,0.012825,-0.293675,-0.296925,-0.4761,-0.06862499999999999,0.141725,-0.08715,-0.509925,-0.36807500000000004,-0.48885,-0.164875,0.12485,-0.38527500000000003,-0.33594999999999997,-0.44875,0.051449999999999996,-0.004025,-0.35595,-0.603475,-0.61845,0.029025,-0.0195,-0.40205,-0.563925,-0.2612,-0.00365,-0.1313,-0.4887,-0.8006,-0.282975,-0.239875,-0.2946,-0.4078,-0.4199,-0.411725,-0.25005,-0.18982500000000002,-0.563075,-0.4404,-0.640175,-0.507025,-0.116025,-0.289125,-0.489775,-0.9283,-0.36657500000000004,-0.28635,-0.4644,-0.647725,-1.0683,-0.409875,-0.116675,-0.3083,-0.624475,-0.747725,-0.583975,-0.12265000000000001,-0.5959749999999999,-0.737225,-0.637275,-0.605925,-0.394475,-0.53105,-0.608225,-0.8106,-0.645275,-0.67025,-0.564075,-0.530675,-0.8121,-0.9391499999999999,-0.5077750000000001,-0.416025,-0.5324500000000001,-0.9223750000000001,-1.064875,-0.877075,-0.536575,-0.9324749999999999,-0.77775,-0.654775,-0.6684749999999999,-0.455175,-0.859325,-0.9940749999999999,-1.193225,-0.323975,-0.750775,-0.714225,-0.901675,-0.6053000000000001,-0.8121,-0.8480000000000001,-0.7691,-1.04735,-0.85855,-0.6863,-0.7287250000000001,-0.8167500000000001,-0.8402999999999999,-1.051075,-1.1694499999999999,-0.94965,-0.41305000000000003,-0.8396,-1.078125,-1.1469,-0.58285,-1.1609749999999999,-1.2271,-1.492,-0.8692500000000001,-0.297025,-0.8627,-0.8742,-1.40415,-0.553925,-1.1637499999999998,-0.8086,-0.6112,-1.02795,-1.4524000000000001,-0.6451749999999999,-1.126875,-1.522125,-0.441225,-2.0100749999999996,-1.85105,0.0,0.0,0.0,0.0,0.0,0.0,0.0,0.0,0.0,0.0,0.0,0.0,0.0,0.0,0.0,0.0,0.0,0.0,0.0,0.0,0.0,0.0,0.0,0.0,0.0,0.0,0.0,0.0,0.0,0.0,0.0,0.0,0.0,0.0,0.0,0.0,0.0,0.0,0.0,0.0,0.0,0.0,0.0,0.0,0.0,0.0,0.0,0.0,0.0,0.0,0.0,0.0,0.0,0.0,0.0,0.0,0.0,0.0,0.0,0.0,0.0
0.0,0.0,0.0,0.0,0.0,0.0,0.0,0.0,0.0,0.0,0.0,0.0,0.0,0.0,0.0,0.0,0.0,0.0,0.0,0.0,0.0,0.0,0.0,0.0,0.0,0.0,0.0,0.0,0.0,0.0,0.0,0.0,0.0,0.0,0.0,0.0,0.0,0.0,0.0,0.0,0.0,0.0,0.0,0.0,0.0,0.0,0.0,0.0,0.0,0.0,0.0,0.0,0.0,0.0,0.0,0.0,0.0,0.0,0.0,0.0,2.520675,2.1098,0.374675,0.401925,1.1336,1.6931500000000002,1.2899,0.7449250000000001,0.8149,1.686675,1.058125,0.57525,0.500525,0.4431,0.698225,1.27855,0.939125,0.7268,0.381075,0.526075,0.928975,1.0901750000000001,0.32547499999999996,-0.0681,0.7622249999999999,1.30585,1.221275,0.5405500000000001,0.29655,0.589275,1.026475,0.785275,0.17452499999999999,0.2522,0.752175,1.1799499999999998,1.0119,0.41265,0.498625,0.38195,1.0809,0.7471749999999999,0.427975,0.06420000000000001,0.28417499999999996,0.971575,0.953275,0.713625,0.0209,0.018975,0.433025,0.840375,0.641275,-0.073575,0.231125,0.6033,1.168375,0.54665,0.010575000000000001,-0.100775,0.5677,0.804575,0.27690000000000003,0.182475,-0.08495,0.6055,0.872025,0.359,0.0534,-0.01815,0.39385000000000003,0.52215,0.7199,0.04855,0.055975,0.24875,0.65575,0.5429499999999999,0.231175,-0.1678,-0.26745,0.59375,0.772375,0.27627500000000005,0.065725,-0.0906,0.705325,0.43682499999999996,0.11247499999999999,-0.4779,0.021699999999999997,0.3705,0.48572499999999996,0.249825,-0.147275,0.2304,0.319,0.38034999999999997,-0.08445,-0.07255,-0.09065000000000001,0.046575000000000005,0.321075,0.1185,0.0859,-0.124225,0.16055,0.22105,0.0304,-0.24785000000000001,-0.571,0.246525,0.491325,0.44177500000000003,0.008825,-0.36529999999999996,0.01925,0.5453,0.2844,-0.442475,-0.198375,0.0911,0.401025,0.200325,-0.287825,-0.2778,-0.1591,0.157825,-0.15255000000000002,-0.07345,-0.30295,-0.144275,0.17115,0.112825,-0.0579,-0.41675,-0.35602500000000004,-0.216025,0.23399999999999999,-0.036125,-0.49407500000000004,-0.256,0.260975,0.5713,-0.015700000000000002,-0.4276,-0.55925,0.09765,0.0405,-0.299725,-0.399625,-0.46315,0.06835,0.0942,-0.17670000000000002,-0.661725,-0.593375,-0.258675,-0.2541,-0.093775,-0.424975,-0.402125,-0.2404,0.038525000000000004,-0.111375,-0.366325,-0.6007,-0.72925,0.03625,0.1241,-0.247425,-0.4736,-0.4424,0.0232,-0.084375,-0.5194,-0.881975,-0.26732500000000003,-0.10919999999999999,-0.107075,-0.3745,-0.49955,-0.26002499999999995,-0.257325,-0.261325,-0.7461249999999999,-0.43742499999999995,-0.5231,-0.291475,-0.04155,-0.5184,-0.381075,-0.618175,-0.269475,-0.401,-0.436975,-0.61155,-0.86295,-0.328125,-0.089975,-0.30805,-0.7195499999999999,-0.71425,-0.661375,-0.00465,-0.37175,-0.930025,-0.420675,-0.33192499999999997,-0.1351,-0.354825,-0.8973500000000001,-0.830975,-0.416125,-0.310025,-0.7598750000000001,-0.75005,-0.7674,-0.48267499999999997,-0.41885,-0.51535,-0.6563749999999999,-0.7788,-0.6798500000000001,-0.792725,-0.570725,-0.599475,-1.093175,-0.6836,-0.23475000000000001,-0.390775,-0.689975,-1.0427499999999998,-1.135575,-0.40657499999999996,-0.4083,-0.9661500000000001,-0.668925,-0.926575,-0.64715,-0.650725,-0.7119500000000001,-1.231675,-0.7997,-0.874525,-0.53605,-0.6845,-0.9197500000000001,-0.7426,-0.673275,-0.646725,-0.44804999999999995,-1.0130249999999998,-0.7101000000000001,-1.3407,-0.423675,-0.859875,-0.8780749999999999,-0.994275,-0.7995,-0.855675,-0.854925,-0.8324,-0.9973000000000001,-0.9657749999999999,-0.719975,-0.654675,-1.6035750000000002,-0.8256,-0.746875,-1.338325,-0.9832749999999999,-1.178325,-0.664025,-1.28565,-1.527425,-0.275075,-1.492275,-0.88725,0.014675,0.0,0.0,0.0,0.0,0.0,0.0,0.0,0.0,0.0,0.0,0.0,0.0,0.0,0.0,0.0,0.0,0.0,0.0,0.0,0.0,0.0,0.0,0.0,0.0,0.0,0.0,0.0,0.0,0.0,0.0,0.0,0.0,0.0,0.0,0.0,0.0,0.0,0.0,0.0,0.0,0.0,0.0,0.0,0.0,0.0,0.0,0.0,0.0,0.0,0.0,0.0,0.0,0.0,0.0,0.0,0.0,0.0,0.0,0.0,0.0
0.0,0.0,0.0,0.0,0.0,0.0,0.0,0.0,0.0,0.0,0.0,0.0,0.0,0.0,0.0,0.0,0.0,0.0,0.0,0.0,0.0,0.0,0.0,0.0,0.0,0.0,0.0,0.0,0.0,0.0,0.0,0.0,0.0,0.0,0.0,0.0,0.0,0.0,0.0,0.0,0.0,0.0,0.0,0.0,0.0,0.0,0.0,0.0,0.0,0.0,0.0,0.0,0.0,0.0,0.0,0.0,0.0,0.0,0.0,0.0,0.484325,1.77045,1.4317,1.76615,0.4637,0.95835,2.0792,1.19255,0.982875,0.387475,0.6401749999999999,0.97875,1.839125,0.80095,0.743225,0.6682250000000001,0.880375,1.03205,0.8574499999999999,0.32685,-0.0004249999999999999,1.016675,1.2266,1.03445,0.506775,0.39249999999999996,0.72585,0.94145,0.8895,0.084875,0.00755,0.508025,1.3084,0.951,0.21375,0.439625,0.4638,1.004225,0.536925,0.29764999999999997,0.18395,0.669025,1.2183,1.013775,0.509325,0.413175,0.311575,0.4865,0.8125249999999999,0.7136750000000001,-0.063175,0.34297500000000003,0.6169250000000001,0.933475,0.6412,0.064575,0.00435,0.40817499999999995,0.99765,0.13292500000000002,0.07317499999999999,0.071775,0.7302249999999999,1.009625,0.17625,-0.19225,0.063225,0.5786,0.48467499999999997,0.39694999999999997,-0.039650000000000005,0.2637,0.547625,0.7035,0.540475,-0.037775,-0.025875000000000002,0.025974999999999998,0.6429,0.501,0.072175,0.09815,-0.0137,0.5029750000000001,0.517575,0.180225,-0.397275,-0.058525,0.639325,0.5884,0.077975,-0.30767500000000003,0.1986,0.6247,0.48755,-0.183075,-0.361225,0.362875,0.3069,0.44787499999999997,-0.1512,-0.1904,-0.0114,0.13737500000000002,0.256,0.022325,-0.050824999999999995,-0.506275,0.22565000000000002,0.4968,0.16655,-0.122,-0.2225,-0.00645,0.471925,0.21539999999999998,-0.3923,-0.383325,0.2431,0.5778,0.315425,-0.338075,-0.463075,-0.16012500000000002,0.401225,-0.308425,-0.256525,-0.17945,-0.168175,0.4094,-0.034725,-0.123975,-0.341325,-0.12472499999999999,-0.27552499999999996,0.039275,-0.05525,-0.479425,-0.14527500000000002,0.06785,0.191,-0.247225,-0.3831,-0.38665,0.1038,0.361675,-0.23565,-0.36012500000000003,-0.385575,0.2261,0.227975,-0.22915,-0.703175,-0.559325,0.09535,-0.19169999999999998,-0.313875,-0.34445,-0.31479999999999997,-0.004275,-0.03965,-0.20265,-0.55335,-0.28142500000000004,-0.478075,0.132325,-0.037725,-0.40565,-0.301875,-0.31295,0.0861,-0.13045,-0.37415,-0.927925,-0.297225,0.039599999999999996,-0.08232500000000001,-0.3706,-0.75665,-0.268425,-0.058925,-0.1897,-0.766675,-0.7435750000000001,-0.2787,-0.09255,-0.203425,-0.540575,-0.6164000000000001,-0.472925,-0.080175,-0.39337500000000003,-0.580525,-0.44965,-0.97445,-0.292425,0.009225,-0.27315,-0.5129250000000001,-0.7975249999999999,-0.57795,-0.29262499999999997,-0.50675,-0.8956000000000001,-0.6089,-0.47715,0.08245,-0.35902500000000004,-0.548675,-0.8080499999999999,-0.5966,-0.1628,-0.703225,-0.704075,-0.60095,-0.6513,-0.363175,-0.6248750000000001,-0.5843,-0.936825,-0.50775,-0.5995,-0.50435,-0.36560000000000004,-1.053625,-0.68175,-0.7314750000000001,-0.7342249999999999,-0.50935,-0.7379,-0.854425,-0.465025,-0.22735,-1.2685499999999998,-0.783675,-0.8728,-0.499675,-0.43227499999999996,-0.8337749999999999,-1.25975,-1.05115,-0.52,-0.78935,-0.9236,-1.1155499999999998,-0.9539249999999999,-0.7228,-0.9606250000000001,-1.17735,-0.6699999999999999,-0.490275,-1.1531,-0.69815,-0.5967,-0.9162,-1.0865,-1.357175,-0.593925,-0.629175,-0.9277,-1.74675,-1.31225,-0.7590749999999999,-0.672775,-0.079525,-1.6422,-0.80325,-0.49182499999999996,-0.624575,-1.016375,-1.1394250000000001,-1.1073,-0.8082,-1.0544,-0.916225,-1.4442249999999999,-0.88655,-0.5015499999999999,-1.77195,-1.15975,0.0,0.0,0.0,0.0,0.0,0.0,0.0,0.0,0.0,0.0,0.0,0.0,0.0,0.0,0.0,0.0,0.0,0.0,0.0,0.0,0.0,0.0,0.0,0.0,0.0,0.0,0.0,0.0,0.0,0.0,0.0,0.0,0.0,0.0,0.0,0.0,0.0,0.0,0.0,0.0,0.0,0.0,0.0,0.0,0.0,0.0,0.0,0.0,0.0,0.0,0.0,0.0,0.0,0.0,0.0,0.0,0.0,0.0,0.0,0.0
0.0,0.0,0.0,0.0,0.0,0.0,0.0,0.0,0.0,0.0,0.0,0.0,0.0,0.0,0.0,0.0,0.0,0.0,0.0,0.0,0.0,0.0,0.0,0.0,0.0,0.0,0.0,0.0,0.0,0.0,0.0,0.0,0.0,0.0,0.0,0.0,0.0,0.0,0.0,0.0,0.0,0.0,0.0,0.0,0.0,0.0,0.0,0.0,0.0,0.0,0.0,0.0,0.0,0.0,0.0,0.0,0.0,0.0,0.0,1.060225,1.04245,0.716025,0.8699,1.5611,1.98715,0.262575,0.588975,0.7914,1.4695,1.4908,0.90895,0.608875,0.839375,1.203425,1.099425,0.609825,0.6349750000000001,0.36755,0.8163,1.2020499999999998,0.6259250000000001,0.6032249999999999,0.281775,0.5523250000000001,0.95645,0.950125,0.279875,0.1044,0.615925,1.450375,1.0636999999999999,0.3196,0.10729999999999999,0.54545,1.341125,0.671675,0.155925,0.297375,0.6299,1.26545,0.833825,0.38755,0.37382499999999996,0.664975,0.916975,0.6752,0.6260749999999999,0.243975,0.6692750000000001,1.008525,0.6729,0.443325,-0.13105,-0.0011,0.18330000000000002,0.9851000000000001,0.23927500000000002,0.011,0.29752500000000004,0.993125,0.948025,0.25825,-0.1902,-0.0258,0.73755,0.622375,0.33195,0.005725,-0.002975,0.9207,0.877575,0.3123,-0.070475,0.2036,0.297975,0.349075,0.48945,0.02015,0.1148,0.153075,0.61015,0.32865,0.09345,-0.28037500000000004,-0.133975,0.5836250000000001,0.566825,0.1202,-0.3025,0.1335,0.5889249999999999,0.47259999999999996,-0.22217499999999998,-0.3857,0.37124999999999997,0.49207500000000004,0.59865,0.018725,-0.18862500000000001,0.151175,0.378525,0.27044999999999997,-0.23454999999999998,0.050475,-0.16407500000000003,0.36924999999999997,0.4934,0.065275,-0.057425000000000004,-0.10124999999999999,0.10095,0.20657499999999998,0.2168,-0.3006,-0.200825,0.331225,0.6388,0.29464999999999997,-0.35295,-0.38065000000000004,-0.08837500000000001,0.5043,-0.060899999999999996,-0.502875,-0.16695000000000002,0.11275,0.47907500000000003,-0.00265,-0.19415,-0.3207,0.04735,0.0751,-0.11347499999999999,-0.072725,-0.418425,-0.098525,0.12375,0.1998,-0.188525,-0.27895,-0.333625,-0.09345,0.2224,-0.26032500000000003,-0.38012500000000005,-0.336775,0.496275,0.30445,-0.238,-0.6859500000000001,-0.60145,0.1547,0.07627500000000001,-0.29664999999999997,-0.3278,-0.32445,0.19974999999999998,0.033525,-0.398725,-0.608325,-0.237975,-0.31735,-0.0369,-0.04675,-0.4243,-0.23235,-0.4391,-0.11195,-0.22042499999999998,-0.220575,-0.67835,-0.48295,0.127325,-0.060475,-0.2822,-0.63065,-0.30679999999999996,-0.034249999999999996,-0.1784,-0.64935,-1.0107249999999999,-0.234625,-0.017825,-0.171075,-0.5546500000000001,-0.5623,-0.328925,-0.142475,-0.35824999999999996,-0.67015,-0.350725,-0.6346,-0.25467500000000004,-0.1066,-0.41925,-0.497125,-0.559075,-0.4019,-0.4216,-0.45445,-0.75885,-0.617875,-0.21415,-0.16385,-0.2825,-0.8445,-0.7057,-0.515225,-0.17435,-0.8161,-0.978375,-0.522525,-0.414925,-0.1183,-0.6182,-0.740725,-0.73315,-0.316025,-0.5513,-0.5605249999999999,-0.489225,-0.64115,-0.3889,-0.506525,-0.5109250000000001,-0.7895,-0.93955,-0.9120250000000001,-0.568125,-0.4743,-0.849125,-1.005225,-0.6275,-0.275175,-0.489175,-0.8632,-1.045075,-1.259225,-0.29514999999999997,-0.41102500000000003,-0.8147,-0.9742500000000001,-0.807025,-0.644075,-0.6922,-0.958175,-1.1795499999999999,-0.770025,-0.8722749999999999,-0.783775,-0.6558999999999999,-0.7512,-0.829475,-0.68075,-0.84645,-0.9365249999999999,-0.83385,-1.3933,-1.19745,-0.8120999999999999,-0.413475,-0.958875,-0.93085,-0.847525,-0.340725,-0.927525,-0.94535,-1.3188499999999999,-1.2603,-0.78895,-0.618775,-1.004575,-0.64735,-1.1236000000000002,-0.170525,-1.2603,-0.973125,-0.058325,-1.128925,-0.593625,-0.973625,0.0,0.0,0.0,0.0,0.0,0.0,0.0,0.0,0.0,0.0,0.0,0.0,0.0,0.0,0.0,0.0,0.0,0.0,0.0,0.0,0.0,0.0,0.0,0.0,0.0,0.0,0.0,0.0,0.0,0.0,0.0,0.0,0.0,0.0,0.0,0.0,0.0,0.0,0.0,0.0,0.0,0.0,0.0,0.0,0.0,0.0,0.0,0.0,0.0,0.0,0.0,0.0,0.0,0.0,0.0,0.0,0.0,0.0,0.0
0.0,0.0,0.0,0.0,0.0,0.0,0.0,0.0,0.0,0.0,0.0,0.0,0.0,0.0,0.0,0.0,0.0,0.0,0.0,0.0,0.0,0.0,0.0,0.0,0.0,0.0,0.0,0.0,0.0,0.0,0.0,0.0,0.0,0.0,0.0,0.0,0.0,0.0,0.0,0.0,0.0,0.0,0.0,0.0,0.0,0.0,0.0,0.0,0.0,0.0,0.0,0.0,0.0,0.0,0.0,0.0,0.0,0.0,1.2906,1.0151,1.6422750000000002,1.1957749999999998,1.152475,0.10425000000000001,1.0158,1.817625,1.6144,1.1247,0.351275,1.181025,1.570175,1.185025,0.4514,0.081025,0.48314999999999997,1.30915,1.107075,0.46925,0.515925,0.5623750000000001,0.6787,0.806025,0.7693,0.1834,-0.0881,0.786775,1.04405,1.1488,0.298575,0.1479,0.8059,1.387025,0.620325,0.016775,0.270375,0.66635,1.147,1.007575,0.171925,0.16390000000000002,0.645,1.090525,0.549625,0.3997,0.079375,0.71135,0.9016,0.5890249999999999,0.435975,-0.067325,0.2472,0.180825,0.6829,0.0284,0.1052,0.317,0.89375,0.8952,0.343775,-0.11715,-0.072175,0.663375,0.6458499999999999,0.21189999999999998,0.127,0.15307500000000002,0.9895,0.776375,0.20185,-0.32232500000000003,0.249175,0.5185,0.577,0.24459999999999998,-0.15455,0.2995,0.47445,0.638825,0.147925,-0.05165,0.11449999999999999,-0.048299999999999996,0.597375,0.4234,0.1896,-0.059675000000000006,0.385425,0.616825,0.5225,-0.09490000000000001,-0.536,0.39215,0.7382500000000001,0.5752999999999999,0.094775,-0.403575,0.335125,0.66395,0.289875,-0.4123,-0.16025,0.0115,0.51905,0.384075,-0.135175,-0.07715,0.0014,0.290825,0.14245,0.09392500000000001,-0.23855,-0.22215000000000001,0.41175,0.47225,0.18582500000000002,-0.33730000000000004,-0.18209999999999998,0.032725000000000004,0.42364999999999997,-0.02155,-0.466575,-0.072725,0.11545,0.52245,0.056525,-0.44589999999999996,-0.38832500000000003,0.151,0.13595000000000002,-0.141925,-0.12815000000000001,-0.329125,0.145075,0.217275,-0.218975,-0.27635,-0.36722499999999997,-0.14400000000000002,-0.26965,0.00235,-0.347275,-0.3707,-0.2115,0.24895,0.213625,-0.15925,-0.47440000000000004,-0.456775,0.40617499999999995,0.202625,-0.456275,-0.536425,-0.3297,0.10704999999999999,0.07214999999999999,-0.348575,-0.691375,-0.227475,0.039224999999999996,-0.036625,-0.277825,-0.533525,-0.15395,-0.028725,-0.115225,-0.488975,-0.5564,-0.465125,-0.5738,0.029150000000000002,-0.1184,-0.28850000000000003,-0.502975,-0.15675,-0.158575,-0.1296,-0.607825,-0.87425,-0.027200000000000002,0.142025,-0.1248,-0.6502749999999999,-0.7752749999999999,-0.2671,-0.031275,-0.28290000000000004,-0.7923749999999999,-0.59755,-0.40545,0.0366,-0.22260000000000002,-0.469975,-0.5326,-0.494425,-0.3265,-0.46325,-0.32230000000000003,-0.5924750000000001,-0.6573,-0.36855,-0.231525,-0.35817499999999997,-0.70185,-0.79625,-0.7371749999999999,-0.017325,-0.47862499999999997,-0.947025,-0.5743499999999999,-0.403,-0.152025,-0.664325,-0.63105,-0.821975,-0.17307499999999998,-0.383,-0.7959,-0.6645000000000001,-0.5816749999999999,-0.2384,-0.509525,-0.7032750000000001,-0.808875,-0.69865,-0.6577999999999999,-0.8368249999999999,-0.4053,-0.864425,-0.964475,-0.7710999999999999,-0.72255,-0.448725,-0.707025,-1.03295,-1.30155,-0.5595,-0.52895,-0.7607,-0.7823,-0.822675,-0.3796,-0.68115,-1.026225,-1.27225,-0.6382,-0.86265,-0.92935,-0.92635,-1.119775,-0.690275,-0.685175,-0.693775,-1.0229000000000001,-0.93315,-1.1325500000000002,-1.215425,-0.429175,-1.058275,-1.307625,-0.9872000000000001,-0.794975,-1.068475,-1.1233250000000001,-0.7684500000000001,-1.488175,-1.1965,-0.559675,-0.999275,-0.707875,-1.060675,-1.158825,-0.968875,-1.01565,-1.0373,-1.1348500000000001,-1.2908,-1.039275,-0.53575,-1.1951749999999999,-0.8976,-1.076775,-1.33205,0.0,0.0,0.0,0.0,0.0,0.0,0.0,0.0,0.0,0.0,0.0,0.0,0.0,0.0,0.0,0.0,0.0,0.0,0.0,0.0,0.0,0.0,0.0,0.0,0.0,0.0,0.0,0.0,0.0,0.0,0.0,0.0,0.0,0.0,0.0,0.0,0.0,0.0,0.0,0.0,0.0,0.0,0.0,0.0,0.0,0.0,0.0,0.0,0.0,0.0,0.0,0.0,0.0,0.0,0.0,0.0,0.0,0.0
0.0,0.0,0.0,0.0,0.0,0.0,0.0,0.0,0.0,0.0,0.0,0.0,0.0,0.0,0.0,0.0,0.0,0.0,0.0,0.0,0.0,0.0,0.0,0.0,0.0,0.0,0.0,0.0,0.0,0.0,0.0,0.0,0.0,0.0,0.0,0.0,0.0,0.0,0.0,0.0,0.0,0.0,0.0,0.0,0.0,0.0,0.0,0.0,0.0,0.0,0.0,0.0,0.0,0.0,0.0,0.0,0.0,1.4819499999999999,1.288025,0.7473,0.350225,1.1415250000000001,1.3185250000000002,1.498375,1.110075,0.30375,0.824475,1.059475,1.4564,0.591125,0.31775000000000003,0.9130499999999999,1.49225,1.177425,0.2629,0.53025,0.530525,1.21855,0.972325,0.458925,0.372425,0.38815,1.0054750000000001,0.89915,0.721925,0.3477,0.456225,0.747075,1.08115,0.835275,0.10085,0.35925,0.6637249999999999,1.339475,0.7680499999999999,0.211175,0.296225,0.6759,1.063425,0.37212500000000004,0.236925,0.26127500000000003,1.1510500000000001,1.259125,0.5963499999999999,0.04955,0.191025,0.879325,0.6656,0.727,0.32475,0.12667499999999998,0.472325,0.514375,0.56925,0.22625,0.019799999999999998,0.17207499999999998,0.816025,0.89325,0.141725,0.1562,0.1208,0.9511999999999999,0.94475,0.12325,-0.2873,0.037625,0.57895,0.470775,0.24255,-0.21065,0.46852499999999997,0.628125,0.50915,0.000725,-0.246225,0.1274,0.084625,0.6277250000000001,0.269225,0.08645,0.31545,0.30172499999999997,0.426575,0.174475,0.12285,-0.31315,0.300225,0.777575,0.502175,0.18545,-0.16297499999999998,0.2437,0.5346,0.2772,-0.61555,-0.2329,0.22917500000000002,0.46915,0.37917500000000004,-0.31520000000000004,-0.034475,0.07675,0.6097750000000001,0.0979,-0.081,0.009025,-0.068675,0.366925,0.41202500000000003,0.121925,-0.175425,-0.002,0.051725,0.289275,-0.006025,-0.5083,-0.087575,0.16625,0.466075,0.12395,-0.41105,-0.4041,0.051425,0.40435,-0.333225,-0.3401,-0.185675,0.40490000000000004,0.4374,-0.191375,-0.369775,-0.344425,0.10980000000000001,-0.0816,-0.03995,-0.24085,-0.28395000000000004,0.001325,0.10965,-0.07625,-0.39935,-0.396425,-0.45272500000000004,0.31142499999999995,0.15742499999999998,-0.19055,-0.3377,-0.340325,0.23654999999999998,0.05835,-0.291675,-0.706175,-0.395325,0.220525,0.008324999999999999,-0.25285,-0.4947,-0.18632500000000002,0.096975,-0.11655,-0.644675,-0.528975,-0.33105,-0.32875,-0.07025,-0.21565,-0.34475,-0.325225,-0.2375,-0.2239,-0.29535,-0.422925,-0.742,-0.16075,-0.025224999999999997,-0.14325000000000002,-0.406275,-0.6366499999999999,-0.33490000000000003,-0.134,-0.24,-0.8134250000000001,-0.6516000000000001,-0.21135,0.21655,-0.300275,-0.777,-0.453,-0.4167,-0.192975,-0.5349,-0.589675,-0.441125,-0.50895,-0.0686,-0.3032,-0.523725,-0.7147,-0.42905000000000004,-0.5657,-0.313825,-0.4135,-0.820325,-0.557175,-0.16674999999999998,-0.197775,-0.5889249999999999,-0.9646,-0.811175,-0.64245,-0.25525000000000003,-0.7577,-0.83135,-0.7466,0.0018,-0.27945000000000003,-0.7058,-1.001925,-0.6749,-0.459075,-0.674625,-0.6233,-0.484325,-0.886925,-0.641425,-0.210475,-0.71455,-0.96705,-0.92645,-1.092525,-0.374725,-0.6089,-0.944125,-0.871225,-0.7506,-0.699325,-0.684925,-0.852875,-1.047425,-0.91345,-0.539225,-0.69465,-1.0217,-0.937225,-0.775925,-0.499975,-0.741825,-1.152475,-0.8421500000000001,-0.577075,-0.9761249999999999,-0.7284,-0.8117,-0.536975,-0.75865,-0.808025,-1.0236750000000001,-0.668575,-1.057825,-1.2782,-1.139725,-0.8553999999999999,-0.7554000000000001,-1.0148249999999999,-1.2935,-1.2497500000000001,-0.8996999999999999,-0.7345,-1.24945,-1.4194,-0.511975,-0.7892750000000001,-1.145975,-0.736625,-1.24385,-1.237375,-1.02215,-1.0797,-1.028375,-0.975675,-0.895575,0.0,0.0,0.0,0.0,0.0,0.0,0.0,0.0,0.0,0.0,0.0,0.0,0.0,0.0,0.0,0.0,0.0,0.0,0.0,0.0,0.0,0.0,0.0,0.0,0.0,0.0,0.0,0.0,0.0,0.0,0.0,0.0,0.0,0.0,0.0,0.0,0.0,0.0,0.0,0.0,0.0,0.0,0.0,0.0,0.0,0.0,0.0,0.0,0.0,0.0,0.0,0.0,0.0,0.0,0.0,0.0,0.0
0.0,0.0,0.0,0.0,0.0,0.0,0.0,0.0,0.0,0.0,0.0,0.0,0.0,0.0,0.0,0.0,0.0,0.0,0.0,0.0,0.0,0.0,0.0,0.0,0.0,0.0,0.0,0.0,0.0,0.0,0.0,0.0,0.0,0.0,0.0,0.0,0.0,0.0,0.0,0.0,0.0,0.0,0.0,0.0,0.0,0.0,0.0,0.0,0.0,0.0,0.0,0.0,0.0,0.0,0.0,0.0,0.0,1.001225,0.8247,1.9953249999999998,1.53475,1.31095,0.66805,0.9692999999999999,1.404375,1.45065,0.5847249999999999,0.080325,1.0531,1.468875,1.24755,0.55645,0.52275,0.89585,1.673775,0.855,0.2767,0.44045,0.6473249999999999,1.59415,0.90945,0.58745,0.40090000000000003,0.479,0.762175,0.7685,0.751825,0.14,0.4555,0.9132499999999999,1.26125,1.01095,0.09965,0.152775,0.6372,1.1092,0.54705,0.29105000000000003,0.3206,1.159475,1.1118,0.54795,0.109525,0.140875,0.9766,0.6265000000000001,0.454125,0.29190000000000005,0.12485,0.82515,0.815025,0.307525,-0.0136,0.08545,0.11705,0.498925,0.648325,0.172575,0.23785,0.38987499999999997,1.0375750000000001,0.754225,0.10135,-0.32265,0.087825,0.96675,0.6113,0.3752,-0.179575,0.44225,0.667725,0.597575,0.124775,-0.2576,0.37222500000000003,0.52755,0.37845,0.195025,0.003425,0.399925,0.54975,0.514775,0.129625,0.08312499999999999,0.054849999999999996,0.34915,0.663775,0.37334999999999996,0.062125,-0.16985,0.324025,0.49795,0.3683,-0.510375,-0.490925,0.38480000000000003,0.659675,0.311,-0.11765,-0.140325,0.26375000000000004,0.8671249999999999,0.085675,-0.35057499999999997,-0.0923,0.0829,0.621475,0.35814999999999997,-0.084175,-0.141475,-0.03415,0.092425,0.09187500000000001,0.046875,-0.377375,-0.185675,0.09035,0.449725,0.080375,-0.34850000000000003,-0.225725,-0.040575,0.35397500000000004,-0.26,-0.4051,-0.1529,0.449725,0.38382499999999997,-0.21797499999999997,-0.469375,-0.41537500000000005,0.3228,-0.088675,-0.381375,-0.279025,-0.298025,0.1468,0.14332499999999998,-0.1994,-0.36162500000000003,-0.37922500000000003,-0.12077500000000001,-0.039775000000000005,0.039525000000000005,-0.37555,-0.35665,-0.115625,0.343375,0.020374999999999997,-0.407175,-0.618525,-0.488375,0.35335,0.02825,-0.285,-0.530225,0.071325,0.156575,-0.048825,-0.6674249999999999,-0.738775,-0.015625,-0.20775,-0.1019,-0.467375,-0.456025,-0.3346,0.01955,-0.173475,-0.40735,-0.40115,-0.592375,-0.034075,0.11415,-0.26975,-0.329725,-0.676975,-0.1831,-0.127525,-0.283625,-0.573525,-0.7696000000000001,-0.07569999999999999,0.129475,-0.131975,-0.71725,-0.629375,-0.36267499999999997,0.0604,-0.5291,-0.660575,-0.464975,-0.4288,-0.04525,-0.329225,-0.5459750000000001,-0.484475,-0.42225,-0.612375,-0.491825,-0.3839,-0.8143,-0.426075,-0.41105,-0.1781,-0.485025,-0.756975,-0.763325,-0.568225,-0.210825,-0.7115,-0.8348500000000001,-0.6134000000000001,-0.078725,-0.3472,-0.665125,-0.9099,-1.019975,-0.156675,-0.702225,-0.6352,-0.5474749999999999,-0.686125,-0.33887500000000004,-0.594225,-0.7587,-0.9638,-0.7469,-0.858725,-0.69145,-0.5886,-0.8996,-0.864275,-1.086275,-0.5286,-0.662,-0.789925,-1.0938,-0.8458,-0.439325,-0.565625,-0.7623500000000001,-1.0276750000000001,-0.470525,-0.3894,-0.5846750000000001,-1.0765,-1.0366250000000001,-0.8169,-0.49959999999999993,-0.4218,-0.61865,-0.9545250000000001,-0.8156749999999999,-0.7449,-1.0161,-1.083275,-1.09765,-0.989825,-0.6964250000000001,-0.49305,-1.166175,-1.2926,-0.987875,-0.573875,-0.909675,-0.56245,-1.024525,-1.04745,-0.593725,-0.5453,-0.453575,-0.990625,-0.962025,-0.752475,-0.5404749999999999,-1.254925,-1.370125,-1.142925,-1.4682250000000001,-1.3036,-1.035475,-0.850375,0.0,0.0,0.0,0.0,0.0,0.0,0.0,0.0,0.0,0.0,0.0,0.0,0.0,0.0,0.0,0.0,0.0,0.0,0.0,0.0,0.0,0.0,0.0,0.0,0.0,0.0,0.0,0.0,0.0,0.0,0.0,0.0,0.0,0.0,0.0,0.0,0.0,0.0,0.0,0.0,0.0,0.0,0.0,0.0,0.0,0.0,0.0,0.0,0.0,0.0,0.0,0.0,0.0,0.0,0.0,0.0,0.0
0.0,0.0,0.0,0.0,0.0,0.0,0.0,0.0,0.0,0.0,0.0,0.0,0.0,0.0,0.0,0.0,0.0,0.0,0.0,0.0,0.0,0.0,0.0,0.0,0.0,0.0,0.0,0.0,0.0,0.0,0.0,0.0,0.0,0.0,0.0,0.0,0.0,0.0,0.0,0.0,0.0,0.0,0.0,0.0,0.0,0.0,0.0,0.0,0.0,0.0,0.0,0.0,0.0,0.0,0.0,0.0,2.027475,1.5363,1.6896499999999999,0.790675,1.648375,1.54815,1.2909,0.82355,0.689925,1.196825,1.3352,1.27595,0.193525,0.542125,0.9459500000000001,1.379675,0.690025,0.220225,0.40895,0.782625,1.466925,1.129975,0.32952499999999996,0.76185,0.826775,0.924825,0.5213,0.394225,0.1299,0.787425,0.99205,1.1251,0.81155,0.28895000000000004,0.5421,0.7596499999999999,1.103825,0.460875,0.071875,0.2998,0.9451,1.267,0.59765,0.061450000000000005,0.11515,1.083625,1.0305,0.554,0.245,0.1518,1.129125,1.080625,0.332575,-0.005125,0.17825000000000002,0.435725,0.46995,0.55215,-0.00475,0.275225,0.6306750000000001,1.062125,0.43465,0.3095,0.011675,0.064975,1.1106,0.47452500000000003,0.1452,-0.067325,0.271375,0.7637499999999999,0.528025,-0.01945,-0.30395,0.481175,0.6953,0.621875,0.1175,-0.11597500000000001,0.331125,0.6204500000000001,0.35625,-0.150175,-0.002275,0.28855,0.43965,0.5521750000000001,0.206175,0.2237,-0.026925,0.432025,0.236325,0.292275,-0.11952499999999999,-0.335625,0.438525,0.5219750000000001,0.2648,-0.1787,-0.059,0.2354,0.624825,0.13774999999999998,-0.332525,-0.0643,0.337475,0.79485,0.13622499999999998,-0.27890000000000004,-0.198475,0.25884999999999997,0.4075,-0.138175,-0.13522499999999998,-0.15655,0.2288,0.31675,0.055825,-0.04265,-0.25320000000000004,-0.0669,-0.054625,0.430875,-0.1029,-0.26095,-0.030875,0.24505,0.336375,-0.05505,-0.477625,-0.302475,0.5101,0.22870000000000001,-0.336025,-0.36717500000000003,-0.2798,0.507725,0.15585,-0.304975,-0.627275,-0.364375,-0.04755,0.015275,-0.041625,-0.249125,-0.115525,-0.08485000000000001,0.14265,-0.056425,-0.3036,-0.48855,-0.444775,0.25045,-0.030175,-0.324675,-0.45195,-0.17255,0.092525,0.045275,-0.424725,-0.654175,-0.0286,0.03615,0.0025499999999999997,-0.347975,-0.5114000000000001,-0.18965,-0.20465,-0.2315,-0.6506,-0.4125,-0.304425,-0.09725,-0.172125,-0.4877,-0.32137499999999997,-0.383375,-0.046775,-0.299175,-0.273475,-0.5126999999999999,-0.7737,0.0089,-0.026875,-0.333575,-0.627175,-0.55055,-0.31489999999999996,-0.0003,-0.48865,-0.77245,-0.46847500000000003,-0.1501,0.175125,-0.30855,-0.6937500000000001,-0.7158,-0.256075,-0.155725,-0.6424,-0.514775,-0.554825,-0.319,-0.219775,-0.203725,-0.520775,-0.712225,-0.62165,-0.47885,-0.266475,-0.515925,-0.7518,-0.70035,-0.28205,-0.590325,-0.6976249999999999,-0.980825,-0.75105,0.173675,-0.504725,-0.82815,-0.7864249999999999,-0.762175,-0.113075,-0.491325,-0.928825,-0.95535,-0.5809249999999999,-0.5806749999999999,-0.7620499999999999,-0.66255,-0.8912249999999999,-0.694925,-0.664975,-0.502175,-0.867275,-0.800175,-1.04665,-1.0635750000000002,-0.436725,-0.604375,-0.7473000000000001,-0.789025,-0.7736500000000001,-0.594875,-0.81185,-0.875975,-1.2464,-0.929075,-0.607775,-0.69865,-0.9668749999999999,-1.202725,-0.6629750000000001,-0.78735,-0.568525,-1.019725,-0.6058,-0.968425,-0.7661,-0.752125,-0.7371,-1.066375,-0.858875,-1.0624,-1.1047,-0.48867499999999997,-0.7680750000000001,-1.1536499999999998,-0.803025,-0.02795,-0.9962,-1.3733,-1.3127,-0.580925,-0.829075,-1.06225,-1.249325,-0.505975,-1.126075,-0.6833750000000001,-1.1574499999999999,-1.0087,-1.2163499999999998,-1.349425,-1.2535,-1.522175,0.0,0.0,0.0,0.0,0.0,0.0,0.0,0.0,0.0,0.0,0.0,0.0,0.0,0.0,0.0,0.0,0.0,0.0,0.0,0.0,0.0,0.0,0.0,0.0,0.0,0.0,0.0,0.0,0.0,0.0,0.0,0.0,0.0,0.0,0.0,0.0,0.0,0.0,0.0,0.0,0.0,0.0,0.0,0.0,0.0,0.0,0.0,0.0,0.0,0.0,0.0,0.0,0.0,0.0,0.0,0.0
0.0,0.0,0.0,0.0,0.0,0.0,0.0,0.0,0.0,0.0,0.0,0.0,0.0,0.0,0.0,0.0,0.0,0.0,0.0,0.0,0.0,0.0,0.0,0.0,0.0,0.0,0.0,0.0,0.0,0.0,0.0,0.0,0.0,0.0,0.0,0.0,0.0,0.0,0.0,0.0,0.0,0.0,0.0,0.0,0.0,0.0,0.0,0.0,0.0,0.0,0.0,0.0,0.0,0.0,0.0,1.9212500000000001,1.5321500000000001,1.054675,1.5913499999999998,1.785625,0.844225,0.3767,1.50355,1.63945,1.36225,0.57895,0.5806,0.7905249999999999,1.25525,1.0757750000000001,0.148975,0.23504999999999998,1.03135,1.520425,1.0357750000000001,0.315625,0.50065,0.840875,1.3074,0.552575,0.455075,0.46004999999999996,0.764625,1.141975,0.790575,0.6847000000000001,0.2936,0.78025,0.752475,0.89915,0.604175,0.35240000000000005,0.7375,1.01635,1.0782,0.5140750000000001,0.181475,0.262525,0.961775,0.9213,0.130475,0.10805000000000001,0.228825,1.1967999999999999,1.080625,0.173375,-0.24167499999999997,0.332025,0.8458249999999999,0.49522499999999997,0.38780000000000003,0.11975,0.559075,0.8388,0.691425,0.22742500000000002,-0.00595,0.253575,0.208175,0.832075,0.47224999999999995,0.14575,0.28115,0.376375,0.817275,0.528025,0.0955,-0.363775,0.400025,0.633275,0.495175,0.042925,-0.130825,0.591325,0.7256,0.45714999999999995,-0.331675,-0.089,0.409275,0.70225,0.53505,0.023125,0.2265,0.337025,0.6917249999999999,0.30970000000000003,0.04455,-0.020075,-0.07012499999999999,0.621375,0.48777499999999996,0.258075,-0.083625,-0.142975,0.27375,0.4904,0.043225,-0.339275,-0.28475,0.48245,0.907,0.3165,-0.291125,-0.07769999999999999,0.212875,0.426475,-0.26237499999999997,-0.2079,-0.0497,0.28362499999999996,0.4017,0.055150000000000005,-0.083425,-0.23504999999999998,0.107975,-0.01795,0.096,-0.124625,-0.27935,0.129025,0.2482,0.209425,-0.1625,-0.34715,-0.3185,0.128075,0.33142499999999997,-0.363075,-0.392525,-0.16635,0.537525,0.159825,-0.353275,-0.6958249999999999,-0.286375,0.34302499999999997,-0.0425,-0.21625,-0.331925,-0.052774999999999996,0.168825,0.12645,-0.34872499999999995,-0.5160750000000001,-0.1623,-0.27255,0.13832499999999998,-0.1192,-0.26837500000000003,-0.2081,-0.104975,0.047174999999999995,-0.1798,-0.4716,-0.80365,-0.126175,0.29075,0.114825,-0.48705,-0.5342749999999999,0.1384,0.057175,-0.1681,-0.8365,-0.553275,-0.0017749999999999999,-0.024175,-0.0935,-0.43210000000000004,-0.3412,-0.2934,0.047474999999999996,-0.39415,-0.3237,-0.3962,-0.51145,0.097975,-0.053975,-0.34125,-0.465325,-0.591325,-0.4109,-0.06125,-0.4354,-0.9096,-0.511575,-0.237075,0.16945,-0.44179999999999997,-0.744775,-0.73555,-0.385575,-0.197625,-0.910225,-0.570675,-0.45165,-0.308075,-0.229075,-0.46787500000000004,-0.50085,-0.7342500000000001,-0.37065,-0.724,-0.264275,-0.47245,-0.6434500000000001,-0.61345,-0.433275,-0.25839999999999996,-0.590025,-0.84855,-0.995925,-0.443625,-0.5545,-0.7399,-0.742725,-0.544575,-0.177525,-0.408825,-0.8480000000000001,-1.0293,-0.7077249999999999,-0.1152,-0.722075,-0.9374750000000001,-0.9273,-0.5421,-0.437475,-0.52275,-0.917125,-0.704925,-0.681675,-0.804725,-0.5433749999999999,-0.7131000000000001,-0.8445,-0.808625,-0.640075,-0.8002,-0.8785,-0.883875,-1.3046,-0.5362,-0.670075,-0.7943,-1.0972499999999998,-1.0538750000000001,-0.6300749999999999,-0.8064,-1.03045,-1.06785,-0.981625,-0.4328,-0.38785000000000003,-0.671325,-1.2119250000000001,-0.981575,-0.6666749999999999,-0.571725,-1.00625,-0.7142000000000001,-1.00645,-1.239925,-0.886,-0.7999,-0.9304749999999999,-1.062975,-0.862575,-0.9401250000000001,-0.45430000000000004,-1.0972,-1.454775,-0.81625,-0.784375,-0.737575,-0.8079000000000001,-0.9195,-1.618225,-1.1514,-1.46725,-1.717525,-0.9879249999999999,-0.50845,-0.353725,-1.422675,0.0,0.0,0.0,0.0,0.0,0.0,0.0,0.0,0.0,0.0,0.0,0.0,0.0,0.0,0.0,0.0,0.0,0.0,0.0,0.0,0.0,0.0,0.0,0.0,0.0,0.0,0.0,0.0,0.0,0.0,0.0,0.0,0.0,0.0,0.0,0.0,0.0,0.0,0.0,0.0,0.0,0.0,0.0,0.0,0.0,0.0,0.0,0.0,0.0,0.0,0.0,0.0,0.0,0.0,0.0
0.0,0.0,0.0,0.0,0.0,0.0,0.0,0.0,0.0,0.0,0.0,0.0,0.0,0.0,0.0,0.0,0.0,0.0,0.0,0.0,0.0,0.0,0.0,0.0,0.0,0.0,0.0,0.0,0.0,0.0,0.0,0.0,0.0,0.0,0.0,0.0,0.0,0.0,0.0,0.0,0.0,0.0,0.0,0.0,0.0,0.0,0.0,0.0,0.0,0.0,0.0,0.0,0.0,0.0,2.1407499999999997,2.0904,0.343075,1.695775,1.07625,1.518,1.221525,1.406225,1.10405,0.8401500000000001,1.105175,1.1679249999999999,1.05415,0.15285,0.41090000000000004,0.97245,1.4297,1.2462499999999999,0.09787499999999999,0.332325,0.8114250000000001,1.3400249999999998,0.435925,0.27227500000000004,0.444825,1.05465,1.411975,0.504725,0.21864999999999998,0.23299999999999998,0.969,0.9897750000000001,0.741425,0.45915,0.369,1.013525,0.858325,1.228975,0.60965,0.3832,0.61175,0.7085,0.806875,0.48262499999999997,0.23345,0.495,1.1149499999999999,1.225325,0.135575,-0.1647,0.2046,1.050025,0.7200249999999999,0.309425,-0.0931,0.439875,0.9778249999999999,0.75135,0.25275,-0.08705,0.345475,0.376175,0.8373,0.3487,0.116525,0.349475,0.4682,0.562775,0.431225,0.109625,-0.050375,0.426475,0.9200999999999999,0.464825,0.1914,-0.0879,0.541525,0.5893999999999999,0.3531,-0.4183,-0.114425,0.5391750000000001,0.573875,0.77145,-0.0043,-0.053774999999999996,0.385825,0.76425,0.24380000000000002,-0.08945,0.0854,0.07842500000000001,0.795125,0.23995,0.06505,0.00455,0.015625,0.291,0.108325,0.23055,-0.36265000000000003,-0.019325000000000002,0.41295,0.614625,0.217125,-0.218525,-0.030625,0.2644,0.70965,-0.14859999999999998,-0.324375,0.106575,0.477075,0.539325,0.09002500000000001,-0.364075,-0.123175,0.515875,0.10185,0.08457500000000001,-0.18375,-0.06295,0.298475,0.451425,0.26985,-0.18295,-0.301375,-0.157775,0.103025,0.2394,-0.36612500000000003,-0.290575,0.05835,0.5516,0.23502499999999998,-0.29285,-0.73805,-0.313625,0.6146,-0.02465,-0.14930000000000002,-0.46045,-0.08645,0.414425,0.08712500000000001,-0.39865,-0.5641750000000001,-0.165325,-0.10047500000000001,0.05055,-0.255175,-0.34509999999999996,-0.16515000000000002,0.0505,0.0023,-0.2442,-0.30055,-0.6632750000000001,-0.32987500000000003,0.085225,-0.135125,-0.32277500000000003,-0.47535,0.007175,0.016125,-0.048674999999999996,-0.7382,-0.5476749999999999,0.15537499999999999,0.07375,-0.17174999999999999,-0.590125,-0.46025,-0.108325,0.068875,-0.432225,-0.6104750000000001,-0.270125,-0.42322499999999996,0.035325,-0.231975,-0.386575,-0.5249,-0.238475,-0.2675,-0.40837500000000004,-0.316075,-0.64895,-0.436075,-0.051675,-0.0074,-0.3279,-0.746825,-0.508275,-0.25517500000000004,0.12302500000000001,-0.721225,-0.8164,-0.22875,-0.2244,-0.088975,-0.64375,-0.6994750000000001,-0.5556,-0.20427499999999998,-0.424125,-0.730875,-0.6233249999999999,-0.44320000000000004,-0.11715,-0.15789999999999998,-0.561625,-0.7711749999999999,-0.724675,-0.6500250000000001,-0.455975,-0.38682500000000003,-0.574925,-0.7497499999999999,-0.6834250000000001,-0.10205,-0.37312500000000004,-0.746825,-1.055925,-0.648525,-0.099675,-0.5222249999999999,-0.7766500000000001,-0.84405,-0.63945,-0.293025,-0.528375,-0.89985,-0.99135,-0.395775,-0.684625,-0.4608,-0.757725,-0.94525,-0.768825,-0.7881,-0.676625,-0.8346,-1.0652249999999999,-0.9214,-0.84165,-0.7379749999999999,-0.5526249999999999,-0.87225,-0.972575,-0.6979500000000001,-0.7583500000000001,-0.7444500000000001,-1.34175,-1.1654,-0.619825,-0.840125,-0.754825,-1.01785,-0.965475,-0.7626000000000001,-0.577275,-1.224375,-0.966325,-1.0093999999999999,-1.0043,-0.6238,-1.3149,-0.665275,-1.1431499999999999,-1.103675,-0.874375,-0.967875,-1.035625,-1.13395,-1.24535,-1.0456750000000001,-0.954125,-0.8177749999999999,-1.307925,-0.640275,-0.959575,0.275875,-1.033925,-0.9503,-1.035675,-1.033575,-1.01885,-1.4275,-2.789025,-0.7102499999999999,-0.31025,0.0,0.0,0.0,0.0,0.0,0.0,0.0,0.0,0.0,0.0,0.0,0.0,0.0,0.0,0.0,0.0,0.0,0.0,0.0,0.0,0.0,0.0,0.0,0.0,0.0,0.0,0.0,0.0,0.0,0.0,0.0,0.0,0.0,0.0,0.0,0.0,0.0,0.0,0.0,0.0,0.0,0.0,0.0,0.0,0.0,0.0,0.0,0.0,0.0,0.0,0.0,0.0,0.0,0.0
0.0,0.0,0.0,0.0,0.0,0.0,0.0,0.0,0.0,0.0,0.0,0.0,0.0,0.0,0.0,0.0,0.0,0.0,0.0,0.0,0.0,0.0,0.0,0.0,0.0,0.0,0.0,0.0,0.0,0.0,0.0,0.0,0.0,0.0,0.0,0.0,0.0,0.0,0.0,0.0,0.0,0.0,0.0,0.0,0.0,0.0,0.0,0.0,0.0,0.0,0.0,0.0,0.0,0.0,0.891825,1.395625,1.7846,1.2957999999999998,1.243875,1.0883,1.1571,1.219875,0.9455,0.9904999999999999,0.3097,0.920975,1.420775,1.1403249999999998,1.2268999999999999,0.229625,0.481025,1.050475,1.229025,0.6181,0.137875,0.61185,0.908075,1.69475,0.913075,0.173625,0.382,0.996425,1.0414750000000002,0.4031,0.29765,0.31232499999999996,1.3508499999999999,1.0139749999999998,0.745275,0.416875,0.336125,0.6168,0.689375,1.0529,0.561225,0.3169,0.696125,1.046,0.9873000000000001,0.2444,0.11877499999999999,0.20505,1.056525,0.7164,0.184425,0.156275,0.54845,1.042325,0.646475,-0.0281,-0.38325,0.496525,0.7920499999999999,0.6752,0.3619,0.064125,0.68555,0.847625,0.7373,0.17472500000000002,0.109825,0.10785,0.369475,0.779575,0.3623,0.276,0.15545,0.642825,0.5007250000000001,0.3195,-0.1933,-0.2266,0.6943250000000001,0.718925,0.57205,-0.11545,-0.0277,0.42805,0.8180499999999999,0.3737,-0.31770000000000004,0.0107,0.56415,0.7735,0.46909999999999996,-0.1216,0.1922,0.27365,0.44875,-0.03175,0.023675,-0.289425,-0.0938,0.602375,0.35335000000000005,0.0289,-0.3495,-0.010775,0.29885,0.8715250000000001,0.022925,-0.32675,0.033525,0.37205,0.7233499999999999,-0.06145,-0.3463,-0.25212500000000004,0.34047499999999997,0.2334,-0.32887500000000003,-0.171725,-0.114875,0.56035,0.30862500000000004,-0.068075,-0.335075,-0.028175,0.175125,0.056025,0.140525,-0.155,-0.17672500000000002,0.017925,0.185425,-0.118425,-0.29515,-0.38045,-0.32389999999999997,0.500175,-0.072075,-0.325875,-0.3826,-0.03325,0.38577500000000003,0.12890000000000001,-0.3925,-0.655975,0.12967499999999998,0.088675,-0.0056749999999999995,-0.28635,-0.4214,0.093725,-0.0751,-0.10292499999999999,-0.5023,-0.248775,-0.2463,-0.032225000000000004,0.06445000000000001,-0.18035,-0.508725,-0.4423,0.08295,-0.1041,-0.005775,-0.61745,-0.6145750000000001,0.3355,0.1164,-0.047275,-0.5081,-0.469225,-0.159,0.07085,-0.429775,-0.799025,-0.390125,-0.010875,0.183875,-0.318425,-0.6036,-0.461725,-0.315875,-0.1432,-0.277575,-0.281425,-0.5407249999999999,-0.36210000000000003,-0.130875,-0.264825,-0.31075,-0.5478000000000001,-0.359375,-0.252025,0.11055,-0.5664750000000001,-0.674525,-0.391225,-0.187475,-0.23375,-0.713175,-0.763925,-0.743,-0.12687500000000002,-0.267775,-0.7863249999999999,-0.5564,-0.3845,-0.123175,-0.48065,-0.67795,-0.825125,-0.5474249999999999,-0.440975,-0.776475,-0.49677499999999997,-0.74715,-0.5376749999999999,-0.475875,-0.41857500000000003,-0.5332,-0.608025,-0.9103749999999999,-0.8632249999999999,0.0076,-0.5649,-0.6896749999999999,-0.923975,-0.473575,-0.40815,-0.5601499999999999,-0.944125,-1.03565,-0.47797500000000004,-0.527775,-0.548875,-0.75635,-0.8305750000000001,-0.40137500000000004,-0.4812,-0.7243999999999999,-1.12585,-0.6444,-0.713225,-0.928725,-0.5324249999999999,-0.774775,-0.75195,-0.9249,-0.8569,-0.8675999999999999,-0.8127,-1.052675,-1.0932,-0.14485,-0.7918499999999999,-0.754725,-1.3054000000000001,-0.8981,-0.35605000000000003,-0.57695,-0.515625,-1.228225,-0.90215,-0.4966,-0.683225,-1.078425,-1.0515750000000001,-1.238025,-0.7262500000000001,-0.7598750000000001,-0.9659,-0.415275,-0.9115,-1.0371000000000001,-1.051325,-0.665025,-1.11805,-0.9672000000000001,-0.87895,-1.1859,-0.5324500000000001,-0.85725,-1.155575,-0.806275,-1.114475,-1.1401000000000001,-1.49105,-1.30535,-0.98805,-2.963775,-2.53315,-1.8445500000000001,-2.2138,0.0,0.0,0.0,0.0,0.0,0.0,0.0,0.0,0.0,0.0,0.0,0.0,0.0,0.0,0.0,0.0,0.0,0.0,0.0,0.0,0.0,0.0,0.0,0.0,0.0,0.0,0.0,0.0,0.0,0.0,0.0,0.0,0.0,0.0,0.0,0.0,0.0,0.0,0.0,0.0,0.0,0.0,0.0,0.0,0.0,0.0,0.0,0.0,0.0,0.0,0.0,0.0,0.0,0.0
0.0,0.0,0.0,0.0,0.0,0.0,0.0,0.0,0.0,0.0,0.0,0.0,0.0,0.0,0.0,0.0,0.0,0.0,0.0,0.0,0.0,0.0,0.0,0.0,0.0,0.0,0.0,0.0,0.0,0.0,0.0,0.0,0.0,0.0,0.0,0.0,0.0,0.0,0.0,0.0,0.0,0.0,0.0,0.0,0.0,0.0,0.0,0.0,0.0,0.0,0.0,0.0,0.0,1.302775,1.1447500000000002,1.6548749999999999,0.6275000000000001,0.796025,1.503275,0.894425,1.17965,0.417925,0.811725,1.61465,1.3998249999999999,0.893475,0.564875,0.7016,1.0148,1.10705,0.794925,0.234275,0.63285,1.02365,1.469875,0.8261999999999999,0.37075,0.535675,1.153125,1.0937,0.124025,0.41035,0.627875,1.431375,1.1738,0.57995,0.2992,0.54105,1.0773,0.7180500000000001,0.753975,0.17124999999999999,0.554975,1.0914,1.2741500000000001,0.8383499999999999,0.343425,0.14035,0.16042499999999998,1.211525,0.7582,0.337325,0.178975,0.537825,1.20235,0.704775,0.212975,-0.21887500000000001,0.489375,1.0673,0.516325,0.27815,-0.044675,0.737375,0.8766999999999999,0.593425,-0.0319,0.041425000000000003,0.5863750000000001,0.5136000000000001,0.809875,0.25017500000000004,0.2991,0.43925000000000003,0.5867,0.534525,0.24695,0.01015,-0.20732499999999998,0.6096,0.5552250000000001,0.48164999999999997,0.1286,-0.005725,0.4834,0.6721250000000001,0.2079,-0.346975,0.1173,0.5552250000000001,0.8756999999999999,0.32105,-0.2041,0.19145,0.43365,0.762625,-0.013625,-0.044175,0.027775,0.260325,0.592525,0.05745,0.09245,-0.0076,0.19105,0.12240000000000001,0.244775,-0.0295,-0.19542500000000002,0.298075,0.3876,0.6033499999999999,-0.074075,-0.293025,-0.080975,0.402325,0.502875,-0.362,-0.213625,0.04115,0.6398250000000001,0.3934,-0.1399,-0.34712499999999996,-0.09825,0.5795,0.1033,0.21350000000000002,-0.170825,0.016325,0.516425,0.29357500000000003,-0.135775,-0.35507500000000003,-0.3004,-0.3194,0.35395,-0.09295,-0.302025,-0.350325,0.04975,0.5371250000000001,-0.039275,-0.33965,-0.758675,-0.0388,0.3231,0.007575,-0.2665,-0.39385000000000003,0.14115,0.0848,-0.107275,-0.5850500000000001,-0.39402499999999996,-0.03875,-0.0021999999999999997,0.15842499999999998,-0.27555,-0.178675,-0.3026,-0.060700000000000004,-0.263175,-0.341575,-0.42147500000000004,-0.606175,0.068675,-0.048375,-0.025325,-0.511825,-0.452675,-0.05225,-0.010225,-0.287325,-0.829125,-0.360275,-0.034725,0.07165,-0.39080000000000004,-0.6262749999999999,-0.33282500000000004,-0.1509,-0.113,-0.6737500000000001,-0.44385,-0.34914999999999996,-0.1535,0.050975,-0.366275,-0.5253749999999999,-0.5067,-0.331625,-0.438075,-0.143075,-0.429075,-0.7142000000000001,-0.12935,-0.266075,-0.105475,-0.5366000000000001,-0.763975,-0.6145,-0.2525,-0.34087500000000004,-0.850325,-0.6144000000000001,-0.3791,0.13905,-0.423275,-0.668375,-0.9014,-0.36995,-0.05745,-0.6043,-0.50505,-0.523975,-0.41075,-0.311175,-0.412,-0.927075,-0.7619,-0.6455500000000001,-0.73745,-0.1899,-0.539925,-0.801975,-0.85005,-0.593425,-0.22395,-0.527075,-0.6268,-1.14055,-0.569525,-0.0901,-0.459125,-0.8165,-0.81805,-0.31755,-0.6529,-0.66095,-1.0625499999999999,-0.7057749999999999,-0.397575,-0.614125,-0.5634,-0.731,-0.8089000000000001,-0.943775,-0.332125,-1.0208499999999998,-0.7968,-0.8817,-1.3087499999999999,-0.7772,-0.428425,-0.773125,-1.0315750000000001,-1.01355,-1.0289000000000001,-0.59155,-0.749875,-0.95235,-0.839175,-0.190575,-0.39132500000000003,-1.117925,-1.2027,-1.0962749999999999,-0.6951,-0.50635,-1.257975,-0.762325,-0.653,-1.023425,-1.19285,-0.7356750000000001,-0.88215,-0.875,-0.714425,-0.835,-0.894375,-1.028125,-1.500225,-0.7197,-0.375825,-1.1078,-1.250525,-0.216175,-1.95465,-1.3783750000000001,-1.3087,-1.1770500000000002,-0.92445,-2.1127,0.5366500000000001,0.4686,-1.4629999999999999,0.0,0.0,0.0,0.0,0.0,0.0,0.0,0.0,0.0,0.0,0.0,0.0,0.0,0.0,0.0,0.0,0.0,0.0,0.0,0.0,0.0,0.0,0.0,0.0,0.0,0.0,0.0,0.0,0.0,0.0,0.0,0.0,0.0,0.0,0.0,0.0,0.0,0.0,0.0,0.0,0.0,0.0,0.0,0.0,0.0,0.0,0.0,0.0,0.0,0.0,0.0,0.0,0.0
0.0,0.0,0.0,0.0,0.0,0.0,0.0,0.0,0.0,0.0,0.0,0.0,0.0,0.0,0.0,0.0,0.0,0.0,0.0,0.0,0.0,0.0,0.0,0.0,0.0,0.0,0.0,0.0,0.0,0.0,0.0,0.0,0.0,0.0,0.0,0.0,0.0,0.0,0.0,0.0,0.0,0.0,0.0,0.0,0.0,0.0,0.0,0.0,0.0,0.0,0.0,0.0,0.8725,1.44995,1.925975,1.5946250000000002,1.233125,0.0628,1.2407750000000002,1.32165,2.12625,1.4304999999999999,0.756725,0.771825,1.160425,1.2016499999999999,0.9672499999999999,0.767425,0.008575,0.7605500000000001,1.12585,1.24965,0.7878499999999999,0.48960000000000004,0.533225,0.8573999999999999,1.074525,0.36970000000000003,0.37725,0.6248,1.201575,1.3715,0.575125,0.255925,0.4395,1.21885,0.8808750000000001,0.478825,0.492225,0.605375,1.63235,0.993525,0.5530999999999999,0.267775,0.50115,0.687775,0.99645,0.640375,0.159125,0.6392249999999999,0.6337250000000001,1.2615500000000002,0.540125,0.1208,-0.150525,0.35285,1.1077249999999998,0.556925,0.11977499999999999,0.0419,0.58405,0.988275,0.700625,-0.15985,-0.09175,0.7550250000000001,0.8227,0.8446750000000001,0.219975,0.19075,0.658725,0.7318,0.368375,0.036500000000000005,0.158375,0.098925,0.718025,0.5451250000000001,0.33535,0.1308,0.058275,0.70955,0.313875,0.46525,-0.41755,0.00010000000000000005,0.666825,0.78035,0.401225,-0.228225,0.1034,0.569975,0.9386749999999999,-0.01565,-0.335325,0.1633,0.39985000000000004,0.8062750000000001,0.120575,-0.1201,-0.1666,0.262775,0.304825,0.0745,0.0313,-0.22062500000000002,0.21992499999999998,0.289825,0.523,0.08247499999999999,-0.23635,-0.07772499999999999,0.2122,0.602425,-0.22885,-0.284175,0.09284999999999999,0.49655,0.210775,-0.16599999999999998,-0.41700000000000004,-0.066875,0.591325,0.146225,-0.15335000000000001,-0.09747499999999999,0.19440000000000002,0.656625,0.10905,-0.25545,-0.411,0.047875,-0.0732,0.1199,-0.2432,-0.191325,-0.0869,-0.034525,0.3399,-0.043175000000000005,-0.263125,-0.496925,-0.0355,0.4737,-0.033600000000000005,-0.29395,-0.25135,0.21492499999999998,0.2576,-0.054,-0.6561,-0.472075,0.209875,0.09155,0.066625,-0.3808,-0.204075,0.06475,0.2006,-0.288475,-0.396575,-0.319125,-0.228625,0.065625,-0.156825,-0.312475,-0.4984,-0.35957500000000003,0.0757,-0.1463,-0.11795,-0.777925,-0.411475,0.238325,0.184925,-0.259875,-0.715975,-0.45427500000000004,-0.173125,0.09490000000000001,-0.5425500000000001,-0.66025,-0.3109,-0.065,0.139625,-0.356975,-0.5185000000000001,-0.34155,-0.13374999999999998,-0.38165,-0.357525,-0.37322500000000003,-0.552175,-0.204575,-0.13765,-0.090475,-0.582425,-0.5776,-0.630975,-0.2913,-0.1178,-0.7737999999999999,-0.646875,-0.500975,-0.1088,-0.330325,-0.6311,-0.82985,-0.53505,-0.01995,-0.588375,-0.514825,-0.689275,-0.371725,-0.104325,-0.46304999999999996,-0.73885,-0.782825,-0.375,-0.7047749999999999,-0.4414,-0.67835,-0.590525,-0.6936,-0.450825,-0.3264,-0.64715,-0.7532,-0.9754,-0.726925,-0.125125,-0.673225,-0.781325,-0.84115,-0.34299999999999997,-0.48319999999999996,-0.6600250000000001,-0.978075,-0.857075,-0.365975,-0.507975,-0.337275,-0.8423,-0.60325,-0.5433,-0.464375,-0.991675,-1.07865,-0.7995,-0.8686750000000001,-0.5214500000000001,-0.729975,-0.5711499999999999,-1.010825,-0.75565,-0.882475,-0.8160000000000001,-0.760625,-1.08545,-1.032225,-0.1161,-0.5552,-0.73895,-0.987,-0.8705499999999999,-0.581325,-0.264575,-1.164625,-1.099375,-0.7537,-0.671775,-0.887275,-1.015375,-0.8901749999999999,-0.9746,-1.0337749999999999,-1.03385,-0.759675,-0.9773999999999999,-0.7593,-0.580875,-1.4308750000000001,-0.862975,-1.204225,-1.269775,-0.9841500000000001,-1.231575,-0.711075,-1.097025,-1.521675,-1.0409000000000002,-1.339975,-0.961275,-0.574425,-1.654925,-1.561725,-0.487425,-1.0343499999999999,0.0,0.0,0.0,0.0,0.0,0.0,0.0,0.0,0.0,0.0,0.0,0.0,0.0,0.0,0.0,0.0,0.0,0.0,0.0,0.0,0.0,0.0,0.0,0.0,0.0,0.0,0.0,0.0,0.0,0.0,0.0,0.0,0.0,0.0,0.0,0.0,0.0,0.0,0.0,0.0,0.0,0.0,0.0,0.0,0.0,0.0,0.0,0.0,0.0,0.0,0.0,0.0
0.0,0.0,0.0,0.0,0.0,0.0,0.0,0.0,0.0,0.0,0.0,0.0,0.0,0.0,0.0,0.0,0.0,0.0,0.0,0.0,0.0,0.0,0.0,0.0,0.0,0.0,0.0,0.0,0.0,0.0,0.0,0.0,0.0,0.0,0.0,0.0,0.0,0.0,0.0,0.0,0.0,0.0,0.0,0.0,0.0,0.0,0.0,0.0,0.0,0.0,0.0,0.0,1.6006,1.7864,0.286725,0.7455750000000001,1.399625,2.17455,1.1885999999999999,0.83315,1.343725,1.189225,1.310825,0.7115,0.6498250000000001,0.63485,1.272175,1.2597,1.1271499999999999,0.784525,0.3088,0.8415250000000001,1.150625,1.28495,0.3337,0.40857499999999997,0.77535,1.049,1.1402999999999999,0.5262,0.204175,0.5522,1.3657249999999999,1.0483500000000001,0.26180000000000003,0.214175,0.792575,1.5986,1.03585,0.580925,0.19845,0.67675,1.2197500000000001,0.8767750000000001,0.535725,0.228375,0.9514,0.7695,0.974125,0.446625,0.04925,0.270375,0.5968249999999999,1.103,0.396225,0.3206,0.1192,0.6473500000000001,0.7568250000000001,0.701875,-0.02905,-0.18325,0.562225,0.687175,0.6799000000000001,0.17105,0.17750000000000002,0.972125,0.92755,0.263,-0.0886,0.157325,0.441125,0.757425,0.428975,0.09617500000000001,0.2556,0.3411,0.642075,0.12695,0.2343,-0.10362500000000001,-0.042325,0.698075,0.618325,0.310675,-0.1671,0.1632,0.41235,0.678125,0.025750000000000002,-0.3033,0.250225,0.4962,0.8914,0.11027500000000001,-0.22465000000000002,-0.0161,0.6426999999999999,0.35812499999999997,-0.16949999999999998,-0.004875,0.023975,0.5610999999999999,0.507575,0.14365,-0.220275,-0.035425,0.18217499999999998,0.310325,0.532125,-0.215925,-0.07442499999999999,0.21234999999999998,0.453225,0.3994,-0.3139,-0.356925,-0.12835,0.577875,0.1133,-0.1805,-0.341625,0.1803,0.829125,0.2656,-0.12467500000000001,-0.4454,0.2291,0.26234999999999997,0.0797,-0.15075,-0.234075,0.054900000000000004,0.0712,0.17455,-0.32865,-0.317475,-0.397075,-0.06155,0.561325,-0.13574999999999998,-0.16135,-0.28335,0.12195,0.14152499999999998,-0.098375,-0.49055000000000004,-0.6297,0.24395,0.1195,-0.02105,-0.35555000000000003,-0.3073,0.117475,0.16442500000000002,-0.20765,-0.469025,-0.10535,-0.079275,0.018425,-0.2334,-0.406275,-0.35275,-0.206925,-0.028175,-0.468825,-0.25205,-0.652575,-0.54205,0.269025,-0.07127499999999999,-0.231275,-0.554225,-0.271775,-0.2031,-0.077425,-0.6403,-0.65575,-0.31279999999999997,0.1196,0.1891,-0.37865000000000004,-0.530675,-0.462625,-0.02325,-0.14842499999999997,-0.48564999999999997,-0.329275,-0.326275,-0.024775,-0.117575,-0.2841,-0.48975,-0.50125,-0.2353,-0.414225,-0.096375,-0.6562749999999999,-0.638425,-0.17535,-0.2835,-0.27427500000000005,-0.6073500000000001,-0.84475,-0.4983,0.050425,-0.308725,-0.6561,-0.711925,-0.28075,0.27390000000000003,-0.37845,-0.79925,-0.87355,-0.340125,-0.398125,-0.460775,-0.578275,-0.64325,-0.5354749999999999,-0.618875,-0.3245,-0.7839750000000001,-0.6791750000000001,-0.90715,-0.7516,-0.41490000000000005,-0.73905,-0.6329,-0.80765,-0.5525249999999999,-0.37787499999999996,-0.592525,-1.00065,-1.043275,-0.347725,-0.44655,-0.510625,-0.9525,-0.7673,-0.48650000000000004,-0.525275,-0.7502,-1.1404750000000001,-0.662675,-0.5534749999999999,-0.799075,-0.883475,-0.785625,-0.669,-0.9653,-0.876325,-1.05375,-0.592275,-0.926925,-0.990875,-0.8046,-0.5490499999999999,-0.93745,-1.087875,-0.8449500000000001,-0.7705,-0.53505,-0.9730000000000001,-1.25175,-0.697525,-0.702775,-0.55025,-0.644875,-0.8693500000000001,-0.616475,-0.7456,-0.698175,-1.135275,-0.908825,-0.814875,-0.8108,-1.1133250000000001,-0.999575,-0.7867,-1.0316750000000001,-0.847225,-1.2378,-1.04685,-1.342325,-0.914825,-0.638825,-1.40995,-0.814225,-1.4593749999999999,-0.8956,-0.685075,-0.419875,-1.4455749999999998,-0.933975,-1.5326,-1.063675,0.0,0.0,0.0,0.0,0.0,0.0,0.0,0.0,0.0,0.0,0.0,0.0,0.0,0.0,0.0,0.0,0.0,0.0,0.0,0.0,0.0,0.0,0.0,0.0,0.0,0.0,0.0,0.0,0.0,0.0,0.0,0.0,0.0,0.0,0.0,0.0,0.0,0.0,0.0,0.0,0.0,0.0,0.0,0.0,0.0,0.0,0.0,0.0,0.0,0.0,0.0,0.0
0.0,0.0,0.0,0.0,0.0,0.0,0.0,0.0,0.0,0.0,0.0,0.0,0.0,0.0,0.0,0.0,0.0,0.0,0.0,0.0,0.0,0.0,0.0,0.0,0.0,0.0,0.0,0.0,0.0,0.0,0.0,0.0,0.0,0.0,0.0,0.0,0.0,0.0,0.0,0.0,0.0,0.0,0.0,0.0,0.0,0.0,0.0,0.0,0.0,0.0,0.0,0.4386,1.6672,1.2110500000000002,1.7823,1.25905,0.36219999999999997,1.106975,1.462475,1.127975,0.97895,0.662125,0.943175,1.2962,1.6086,0.846675,0.6278250000000001,0.480775,0.912075,0.95865,0.91465,0.48667499999999997,0.42112499999999997,0.971025,1.05335,1.1764,0.5464249999999999,0.465325,0.360975,1.005425,0.867175,0.425225,0.45005,0.7424,1.567875,0.9585,0.176625,0.15225,0.766525,1.208975,0.724675,0.604425,0.3407,0.84865,1.256,0.7854,0.24027500000000002,0.30085,0.600575,0.732375,1.012925,0.37335,0.200125,0.4557,0.756175,0.86375,0.411225,-0.023225,-0.32089999999999996,0.70965,0.845825,0.6513,0.018875,0.241,0.8422999999999999,0.850275,0.398175,-0.1231,0.171375,0.823225,0.8809,0.5754250000000001,0.048975000000000005,0.274875,0.5394749999999999,0.81735,0.038474999999999995,-0.113275,-0.0015999999999999999,0.168825,0.851725,0.278025,0.284225,-0.045925,0.2939,0.522275,0.51075,0.044025,-0.33815,0.2857,0.55955,0.834025,0.1504,-0.183975,0.05025,0.4569,0.54775,-0.184,-0.055825,0.095725,0.530425,0.48545,0.103675,-0.11472500000000001,-0.112425,0.34995,0.024974999999999997,0.10617499999999999,-0.134975,-0.09219999999999999,0.3492,0.255725,0.111825,-0.12935,-0.259725,-0.29500000000000004,0.35305,0.200225,-0.270975,-0.16317500000000001,0.163675,0.562775,0.115275,-0.249925,-0.47712499999999997,0.149575,0.6006,0.023625,-0.07042499999999999,-0.189125,0.258775,0.34612499999999996,0.056425,-0.471275,-0.34400000000000003,-0.00365,-0.052000000000000005,0.3708,-0.09135,-0.00915,-0.030925,0.0673,0.08385000000000001,-0.16802499999999998,-0.36905,-0.524125,0.09115000000000001,0.19747499999999998,-0.10105,-0.449725,-0.25470000000000004,0.211575,0.095575,-0.143525,-0.75135,-0.20415,0.3002,0.2197,-0.04805,-0.3953,-0.152375,0.024675000000000002,0.0010999999999999998,-0.482975,-0.327025,-0.35025,-0.3453,0.1795,-0.3225,-0.40059999999999996,-0.5408000000000001,-0.2387,-0.212875,0.0055249999999999995,-0.3355,-0.805125,-0.34297500000000003,0.01645,0.1347,-0.42772499999999997,-0.55575,-0.566725,0.059625,0.121125,-0.623725,-0.46715,-0.31205,0.08627499999999999,-0.1255,-0.489275,-0.4871,-0.4366,-0.082275,-0.48385,-0.1597,-0.477225,-0.5001,-0.34090000000000004,-0.221025,-0.247075,-0.5567,-0.697875,-0.6149249999999999,-0.188025,-0.355275,-0.644975,-0.6271,-0.33592500000000003,0.200125,-0.55625,-0.769475,-1.0143499999999999,-0.295575,0.029425,-0.639,-0.552775,-0.56025,-0.25839999999999996,-0.23655,-0.470425,-0.8306,-0.679375,-0.5485,-0.45385,-0.349775,-0.7253000000000001,-0.6727,-0.6755,-0.34685,-0.514275,-0.666425,-0.8011,-0.92455,-0.518575,-0.35685,-0.573475,-0.866475,-0.677925,-0.388975,-0.35085,-0.6583749999999999,-1.089225,-0.678975,-0.250175,-0.43765,-0.72305,-0.770475,-0.8010999999999999,-0.793175,-0.5519,-1.10595,-0.583975,-0.897725,-0.895675,-0.5004500000000001,-0.788725,-0.818275,-1.120225,-0.75195,-0.7817000000000001,-0.615875,-1.0047000000000001,-1.28835,-1.0538,-0.5374,-0.5129,-0.9771000000000001,-0.8862749999999999,-1.12055,-0.55635,-0.576025,-1.21465,-0.519375,-0.9979,-0.636725,-0.911075,-0.76725,-1.262875,-0.91855,-0.8038500000000001,-1.18445,-0.740525,-1.004575,-0.90705,-1.1312,-1.014025,-0.8925,-0.9758749999999999,-1.784525,-1.861675,-1.44495,-1.046175,-1.14485,-1.756325,-1.34475,-1.101975,-1.245325,-1.2581,-0.92405,0.0,0.0,0.0,0.0,0.0,0.0,0.0,0.0,0.0,0.0,0.0,0.0,0.0,0.0,0.0,0.0,0.0,0.0,0.0,0.0,0.0,0.0,0.0,0.0,0.0,0.0,0.0,0.0,0.0,0.0,0.0,0.0,0.0,0.0,0.0,0.0,0.0,0.0,0.0,0.0,0.0,0.0,0.0,0.0,0.0,0.0,0.0,0.0,0.0,0.0,0.0
0.0,0.0,0.0,0.0,0.0,0.0,0.0,0.0,0.0,0.0,0.0,0.0,0.0,0.0,0.0,0.0,0.0,0.0,0.0,0.0,0.0,0.0,0.0,0.0,0.0,0.0,0.0,0.0,0.0,0.0,0.0,0.0,0.0,0.0,0.0,0.0,0.0,0.0,0.0,0.0,0.0,0.0,0.0,0.0,0.0,0.0,0.0,0.0,0.0,0.0,1.5484,2.4371,1.488675,0.9102250000000001,0.84345,1.83115,1.852425,0.342425,0.53695,0.998075,1.376375,1.7467,0.7653,0.57165,0.947725,1.27455,0.89955,0.6311,0.4464,0.79435,1.355475,0.996975,0.749725,0.5699,0.48877499999999996,0.6117250000000001,0.909275,1.0163250000000001,0.3696,0.5607249999999999,0.948,1.3289,1.00375,0.381025,0.16797499999999999,0.6569750000000001,1.6074,0.78075,0.63935,0.3275,0.977525,1.59815,0.99545,0.419325,0.22725,0.79515,0.733325,0.9032250000000001,0.293975,0.24045,0.570975,0.701925,0.7557499999999999,0.2386,0.22597499999999998,0.020675,0.63,0.8329,0.324325,0.2743,0.091825,0.89655,0.9277,0.6213,-0.12895,0.13165,0.834125,0.84615,0.606325,-0.07155,0.293375,0.654625,0.8251499999999999,0.14855000000000002,-0.14845,0.19927499999999998,0.44115000000000004,0.7780750000000001,0.09655,0.0509,0.239275,0.36995,0.5088,0.24725,0.177125,-0.20755,0.373975,0.772125,0.576825,0.22744999999999999,-0.090325,0.285925,0.671325,0.777925,-0.22375,-0.177425,0.1916,0.7154,0.71905,0.030925,-0.18789999999999998,0.024825,0.639025,0.21057499999999998,0.114525,-0.126175,0.224625,0.62275,0.230775,0.099,-0.164975,-0.022699999999999998,-0.00465,0.137875,0.149175,-0.262675,-0.066375,0.3322,0.6651750000000001,0.201325,-0.2796,-0.441075,0.115025,0.734675,-0.00665,-0.0837,-0.238825,0.313875,0.506975,0.033424999999999996,-0.37685,-0.47665,0.231075,-0.0097,0.019424999999999998,-0.224025,-0.219725,0.183275,0.116175,0.191075,-0.29565,-0.195325,-0.473725,0.061399999999999996,0.114425,-0.1162,-0.27145,-0.391,0.10200000000000001,-0.04915,-0.0545,-0.6504,-0.413325,0.237225,0.007875,-0.061975,-0.4648,-0.1493,0.12292499999999999,0.2122,-0.5042,-0.55475,-0.207575,-0.0465,0.1658,-0.393575,-0.44889999999999997,-0.44465,-0.1135,-0.1916,-0.2823,-0.27405,-0.528125,-0.1232,0.071075,-0.11635000000000001,-0.45849999999999996,-0.7007,-0.309925,0.011825,0.00045,-0.6587000000000001,-0.387175,-0.07400000000000001,0.11745,-0.0283,-0.643675,-0.57665,-0.395,-0.0037,-0.4602,-0.511725,-0.402875,-0.223475,0.03765,-0.23522500000000002,-0.48495,-0.64075,-0.3957,-0.465225,-0.3107,-0.22025,-0.5111,-0.519675,-0.17805,-0.18845,-0.47004999999999997,-0.6130249999999999,-0.8686750000000001,-0.35065,0.15357500000000002,-0.5944750000000001,-0.67735,-0.786475,-0.24235,-0.25827500000000003,-0.4425,-0.800225,-0.8887750000000001,-0.277125,-0.467625,-0.4273,-0.7903,-0.587075,-0.4544,-0.353275,-0.6557,-0.84135,-0.6373500000000001,-0.981075,-0.69425,-0.5534,-0.442075,-0.80875,-0.75825,-0.454925,-0.634325,-0.6881999999999999,-1.176175,-0.64235,-0.30112500000000003,-0.4851,-0.376975,-0.9732000000000001,-0.499775,-0.6752,-0.630775,-1.09715,-1.0055749999999999,-0.826875,-0.5265249999999999,-0.708475,-0.88585,-0.7675,-0.99895,-0.71295,-1.1146500000000001,-0.9465,-0.6158,-0.953325,-0.93025,-0.80925,-0.459275,-0.87025,-1.145275,-0.846725,-0.34359999999999996,-0.233125,-1.21935,-0.869375,-0.84195,-0.50375,-0.7901750000000001,-1.12065,-1.14025,-0.7922,-0.706475,-0.79965,-0.671925,-0.560775,-1.0116749999999999,-0.9838,-0.81265,-1.4773,-1.4829750000000002,-0.8935,-0.769975,-0.649225,-0.74995,-1.81775,-1.2820749999999999,-0.588975,-1.1847,-0.5597,-1.128225,-1.59575,-0.748425,-0.379025,-1.440775,-0.79845,0.0,0.0,0.0,0.0,0.0,0.0,0.0,0.0,0.0,0.0,0.0,0.0,0.0,0.0,0.0,0.0,0.0,0.0,0.0,0.0,0.0,0.0,0.0,0.0,0.0,0.0,0.0,0.0,0.0,0.0,0.0,0.0,0.0,0.0,0.0,0.0,0.0,0.0,0.0,0.0,0.0,0.0,0.0,0.0,0.0,0.0,0.0,0.0,0.0,0.0
0.0,0.0,0.0,0.0,0.0,0.0,0.0,0.0,0.0,0.0,0.0,0.0,0.0,0.0,0.0,0.0,0.0,0.0,0.0,0.0,0.0,0.0,0.0,0.0,0.0,0.0,0.0,0.0,0.0,0.0,0.0,0.0,0.0,0.0,0.0,0.0,0.0,0.0,0.0,0.0,0.0,0.0,0.0,0.0,0.0,0.0,0.0,0.0,0.0,0.0,0.41705,1.418275,2.124725,1.13535,1.193725,0.75405,0.543175,1.685375,1.559425,1.0679,0.6594500000000001,0.784375,1.61795,0.9339,0.43715,0.613925,0.7866,1.590025,1.1804999999999999,0.549975,0.452125,0.629575,1.0475500000000002,0.8532,0.548,0.43572500000000003,0.657475,1.0051999999999999,1.2821500000000001,0.93585,0.39087500000000003,0.37229999999999996,0.456425,1.305725,0.739425,0.535025,0.5556749999999999,0.90745,1.653125,0.71395,0.202725,0.0829,0.973125,0.8598750000000001,0.709425,0.245025,0.41852500000000004,1.137525,0.9597,0.6714249999999999,-0.184025,0.19685,0.4002,0.6251,0.9566,0.172775,0.41874999999999996,0.28685,0.7225250000000001,0.63025,0.320125,-0.16195,0.2338,1.056275,0.7399249999999999,0.663775,-0.0009,0.2635,0.8138,0.846,0.2303,-0.275775,0.378925,0.741,0.847775,0.163425,-0.017050000000000003,0.1694,0.55435,0.5845,0.0834,0.16245,0.023,0.56885,0.8273,0.3891,0.1412,0.062375,0.320725,0.44685,0.5784,-0.13625,-0.27355,0.28607499999999997,0.5807,0.63185,-0.036825,-0.18539999999999998,0.091125,0.787625,0.04945,-0.18030000000000002,0.0075,0.30315,0.7973,0.17567500000000003,-0.137125,-0.2514,0.139975,0.21639999999999998,0.0346,0.1717,-0.256575,0.071525,0.11572500000000001,0.381,0.024475,-0.14365,-0.282225,0.0192,0.5359499999999999,-0.043675000000000005,-0.126575,-0.22055,0.400475,0.64,0.00445,-0.413375,-0.45942500000000003,0.378925,0.400625,-0.11025,-0.31167500000000004,-0.231825,0.429025,0.31932499999999997,0.030875,-0.3649,-0.04665,-0.0432,0.17085,0.25939999999999996,-0.32972500000000005,-0.25377500000000003,-0.14475000000000002,0.13679999999999998,-0.203825,-0.15715,-0.6347750000000001,-0.3243,0.348,0.0961,-0.10895,-0.496525,-0.1666,0.19519999999999998,0.269175,-0.410725,-0.7641749999999999,-0.0173,0.20879999999999999,0.17922500000000002,-0.298075,-0.5065000000000001,-0.30057500000000004,-0.004275,-0.2082,-0.67305,-0.30635,-0.4905,-0.11902499999999999,0.073425,-0.154125,-0.29625,-0.541875,-0.2639,-0.325275,-0.055325,-0.660525,-0.66315,-0.231375,0.113,0.125775,-0.51825,-0.46909999999999996,-0.4494,0.0106,-0.386375,-0.753775,-0.49875,-0.194,0.020625,-0.41247500000000004,-0.5555749999999999,-0.570875,-0.2052,-0.284125,-0.3722,-0.252175,-0.35555000000000003,-0.39392499999999997,-0.190575,-0.009325,-0.5791000000000001,-0.45452499999999996,-0.722125,-0.433125,-0.187125,-0.6102000000000001,-0.535825,-0.6229750000000001,-0.20045000000000002,-0.08789999999999999,-0.62495,-0.781825,-0.9284,-0.0556,-0.337775,-0.45775,-0.736025,-0.58745,-0.31627500000000003,-0.221525,-0.63505,-0.9898499999999999,-0.514825,-0.46565,-0.6121749999999999,-0.401,-0.700825,-0.755725,-0.6979,-0.504575,-0.7994749999999999,-0.437625,-0.972675,-0.7268749999999999,-0.257325,-0.45325000000000004,-0.5044500000000001,-0.8982,-0.6427499999999999,-0.377625,-0.5507500000000001,-0.80335,-1.1088,-0.747625,-0.35295,-0.4748,-0.961075,-0.9067000000000001,-1.07925,-0.39239999999999997,-0.6023499999999999,-1.0055,-0.480925,-0.9116500000000001,-1.0551,-0.7526250000000001,-0.6505,-1.020875,-1.320375,-0.85885,-1.0155750000000001,-0.57645,-1.12595,-0.950075,-0.7053,-0.643825,-0.38585,-1.044525,-0.8841749999999999,-0.9779,-0.3106,-0.782225,-1.428225,-1.479725,-1.0501,-0.7341,-0.7606999999999999,-1.210675,-1.115025,-0.652625,-1.2407,-1.10185,-0.65195,-1.5114750000000001,-1.315225,-0.6666000000000001,-0.960875,-1.283175,-0.6596500000000001,-1.244875,-1.302375,-1.320975,-1.427725,-0.18532500000000002,-0.960225,-0.983875,-1.0688,0.0,0.0,0.0,0.0,0.0,0.0,0.0,0.0,0.0,0.0,0.0,0.0,0.0,0.0,0.0,0.0,0.0,0.0,0.0,0.0,0.0,0.0,0.0,0.0,0.0,0.0,0.0,0.0,0.0,0.0,0.0,0.0,0.0,0.0,0.0,0.0,0.0,0.0,0.0,0.0,0.0,0.0,0.0,0.0,0.0,0.0,0.0,0.0,0.0,0.0
0.0,0.0,0.0,0.0,0.0,0.0,0.0,0.0,0.0,0.0,0.0,0.0,0.0,0.0,0.0,0.0,0.0,0.0,0.0,0.0,0.0,0.0,0.0,0.0,0.0,0.0,0.0,0.0,0.0,0.0,0.0,0.0,0.0,0.0,0.0,0.0,0.0,0.0,0.0,0.0,0.0,0.0,0.0,0.0,0.0,0.0,0.0,0.0,0.0,1.603125,1.06775,0.7998000000000001,0.50565,1.413375,1.8881,1.80205,1.0760999999999998,0.637625,1.0544,1.745175,1.145875,0.4855,0.512475,1.0062250000000001,1.7764,1.49785,0.4087,0.12455,0.7484500000000001,1.3969500000000001,0.78445,0.7277,0.34454999999999997,0.940775,1.2619,1.0502250000000002,0.770975,0.488925,0.574425,0.846875,1.3421750000000001,0.7148,0.395175,0.6562,1.11305,1.405175,0.715975,0.3474,0.225525,0.9842,1.231425,0.742775,0.41837500000000005,0.35865,1.189975,1.1853,0.638225,-0.11175,0.4004,0.7547,0.717525,0.703425,0.21084999999999998,0.420925,0.6334,0.757175,0.541375,0.144675,0.012775,0.1931,0.871,0.57075,0.683725,0.30585,0.36175,0.8451,0.7758750000000001,0.17812499999999998,-0.31595,0.387525,0.770325,0.870625,0.246025,-0.134275,0.4173,0.6683250000000001,0.45075,-0.203925,0.0696,0.344925,0.717175,0.9041,0.083475,0.14090000000000003,0.151225,0.46714999999999995,0.4155,0.40407499999999996,-0.09035,-0.116775,0.458,0.57705,0.51345,-0.090025,-0.155775,0.084675,0.639625,0.303475,-0.34275,-0.044275,0.37825,0.7353,0.37172499999999997,-0.129825,-0.2231,0.38025,0.586175,0.0665,-0.016625,-0.2514,0.268575,0.5955250000000001,0.1389,-0.183025,-0.25327500000000003,-0.0257,0.016975,0.476975,-0.028325,-0.109325,-0.11549999999999999,0.17815,0.5129750000000001,-0.0035,-0.3019,-0.4655,0.40535,0.559625,0.018525,-0.24327500000000002,-0.2721,0.43052500000000005,0.264575,-0.094825,-0.491,-0.17585,0.3405,0.204,0.281,-0.295875,-0.08355,0.0061,0.0609,-0.38485,-0.30027499999999996,-0.4028,-0.38755,0.14147500000000002,0.022275000000000003,-0.07495,-0.34957499999999997,-0.10785,0.0291,0.069025,-0.24115,-0.8435999999999999,0.00105,0.35435000000000005,0.24955,-0.291775,-0.38575,-0.16265000000000002,0.1977,0.0005,-0.6404000000000001,-0.3892,-0.2202,0.0593,-0.048775,-0.426425,-0.348725,-0.3234,-0.06,-0.336425,-0.196925,-0.5871000000000001,-0.440875,-0.14515,-0.060275,-0.083275,-0.4865,-0.44625000000000004,-0.290725,0.084225,-0.11510000000000001,-0.7395,-0.512975,-0.0861,0.2409,-0.3015,-0.6616500000000001,-0.780575,-0.092975,-0.07075,-0.536275,-0.346075,-0.5808249999999999,-0.02305,-0.0966,-0.348625,-0.6778,-0.535725,-0.34867499999999996,-0.5149,-0.06369999999999999,-0.5845750000000001,-0.4482,-0.553325,-0.269225,-0.170775,-0.510325,-0.797775,-1.030375,-0.2435,-0.036875000000000005,-0.4178,-0.7133,-0.6125,-0.21944999999999998,-0.338175,-0.62245,-1.085525,-0.6806,-0.35167499999999996,-0.5297000000000001,-0.3295,-0.723325,-0.6586749999999999,-0.487975,-0.5352,-0.8730749999999999,-0.6907,-0.772025,-0.7834749999999999,-0.388475,-0.63,-0.57325,-0.859125,-0.5879,-0.399575,-0.422325,-0.76325,-0.957275,-0.467725,-0.25855,-0.494675,-0.6506,-0.9225749999999999,-0.650875,-0.45655,-0.52385,-1.2180499999999999,-0.74265,-0.538125,-0.695575,-0.44355,-1.000175,-0.972275,-0.989225,-0.63755,-0.9221999999999999,-0.6133500000000001,-0.8967750000000001,-1.02885,-0.902075,-0.275,-0.3805,-1.177775,-0.9221250000000001,-0.8612500000000001,-0.724475,-0.275375,-1.0987,-1.0224,-0.146825,-0.8879250000000001,-1.275875,-1.2214,-1.14785,-0.405925,-0.498425,-1.310875,-0.464725,-1.3406500000000001,-0.8218,-1.205775,-1.363375,-1.3674,-0.66015,-1.7094,-0.907175,-1.0572499999999998,-1.08605,-1.31445,-1.7526249999999999,-1.31945,-0.84765,-0.487275,-1.565575,-1.71655,-0.60665,0.0,0.0,0.0,0.0,0.0,0.0,0.0,0.0,0.0,0.0,0.0,0.0,0.0,0.0,0.0,0.0,0.0,0.0,0.0,0.0,0.0,0.0,0.0,0.0,0.0,0.0,0.0,0.0,0.0,0.0,0.0,0.0,0.0,0.0,0.0,0.0,0.0,0.0,0.0,0.0,0.0,0.0,0.0,0.0,0.0,0.0,0.0,0.0,0.0
0.0,0.0,0.0,0.0,0.0,0.0,0.0,0.0,0.0,0.0,0.0,0.0,0.0,0.0,0.0,0.0,0.0,0.0,0.0,0.0,0.0,0.0,0.0,0.0,0.0,0.0,0.0,0.0,0.0,0.0,0.0,0.0,0.0,0.0,0.0,0.0,0.0,0.0,0.0,0.0,0.0,0.0,0.0,0.0,0.0,0.0,0.0,0.0,1.014275,0.852025,1.213075,1.3294,2.038325,1.3455249999999999,0.3771,0.817625,1.7441,1.664875,0.48435,0.870575,0.8084749999999999,1.7699,1.4039,0.321975,0.45105,0.808775,1.551,0.7051,0.47352500000000003,0.4959,1.03935,1.51285,0.92965,0.510325,0.296,0.776025,0.90035,0.999125,0.71055,0.46662499999999996,1.0083250000000001,1.22475,1.2517500000000001,0.656575,0.45237499999999997,0.4646,0.89145,1.1325,0.7503,0.570025,0.29425,1.226875,1.2605,0.641525,-0.11852499999999999,0.27494999999999997,0.8459749999999999,0.9218,0.7657499999999999,0.10300000000000001,0.5111,0.89305,0.7737499999999999,0.1956,-0.0485,0.4143,0.5039250000000001,0.9051750000000001,0.585875,0.24305,0.3694,0.6398250000000001,0.874575,0.656,0.4719,-0.20505,0.5348250000000001,1.099275,0.730325,0.39615,-0.044,0.4105,0.7797499999999999,0.7887,-0.273,-0.174975,0.35172499999999995,0.79725,0.87575,0.07730000000000001,0.060524999999999995,0.281925,0.8516250000000001,0.358175,0.1475,-0.077075,0.12355000000000001,0.5751499999999999,0.505175,0.224525,-0.098975,-0.018675,0.206875,0.36455000000000004,0.31279999999999997,-0.2212,-0.04345,0.322725,0.7661749999999999,0.40325,-0.30745,-0.2328,0.22849999999999998,0.7005250000000001,-0.057425000000000004,-0.10112499999999999,0.0056749999999999995,0.307625,0.596775,0.0485,-0.29915,-0.23015,0.328925,0.1281,0.268025,-0.0135,-0.043075,0.19697499999999998,0.415425,0.30822499999999997,-0.14595,-0.1852,-0.4189,0.284625,0.5114000000000001,-0.0244,-0.12432499999999999,-0.1366,0.42875,0.3304,-0.14845,-0.62995,-0.2437,0.469575,0.2999,0.034275,-0.34535,0.048725,0.5092,0.310875,-0.362525,-0.449575,-0.10125,-0.105725,0.17254999999999998,-0.10022500000000001,-0.23825000000000002,-0.3186,0.0109,0.0371,-0.06665,-0.1888,-0.767275,-0.05625,0.382175,0.08115,-0.17352499999999998,-0.536,-0.24925,0.17504999999999998,0.1979,-0.567025,-0.50245,-0.0844,0.262075,0.168575,-0.5119,-0.5933999999999999,-0.469575,0.012725,-0.2835,-0.406925,-0.43484999999999996,-0.2465,-0.063975,-0.24972499999999997,-0.28365,-0.53735,-0.4907,-0.4273,-0.17155,0.0972,-0.55825,-0.363925,-0.138425,0.1139,-0.27825,-0.571675,-0.66545,-0.179375,0.05545,-0.51095,-0.570425,-0.574075,-0.099775,0.07055,-0.418225,-0.63955,-0.659,-0.132025,-0.533725,-0.41995,-0.4813,-0.263525,-0.312575,-0.21825,-0.389575,-0.614675,-0.4741,-0.64015,-0.15245,-0.177975,-0.5897249999999999,-0.75155,-0.5639500000000001,-0.14677500000000002,-0.203475,-0.68975,-1.1026,-0.61635,-0.15510000000000002,-0.47025,-0.509125,-0.9443,-0.5077,-0.29407500000000003,-0.412625,-0.8149249999999999,-0.898275,-0.5343249999999999,-0.491875,-0.364325,-0.469225,-0.681025,-0.80575,-0.579275,-0.551,-0.6519,-0.555425,-1.1016750000000002,-0.580875,-0.224225,-0.45025,-0.788825,-1.01755,-0.596375,-0.40842500000000004,-0.35565,-1.23725,-0.9346749999999999,-0.745625,-0.50315,-0.65925,-1.0914,-0.992425,-0.8672,-0.57105,-1.0829499999999999,-0.692825,-0.9534,-0.8263,-0.907725,-0.9997499999999999,-0.774875,-1.0641,-0.92425,-1.1183999999999998,-0.45265,-0.294625,-1.137975,-1.0811250000000001,-0.5683,-0.626325,-0.9092,-0.877275,-1.2777,-1.011825,-0.673875,-1.3095,-0.94925,-0.7786,-0.757575,-0.8616,-1.167975,-0.9769249999999999,-1.656075,-0.705175,-0.708925,-0.98065,-0.7999,-1.0038749999999999,-1.042075,-0.6748999999999999,-1.168925,-1.271225,-1.1379,-0.88085,-1.213875,-0.35062499999999996,-0.964375,-1.365075,-0.568225,0.0,0.0,0.0,0.0,0.0,0.0,0.0,0.0,0.0,0.0,0.0,0.0,0.0,0.0,0.0,0.0,0.0,0.0,0.0,0.0,0.0,0.0,0.0,0.0,0.0,0.0,0.0,0.0,0.0,0.0,0.0,0.0,0.0,0.0,0.0,0.0,0.0,0.0,0.0,0.0,0.0,0.0,0.0,0.0,0.0,0.0,0.0,0.0
0.0,0.0,0.0,0.0,0.0,0.0,0.0,0.0,0.0,0.0,0.0,0.0,0.0,0.0,0.0,0.0,0.0,0.0,0.0,0.0,0.0,0.0,0.0,0.0,0.0,0.0,0.0,0.0,0.0,0.0,0.0,0.0,0.0,0.0,0.0,0.0,0.0,0.0,0.0,0.0,0.0,0.0,0.0,0.0,0.0,0.0,0.0,0.0,0.96025,1.990575,1.042925,1.457725,1.7285,1.639575,1.7332999999999998,0.6187,0.8971,1.25535,1.728875,1.66495,0.6901499999999999,0.295025,0.81365,1.579875,0.8466750000000001,0.5709,0.59455,1.29305,1.765075,0.7547,0.434975,0.19815,0.9835,1.0269,0.866375,0.505825,0.5219,1.0087000000000002,1.098775,1.009525,0.38489999999999996,0.45025000000000004,0.60025,1.1313,1.371925,0.477325,0.629275,0.5744,1.07205,1.5411249999999999,0.6926,0.1402,0.059475,1.1882,0.900525,0.646475,0.11665,0.44475,0.9335,0.9185,0.16119999999999998,-0.09820000000000001,0.462925,0.56745,0.881325,0.55055,0.3094,0.371925,0.74085,0.7159,0.29619999999999996,0.400425,0.11462499999999999,0.6821,1.0635249999999998,0.669325,0.5786,0.03665,0.39575,0.589825,0.625775,-0.039275000000000004,-0.2072,0.344275,0.8667,0.744575,0.034449999999999995,0.04645,0.3483,0.879175,0.4185,-0.12975,0.129125,0.29612499999999997,0.8838,0.5665,0.216425,-0.0791,0.16175,0.37329999999999997,0.280375,0.405675,-0.252925,0.20315,0.561925,0.574175,0.3184,-0.14035,-0.130975,0.17934999999999998,0.618375,0.1094,-0.20024999999999998,-0.039125,0.622275,0.810425,0.173125,-0.42215,-0.407875,0.3537,0.45265,0.093675,0.02455,-0.07255,0.25884999999999997,0.359,0.189975,-0.17385,-0.084375,-0.1668,0.2364,0.397175,-0.15712500000000001,-0.034775,-0.125575,0.326925,0.23750000000000002,-0.01575,-0.560975,-0.40902499999999997,0.467,0.3691,0.068975,-0.2899,-0.015725,0.420975,0.33045,-0.29747500000000004,-0.51765,0.022025,0.135525,0.19347499999999998,-0.1123,-0.286675,-0.134025,0.079925,-0.044725,-0.409375,-0.161,-0.53515,-0.058499999999999996,0.30745,-0.222425,-0.13342500000000002,-0.432775,-0.17595,0.051925,0.02475,-0.551275,-0.55615,0.0102,0.34047499999999997,0.08935,-0.49215,-0.44875,-0.235675,0.212825,-0.314975,-0.626425,-0.22575,-0.09407499999999999,0.19797499999999998,-0.151175,-0.34997500000000004,-0.4713,-0.23645,-0.123425,-0.3199,-0.250975,-0.5809,-0.181475,-0.038625,0.12425,-0.101825,-0.55705,-0.57415,-0.371375,0.1346,-0.443975,-0.6344500000000001,-0.5019750000000001,0.13055,-0.053375,-0.465375,-0.8184750000000001,-0.7953,-0.020399999999999998,-0.258475,-0.524825,-0.4924,-0.399875,-0.157225,-0.084725,-0.3111,-0.7308749999999999,-0.450075,-0.6361,-0.29059999999999997,-0.0472,-0.613175,-0.537875,-0.531,-0.29895,-0.433225,-0.5606,-0.80905,-0.84345,-0.17295,-0.205425,-0.5330250000000001,-0.932275,-0.44515,-0.29275,-0.3657,-0.8383,-1.06,-0.456675,-0.5173749999999999,-0.47652500000000003,-0.743325,-0.694825,-0.611175,-0.5472,-0.73265,-0.76765,-0.50415,-0.9549,-0.4424,-0.497575,-0.5535000000000001,-0.44165,-0.853525,-0.7431,-0.51095,-0.3883,-0.902075,-0.8592500000000001,-0.531675,-0.42064999999999997,-0.47065,-1.05155,-1.0736,-0.7936500000000001,-0.342375,-0.9709,-1.0698750000000001,-0.587675,-0.516875,-0.56395,-0.7568750000000001,-1.119925,-1.16025,-0.7091999999999999,-0.815,-0.742375,-0.6638999999999999,-1.157575,-0.409225,-0.4519,-0.7490249999999999,-0.84705,-1.0548250000000001,-1.020225,-0.63455,-0.6945749999999999,-1.0642749999999999,-1.0921750000000001,-1.275275,-0.453275,-0.5563750000000001,-1.044775,-1.1325500000000002,-1.34045,-0.982425,-1.10795,-0.751425,-0.858025,-1.1309,-0.366975,-1.066375,-0.719125,-1.04455,-0.7615000000000001,-1.462,-0.995975,-0.787325,-0.82545,-1.016675,-1.543525,-1.2085249999999998,-0.73095,-0.9901249999999999,0.0,0.0,0.0,0.0,0.0,0.0,0.0,0.0,0.0,0.0,0.0,0.0,0.0,0.0,0.0,0.0,0.0,0.0,0.0,0.0,0.0,0.0,0.0,0.0,0.0,0.0,0.0,0.0,0.0,0.0,0.0,0.0,0.0,0.0,0.0,0.0,0.0,0.0,0.0,0.0,0.0,0.0,0.0,0.0,0.0,0.0,0.0,0.0
0.0,0.0,0.0,0.0,0.0,0.0,0.0,0.0,0.0,0.0,0.0,0.0,0.0,0.0,0.0,0.0,0.0,0.0,0.0,0.0,0.0,0.0,0.0,0.0,0.0,0.0,0.0,0.0,0.0,0.0,0.0,0.0,0.0,0.0,0.0,0.0,0.0,0.0,0.0,0.0,0.0,0.0,0.0,0.0,0.0,0.0,0.0,1.7643,1.0076500000000002,1.974675,1.74055,1.01755,1.1219999999999999,0.68865,1.5791,1.430925,1.54725,1.11285,0.6028,0.942175,1.387475,0.7566999999999999,0.5388,0.806925,0.968275,1.5420250000000002,1.00345,0.2243,0.125325,1.011075,1.357825,0.6781250000000001,0.4876,0.325625,1.215725,1.3884249999999998,0.85315,0.289225,0.350825,0.89395,0.767975,1.0022,0.6258250000000001,0.589925,0.6666,0.932675,0.913925,0.6636,0.1999,0.29395,1.24625,1.1486,0.808225,0.26,0.41457499999999997,1.0913249999999999,0.8477250000000001,0.226575,-0.150625,0.43085,0.9677,0.934,0.38365,0.0085,0.509,0.7671250000000001,0.86565,0.13725,0.150425,0.27075000000000005,0.677875,1.020025,0.436,0.256875,0.1989,0.757575,0.6874750000000001,0.509725,-0.024125,-0.234525,0.652575,0.9470500000000001,0.6632750000000001,0.038650000000000004,-0.183325,0.332175,0.82675,0.42607500000000004,-0.12890000000000001,0.20795000000000002,0.50685,1.027175,0.6556249999999999,0.063275,0.024025,0.382725,0.556775,0.204675,0.063275,-0.105825,0.210625,0.645875,0.407225,0.167275,-0.051225,-0.0403,0.087725,0.79605,0.144475,-0.21455000000000002,0.035425,0.525425,0.6932,0.19342499999999999,-0.25985,-0.281675,0.50315,0.4053,-0.133875,-0.186675,-0.11035,0.61815,0.4988,-0.0108,-0.3558,-0.039575,0.190775,0.176525,0.23604999999999998,-0.2587,0.036950000000000004,0.22835,0.39955,0.180425,-0.090175,-0.17735,-0.318875,0.448125,0.3139,-0.016149999999999998,-0.25615,0.14375,0.39405,0.3112,-0.23965,-0.585275,0.1173,0.4186,0.238725,-0.13892500000000002,-0.45172500000000004,0.06282499999999999,0.3827,0.05075,-0.53535,-0.374475,-0.180225,0.1704,0.219225,-0.2868,-0.2814,-0.362925,-0.11845,-0.160275,-0.09812499999999999,-0.355325,-0.7234,0.023375,0.3351,0.16597499999999998,-0.476875,-0.51385,-0.193325,0.2813,-0.06597499999999999,-0.64635,-0.35015,-0.194925,0.27597499999999997,-0.12715,-0.475875,-0.48905,-0.219175,0.043625,-0.519825,-0.3256,-0.508625,-0.1715,-0.10685,-0.29907500000000004,-0.45015,-0.471275,-0.36985,-0.4192,0.063025,-0.30352500000000004,-0.593475,-0.493825,0.030350000000000002,0.0578,-0.3341,-0.790975,-0.77255,0.0060999999999999995,-0.10715000000000001,-0.619075,-0.45472500000000005,-0.384925,-0.05015,-0.107025,-0.46525,-0.7382500000000001,-0.38149999999999995,-0.16115000000000002,-0.32835000000000003,-0.375975,-0.593625,-0.42115,-0.351175,-0.1945,-0.495125,-0.60275,-0.7433000000000001,-0.8246749999999999,-0.2114,-0.37617500000000004,-0.6033000000000001,-0.728625,-0.3932,-0.31525000000000003,-0.313775,-0.90215,-1.247325,-0.257675,-0.23149999999999998,-0.3622,-0.73685,-0.90385,-0.520775,-0.32547499999999996,-0.48834999999999995,-0.893375,-0.72975,-0.6685,-0.30012500000000003,-0.39249999999999996,-0.70695,-0.88815,-0.954225,-0.7802,-0.839225,-0.566925,-0.824125,-1.0454750000000002,-0.49317500000000003,-0.312925,-0.543375,-0.998675,-0.99765,-0.860225,-0.334675,-0.6266,-1.2701500000000001,-0.9483,-0.641675,-0.5599,-0.8637999999999999,-1.054925,-0.928075,-0.748,-0.8362,-1.32565,-0.775225,-1.1481000000000001,-1.0004499999999998,-0.80135,-0.859125,-0.854425,-0.8452500000000001,-0.7198,-1.3626749999999999,-0.783175,-0.9483,-1.16685,-1.1191,-0.79115,-1.145475,-1.038325,-1.25665,-1.4474999999999998,-0.612125,-0.67375,-1.00105,-0.606275,-0.9627249999999999,-0.814475,-0.8977,-1.03605,-1.804225,-0.9891249999999999,-0.9767,-1.0676,-1.2681,-1.0360749999999999,-1.323575,-0.8003,-1.345925,-0.336625,-1.469025,-1.36305,-1.434425,-1.1369,-1.283575,0.0,0.0,0.0,0.0,0.0,0.0,0.0,0.0,0.0,0.0,0.0,0.0,0.0,0.0,0.0,0.0,0.0,0.0,0.0,0.0,0.0,0.0,0.0,0.0,0.0,0.0,0.0,0.0,0.0,0.0,0.0,0.0,0.0,0.0,0.0,0.0,0.0,0.0,0.0,0.0,0.0,0.0,0.0,0.0,0.0,0.0,0.0
0.0,0.0,0.0,0.0,0.0,0.0,0.0,0.0,0.0,0.0,0.0,0.0,0.0,0.0,0.0,0.0,0.0,0.0,0.0,0.0,0.0,0.0,0.0,0.0,0.0,0.0,0.0,0.0,0.0,0.0,0.0,0.0,0.0,0.0,0.0,0.0,0.0,0.0,0.0,0.0,0.0,0.0,0.0,0.0,0.0,0.0,0.0,1.750275,0.366575,0.497575,2.263725,2.3509249999999997,1.66565,1.722775,0.970425,0.9687,1.538375,1.3914,1.05305,0.670525,1.06785,1.331375,1.547425,1.01925,0.4265,0.38415,1.0479,1.224825,0.754525,0.419475,0.432925,1.30655,1.636825,0.6788000000000001,0.100425,0.44815000000000005,1.2657,0.9298,0.8287,0.43729999999999997,0.6663,0.915325,1.424875,1.0329,0.470825,0.35005000000000003,0.5225,1.2901,1.2701250000000002,0.65895,0.577425,0.570275,1.0139,0.7802250000000001,0.36735,-0.067025,0.42162499999999997,1.0869499999999999,0.84455,0.46709999999999996,-0.0506,0.49522499999999997,0.893425,0.598675,-0.07685,-0.02455,0.64595,0.782925,0.943825,0.259175,0.240625,0.43257500000000004,0.87915,0.6413500000000001,0.3193,0.20602499999999999,0.02495,0.770325,0.766975,0.4016,0.2343,0.08335,0.369025,0.631325,0.49695,-0.2545,0.0743,0.595875,1.2144,0.73785,-0.076825,0.023425,0.35165,0.9291750000000001,0.2113,-0.045375,0.053925,0.51415,0.716875,0.276775,0.096475,-0.0051,0.4021,0.219125,0.494175,0.072225,-0.073275,0.353125,0.5815,0.6026,-0.0229,-0.08915000000000001,-0.208275,0.4639,0.51975,-0.011475,-0.226275,-0.1439,0.58175,0.5847,-0.0309,-0.3197,-0.17785,0.4962,0.1301,0.1423,-0.30995,0.08095,0.4102,0.428875,-0.060775,-0.140875,-0.06947500000000001,-0.237825,0.39652499999999996,0.304675,-0.021375,-0.0885,-0.112475,0.0794,0.19605,-0.25525000000000003,-0.5818749999999999,0.019299999999999998,0.417675,0.22820000000000001,-0.11109999999999999,-0.480025,0.009524999999999999,0.155625,0.1163,-0.62975,-0.42145,0.021175,0.227975,0.13665,-0.384675,-0.18595,-0.1517,0.1366,-0.208225,-0.3305,-0.16745000000000002,-0.41242500000000004,0.16035,0.052675,-0.142475,-0.41347500000000004,-0.398675,-0.210675,0.133575,-0.08360000000000001,-0.672025,-0.24417499999999998,0.079025,0.231325,-0.06395,-0.64745,-0.482275,-0.161325,0.262275,-0.47045,-0.46185,-0.325525,0.14100000000000001,0.054474999999999996,-0.31930000000000003,-0.5301,-0.64085,-0.1258,-0.2825,-0.21495,-0.1916,-0.49375,-0.20384999999999998,-0.03155,-0.1647,-0.5128,-0.589125,-0.643925,-0.055975,-0.0063,-0.567075,-0.614,-0.479375,-0.008875000000000001,-0.0589,-0.528625,-0.672275,-0.62015,0.08677499999999999,-0.319575,-0.37932499999999997,-0.63375,-0.27045,-0.23025,-0.25212500000000004,-0.5028,-0.6064750000000001,-0.44255,-0.718675,-0.38065,-0.385725,-0.5378499999999999,-0.57485,-0.513975,-0.30765,-0.317475,-0.569925,-1.0391750000000002,-0.4403,-0.2284,-0.406275,-0.5316749999999999,-0.77745,-0.6365000000000001,-0.403175,-0.46482500000000004,-0.9895,-0.88565,-0.437925,-0.31245,-0.481275,-0.90025,-0.7030000000000001,-0.45404999999999995,-0.36705,-0.799675,-0.771775,-0.6386000000000001,-0.9293,-0.58395,-0.4184,-0.63635,-0.9253,-0.7748999999999999,-0.9362250000000001,-0.3542,-0.7866249999999999,-1.17945,-0.861475,-0.67165,-0.5471999999999999,-0.7599750000000001,-1.214875,-1.0481,-0.6965250000000001,-0.514525,-1.1789,-1.0196,-0.668725,-0.3385,-0.693875,-1.105925,-1.2649750000000002,-1.0233,-0.85665,-1.14805,-0.5941,-0.8362,-1.19115,-0.97515,-0.44675000000000004,-0.896275,-0.717525,-0.937075,-1.250475,-0.6167499999999999,-0.682275,-0.986075,-0.937275,-0.904675,-0.71465,-1.094525,-1.42295,-1.4636,-0.971125,-1.0796999999999999,-1.076975,-0.964,-1.053425,-1.0651,-0.8606499999999999,-0.8377,-1.8741750000000001,-0.816975,-0.783525,-0.6399,-0.64955,-0.67055,-0.51205,-0.92145,-0.869775,0.0,0.0,0.0,0.0,0.0,0.0,0.0,0.0,0.0,0.0,0.0,0.0,0.0,0.0,0.0,0.0,0.0,0.0,0.0,0.0,0.0,0.0,0.0,0.0,0.0,0.0,0.0,0.0,0.0,0.0,0.0,0.0,0.0,0.0,0.0,0.0,0.0,0.0,0.0,0.0,0.0,0.0,0.0,0.0,0.0,0.0,0.0
0.0,0.0,0.0,0.0,0.0,0.0,0.0,0.0,0.0,0.0,0.0,0.0,0.0,0.0,0.0,0.0,0.0,0.0,0.0,0.0,0.0,0.0,0.0,0.0,0.0,0.0,0.0,0.0,0.0,0.0,0.0,0.0,0.0,0.0,0.0,0.0,0.0,0.0,0.0,0.0,0.0,0.0,0.0,0.0,0.0,0.0,0.357725,2.05725,1.4902,0.6761,1.230475,1.01675,1.12765,1.1008,1.2488000000000001,1.179275,0.8994,1.218075,1.6314250000000001,1.475425,0.8692500000000001,0.56935,0.5666,1.06685,1.385475,0.6636,0.296925,0.600625,1.3345,1.3418,0.601425,0.00375,0.2854,1.30655,1.091925,0.6753250000000001,0.537375,0.759175,1.3162500000000001,1.250125,0.591525,0.3211,1.2985499999999999,0.9829,1.261225,0.819125,0.45985,0.86155,0.85595,1.1374499999999999,0.7574749999999999,0.47454999999999997,0.04735,0.444675,1.0889250000000001,0.6996,0.3985,0.14032499999999998,0.621575,0.90745,0.7113,-0.07965,-0.226525,0.825775,1.030025,0.914875,0.27135,0.253375,0.57045,1.0953,0.5846,0.139575,0.266425,0.167025,1.0524499999999999,0.84355,0.21135,0.153325,0.170275,0.4101,0.47555,0.51225,0.0594,-0.13125,0.502725,0.808675,0.4765,0.072575,-0.072175,0.38125,0.9532,0.128625,-0.10745,0.11415,0.6309,0.8632,0.18145,-0.17804999999999999,0.001,0.469075,0.36755000000000004,0.204125,0.33555,0.0227,0.5849500000000001,0.65845,0.329975,0.058124999999999996,-0.0374,-0.117175,0.1779,0.49672499999999997,-0.113575,-0.2365,0.023425,0.65405,0.563075,-0.0649,-0.442925,-0.2613,0.7627499999999999,0.371125,0.044975,-0.298275,0.05565,0.471425,0.33797499999999997,-0.15715,-0.484125,0.23615,0.19932499999999997,0.25435,0.14165,-0.18875,0.093125,0.248075,0.3574,0.00115,-0.18935000000000002,-0.34645,0.035625000000000004,0.4391,0.18462499999999998,-0.104425,-0.318475,0.1861,0.223275,0.111125,-0.594375,-0.6284,0.2943,0.44889999999999997,0.2601,-0.234325,-0.29985,0.0225,0.331325,-0.132375,-0.5135749999999999,-0.25195,-0.2396,0.3077,0.08987500000000001,-0.30105,-0.396175,-0.332625,-0.247225,-0.12725,-0.051775,-0.5262249999999999,-0.32135,-0.008074999999999999,0.309875,-0.01675,-0.54425,-0.44565,-0.283925,0.3064,-0.4422,-0.59055,-0.295475,0.050324999999999995,0.15007500000000001,-0.28385,-0.58125,-0.46545000000000003,0.005775,-0.25195,-0.3514,-0.30357500000000004,-0.467625,0.0324,-0.06855,-0.14752500000000002,-0.4799,-0.46387500000000004,-0.57835,-0.296175,-0.05885,-0.456075,-0.374125,-0.47275,0.003075,-0.172175,-0.522975,-0.6945,-0.66765,0.126225,-0.188925,-0.558875,-0.55245,-0.309825,-0.087825,-0.114175,-0.573075,-0.745625,-0.1836,-0.3308,-0.195775,-0.478675,-0.658925,-0.4887,-0.3751,-0.395725,-0.695875,-0.6020749999999999,-0.901675,-0.4773,-0.21484999999999999,-0.42717499999999997,-0.575025,-0.806025,-0.2562,-0.39825,-0.367825,-0.8836,-1.062425,-0.267975,-0.2225,-0.438775,-0.868125,-0.66745,-0.649975,-0.127075,-0.665825,-0.8206249999999999,-0.5913499999999999,-0.6869000000000001,-0.31272500000000003,-0.45857499999999995,-0.8436250000000001,-0.831075,-0.8062750000000001,-0.73585,-0.6581750000000001,-0.56185,-0.900675,-0.8026,-0.656025,-0.498025,-0.788025,-1.2340749999999998,-0.9950249999999999,-0.995275,-0.598525,-0.7805,-1.11585,-0.9689749999999999,-0.580575,-0.52235,-1.0359500000000001,-1.196325,-0.947875,-0.6653,-0.998475,-0.946225,-0.981325,-1.087525,-0.82405,-0.625,-1.012525,-0.8989,-1.292375,-0.8920250000000001,-0.658725,-0.5966,-1.29725,-0.9409000000000001,-0.94555,-0.495325,-0.76755,-0.86275,-1.2403,-1.34545,-0.3612,-0.9081,-1.076975,-1.211325,-1.483075,-0.7116250000000001,-1.009875,-1.325475,-1.49215,-0.7904249999999999,-0.9713499999999999,-0.978875,-1.2888000000000002,-1.0475999999999999,-1.04515,-1.0721,-0.7389249999999999,-0.7418,-0.89145,-1.5675750000000002,0.0,0.0,0.0,0.0,0.0,0.0,0.0,0.0,0.0,0.0,0.0,0.0,0.0,0.0,0.0,0.0,0.0,0.0,0.0,0.0,0.0,0.0,0.0,0.0,0.0,0.0,0.0,0.0,0.0,0.0,0.0,0.0,0.0,0.0,0.0,0.0,0.0,0.0,0.0,0.0,0.0,0.0,0.0,0.0,0.0,0.0
0.0,0.0,0.0,0.0,0.0,0.0,0.0,0.0,0.0,0.0,0.0,0.0,0.0,0.0,0.0,0.0,0.0,0.0,0.0,0.0,0.0,0.0,0.0,0.0,0.0,0.0,0.0,0.0,0.0,0.0,0.0,0.0,0.0,0.0,0.0,0.0,0.0,0.0,0.0,0.0,0.0,0.0,0.0,0.0,0.0,2.504625,1.3079749999999999,0.6255,0.8550500000000001,1.599075,1.921525,1.2736,0.87755,0.6654749999999999,1.82545,1.4078750000000002,1.4282249999999999,0.9826,0.7855,0.985225,1.16815,1.2688,0.6308750000000001,0.55475,0.9819249999999999,1.1173,1.2091500000000002,0.849,0.109525,0.2845,1.4156,1.0499749999999999,0.7132750000000001,0.186575,0.38255,1.321625,1.349375,0.46995,-0.017775,0.60895,1.0498500000000002,1.358425,0.98175,0.437825,0.63355,1.070825,1.0631,0.615,0.5187250000000001,0.53115,0.658725,0.976625,0.686175,0.44525000000000003,0.378375,0.802025,0.84885,0.719275,-0.00014999999999999996,-0.139575,0.706275,1.0855,0.80215,0.1831,0.240925,0.7169,1.140325,0.728275,-0.09645,0.323575,0.557175,1.088375,0.85945,0.20475,0.279325,0.46445,0.63115,0.20642500000000003,0.24035,0.0743,0.2696,0.634475,0.76765,0.52805,-0.07187500000000001,0.26015,0.430375,0.96635,0.34349999999999997,-0.11535000000000001,0.3775,0.6587,1.0535999999999999,0.30262500000000003,-0.218525,-0.13495000000000001,0.7055750000000001,0.664325,-0.006975,0.00255,0.002325,0.9847750000000001,0.680375,0.32165,-0.0808,-0.016575,0.2986,0.26215,0.3658,-0.168325,0.0020499999999999997,0.11315,0.6849,0.29869999999999997,-0.089425,-0.28215,-0.267875,0.72075,0.534475,0.10785,-0.036000000000000004,-0.0241,0.599475,0.285775,-0.13545000000000001,-0.517,0.053075,0.466175,0.29469999999999996,-0.03425,-0.249475,0.11257500000000001,0.280875,0.2894,-0.1543,-0.05915,-0.13035,0.161725,0.417925,0.11477499999999999,-0.056675,-0.260375,0.165025,0.1643,0.09557500000000001,-0.27775,-0.6068749999999999,0.156675,0.34985,0.09987499999999999,-0.276625,-0.271375,0.14024999999999999,0.354825,-0.027975,-0.59865,-0.170875,0.06864999999999999,0.343425,0.017075,-0.419475,-0.228125,-0.12095,0.0625,-0.36934999999999996,-0.221525,-0.4038,-0.210775,0.0863,0.142325,-0.072775,-0.42752500000000004,-0.300575,-0.15515,0.24715,-0.34065,-0.550725,-0.243575,0.16315,0.05865,-0.29507500000000003,-0.6726,-0.458025,0.187075,0.17535,-0.5118,-0.526025,-0.5205,0.191625,-0.053625,-0.3532,-0.6027750000000001,-0.38715,-0.10062499999999999,-0.24125,-0.128425,-0.392175,-0.369025,-0.38255,0.112825,-0.18327500000000002,-0.5249250000000001,-0.73155,-0.8127249999999999,0.071425,-0.0616,-0.4464,-0.65845,-0.407925,-0.078175,-0.27965,-0.537875,-0.867675,-0.35875,-0.3012,-0.11839999999999999,-0.4747,-0.4833,-0.238375,-0.191775,-0.45425,-0.85385,-0.577075,-0.5076,-0.37367500000000003,-0.363575,-0.48275,-0.542925,-0.686275,-0.35135,-0.429425,-0.40547500000000003,-0.841125,-1.00685,-0.22517500000000001,-0.22542500000000001,-0.43255,-0.897375,-0.751475,-0.479975,-0.23902500000000002,-0.56805,-1.039075,-0.602475,-0.364475,-0.321175,-0.66,-0.697275,-0.6262,-0.6244500000000001,-0.5676,-1.02955,-0.7356750000000001,-0.7146,-0.576425,-0.41159999999999997,-0.281475,-0.7074,-0.73645,-0.827825,-0.8774,-0.457075,-0.7697750000000001,-1.03845,-0.7315,-0.470125,-0.67485,-0.7205250000000001,-1.0939,-0.986625,-0.40055,-0.977125,-1.1191499999999999,-1.089475,-0.8636,-0.8934,-0.7569750000000001,-0.888575,-1.03065,-0.729575,-0.6101,-0.8679,-0.90145,-0.792675,-0.8897499999999999,-0.947525,-0.603525,-1.158025,-0.992725,-1.3035,-1.466475,-0.31422500000000003,-0.54575,-1.0972,-1.014525,-1.306125,-0.9633,-0.852725,-1.1507,-1.209425,-0.5486,-0.737075,-0.9929,-1.191275,-1.419575,-0.6119,-1.0052,-1.493,-1.2350999999999999,-1.3146,0.003775,-1.243925,-1.000275,-1.27805,-1.21685,0.0,0.0,0.0,0.0,0.0,0.0,0.0,0.0,0.0,0.0,0.0,0.0,0.0,0.0,0.0,0.0,0.0,0.0,0.0,0.0,0.0,0.0,0.0,0.0,0.0,0.0,0.0,0.0,0.0,0.0,0.0,0.0,0.0,0.0,0.0,0.0,0.0,0.0,0.0,0.0,0.0,0.0,0.0,0.0,0.0
0.0,0.0,0.0,0.0,0.0,0.0,0.0,0.0,0.0,0.0,0.0,0.0,0.0,0.0,0.0,0.0,0.0,0.0,0.0,0.0,0.0,0.0,0.0,0.0,0.0,0.0,0.0,0.0,0.0,0.0,0.0,0.0,0.0,0.0,0.0,0.0,0.0,0.0,0.0,0.0,0.0,0.0,0.0,0.0,0.0,1.51095,1.509125,2.8838,0.88355,1.5598750000000001,0.3468,1.6907999999999999,2.373775,1.2971249999999999,0.564975,1.0673249999999999,1.286675,0.8582000000000001,1.309025,0.739475,0.9706250000000001,1.241775,1.2780749999999999,1.102925,0.468175,0.557525,0.357375,1.0927499999999999,1.06225,0.68645,0.46355,0.767175,1.3931,1.2136,0.5569,-0.012125,0.574525,1.3069,1.2018,0.88735,0.422375,0.9741,1.399025,1.15115,0.350125,0.44865,0.673075,0.9161,1.1393,0.56025,0.4512,0.5531999999999999,0.876775,0.7697750000000001,0.337775,0.243025,0.0749,0.89825,1.0495750000000001,0.824225,0.318725,0.05895,0.7112,0.9813000000000001,0.6570499999999999,-0.315025,0.20247500000000002,0.78575,1.148,0.84965,0.15587499999999999,0.209325,0.632175,0.81595,0.337325,0.109725,0.197075,0.23885,0.7908,0.5479999999999999,0.38895,0.0016,0.32505,0.266475,0.7087,0.21480000000000002,-0.053825000000000005,0.362225,0.6955250000000001,0.864675,0.470025,-0.09417500000000001,-0.05455,0.464125,0.782875,-0.079375,-0.0568,0.14945,0.710825,0.6759999999999999,0.094175,-0.16419999999999998,0.07235,0.6443,0.29545,0.319975,-0.09509999999999999,0.12405,0.400325,0.2966,0.129225,-0.10727500000000001,0.070725,-0.07077499999999999,0.62705,0.29274999999999995,0.040925,0.006725,0.122,0.687225,0.40695,-0.139675,-0.48155,0.03005,0.482,0.1786,-0.042725,-0.20777500000000002,0.3854,0.542225,0.2044,-0.277125,-0.32694999999999996,0.19319999999999998,0.34040000000000004,0.44495,-0.1125,-0.064525,0.024775,0.371625,-0.008225,-0.0331,-0.10085,-0.491825,0.38034999999999997,0.321675,0.086225,-0.21885000000000002,-0.400075,0.0361,0.208625,0.05205,-0.63685,-0.281175,0.2706,0.469,0.004025,-0.6257,-0.47255,-0.122425,0.319775,-0.1452,-0.28915,-0.21284999999999998,-0.11555,0.24062499999999998,-0.09257499999999999,-0.2091,-0.46515,-0.145025,-0.224725,0.04475,-0.23185,-0.5360750000000001,-0.16317500000000001,0.050775,0.145675,-0.3519,-0.639,-0.5666249999999999,-0.0493,-0.032275,-0.591325,-0.4214,-0.29675,0.35565,-0.09485,-0.498625,-0.8035749999999999,-0.45194999999999996,0.0904,-0.3493,-0.267075,-0.34697500000000003,-0.18714999999999998,-0.15335000000000001,0.08995,-0.389675,-0.5898749999999999,-0.3518,-0.608275,0.008549999999999999,-0.17995,-0.54845,-0.5204500000000001,-0.469325,-0.141675,-0.251925,-0.66155,-0.8246,-0.257625,-0.06985,-0.3328,-0.6063000000000001,-0.67875,-0.17855000000000001,-0.23324999999999999,-0.176975,-0.8276249999999999,-0.6516500000000001,-0.23165,-0.352275,-0.352775,-0.49225,-0.5274,-0.5001,-0.384575,-0.593275,-0.6243,-0.5922000000000001,-0.80715,-0.13722499999999999,-0.19095,-0.43572500000000003,-0.7319,-0.792025,-0.582425,-0.23965,-0.50305,-1.054725,-0.668075,-0.5126000000000001,0.11080000000000001,-0.6477,-0.88825,-0.8563,-0.5745,-0.22007500000000002,-0.85,-0.71225,-0.87605,-0.5992500000000001,-0.50255,-0.539425,-0.7359249999999999,-0.8175,-0.6590750000000001,-0.773325,-0.5444,-0.6858,-0.995075,-0.59405,-0.6431,-0.6556,-0.89425,-0.9722,-0.95685,-0.5488500000000001,-0.6335500000000001,-1.0771249999999999,-0.944875,-1.03675,-0.394425,-0.6198250000000001,-0.95365,-1.0817750000000002,-0.70685,-0.481425,-0.9971749999999999,-0.6783,-1.068475,-0.7962499999999999,-0.847325,-0.8835500000000001,-0.988725,-1.2933000000000001,-0.720375,-1.20635,-0.9471,-0.842,-1.1972749999999999,-1.004775,-0.78965,-0.8387249999999999,-0.6446999999999999,-1.1846,-1.40685,-0.8340749999999999,-1.096075,-0.6886749999999999,-1.18025,-1.346125,-0.813725,-0.944725,-0.64675,-1.729975,-1.0606,-0.8342499999999999,-1.372625,-0.9344250000000001,-0.78035,-0.9621999999999999,-1.0511499999999998,-1.082675,-1.1287,0.0,0.0,0.0,0.0,0.0,0.0,0.0,0.0,0.0,0.0,0.0,0.0,0.0,0.0,0.0,0.0,0.0,0.0,0.0,0.0,0.0,0.0,0.0,0.0,0.0,0.0,0.0,0.0,0.0,0.0,0.0,0.0,0.0,0.0,0.0,0.0,0.0,0.0,0.0,0.0,0.0,0.0,0.0,0.0,0.0
0.0,0.0,0.0,0.0,0.0,0.0,0.0,0.0,0.0,0.0,0.0,0.0,0.0,0.0,0.0,0.0,0.0,0.0,0.0,0.0,0.0,0.0,0.0,0.0,0.0,0.0,0.0,0.0,0.0,0.0,0.0,0.0,0.0,0.0,0.0,0.0,0.0,0.0,0.0,0.0,0.0,0.0,0.0,0.0,2.72145,2.2008,1.90035,1.3357,1.87515,1.9768000000000001,1.50375,0.95045,0.612475,1.6746750000000001,1.328225,1.161425,0.7989,0.76005,1.714825,1.531725,1.074725,0.611575,0.7673,0.666725,1.270125,0.89245,0.47314999999999996,0.886675,0.853625,1.362025,1.00835,0.5486,0.1144,0.46447499999999997,1.4944,1.043925,0.65005,0.27037500000000003,0.8211499999999999,1.37795,1.36705,0.47140000000000004,0.019625,0.7858499999999999,0.980675,1.142975,0.59845,0.48025,1.0394999999999999,0.9968250000000001,0.8014749999999999,0.180425,0.43975,0.359925,0.8059000000000001,0.84895,0.45105,0.474575,0.23775,0.739625,0.7666,0.7031999999999999,-0.0313,0.212625,0.783825,1.196925,0.831825,0.06675,0.282475,0.65965,1.549175,0.5373,-0.32045,0.52745,0.5938749999999999,1.1586500000000002,0.5592750000000001,0.029125,0.111675,0.622575,0.518275,0.31435,0.255625,-0.0037,0.60315,0.619675,0.700925,0.428125,-0.0655,0.0692,0.457125,0.8352250000000001,0.055525000000000005,-0.07675,0.22012500000000002,0.94395,0.755275,0.151575,-0.278825,-0.0344,1.0344,0.504575,0.0957,0.034025,0.266975,0.76655,0.47945000000000004,0.10497500000000001,-0.339175,0.06667500000000001,0.08752499999999999,0.532875,0.2649,-0.065725,0.123425,0.235425,0.47112499999999996,0.21057499999999998,-0.050175,-0.410875,-0.08072499999999999,0.573875,0.38655,-0.1298,-0.322625,0.159625,0.4692,0.371525,-0.341225,-0.416325,0.2972,0.3654,0.2451,-0.11787500000000001,-0.0477,0.111525,0.4324,-0.013600000000000001,-0.307825,-0.14097500000000002,-0.21232499999999999,0.27715,0.2647,-0.00535,-0.091575,-0.257325,0.099875,-0.0289,-0.014575,-0.55655,-0.365375,0.221875,0.57405,0.079,-0.2951,-0.290175,0.0212,0.275525,-0.383425,-0.470775,-0.10505,0.225875,0.42815000000000003,-0.072675,-0.38495,-0.3235,0.10635,-0.08349999999999999,-0.23047499999999999,-0.174,-0.391675,0.120775,0.0105,0.000525,-0.36045,-0.508175,-0.396825,-0.148175,0.0969,-0.509,-0.52665,-0.187175,0.34197500000000003,-0.0443,-0.3187,-0.729025,-0.43015000000000003,0.4657,-0.16922500000000001,-0.3962,-0.625625,-0.32847499999999996,0.065725,0.007875,-0.5383,-0.6744,-0.30025,-0.345025,-0.0975,-0.16847499999999999,-0.435075,-0.33990000000000004,-0.3032,-0.1125,-0.35515,-0.5193,-0.897675,-0.617775,-0.057775,-0.104475,-0.406025,-0.54815,-0.1047,-0.22920000000000001,-0.27940000000000004,-0.9171,-0.7398,-0.204075,-0.067,-0.25375000000000003,-0.58655,-0.5257000000000001,-0.41645,-0.254125,-0.6497,-0.88135,-0.506875,-0.637025,-0.211675,-0.395175,-0.522025,-0.6112500000000001,-0.7379,-0.5844,-0.407975,-0.47725,-0.9556250000000001,-0.6714,-0.4306,-0.1104,-0.5037,-0.92995,-0.7123999999999999,-0.531675,0.037625,-0.882625,-1.0653249999999999,-0.40355,-0.440425,-0.34785,-0.64445,-0.98285,-0.729,-0.487075,-0.7896,-0.61295,-0.6363749999999999,-0.9301,-0.493725,-0.602425,-0.627475,-0.99425,-0.9216500000000001,-1.120125,-0.795075,-0.432625,-0.8672,-1.092675,-0.8746,-0.297975,-0.7962750000000001,-1.010275,-1.538075,-1.048825,-0.31535,-0.885375,-0.9105,-0.976425,-0.728825,-0.42025,-0.8081499999999999,-0.8761,-1.054275,-1.21185,-1.05505,-0.603275,-0.9262,-0.9984500000000001,-1.016125,-0.95525,-1.173875,-1.006475,-0.96295,-1.230975,-1.27885,-0.8468,-0.77345,-1.2672,-1.628425,-1.018625,-0.8848750000000001,-0.9058,-1.293075,-1.186525,-0.47835,-1.2539,-1.18015,-1.6401249999999998,-1.448925,-1.0491000000000001,-0.481825,-1.2051,-0.4714,-0.9926,-1.115875,-0.554825,0.0,0.0,0.0,0.0,0.0,0.0,0.0,0.0,0.0,0.0,0.0,0.0,0.0,0.0,0.0,0.0,0.0,0.0,0.0,0.0,0.0,0.0,0.0,0.0,0.0,0.0,0.0,0.0,0.0,0.0,0.0,0.0,0.0,0.0,0.0,0.0,0.0,0.0,0.0,0.0,0.0,0.0,0.0,0.0
0.0,0.0,0.0,0.0,0.0,0.0,0.0,0.0,0.0,0.0,0.0,0.0,0.0,0.0,0.0,0.0,0.0,0.0,0.0,0.0,0.0,0.0,0.0,0.0,0.0,0.0,0.0,0.0,0.0,0.0,0.0,0.0,0.0,0.0,0.0,0.0,0.0,0.0,0.0,0.0,0.0,0.0,0.0,0.0,1.3688,1.457325,2.242875,2.3103499999999997,0.85495,0.97365,1.7678500000000001,1.30795,0.7590749999999999,0.773625,0.786725,1.7142499999999998,2.0633999999999997,1.1522999999999999,0.36265000000000003,0.789175,1.2312750000000001,1.024925,0.841575,0.4732,0.92755,0.9565250000000001,1.291125,0.89125,0.40695,0.372875,0.582325,1.20525,0.8223,0.629325,0.62885,1.007675,1.321825,1.2056,0.391725,0.1722,1.1816499999999999,1.1871,1.1459,0.6113,0.24874999999999997,1.022125,1.2581,0.84075,0.011824999999999999,0.260575,0.57475,1.22,1.011425,0.4757,0.38495,0.401925,0.874925,0.46625000000000005,0.425975,-0.00625,0.079025,1.0663,1.0030999999999999,0.7982250000000001,0.010375,0.31377499999999997,0.60125,1.4525,0.270325,0.16512500000000002,-0.319375,0.16155,1.8930500000000001,0.693,0.24145,-0.19875,0.6533,0.5895,0.14075000000000001,0.187325,0.112775,0.61145,0.689825,0.363125,0.05735,0.07592499999999999,0.36434999999999995,0.3711,0.7614,0.168425,0.047175,0.356425,0.829375,0.53025,0.127025,-0.134525,0.031799999999999995,0.9774499999999999,0.5991,0.279375,-0.1577,0.173975,0.90635,0.565025,-0.004475,-0.33652499999999996,0.215575,0.37265,0.16665000000000002,0.110525,-0.139375,0.4058,0.393775,0.5570999999999999,0.13815,-0.036375,-0.0994,-0.03875,0.587825,0.1691,-0.07377500000000001,-0.074675,0.336125,0.385575,0.194975,-0.35302500000000003,-0.54225,0.4999,0.44295,0.3912,-0.013975,-0.31585,0.336775,0.502775,0.08045,-0.476575,-0.1066,0.200775,0.461525,0.19665,-0.207725,-0.170275,-0.172975,0.2887,-0.01295,0.105125,-0.26,-0.34092500000000003,0.23845,0.364975,0.02615,-0.352675,-0.143025,-0.01,0.394475,-0.214725,-0.6119749999999999,-0.3012,0.2263,0.522125,-0.1501,-0.41364999999999996,-0.32625,0.1718,-0.055299999999999995,-0.45825000000000005,-0.297075,-0.331325,0.270725,0.084125,-0.1928,-0.35915,-0.344575,-0.178975,-0.31305,0.059524999999999995,-0.3725,-0.386725,-0.175075,0.143925,-0.151175,-0.420425,-0.58445,-0.49687499999999996,0.297825,-0.15894999999999998,-0.412375,-0.4652,-0.1802,0.14875,-0.2952,-0.61805,-0.7884,-0.281,-0.072275,-0.319575,-0.45165,-0.463625,-0.16575,-0.11477499999999999,0.071025,-0.504575,-0.45755,-0.467325,-0.434575,0.111175,-0.2351,-0.550025,-0.67445,-0.175675,-0.035975,-0.168775,-0.8858250000000001,-0.8066,0.088975,-0.199275,-0.24564999999999998,-0.6967,-0.6127,-0.164675,-0.1838,-0.4768,-0.977625,-0.68315,-0.45085,-0.080025,-0.366625,-0.660575,-0.5925,-0.581975,-0.362825,-0.6895249999999999,-0.51385,-0.872275,-0.8387,-0.31005,-0.23759999999999998,-0.5281,-0.773925,-0.806125,-0.6493249999999999,-0.18715,-0.860025,-0.836425,-0.457175,-0.41675,-0.33865,-0.749825,-1.009775,-0.8856,-0.52355,-0.708925,-0.8763000000000001,-0.659775,-0.8494999999999999,-0.4984,-0.437825,-0.6871,-0.923125,-0.74055,-0.686025,-0.8962749999999999,-0.388075,-0.95475,-0.8938,-0.758925,-0.6369750000000001,-0.7323500000000001,-0.876825,-1.001025,-1.1662750000000002,-0.35945000000000005,-0.9027000000000001,-0.84515,-0.744375,-0.8034749999999999,-0.457075,-0.5385,-1.0801,-0.95895,-0.492475,-0.7040000000000001,-0.832125,-1.158875,-0.88245,-0.898575,-1.0057,-0.873875,-1.13555,-1.0356750000000001,-1.19595,-1.1626750000000001,-0.956725,-0.5613,-0.86635,-1.07675,-0.833325,-1.040975,-0.600625,-1.098125,-1.45065,-0.6337999999999999,-0.87285,-1.01835,-1.41085,-1.6254499999999998,-0.866525,-0.9707,-1.9122000000000001,-1.939725,-0.984825,-1.0342500000000001,-1.337575,-1.1030250000000001,-1.564425,-1.662725,0.0,0.0,0.0,0.0,0.0,0.0,0.0,0.0,0.0,0.0,0.0,0.0,0.0,0.0,0.0,0.0,0.0,0.0,0.0,0.0,0.0,0.0,0.0,0.0,0.0,0.0,0.0,0.0,0.0,0.0,0.0,0.0,0.0,0.0,0.0,0.0,0.0,0.0,0.0,0.0,0.0,0.0,0.0,0.0
0.0,0.0,0.0,0.0,0.0,0.0,0.0,0.0,0.0,0.0,0.0,0.0,0.0,0.0,0.0,0.0,0.0,0.0,0.0,0.0,0.0,0.0,0.0,0.0,0.0,0.0,0.0,0.0,0.0,0.0,0.0,0.0,0.0,0.0,0.0,0.0,0.0,0.0,0.0,0.0,0.0,0.0,0.0,1.9295,2.1733,0.55625,0.72285,1.564325,1.97315,1.238725,0.76015,1.1703999999999999,1.93485,2.3065249999999997,0.7237,0.5594750000000001,0.759125,1.723525,1.469375,1.099575,0.1077,1.02095,1.3467500000000001,0.9482250000000001,0.6571750000000001,0.453325,0.52905,0.776575,1.3704999999999998,0.966425,0.664225,0.69675,0.73575,1.2235,1.0141749999999998,0.604275,0.168875,0.92425,1.414125,1.103425,0.753,0.43675,1.066775,1.56345,0.865425,0.079375,0.33075,0.85425,1.2217500000000001,0.9338,0.3091,0.479475,0.6579,1.20025,0.3695,0.214675,0.341725,0.2412,1.0239500000000001,0.86755,0.5716,0.5018,0.487275,0.7595999999999999,0.8192,0.54965,-0.218625,0.60415,0.7402500000000001,1.4769,0.38889999999999997,0.25595,0.155975,0.09675,1.548325,0.027825,0.30365,0.21065,1.034,0.801825,0.6351,-0.014450000000000001,0.314075,0.9033249999999999,0.366,0.37722500000000003,0.111,0.061975,0.827175,0.610025,0.4592,0.07139999999999999,-0.066225,-0.01805,0.6759999999999999,0.412925,0.10692499999999999,-0.0839,0.2205,1.139325,0.5989,0.0872,-0.38687499999999997,0.1678,0.901975,0.284925,0.021475,-0.241975,0.4356,0.5634750000000001,0.420425,-0.06115,-0.08725,0.132075,0.130725,0.61115,0.214,0.05395,0.052775,0.243975,0.161375,0.048575,-0.1218,-0.441375,0.2898,0.375525,0.41115,-0.120275,-0.10442499999999999,0.38115,0.491275,0.05,-0.5387000000000001,-0.054625,0.2907,0.47175,0.221725,-0.21825,-0.109825,0.063525,0.359525,-0.253675,-0.141425,-0.15,-0.14545,0.39794999999999997,0.164525,-0.0957,-0.28200000000000003,-0.233625,-0.1031,0.15689999999999998,-0.05245,-0.52605,-0.031549999999999995,0.16307500000000003,0.472425,-0.25427500000000003,-0.42935,-0.317875,0.12805,0.2903,-0.5002749999999999,-0.450325,-0.200275,0.39775,0.101075,-0.288,-0.282325,-0.194025,0.218875,-0.279875,-0.14437499999999998,-0.32987500000000003,-0.32020000000000004,0.01075,0.0467,-0.276575,-0.27340000000000003,-0.4645,-0.539275,0.1819,-0.1588,-0.51465,-0.466475,-0.2515,0.41500000000000004,-0.044575000000000004,-0.443175,-0.9247000000000001,-0.379175,0.18735000000000002,-0.18057499999999999,-0.39485,-0.486875,-0.09415000000000001,-0.086275,-0.164475,-0.58895,-0.5101,-0.128325,-0.3141,-0.004025,-0.384575,-0.22205,-0.310875,-0.20347500000000002,-0.399525,-0.456325,-0.701,-0.831225,-0.2022,-0.203875,-0.217075,-0.6474500000000001,-0.513225,-0.35157499999999997,-0.29207500000000003,-0.538875,-1.00895,-0.629875,-0.125775,0.004125,-0.40705,-0.6039,-0.441225,-0.300375,-0.048,-0.7080500000000001,-0.5747,-0.597175,-0.549375,-0.3077,-0.443975,-0.59345,-0.8475999999999999,-0.566375,-0.50225,-0.45582500000000004,-0.72845,-0.9862500000000001,-0.48725,-0.4278,-0.24265,-0.7807000000000001,-0.951175,-0.8514,-0.43984999999999996,-0.466025,-0.9768749999999999,-0.8599,-0.505475,-0.295775,-0.92465,-0.855175,-1.015525,-0.77405,-0.26277500000000004,-0.80495,-0.479225,-0.962275,-0.7552,-0.7315,-0.38475000000000004,-0.755575,-0.790925,-0.81365,-0.9497,-0.358575,-0.5150750000000001,-0.875075,-1.263975,-0.896875,-0.5103,-0.8309,-1.185375,-1.395425,-0.80435,-0.801625,-0.839175,-1.0559500000000002,-0.886375,-0.994175,-1.085375,-0.97055,-0.9712500000000001,-1.01065,-0.89125,-0.9211499999999999,-0.66365,-0.8638,-1.24985,-1.0387749999999998,-0.69475,-0.9518249999999999,-0.796925,-1.2710750000000002,-1.4797500000000001,-0.76155,-0.335675,-0.693275,-0.964225,-1.137825,-0.949075,-1.137375,-0.806675,-1.1736,-1.320275,-0.373275,-0.81965,-0.836475,-0.485275,-1.02845,-2.2246,-0.8260000000000001,-1.341475,-0.923,0.0,0.0,0.0,0.0,0.0,0.0,0.0,0.0,0.0,0.0,0.0,0.0,0.0,0.0,0.0,0.0,0.0,0.0,0.0,0.0,0.0,0.0,0.0,0.0,0.0,0.0,0.0,0.0,0.0,0.0,0.0,0.0,0.0,0.0,0.0,0.0,0.0,0.0,0.0,0.0,0.0,0.0,0.0
0.0,0.0,0.0,0.0,0.0,0.0,0.0,0.0,0.0,0.0,0.0,0.0,0.0,0.0,0.0,0.0,0.0,0.0,0.0,0.0,0.0,0.0,0.0,0.0,0.0,0.0,0.0,0.0,0.0,0.0,0.0,0.0,0.0,0.0,0.0,0.0,0.0,0.0,0.0,0.0,0.0,0.0,0.0,1.9682250000000001,2.1056,2.490725,1.446,1.45235,1.4169749999999999,1.8841999999999999,1.9776500000000001,0.8357749999999999,0.465725,0.8778250000000001,1.575,1.461925,1.0170249999999998,0.680725,1.035825,1.7840250000000002,1.2862500000000001,0.521775,0.399175,1.1307,0.9979,1.14115,0.5005999999999999,0.505575,0.96435,1.0158,1.18075,0.640525,0.49865000000000004,0.24155,1.019625,1.2218499999999999,0.9638,0.594775,0.460625,1.3139500000000002,1.301375,0.92665,0.114675,0.346775,1.2161250000000001,1.216825,1.1349,0.27792500000000003,0.273775,0.828325,1.254125,0.3754,0.1583,0.359475,0.613425,1.15245,0.52755,0.42755,0.357175,0.5105999999999999,0.60145,0.6557999999999999,0.42164999999999997,0.029,0.42555,0.7668,1.083225,0.6405,-0.061525,-0.08297500000000001,0.9634499999999999,0.6208250000000001,-0.0488,0.420875,0.003675,0.9961,0.7424999999999999,0.2888,-0.068175,0.1308,0.9131,0.4415,0.382775,0.18955,0.16572499999999998,0.916725,0.5279499999999999,0.36185,-0.026250000000000002,0.22544999999999998,0.141575,0.4584,0.43465,-0.099925,0.0178,0.464125,0.90085,0.462625,0.0598,-0.25,0.17572500000000002,0.876525,0.412125,0.02745,-0.04905,0.3943,0.658525,0.33702499999999996,-0.367275,-0.428525,0.390475,0.30235,0.53165,-0.09245,-0.12975,0.418025,0.439375,0.2239,-0.23795,-0.10149999999999999,-0.269925,0.319375,0.33162499999999995,0.15607500000000002,-0.180375,-0.16635,0.407475,0.423825,0.31405,-0.589925,-0.24157499999999998,0.47609999999999997,0.47695,0.158825,-0.29815,-0.113675,0.272175,0.516625,-0.210725,-0.34805,-0.113475,0.14015,0.516025,0.085525,-0.22885,-0.134975,-0.0267,-0.181325,-0.18295,-0.30062500000000003,-0.52295,-0.00295,0.26335000000000003,0.346325,-0.1698,-0.522825,-0.38125000000000003,-0.001975,0.335425,-0.47592500000000004,-0.460125,-0.138225,0.243825,0.151875,-0.305,-0.510175,-0.22512500000000002,0.386025,-0.19845000000000002,-0.25835,-0.2237,-0.2648,0.258575,-0.047575,-0.351475,-0.4939,-0.310075,-0.4107,-0.17285,-0.292275,-0.37605,-0.31105,-0.205675,0.1478,-0.28047500000000003,-0.434475,-0.70655,-0.302825,0.37115,-0.198375,-0.464075,-0.6044750000000001,-0.0014,0.06384999999999999,-0.1676,-0.721325,-0.658525,-0.024575,-0.202075,-0.123,-0.3938,-0.27335,-0.130475,-0.08107500000000001,-0.29357500000000003,-0.48602500000000004,-0.411875,-0.7019500000000001,-0.20455,-0.2031,-0.317325,-0.6497,-0.67865,-0.092525,-0.34525,-0.338625,-0.9819249999999999,-0.753425,-0.051175,0.10665,-0.3969,-0.861475,-0.540975,-0.2742,-0.05855,-0.7904,-0.8432,-0.4317,-0.399175,0.003475,-0.55955,-0.63615,-0.830625,-0.452575,-0.6459,-0.56205,-0.4187,-0.8016249999999999,-0.55645,-0.5035499999999999,-0.1392,-0.672775,-0.81,-0.7863749999999999,-0.5252749999999999,-0.31677500000000003,-0.800325,-1.08825,-0.66455,-0.458,-0.5611,-0.8685,-1.0643,-0.9385,-0.193575,-0.7328,-0.6182,-0.7524500000000001,-0.653925,-0.407825,-0.597125,-0.827725,-1.038325,-0.657925,-0.7678,-0.61305,-0.707825,-1.058325,-0.9074,-0.9198500000000001,-0.32725000000000004,-0.8914249999999999,-0.75115,-1.0936750000000002,-0.823725,-0.49019999999999997,-0.7737,-1.002675,-1.034925,-0.66935,-0.71375,-0.648575,-1.186425,-1.2914750000000002,-0.60895,-0.9076,-0.5387500000000001,-0.994375,-0.882425,-1.0238,-1.0402,-1.099625,-1.084925,-0.9195,-1.5873,-1.11665,-0.922875,-1.109225,-1.4466,-0.9356,-0.869375,-1.2046999999999999,-0.897125,-1.588225,-1.4489750000000001,-1.1282,-0.732775,-0.8423750000000001,-1.944225,-1.14075,-1.2188249999999998,-1.173125,-1.3158,-1.5906,-0.7012,-0.668825,-0.937375,0.0,0.0,0.0,0.0,0.0,0.0,0.0,0.0,0.0,0.0,0.0,0.0,0.0,0.0,0.0,0.0,0.0,0.0,0.0,0.0,0.0,0.0,0.0,0.0,0.0,0.0,0.0,0.0,0.0,0.0,0.0,0.0,0.0,0.0,0.0,0.0,0.0,0.0,0.0,0.0,0.0,0.0,0.0
0.0,0.0,0.0,0.0,0.0,0.0,0.0,0.0,0.0,0.0,0.0,0.0,0.0,0.0,0.0,0.0,0.0,0.0,0.0,0.0,0.0,0.0,0.0,0.0,0.0,0.0,0.0,0.0,0.0,0.0,0.0,0.0,0.0,0.0,0.0,0.0,0.0,0.0,0.0,0.0,0.0,0.0,2.21995,1.438475,1.93995,2.0114,2.384875,1.25255,0.575975,0.990375,0.721075,1.4377,1.2201,1.1118999999999999,0.6726000000000001,1.31505,1.7600500000000001,1.458275,0.634825,0.38705,0.8728,1.6327,1.167075,0.815175,0.39280000000000004,1.0581,1.28445,0.93395,0.261675,0.30355,0.7723,1.062125,1.188675,0.7177,0.6523,0.61925,1.1448,1.021075,0.9302999999999999,0.18845,0.53165,1.311375,1.053725,0.90385,0.41115,0.43465,0.86145,1.20425,0.486325,-0.226525,0.37485,0.86025,1.2655500000000002,0.570425,0.10694999999999999,0.31984999999999997,0.655825,0.74,0.29307500000000003,0.458275,0.16905,0.78525,1.04855,0.7726999999999999,0.548575,0.156675,0.52545,0.5246,1.0102,0.140225,-0.29075,0.473675,0.891825,0.97895,0.248375,-0.153725,0.2402,0.8251000000000001,0.5902999999999999,-0.01745,0.138925,0.3868,1.2514,0.638925,0.072925,-0.19637500000000002,0.196325,0.45915,0.448225,0.3639,0.11755,0.27875,0.4717,0.733025,0.25834999999999997,0.015025,-0.12325,0.232475,1.012075,0.301425,0.11125,-0.018349999999999998,0.400075,0.753,0.33085,-0.2188,-0.38905,0.2935,0.609325,0.2884,-0.07005,-0.106175,0.5591250000000001,0.5115999999999999,0.13715,-0.34295000000000003,0.07445,0.06484999999999999,0.263125,0.36472499999999997,0.005525,0.015375,-0.02845,0.31737499999999996,0.17835,0.225175,-0.32137499999999997,-0.234125,0.5783750000000001,0.4498,0.22344999999999998,-0.243925,-0.06637499999999999,0.170925,0.439575,-0.1986,-0.597175,0.0319,0.38897499999999996,0.621025,-0.05525,-0.275225,-0.1031,0.1198,0.287625,-0.19997499999999999,-0.119425,-0.24480000000000002,0.11117500000000001,0.20677500000000001,0.089925,-0.2133,-0.3306,-0.083275,0.0242,0.35705,-0.37245,-0.315275,0.008125,0.367275,0.229725,-0.387425,-0.510975,-0.28255,0.349225,-0.07222500000000001,-0.354175,-0.39227500000000004,-0.0722,0.6150249999999999,-0.018625,-0.232425,-0.6168,-0.143125,0.0083,-0.1854,-0.132825,-0.3739,-0.21082499999999998,-0.07145,0.09307499999999999,-0.43155,-0.45089999999999997,-0.5722,-0.4129,0.34635,-0.2021,-0.380075,-0.49117500000000003,-0.2052,0.024675,-0.204375,-0.683675,-0.7014499999999999,-0.07495,-0.13005,-0.209625,-0.44172500000000003,-0.5700000000000001,-0.069675,-0.186325,-0.29257500000000003,-0.7853749999999999,-0.3141,-0.42705,-0.118075,-0.2088,-0.23225,-0.368925,-0.433775,-0.254725,-0.5,-0.2918,-0.8316,-0.70615,0.0098,-0.102025,-0.39335000000000003,-0.8045249999999999,-0.5848500000000001,-0.3721,-0.026975,-0.535375,-0.829075,-0.42967500000000003,-0.23565,-0.03995,-0.5834,-0.832625,-0.5174,-0.260375,-0.43972500000000003,-0.9056500000000001,-0.54235,-0.5704,-0.32845,-0.5781000000000001,-0.445575,-0.646925,-0.6542749999999999,-0.53195,-0.59675,-0.149525,-0.8122750000000001,-0.872025,-0.441575,-0.3075,-0.456,-0.790775,-1.0681500000000002,-0.8612500000000001,-0.290925,-0.7615000000000001,-0.976425,-0.865875,-0.628225,-0.055325,-0.54515,-0.8118500000000001,-1.1890749999999999,-0.6649750000000001,-0.5544,-0.6350750000000001,-0.8690249999999999,-0.90945,-0.711425,-0.7308,-0.332875,-0.812425,-0.6718000000000001,-0.9738249999999999,-1.053575,-0.494775,-0.820675,-1.1819000000000002,-0.8493999999999999,-0.6389,-0.867475,-1.043625,-1.1893500000000001,-1.18225,-0.5517000000000001,-0.805975,-0.61075,-0.806175,-0.9976750000000001,-0.665625,-0.586375,-1.01485,-1.249,-0.960825,-0.91825,-0.9140999999999999,-0.7743249999999999,-0.7421249999999999,-1.224675,-0.94245,-0.7113499999999999,-0.99035,-0.90235,-1.198575,-1.4402750000000002,-0.48802500000000004,-0.6303000000000001,-0.7915,-0.9303750000000001,-1.29635,-1.8735,-0.45255,-1.565175,-1.522175,-0.855225,-1.2610000000000001,-1.05125,-1.2776,-1.56145,-1.17875,-0.7013,0.0,0.0,0.0,0.0,0.0,0.0,0.0,0.0,0.0,0.0,0.0,0.0,0.0,0.0,0.0,0.0,0.0,0.0,0.0,0.0,0.0,0.0,0.0,0.0,0.0,0.0,0.0,0.0,0.0,0.0,0.0,0.0,0.0,0.0,0.0,0.0,0.0,0.0,0.0,0.0,0.0,0.0
0.0,0.0,0.0,0.0,0.0,0.0,0.0,0.0,0.0,0.0,0.0,0.0,0.0,0.0,0.0,0.0,0.0,0.0,0.0,0.0,0.0,0.0,0.0,0.0,0.0,0.0,0.0,0.0,0.0,0.0,0.0,0.0,0.0,0.0,0.0,0.0,0.0,0.0,0.0,0.0,0.0,0.47935,1.593075,2.186725,2.147675,0.868825,0.32382500000000003,1.4796749999999999,2.211425,0.751375,1.0564,1.109525,1.3827,1.73335,1.21825,0.58815,0.245575,0.9707250000000001,1.560225,1.28315,0.5756749999999999,0.454575,1.291825,1.326175,1.07805,0.251625,0.151875,0.819725,1.190275,1.38985,0.5472250000000001,0.759225,0.9702,1.3952,0.86715,0.692375,0.452025,0.438375,1.458475,1.2475,1.1501,0.555525,0.460775,1.07945,1.232575,0.71445,-0.056725000000000005,0.391925,1.2074,1.31875,0.7948,-0.01895,0.436225,0.9127000000000001,1.079875,0.082,0.2223,0.249525,0.8295250000000001,1.136075,0.725725,0.527525,0.473625,0.626625,0.5732250000000001,0.56645,0.331475,0.027625,0.62485,0.7122,0.70355,0.244675,-0.172575,0.186925,0.8000499999999999,0.6354500000000001,0.049125,0.059425,0.388975,1.1729,0.802225,0.3226,-0.20352499999999998,0.26005,0.4999,0.4735,0.16820000000000002,0.12215,0.351325,0.734375,0.551925,0.137325,0.116375,0.122525,0.1704,0.84895,0.229775,0.13995,0.19605,0.473625,0.7063499999999999,0.23435,-0.1452,-0.45205,0.417825,0.724225,0.30832499999999996,-0.049850000000000005,0.027,0.66265,0.60415,0.15132500000000002,-0.41575,-0.09885,0.514875,0.39032500000000003,0.409475,-0.16305,-0.03555,0.27205,0.49025,0.01745,-0.11145000000000001,-0.18787500000000001,-0.149425,0.600225,0.42185,0.313975,-0.18545,-0.065025,0.2131,0.43937499999999996,-0.056675,-0.616575,-0.02625,0.49812500000000004,0.607325,-0.05215,-0.38815,-0.09839999999999999,0.346225,0.38445,-0.334,-0.099425,-0.047425,0.26235,0.27675,-0.15775,-0.34185,-0.29055,0.098075,-0.1208,0.10015,-0.21795,-0.4072,0.10805000000000001,-0.015325,0.12927499999999997,-0.435525,-0.41352500000000003,-0.380425,0.161225,-0.037725,-0.5280750000000001,-0.286275,0.032275,0.549775,-0.012525000000000001,-0.34205,-0.584525,-0.11485,0.33975,-0.11019999999999999,-0.136025,-0.2795,0.1132,0.0536,-0.10475,-0.6103000000000001,-0.437675,-0.39754999999999996,-0.37285,0.175825,-0.337525,-0.419,-0.3655,-0.1336,-0.016325,-0.3703,-0.5432,-0.83075,0.0835,0.075575,-0.15712500000000001,-0.6637,-0.5759000000000001,-0.002025,0.008175,-0.345825,-0.797275,-0.32130000000000003,0.02465,-0.1831,-0.27559999999999996,-0.69035,-0.25595,-0.16065,-0.032475000000000004,-0.46755,-0.45915,-0.5067,-0.6495,-0.04845,-0.361225,-0.39715,-0.715775,-0.471725,-0.26385000000000003,-0.14345,-0.61315,-1.012025,-0.51135,-0.052375,0.087025,-0.5011249999999999,-0.7201500000000001,-0.84,-0.37934999999999997,-0.2419,-0.89015,-0.553225,-0.50255,-0.308375,-0.394425,-0.532,-0.7338,-0.744875,-0.190475,-0.5957,-0.41405,-0.7039,-0.7117249999999999,-0.42595,-0.538675,-0.5123500000000001,-0.799875,-0.80585,-0.80635,-0.472725,-0.655375,-0.8593500000000001,-0.75475,-0.695525,-0.23045000000000002,-0.633375,-0.8789,-1.005375,-0.5311999999999999,-0.306675,-0.7452749999999999,-0.79235,-0.868075,-0.724075,-0.5707249999999999,-0.68005,-0.9797499999999999,-0.86515,-0.6793,-0.888625,-0.375975,-0.75485,-0.905075,-0.79125,-0.967425,-0.8920250000000001,-0.986925,-1.0081,-1.31135,-0.6667000000000001,-0.6631750000000001,-0.792025,-1.01095,-1.217025,-0.829075,-0.5881000000000001,-0.700175,-1.2732,-0.933425,-0.48205,-0.733025,-1.02305,-1.3968,-1.1902,-0.8185,-0.6535,-1.08555,-1.14935,-1.2323,-1.0737,-0.597775,-0.964625,-1.17905,-1.1033499999999998,-1.059525,-1.306425,-0.658325,-1.12955,-1.15225,-1.003175,-1.597875,-0.52125,-1.3706749999999999,-1.2843,-1.529075,-1.0330499999999998,-0.825525,-1.057275,-1.0669499999999998,-0.5257000000000001,0.0,0.0,0.0,0.0,0.0,0.0,0.0,0.0,0.0,0.0,0.0,0.0,0.0,0.0,0.0,0.0,0.0,0.0,0.0,0.0,0.0,0.0,0.0,0.0,0.0,0.0,0.0,0.0,0.0,0.0,0.0,0.0,0.0,0.0,0.0,0.0,0.0,0.0,0.0,0.0,0.0
0.0,0.0,0.0,0.0,0.0,0.0,0.0,0.0,0.0,0.0,0.0,0.0,0.0,0.0,0.0,0.0,0.0,0.0,0.0,0.0,0.0,0.0,0.0,0.0,0.0,0.0,0.0,0.0,0.0,0.0,0.0,0.0,0.0,0.0,0.0,0.0,0.0,0.0,0.0,0.0,0.0,1.5933000000000002,1.487275,1.03875,1.3874499999999999,2.209825,1.677475,0.921525,1.405075,1.54525,1.477425,1.320075,0.922675,0.1496,0.8770249999999999,1.834525,1.19685,1.0671,0.420775,1.4518499999999999,1.5649,1.090025,0.182675,0.37015,1.159125,1.2187,1.0319749999999999,0.21302500000000002,0.300925,1.1128,1.3902999999999999,0.8757999999999999,0.3759,0.60795,0.66655,1.4569,0.9662,0.934525,0.656775,0.725225,0.989975,1.0067,0.513675,0.0064,0.5021,1.2857,1.1923,0.6341749999999999,0.21075,0.532,0.896375,1.167775,0.220275,0.243675,0.597675,0.7868250000000001,1.189975,0.360025,0.18975,0.44584999999999997,0.92985,0.731525,0.5321,0.3317,0.25432499999999997,1.0189249999999999,0.796375,0.722025,0.16915,0.2666,0.320675,0.65825,0.642275,0.039349999999999996,0.1878,0.534575,1.09245,0.84665,0.091825,-0.086075,0.420525,1.215275,0.315125,0.166075,-0.114075,0.01515,0.9810749999999999,0.47735,0.10110000000000001,-0.16867500000000002,0.439625,0.38244999999999996,0.724375,0.217475,0.0682,0.30269999999999997,0.5164,0.7154,0.16522499999999998,0.07300000000000001,-0.274725,0.3376,0.62425,0.20179999999999998,0.029975,-0.015099999999999999,0.5831,0.654825,0.35365,-0.3275,-0.086675,0.522975,0.512775,0.30635,-0.313375,-0.0126,0.3099,0.458375,-0.158225,-0.314175,0.1527,0.11295,0.5141,0.157925,0.066925,-0.020325,0.12555,0.424025,0.09332499999999999,0.0208,-0.371425,-0.0121,0.370575,0.317875,0.022125,-0.3884,0.021025000000000002,0.385725,0.5064,-0.378575,-0.397,0.02855,0.45952499999999996,0.500775,-0.14655,-0.32515,-0.29445,0.346725,-0.143975,-0.191625,-0.3059,-0.155625,0.4872,0.16935,0.059899999999999995,-0.331625,-0.34792500000000004,-0.250275,-0.038900000000000004,0.136825,-0.454325,-0.20295000000000002,0.19335,0.5105,0.04465,-0.38425,-0.644925,-0.04815,0.42815,-0.12955,-0.219175,-0.43195,0.1254,0.245575,-0.16599999999999998,-0.5128,-0.562675,-0.083425,-0.21587499999999998,-0.06795000000000001,-0.40180000000000005,-0.3506,-0.2489,-0.200175,-0.07085,-0.4727,-0.39315,-0.839925,-0.196975,0.2007,-0.18765,-0.434025,-0.3856,0.00355,-0.1639,-0.340875,-0.9352,-0.534,0.0803,-0.094025,-0.20415,-0.5198750000000001,-0.4986,-0.3043,-0.022075,-0.609675,-0.6005,-0.407425,-0.28535,0.016325,-0.332675,-0.42975,-0.611575,-0.611425,-0.424225,-0.36195,-0.259025,-0.79325,-0.4708,-0.128425,-0.222675,-0.598225,-0.7722749999999999,-0.47575,-0.214375,-0.13795000000000002,-0.94325,-0.71585,-0.45835000000000004,-0.050925,-0.08845,-0.704775,-0.78235,-0.620325,-0.31667500000000004,-0.7305,-0.7274,-0.645725,-0.7138,-0.29025,-0.45675,-0.6421,-0.854975,-0.63515,-0.7726500000000001,-0.5373,-0.3957,-0.81375,-0.7921750000000001,-0.50345,-0.16455,-0.6403,-0.879225,-1.20115,-0.543575,-0.081575,-0.910675,-0.892925,-0.99255,-0.5731,-0.394775,-0.724025,-0.934425,-0.900325,-0.643025,-0.7499,-0.679875,-0.7863,-0.8796,-0.7278249999999999,-0.733575,-0.700075,-1.012325,-0.8189500000000001,-1.260575,-0.9597249999999999,-0.936825,-1.036525,-1.435975,-0.75955,-0.477825,-0.69495,-0.62945,-1.399975,-1.0141,-0.290825,-0.662925,-0.616975,-1.05745,-0.971275,-0.9567749999999999,-0.863675,-1.356225,-1.15645,-0.929,-0.951025,-1.0030000000000001,-0.963825,-0.803175,-1.420075,-0.901225,-0.542975,-1.09155,-1.140825,-1.53705,-1.20475,-0.35765,-1.480825,-1.1656,-1.514425,-1.007275,-1.2586,-0.448625,-1.188075,-0.22247499999999998,-0.568525,-1.3382749999999999,-1.199675,-1.45545,0.0,0.0,0.0,0.0,0.0,0.0,0.0,0.0,0.0,0.0,0.0,0.0,0.0,0.0,0.0,0.0,0.0,0.0,0.0,0.0,0.0,0.0,0.0,0.0,0.0,0.0,0.0,0.0,0.0,0.0,0.0,0.0,0.0,0.0,0.0,0.0,0.0,0.0,0.0,0.0,0.0
0.0,0.0,0.0,0.0,0.0,0.0,0.0,0.0,0.0,0.0,0.0,0.0,0.0,0.0,0.0,0.0,0.0,0.0,0.0,0.0,0.0,0.0,0.0,0.0,0.0,0.0,0.0,0.0,0.0,0.0,0.0,0.0,0.0,0.0,0.0,0.0,0.0,0.0,0.0,0.0,1.4576500000000001,1.087225,2.18335,0.710925,0.9113249999999999,1.58325,1.944,1.42375,0.7640750000000001,0.7319,0.618525,1.2454,1.84885,0.871475,0.7933,0.6871499999999999,1.6577,1.264225,1.024425,0.255325,0.3221,1.3495249999999999,1.12865,1.0800999999999998,0.360775,0.4016,1.284,1.229025,0.7268,0.25225000000000003,0.85035,1.0807,1.3158750000000001,1.0425499999999999,0.51835,0.85965,0.9461999999999999,1.131125,0.84805,0.8962,0.391475,0.67525,1.3642750000000001,1.0701,0.8272499999999999,0.200075,0.453025,0.7404,1.06145,0.314375,0.070225,0.5649500000000001,1.1077,1.2634,0.3444,0.229425,0.2878,1.17755,0.8606,0.28452500000000003,0.294925,0.5660999999999999,1.151125,0.859475,0.5368999999999999,0.13472499999999998,0.29714999999999997,0.480375,0.5567,0.5710999999999999,0.058275,0.2905,0.540725,0.852525,0.5899,0.14650000000000002,0.0081,0.339825,1.007625,0.435725,0.22749999999999998,0.2203,0.42185,1.09735,0.640475,-0.61705,-0.587575,0.448325,0.5714250000000001,0.3166,0.13635,0.11525,0.742175,0.6491,0.586025,-0.103,0.072575,0.1568,0.4051,0.926425,0.123,0.14065,0.0212,0.40505,0.48207500000000003,0.19875,-0.26935,-0.075925,0.84485,0.5624750000000001,0.286225,-0.1202,0.038125,0.48255,0.48895,-0.18505,-0.43755,0.0993,0.35245,0.581475,0.005849999999999999,-0.069,0.022525,0.28707499999999997,0.3491,-0.10935,0.0168,-0.32677500000000004,0.1031,0.6461,0.26125,0.081375,-0.30632499999999996,0.014775,0.31872500000000004,0.39192499999999997,-0.2511,-0.398625,0.0762,0.474,0.40175,-0.30962500000000004,-0.361725,-0.226425,0.453425,-0.086075,-0.6335500000000001,-0.160025,-0.0379,0.370375,-0.026475000000000002,-0.126075,-0.320175,-0.0826,0.010175,-0.18595,0.10592499999999999,-0.380125,-0.25465,-0.056925,0.151125,-0.12635000000000002,-0.24535,-0.41655000000000003,-0.232425,0.4245,-0.24785000000000001,-0.294625,-0.256675,0.107825,0.332725,-0.11895,-0.5882000000000001,-0.59635,0.171275,0.02245,-0.280075,-0.449925,-0.3066,-0.02005,-0.1527,-0.23772500000000002,-0.5921749999999999,-0.28325,-0.358875,-0.22147499999999998,0.11085,-0.24917499999999998,-0.33235000000000003,-0.387625,0.04525,-0.1484,-0.1608,-0.77045,-0.5404749999999999,0.18655,-0.17085,-0.232575,-0.677475,-0.315475,-0.08512499999999999,0.0215,-0.577125,-0.93705,-0.288675,0.09405,0.072525,-0.37222500000000003,-0.509325,-0.38170000000000004,-0.07752500000000001,-0.14250000000000002,-0.5695749999999999,-0.456125,-0.671375,-0.529925,-0.064125,-0.21285,-0.39490000000000003,-0.70855,-0.68965,-0.455,-0.10385,-0.71345,-0.683675,-0.467,-0.242875,-0.12785000000000002,-0.7470749999999999,-0.7333,-0.6269,-0.050199999999999995,-0.5284500000000001,-0.893725,-0.5948249999999999,-0.437975,-0.29617499999999997,-0.606,-0.568775,-0.7522,-0.5790500000000001,-0.49355000000000004,-0.79535,-0.426775,-0.6906749999999999,-0.7240249999999999,-0.699875,-0.3655,-0.6532,-0.8136249999999999,-0.910175,-0.61965,-0.275575,-0.8297,-0.7148,-0.999775,-0.5137,-0.41725,-0.7491,-1.053375,-1.0776750000000002,-0.324875,-0.5184249999999999,-0.8126,-0.989225,-0.551925,-0.6786749999999999,-0.6869999999999999,-0.67615,-0.82345,-0.77575,-0.7273000000000001,-0.8024749999999999,-0.599775,-0.9503999999999999,-1.0334,-1.2361,-0.8373,-0.999775,-0.682375,-1.164575,-1.17005,-0.5006,-0.60855,-0.880125,-1.28925,-0.702175,-0.65005,-0.7036,-1.1804000000000001,-1.22445,-1.093925,-0.7988999999999999,-0.657825,-1.086025,-1.076,-1.0244,-0.816475,-1.195875,-1.1862000000000001,-0.6193,-1.53695,-0.851625,-1.030775,-0.774375,-1.128125,-1.32515,-1.5508,-1.3027250000000001,-0.849925,-1.741925,-1.7136,-1.8274,-0.825275,-1.225625,-1.115625,-1.512775,-0.9748749999999999,-0.87695,-1.579325,0.0,0.0,0.0,0.0,0.0,0.0,0.0,0.0,0.0,0.0,0.0,0.0,0.0,0.0,0.0,0.0,0.0,0.0,0.0,0.0,0.0,0.0,0.0,0.0,0.0,0.0,0.0,0.0,0.0,0.0,0.0,0.0,0.0,0.0,0.0,0.0,0.0,0.0,0.0,0.0
0.0,0.0,0.0,0.0,0.0,0.0,0.0,0.0,0.0,0.0,0.0,0.0,0.0,0.0,0.0,0.0,0.0,0.0,0.0,0.0,0.0,0.0,0.0,0.0,0.0,0.0,0.0,0.0,0.0,0.0,0.0,0.0,0.0,0.0,0.0,0.0,0.0,0.0,0.0,0.0,1.294875,1.79945,1.705775,1.804275,1.1715749999999998,0.804175,0.4585,1.332225,1.038425,1.720425,0.908425,1.1449250000000002,0.9233750000000001,1.2383,1.853225,0.86395,0.4161,0.28965,1.228575,1.31685,1.238475,0.596325,0.5269499999999999,1.15495,1.209825,0.4958,0.07012499999999999,0.7254499999999999,1.3324,1.3259750000000001,1.076825,0.5521499999999999,0.8941250000000001,1.322025,1.4663249999999999,0.37395,0.40115,0.649,1.149075,1.476975,0.891125,0.604925,0.47975,0.829875,0.8985,1.012475,0.4531,-0.031625,0.725525,1.0854,1.15015,0.268525,0.07847499999999999,0.366075,1.027525,0.924075,0.05075,0.319825,0.720975,1.35425,0.97905,0.191375,0.15744999999999998,0.501225,0.99185,0.46385,0.49932499999999996,0.1157,0.406725,0.880275,0.6799999999999999,0.3994,0.2252,0.18115,0.32487499999999997,0.89505,0.32689999999999997,0.12095,0.293475,0.72015,1.2202250000000001,0.523925,0.088825,-0.384975,0.891675,1.0155750000000001,0.090225,0.13445,-0.10495,0.786725,0.8559,0.4817,-0.09292500000000001,0.2036,0.4418,0.551925,0.62,0.1126,0.152775,0.3672,0.564325,0.35309999999999997,-0.0033,-0.03485,-0.263975,0.5324,0.4508,0.33255,0.013125,0.162775,0.489575,0.4716,0.09897500000000001,-0.637925,-0.10315,0.507075,0.505475,0.078525,-0.1498,0.089525,0.347675,0.45052499999999995,-0.287825,0.057175000000000004,-0.003,0.227725,0.6287750000000001,-0.064375,0.07925,-0.238025,0.08785,0.0087,0.2717,-0.165575,-0.326425,0.146875,0.444225,0.5505,-0.21205000000000002,-0.304475,-0.28745,0.32415000000000005,0.14315,-0.55585,-0.263575,0.08645,0.608825,0.217275,-0.217125,-0.405575,-0.089075,0.2369,-0.1419,-0.099875,-0.316525,-0.06705,0.276475,0.067825,-0.17577500000000001,-0.464875,-0.28955000000000003,-0.0866,0.23685,-0.25495,-0.320025,-0.23272500000000002,0.12212500000000001,0.396375,-0.075675,-0.417325,-0.708225,0.162325,0.25182499999999997,-0.2338,-0.28325,-0.400575,0.076775,0.029725,-0.30569999999999997,-0.74,-0.40964999999999996,-0.11132500000000001,-0.116675,0.087225,-0.48725,-0.3944,-0.2484,-0.204575,-0.41945,-0.25117500000000004,-0.437975,-0.5262249999999999,0.047425,-0.1288,-0.15235,-0.50735,-0.390525,-0.040799999999999996,-0.15015,-0.389575,-0.8862749999999999,-0.324625,0.05055,-0.0636,-0.33085,-0.5342,-0.421375,-0.179475,-0.25395,-0.733775,-0.39580000000000004,-0.32025,-0.24855,-0.09822499999999999,-0.47565,-0.61905,-0.587375,-0.45425000000000004,-0.404225,-0.2666,-0.64435,-0.71895,-0.37682499999999997,-0.1184,-0.0406,-0.6783999999999999,-0.672325,-0.57555,-0.22444999999999998,-0.25270000000000004,-0.83975,-0.523675,-0.1975,0.028650000000000002,-0.50165,-0.782675,-0.936525,-0.52565,-0.345975,-0.746675,-0.5682499999999999,-0.66685,-0.435875,-0.35435,-0.484475,-0.7652749999999999,-0.86075,-0.806225,-0.6926000000000001,-0.1389,-0.5605,-0.677275,-0.966675,-0.39137500000000003,-0.397775,-0.745725,-0.796625,-1.253775,-0.5652,-0.36745,-0.7893,-0.7342,-0.7010749999999999,-0.512025,-0.508525,-0.8530249999999999,-1.182525,-0.76815,-0.953975,-0.7823500000000001,-0.316625,-0.79355,-0.950075,-0.88635,-0.96275,-0.973275,-0.9092,-1.1127,-1.358775,-0.373875,-0.8873500000000001,-0.891575,-1.104,-0.7634000000000001,-0.916375,-0.614,-0.89425,-1.668525,-0.9289000000000001,-0.6400250000000001,-0.7586,-1.161325,-1.170125,-1.16295,-0.57985,-0.5097,-1.4594,-0.43755,-0.926925,-0.817825,-0.606725,-1.18335,-0.745275,-1.125325,-0.9854,-1.0528250000000001,-1.3066,-1.1795499999999999,-1.0823999999999998,-0.83385,-0.5937250000000001,-0.778825,-1.499475,-1.2474,-0.9373750000000001,-1.0931,-0.927925,-1.16225,-1.3181,-1.0117,0.0,0.0,0.0,0.0,0.0,0.0,0.0,0.0,0.0,0.0,0.0,0.0,0.0,0.0,0.0,0.0,0.0,0.0,0.0,0.0,0.0,0.0,0.0,0.0,0.0,0.0,0.0,0.0,0.0,0.0,0.0,0.0,0.0,0.0,0.0,0.0,0.0,0.0,0.0,0.0
0.0,0.0,0.0,0.0,0.0,0.0,0.0,0.0,0.0,0.0,0.0,0.0,0.0,0.0,0.0,0.0,0.0,0.0,0.0,0.0,0.0,0.0,0.0,0.0,0.0,0.0,0.0,0.0,0.0,0.0,0.0,0.0,0.0,0.0,0.0,0.0,0.0,0.0,0.0,1.691925,2.0241,2.060925,1.260875,0.83,1.6274,1.9310999999999998,1.602125,1.132275,1.165775,1.34895,1.5623,1.3281999999999998,0.7548250000000001,0.630425,0.8935500000000001,1.3772,1.3636,0.9941,0.772675,0.8223750000000001,1.2751,1.1096,1.0657999999999999,0.11850000000000001,0.6409,1.5361,1.249975,1.193275,0.32915000000000005,0.7286,1.126925,1.370025,0.654,0.2293,0.805925,1.048375,1.4896,0.7303999999999999,0.7555499999999999,0.6360750000000001,1.0136500000000002,1.1861,0.73865,0.340025,0.25245,0.797875,1.1161249999999998,0.95825,0.41475,0.24837499999999998,0.440325,0.94825,0.893325,0.00545,0.315225,0.5475,1.113975,1.226,0.36865,0.201125,0.47267499999999996,1.242575,0.451025,0.35005,0.13582499999999997,0.53845,1.141575,0.52625,0.28347500000000003,0.025224999999999997,0.48002500000000003,0.378075,0.650425,0.40507499999999996,0.19637500000000002,0.4744,0.6799999999999999,0.893,0.34375,0.09905,-0.06620000000000001,0.5327,1.1735,0.567975,0.24275,-0.4222,0.2173,0.585325,0.365375,-0.239975,-0.035625000000000004,0.7813,0.558225,0.52085,-0.042075,0.2154,0.619275,0.654675,0.1888,-0.108075,0.16465000000000002,0.07735,0.663675,0.36385,0.25445,0.053175,0.140725,0.740725,0.463175,0.167925,-0.479525,0.0607,0.822875,0.432425,-0.049475000000000005,-0.42195,0.04395,0.515525,0.390675,-0.2599,-0.2498,0.182675,0.49895,0.640925,-0.12005,-0.0579,-0.0711,0.16152499999999997,0.13622499999999998,0.041275,-0.0935,-0.3044,0.253125,0.492525,0.3847,-0.1296,-0.296925,-0.057175000000000004,0.164025,0.230425,-0.55825,-0.2979,0.13779999999999998,0.43135,0.15737500000000001,-0.22492499999999999,-0.300975,0.022525,0.404775,-0.414825,-0.36515000000000003,-0.2624,-0.0012,0.41615,-0.1282,-0.419875,-0.39027500000000004,-0.0715,-0.10915,0.039400000000000004,-0.056,-0.253325,-0.131975,0.10969999999999999,0.14825,-0.232825,-0.295225,-0.531175,0.16005,0.385575,-0.315175,-0.497175,-0.3124,0.13255,0.095225,-0.21100000000000002,-0.6871750000000001,-0.563175,0.08987500000000001,-0.067825,-0.1887,-0.573975,-0.29455,-0.040424999999999996,0.028975,-0.40297499999999997,-0.496075,-0.20095000000000002,-0.425825,-0.0309,-0.191075,-0.2592,-0.39995,-0.19977499999999998,0.03305,-0.27859999999999996,-0.3497,-0.9992500000000001,-0.28090000000000004,0.13720000000000002,-0.044899999999999995,-0.3257,-0.809975,-0.36210000000000003,-0.01265,-0.1382,-0.859675,-0.83945,-0.463125,-0.087175,-0.120075,-0.5535749999999999,-0.56235,-0.474575,-0.212875,-0.45805,-0.4608,-0.5841500000000001,-0.577825,-0.291325,-0.20065,-0.22415000000000002,-0.642,-0.8035,-0.6155,-0.194125,-0.15642499999999998,-0.84885,-0.73215,-0.359225,-0.116125,-0.296925,-0.7018249999999999,-0.850075,-0.4444,-0.1101,-0.7614,-0.7048,-0.78905,-0.3861,-0.39232500000000003,-0.7651,-0.68365,-0.9841,-0.5191,-0.6046750000000001,-0.5487,-0.58065,-0.5877749999999999,-0.6141,-0.306725,-0.486625,-0.7117,-0.8408249999999999,-1.108375,-0.4371,-0.2455,-0.796075,-0.8805,-0.770775,-0.5081749999999999,-0.445875,-0.854825,-1.13075,-0.8527,-0.37475,-0.727525,-0.6455000000000001,-0.94855,-0.970925,-0.7280249999999999,-0.631075,-1.0773000000000001,-0.941075,-0.80235,-1.0004,-0.782925,-0.867725,-0.8539000000000001,-1.03995,-1.044425,-0.8207,-0.8218,-0.7425,-1.316375,-0.6862250000000001,-0.504775,-0.807075,-1.0542,-1.382525,-1.2298499999999999,-0.798125,-0.93905,-1.4302000000000001,-1.125775,-1.0163250000000001,-0.7085250000000001,-0.704925,-0.9271499999999999,-1.121775,-1.283325,-1.0771000000000002,-1.286925,-1.160475,-0.6683749999999999,-1.024375,-0.9967999999999999,-1.2273,-1.2068,-1.1092499999999998,-1.1672,-1.4188749999999999,-0.2826,-0.1336,-1.3889,-0.930675,-0.886425,-0.85505,-1.022275,-1.360225,-0.887725,0.0,0.0,0.0,0.0,0.0,0.0,0.0,0.0,0.0,0.0,0.0,0.0,0.0,0.0,0.0,0.0,0.0,0.0,0.0,0.0,0.0,0.0,0.0,0.0,0.0,0.0,0.0,0.0,0.0,0.0,0.0,0.0,0.0,0.0,0.0,0.0,0.0,0.0,0.0
0.0,0.0,0.0,0.0,0.0,0.0,0.0,0.0,0.0,0.0,0.0,0.0,0.0,0.0,0.0,0.0,0.0,0.0,0.0,0.0,0.0,0.0,0.0,0.0,0.0,0.0,0.0,0.0,0.0,0.0,0.0,0.0,0.0,0.0,0.0,0.0,0.0,0.0,0.0,-0.15565,0.955975,2.19675,2.09615,1.9194,0.786,1.00415,1.6955,1.8783,0.890725,0.949325,0.832475,0.723225,1.1265999999999998,1.20615,0.8083499999999999,0.9692000000000001,0.659525,1.47085,1.2102249999999999,1.002975,0.112925,0.662375,1.268575,1.022475,0.971825,0.33825,0.771425,1.16275,1.2251,0.453025,0.05025,0.9539,1.4205,1.356225,0.581775,0.391075,0.96485,1.48495,1.03055,0.5182249999999999,0.486,0.515675,1.207825,1.291725,0.6400250000000001,0.46155,0.449325,0.81335,0.8618250000000001,0.87205,0.18814999999999998,0.2883,0.730375,1.2935249999999998,0.971375,0.0692,0.192725,0.497625,1.1999499999999999,0.5684750000000001,0.191775,0.252925,0.79415,1.238525,0.48165,0.037450000000000004,-0.07972499999999999,0.6960999999999999,0.79555,0.39092499999999997,0.3579,0.247775,0.6177,0.87815,0.7325499999999999,0.25185,0.214975,0.10335,0.5878749999999999,1.0147249999999999,0.3956,0.22794999999999999,0.093975,0.649625,0.89945,0.10339999999999999,-0.1588,-0.197975,0.770625,0.8075,0.401525,0.06085,0.24084999999999998,0.882125,0.808525,0.173425,-0.20265,0.24819999999999998,0.29564999999999997,0.54375,0.48695,0.1564,0.089575,0.405225,0.4938,0.176175,0.17909999999999998,-0.21805000000000002,0.11285,0.650725,0.36977499999999996,0.2349,-0.18005000000000002,0.107375,0.26177500000000004,0.3044,-0.27685000000000004,-0.4888,0.245975,0.574675,0.4749,-0.22735,-0.11125,0.148075,0.561525,0.11182500000000001,-0.142925,-0.12645,0.09240000000000001,0.44645,0.31425,0.15542499999999998,-0.091325,0.0052,0.055325,0.1349,0.3089,-0.369575,-0.2453,0.118425,0.382175,0.17895,-0.36234999999999995,-0.36645,-0.018875,0.544675,-0.012625,-0.36585,-0.26935,0.28595,0.5278750000000001,-0.1001,-0.46030000000000004,-0.39137500000000003,0.14455,-0.031674999999999995,-0.2628,-0.113275,-0.28152499999999997,0.109125,0.191775,0.07825,-0.3906,-0.31075,-0.463675,0.082175,0.439975,-0.211825,-0.197925,-0.31255,0.20695000000000002,0.11852499999999999,-0.127025,-0.6431,-0.758925,0.21825,0.162925,-0.286575,-0.502525,-0.2077,0.1312,0.0307,-0.401175,-0.62455,-0.2171,-0.2323,-0.175375,-0.21862499999999999,-0.4056,-0.34897500000000004,-0.235775,-0.1536,-0.45205,-0.243325,-0.60375,-0.3729,0.099725,-0.076825,-0.31575000000000003,-0.665675,-0.438225,-0.103625,-0.1491,-0.7047,-0.7243499999999999,-0.357325,0.04945,-0.1482,-0.791875,-0.52135,-0.43095,0.14075,-0.29325,-0.6730499999999999,-0.278,-0.29925,-0.2456,-0.32425,-0.4752,-0.5245,-0.47655000000000003,-0.4148,-0.4893,-0.24745,-0.7988500000000001,-0.479875,-0.31115000000000004,-0.2302,-0.448175,-0.745025,-0.796775,-0.47485,-0.11895,-0.554,-0.79125,-0.6894,-0.21425,-0.10495,-0.6181,-0.9334,-0.88375,-0.302575,-0.43475,-0.6645749999999999,-0.553975,-0.663125,-0.439925,-0.490875,-0.539,-0.73765,-0.57315,-0.819875,-0.547175,-0.266725,-0.757875,-0.92205,-1.1275499999999998,-0.4283,-0.65695,-0.5697749999999999,-1.039675,-0.9686,-0.392675,-0.706225,-0.84155,-1.025825,-0.83175,-0.597225,-0.574425,-0.7676499999999999,-1.14035,-0.6178,-0.739875,-0.78125,-0.853975,-0.7915,-1.0268,-0.9854750000000001,-0.93315,-0.9717,-0.590275,-1.208025,-0.8270500000000001,-0.3795,-0.8284,-0.7228,-1.0527499999999999,-0.634675,-0.972925,-0.694825,-1.5749499999999999,-1.3815,-0.7766,-0.8537250000000001,-0.639,-1.128075,-1.255625,-0.934125,-0.6929749999999999,-1.2668,-1.2032,-0.989525,-0.969875,-0.6659499999999999,-0.647425,-0.908975,-1.339975,-0.7410749999999999,-0.954425,-0.758025,-1.2031,-1.250875,-1.4378,-0.9001,-1.19045,-1.036925,-1.1799,-1.445475,-1.00705,-0.837225,-1.4717,0.0,0.0,0.0,0.0,0.0,0.0,0.0,0.0,0.0,0.0,0.0,0.0,0.0,0.0,0.0,0.0,0.0,0.0,0.0,0.0,0.0,0.0,0.0,0.0,0.0,0.0,0.0,0.0,0.0,0.0,0.0,0.0,0.0,0.0,0.0,0.0,0.0,0.0,0.0
0.0,0.0,0.0,0.0,0.0,0.0,0.0,0.0,0.0,0.0,0.0,0.0,0.0,0.0,0.0,0.0,0.0,0.0,0.0,0.0,0.0,0.0,0.0,0.0,0.0,0.0,0.0,0.0,0.0,0.0,0.0,0.0,0.0,0.0,0.0,0.0,0.0,0.0,2.0650500000000003,2.62325,0.9485250000000001,1.986125,1.548025,1.8627749999999998,2.2849250000000003,1.45085,0.7426,1.133225,1.0477249999999998,1.6005,1.2230249999999998,0.5381,0.8609249999999999,1.154775,1.62345,0.952075,0.81915,0.5092,0.9352499999999999,1.2552249999999998,1.01575,0.811375,0.508525,0.9051750000000001,1.0994,1.099825,0.563275,0.1168,0.939125,1.473125,1.0965500000000001,0.8489,0.384725,0.9776,1.2661250000000002,1.3758,0.333975,0.62155,0.8006,1.48975,1.32865,0.7100500000000001,0.439,0.55835,0.9258,0.70195,0.6998,0.29855,0.39222500000000005,0.904075,0.9967,0.892525,0.249675,0.26389999999999997,0.44282499999999997,1.04385,0.52665,0.079875,0.24082499999999998,0.74015,1.2811,0.7428250000000001,0.0306,0.063925,0.648575,0.983175,0.22885,0.267025,0.16485,0.902075,0.98375,0.56005,0.016550000000000002,0.081125,0.45315000000000005,0.657275,0.7356,0.120525,0.250675,0.3634,0.793925,0.761425,0.175125,-0.07865,-0.185725,0.7083999999999999,0.535325,0.256525,0.00425,0.083875,0.9216,0.7607250000000001,0.407125,-0.34902500000000003,0.38645,0.811575,0.6282,0.3791,-0.16255,0.25682499999999997,0.602075,0.5398,-0.035175,0.09922500000000001,-0.009774999999999999,0.379925,0.418625,0.235925,0.313975,-0.114825,0.25787499999999997,0.46235,0.251975,-0.12235,-0.579175,0.10145,0.5585,0.5815250000000001,-0.14627500000000002,-0.24405,0.120075,0.7515499999999999,0.24559999999999998,-0.294425,-0.0626,0.126575,0.627575,0.4692,-0.054825,-0.173875,-0.0042,0.251,-0.00255,0.12352500000000001,-0.273125,0.040325,0.30625,0.099775,0.004625000000000001,-0.32430000000000003,-0.350775,-0.072525,0.441325,0.0433,-0.408275,-0.008924999999999999,0.3013,0.458025,-0.070025,-0.507675,-0.591925,0.270075,0.24380000000000002,-0.28247500000000003,-0.254475,-0.38,0.198025,0.239275,-0.10275000000000001,-0.5311,-0.3033,-0.04525,-0.170175,0.078225,-0.3268,-0.179575,-0.021175,0.262425,0.043225,-0.266125,-0.44835,-0.5677249999999999,0.06675,0.09715,-0.3667,-0.568425,-0.217225,0.063025,0.06165,-0.4168,-0.771975,0.013725,0.26082500000000003,0.09190000000000001,-0.366075,-0.527075,-0.302875,-0.08159999999999999,-0.123225,-0.50605,-0.27292500000000003,-0.33592500000000003,-0.16997500000000001,-0.008175,-0.174025,-0.2717,-0.749425,-0.067125,-0.126275,-0.11852499999999999,-0.5008250000000001,-0.85155,-0.16595000000000001,0.06925,-0.0762,-0.5403,-0.60755,-0.46935,0.016774999999999998,-0.30057500000000004,-0.795625,-0.390275,-0.330825,0.132275,-0.258275,-0.508725,-0.543875,-0.439325,-0.3351,-0.51185,-0.42015,-0.61335,-0.5301,-0.3013,-0.400775,-0.305425,-0.705475,-0.6193,-0.7521,-0.17225,-0.46945,-0.7977500000000001,-0.70795,-0.19440000000000002,-0.19240000000000002,-0.714825,-0.790675,-0.98955,-0.212475,-0.3648,-0.863825,-0.54955,-0.5565749999999999,-0.3698,-0.516775,-0.671225,-0.925025,-0.5889,-0.5901000000000001,-0.61475,-0.331725,-0.5498,-0.5402,-0.7367250000000001,-0.56015,-0.7631749999999999,-0.7645000000000001,-1.00195,-1.07905,-0.32485,-0.37725000000000003,-0.795525,-0.9799,-0.48055000000000003,-0.432475,-0.64365,-1.0934,-1.2643,-0.56935,-0.4263,-0.716475,-0.6201000000000001,-1.0230000000000001,-0.8200500000000001,-0.766025,-0.79995,-1.1492499999999999,-0.954225,-1.0578,-0.625175,-0.61185,-0.474325,-0.81915,-1.17425,-0.583975,-0.810575,-0.869475,-0.93685,-1.250275,-0.9883500000000001,-0.8038000000000001,-0.7904749999999999,-1.251875,-1.2334,-1.025575,-0.8201750000000001,-0.88195,-1.5175,-0.90235,-0.8591249999999999,-0.781025,-1.0866500000000001,-0.879525,-1.371425,-0.703975,-1.2098499999999999,-1.00545,-0.921875,-1.3819,-1.440225,-1.832475,-1.032575,-1.0566,-1.363,-1.064625,-1.395525,-1.057925,-0.572875,-0.93065,-1.59315,-0.285175,-1.607525,0.0,0.0,0.0,0.0,0.0,0.0,0.0,0.0,0.0,0.0,0.0,0.0,0.0,0.0,0.0,0.0,0.0,0.0,0.0,0.0,0.0,0.0,0.0,0.0,0.0,0.0,0.0,0.0,0.0,0.0,0.0,0.0,0.0,0.0,0.0,0.0,0.0,0.0
0.0,0.0,0.0,0.0,0.0,0.0,0.0,0.0,0.0,0.0,0.0,0.0,0.0,0.0,0.0,0.0,0.0,0.0,0.0,0.0,0.0,0.0,0.0,0.0,0.0,0.0,0.0,0.0,0.0,0.0,0.0,0.0,0.0,0.0,0.0,0.0,0.0,0.0,0.8778250000000001,1.273725,2.6044,2.138875,2.04475,0.9562999999999999,1.159975,1.825075,1.9537,1.835775,0.725275,1.1712250000000002,1.6266,1.450025,0.607625,0.559525,0.626825,0.968475,1.425675,0.937025,0.87325,0.60475,1.0841500000000002,1.120775,0.991525,0.484975,0.263775,0.9940249999999999,1.3825749999999999,1.36755,0.946225,0.47204999999999997,0.7739750000000001,1.2332750000000001,1.1159249999999998,0.21644999999999998,0.32034999999999997,1.1085,1.449525,1.365675,0.5322250000000001,0.49245,0.7558499999999999,1.209875,0.592625,0.34435,0.29365,0.69645,1.1375,0.838875,0.61505,0.3756,0.50615,0.65805,1.0206499999999998,0.76015,0.26589999999999997,0.444975,0.8504,1.077325,0.688975,0.12275,0.0951,0.8946,1.1840249999999999,0.32915,0.18380000000000002,0.15805,0.8357,1.168725,0.492275,-0.008175,0.0497,0.8316250000000001,0.7232999999999999,0.6322,0.18182500000000001,0.288425,0.801425,0.884575,0.578325,0.10905,0.1385,-0.0092,0.776675,0.802125,0.239175,0.046924999999999994,0.17875000000000002,0.63385,0.7093750000000001,0.3197,-0.262225,0.219925,0.803975,0.6803250000000001,0.459325,-0.0508,0.4011,0.66025,0.43062500000000004,-0.12077500000000001,-0.174225,0.29145,0.3611,0.326,0.40525,0.300525,0.49387499999999995,0.45785,0.36295,0.035875,0.05235,-0.36385,0.386325,0.5455749999999999,0.27065,-0.096025,-0.26315,0.071775,0.450325,0.41647500000000004,-0.468325,-0.099875,0.345075,0.7995,0.57245,-0.264375,-0.295025,0.075525,0.637425,-0.098975,-0.04105,-0.043375,0.21265,0.44482499999999997,0.222175,0.0314,-0.28049999999999997,0.024675,-0.0704,0.22192499999999998,0.140025,-0.39787500000000003,0.0348,0.30915,0.40545,-0.02135,-0.27845,-0.325075,0.19729999999999998,0.396675,-0.2291,-0.27965,-0.216225,0.43645,0.246725,-0.2823,-0.53715,-0.39955,0.16062500000000002,-0.054599999999999996,-0.122225,-0.393125,-0.089325,0.018250000000000002,0.268875,-0.012675,-0.20615,-0.12032499999999999,-0.405825,0.082225,0.23270000000000002,-0.26439999999999997,-0.415275,-0.370325,-0.103425,0.006075,-0.341775,-0.717525,-0.238325,0.175425,0.092725,-0.183625,-0.5164,-0.08097499999999999,0.031575,-0.18380000000000002,-0.614375,-0.602025,-0.18487499999999998,-0.124775,-0.077075,-0.3862,-0.152325,-0.35607500000000003,-0.0606,-0.2914,-0.345175,-0.264275,-0.659925,-0.148725,0.132075,-0.2774,-0.567525,-0.49160000000000004,-0.42995,-0.05275,-0.21775,-0.8930750000000001,-0.483125,-0.20365,0.135125,-0.214675,-0.729025,-0.589525,-0.243675,0.00515,-0.48185,-0.658675,-0.4534,-0.148075,0.056374999999999995,-0.3063,-0.42355,-0.6788,-0.45405,-0.6086750000000001,-0.3004,-0.2872,-0.6946,-0.57295,-0.2175,-0.18695,-0.57715,-0.6829000000000001,-0.877675,-0.2269,-0.13282500000000003,-0.6597000000000001,-0.754075,-0.797425,-0.26327500000000004,-0.25172500000000003,-0.637725,-0.9972,-0.84555,-0.5239,-0.48772499999999996,-0.5667,-0.760625,-0.60905,-0.526475,-0.4101,-0.601375,-0.77225,-0.712375,-1.07035,-0.484775,-0.28205,-0.8133250000000001,-0.9717,-0.886525,-0.4761,-0.432575,-0.75445,-1.2048,-0.742375,-0.636875,-0.8711249999999999,-0.657125,-0.9703,-0.5695,-0.668925,-0.696875,-1.0536500000000002,-1.1665,-0.6687500000000001,-0.6936,-0.726775,-1.076575,-0.7934749999999999,-0.94885,-0.501175,-0.89245,-0.883875,-0.616,-1.221325,-0.927225,-0.68415,-0.8128249999999999,-1.1609500000000001,-1.371875,-1.147625,-0.6433,-0.998075,-1.27185,-0.6111500000000001,-0.950425,-0.72245,-0.975525,-1.2412,-1.297325,-1.09475,-0.867,-0.917625,-1.446225,-0.70215,-1.0305499999999999,-1.033925,-1.245925,-0.564,-0.9687250000000001,-1.51285,-1.6127250000000002,-1.21835,-0.65415,-1.348075,-0.8463499999999999,-0.9317,-0.5963499999999999,-1.1428,-1.1703000000000001,-2.269725,0.0,0.0,0.0,0.0,0.0,0.0,0.0,0.0,0.0,0.0,0.0,0.0,0.0,0.0,0.0,0.0,0.0,0.0,0.0,0.0,0.0,0.0,0.0,0.0,0.0,0.0,0.0,0.0,0.0,0.0,0.0,0.0,0.0,0.0,0.0,0.0,0.0,0.0
0.0,0.0,0.0,0.0,0.0,0.0,0.0,0.0,0.0,0.0,0.0,0.0,0.0,0.0,0.0,0.0,0.0,0.0,0.0,0.0,0.0,0.0,0.0,0.0,0.0,0.0,0.0,0.0,0.0,0.0,0.0,0.0,0.0,0.0,0.0,0.0,0.0,0.0,2.2493749999999997,1.095475,0.79835,0.7453000000000001,1.8684749999999999,2.1228499999999997,1.6712,0.7597,0.9404250000000001,1.742525,1.714025,0.517175,0.47014999999999996,0.758675,1.3622,1.639375,1.142925,0.7146,1.030275,1.38065,1.328625,0.51105,0.896725,0.6128,1.166575,1.3509,0.914325,0.9197500000000001,0.5279,0.7932250000000001,1.294825,1.203775,0.29685,0.19317499999999999,0.62135,1.4889,1.41835,0.37487499999999996,0.3889,0.76695,1.5639,0.823875,0.49224999999999997,0.40035,0.8474250000000001,1.35135,0.92875,0.6505,0.24175,0.7449749999999999,0.6275,0.56785,0.753975,0.291125,0.81975,0.9126000000000001,0.83965,0.67425,0.320725,0.357725,0.73565,1.0758999999999999,0.40904999999999997,0.24719999999999998,0.11912500000000001,1.004275,1.051525,0.25980000000000003,-0.253125,0.05495,0.8835999999999999,0.8801749999999999,0.48295,0.14732499999999998,0.40445,0.97195,0.8602,0.44205000000000005,-0.053525,0.351175,0.380625,0.71575,0.7365499999999999,0.07805000000000001,0.364325,0.4928,0.78215,0.39675,0.204925,-0.23567500000000002,0.15715,0.815625,0.6638499999999999,0.222775,-0.1156,0.3835,0.7964,0.649625,0.0039,-0.4106,0.52835,0.4843,0.784425,0.12040000000000001,-0.11052500000000001,0.5249250000000001,-0.18827500000000003,0.80975,-0.272075,0.1882,-0.18430000000000002,0.7247250000000001,0.440425,0.24059999999999998,-0.018675,-0.163025,0.032125,0.326275,0.19924999999999998,-0.26102499999999995,-0.304975,0.53,0.777475,0.44027499999999997,-0.235975,-0.058475,0.12112500000000001,0.7263999999999999,-0.059025,-0.27954999999999997,-0.11552499999999999,0.378675,0.697425,0.1812,-0.171275,-0.32485,0.099925,0.09085,-0.07775,0.10139999999999999,-0.2549,0.2604,0.27002499999999996,0.12965000000000002,-0.2477,-0.30725,-0.3734,0.066325,0.31982499999999997,-0.2762,-0.351125,-0.129575,0.5078,0.319425,-0.260875,-0.627775,-0.566525,0.410625,0.143975,-0.10655,-0.2905,-0.036625,0.17202499999999998,0.12940000000000002,-0.2558,-0.5471,-0.06797500000000001,-0.054849999999999996,0.25665,0.07355,-0.300275,-0.0862,-0.087425,-0.05325,-0.26280000000000003,-0.409375,-0.770875,-0.396575,0.268875,0.030100000000000002,-0.079625,-0.48202500000000004,-0.03265,0.14842499999999997,-0.08249999999999999,-0.571075,-0.7394499999999999,0.058025,0.018825,-0.16175,-0.4943,-0.437325,-0.281675,0.18935,-0.1811,-0.407075,-0.299175,-0.58935,-0.049174999999999996,0.0247,-0.32982500000000003,-0.414625,-0.5565249999999999,-0.4272,-0.32415,-0.147375,-0.712475,-0.641025,-0.254475,0.09855,-0.2717,-0.7342500000000001,-0.69155,-0.5697749999999999,0.11135,-0.3856,-0.6184000000000001,-0.29465,-0.103325,0.068,-0.27392500000000003,-0.596075,-0.624925,-0.061075000000000004,-0.361325,-0.5176000000000001,-0.40735,-0.71845,-0.360525,-0.28945,-0.2401,-0.6482,-0.763,-0.76195,-0.487375,-0.23777500000000001,-0.6919,-0.702375,-0.724375,-0.1271,-0.337375,-0.701275,-1.01685,-0.922825,-0.141725,-0.44915,-0.8471000000000001,-0.8903,-0.5636749999999999,-0.41350000000000003,-0.34282500000000005,-0.8178749999999999,-0.8285,-0.30205,-0.7484000000000001,-0.44934999999999997,-0.68545,-0.791725,-0.8902749999999999,-0.762825,-0.6626000000000001,-0.644625,-0.566825,-0.98615,-0.884575,-0.53335,-0.72475,-0.8706,-1.08435,-0.700175,-0.69245,-0.536025,-0.9463,-1.2147000000000001,-0.593525,-0.7022999999999999,-0.6861999999999999,-1.061425,-0.9467749999999999,-0.8984,-0.85795,-0.88145,-0.8912749999999999,-0.7077,-0.9843500000000001,-0.805625,-0.62985,-0.893625,-0.931575,-0.915675,-1.16655,-0.8352,-0.8026,-1.1026,-1.20735,-1.02375,-0.690925,-0.8487750000000001,-0.964325,-1.19695,-1.0623,-0.6132,-1.24905,-1.189025,-0.906625,-0.8623000000000001,-0.8397749999999999,-0.801425,-0.916925,-1.403225,-0.677925,-1.18655,-0.853625,-1.0144000000000002,-0.78805,-0.43455,-1.088,-0.9608749999999999,-1.271725,-0.388425,-1.006425,-1.1789,-1.090825,-1.048,0.0,0.0,0.0,0.0,0.0,0.0,0.0,0.0,0.0,0.0,0.0,0.0,0.0,0.0,0.0,0.0,0.0,0.0,0.0,0.0,0.0,0.0,0.0,0.0,0.0,0.0,0.0,0.0,0.0,0.0,0.0,0.0,0.0,0.0,0.0,0.0,0.0,0.0
0.0,0.0,0.0,0.0,0.0,0.0,0.0,0.0,0.0,0.0,0.0,0.0,0.0,0.0,0.0,0.0,0.0,0.0,0.0,0.0,0.0,0.0,0.0,0.0,0.0,0.0,0.0,0.0,0.0,0.0,0.0,0.0,0.0,0.0,0.0,0.0,0.0,1.2371750000000001,1.3615,2.41825,1.757575,1.394175,1.672,0.99055,1.817375,1.3117,0.7701,0.35535,1.0357750000000001,1.248975,1.4386999999999999,0.923975,0.682375,1.0857999999999999,1.3016999999999999,1.3514249999999999,0.316825,0.674875,0.5745750000000001,1.281825,1.3276,1.0075500000000002,0.739575,0.564825,1.059475,1.1168500000000001,0.8847499999999999,0.594825,0.418525,1.279525,1.3157999999999999,1.26425,0.714575,0.30457500000000004,0.894675,1.57205,0.93455,0.339025,0.67635,0.9517249999999999,1.5438,0.86195,0.23515,0.41415,1.10125,1.0516999999999999,0.516,0.38480000000000003,0.197625,0.96915,1.176475,0.947525,0.501175,0.189925,0.488425,0.5893,0.9506,0.503275,0.37115,0.514025,1.2491249999999998,0.9875,0.539925,0.011775,-0.010025000000000001,0.89245,0.802975,0.48377499999999996,0.21760000000000002,0.36265,1.1194,0.9279499999999999,0.371,-0.16825,0.40652499999999997,0.8040499999999999,0.7872250000000001,0.585975,0.04605,0.44335,0.664775,0.645525,0.31925,0.0562,0.07565,0.04175,0.8385,0.527925,0.3561,-0.03265,0.37975,0.635475,0.6897,0.0108,-0.423375,0.413775,0.833175,0.619675,0.174975,-0.093075,0.397375,0.8721,0.28035,-0.52275,0.164575,0.43295,0.73705,0.7680750000000001,-0.037525,0.147625,0.056575,0.371625,-0.0135,0.19025,-0.253775,-0.221875,0.29585,0.6870750000000001,0.3448,-0.211025,-0.191475,0.1365,0.721025,0.1903,-0.33705,0.1411,0.388325,0.8815500000000001,0.242125,-0.29147500000000004,-0.176375,0.42752500000000004,0.391875,-0.21405000000000002,-0.148475,-0.31595,0.400025,0.43235,0.131,-0.22669999999999998,-0.191675,-0.123825,-0.07325000000000001,0.258225,-0.24535,-0.18665,-0.155325,0.475225,0.15585,-0.11935,-0.4292,-0.45295,0.5026,0.12029999999999999,-0.28625,-0.32094999999999996,-0.2467,0.39465,0.10145,-0.28547500000000003,-0.6093000000000001,-0.113675,0.073025,0.17454999999999998,-0.02805,-0.25225000000000003,-0.032549999999999996,0.141075,0.15165,-0.340875,-0.354875,-0.367925,-0.444975,0.046,-0.155575,-0.253775,-0.553925,-0.0537,-0.08589999999999999,0.01645,-0.4633,-0.69285,0.02955,0.221225,-0.1395,-0.382775,-0.56645,-0.23395,0.0258,-0.37060000000000004,-0.712875,-0.24309999999999998,-0.1992,0.097825,-0.125825,-0.550875,-0.393425,-0.279175,-0.205175,-0.422075,-0.236875,-0.609875,-0.5105500000000001,-0.1037,-0.034975,-0.315725,-0.6973,-0.61945,-0.41615,0.05715,-0.4502,-0.817475,-0.36562500000000003,-0.0945,0.162425,-0.34292500000000004,-0.609475,-0.658525,0.059074999999999996,-0.181,-0.571625,-0.5331,-0.6174999999999999,-0.06315,-0.3063,-0.39787500000000003,-0.643875,-0.7072750000000001,-0.49965,-0.56515,-0.4103,-0.602325,-0.72295,-0.5687,0.0331,-0.278975,-0.7439,-0.85865,-1.095725,-0.264275,-0.33735,-0.610425,-0.84185,-0.5754999999999999,-0.3103,-0.4498,-0.851525,-0.99105,-0.609325,-0.38425,-0.334425,-0.39355,-0.6461749999999999,-0.678075,-0.655775,-0.5255749999999999,-0.89315,-0.7585,-0.7984749999999999,-0.9283,-0.5124500000000001,-0.6084,-0.74085,-1.061625,-0.6982999999999999,-0.9015249999999999,-0.6509750000000001,-1.10135,-1.2597,-0.40615,-0.378575,-0.671975,-0.864825,-0.9554750000000001,-0.7653749999999999,-0.661475,-0.9557,-1.28305,-0.9647749999999999,-0.788925,-0.7262249999999999,-0.6901,-0.8147249999999999,-1.004525,-0.768375,-0.9029,-0.73515,-0.78055,-1.1883499999999998,-1.321525,-0.717275,-0.8423,-0.940775,-1.207975,-0.995275,-1.294775,-0.796125,-0.758475,-1.444025,-0.8657,-0.760525,-0.58655,-1.0381,-1.2528000000000001,-1.093725,-0.9677749999999999,-0.8472500000000001,-1.07195,-1.09225,-1.202125,-0.9235,-0.94165,-0.6613749999999999,-1.2659500000000001,-0.808575,-1.0775000000000001,-1.418675,-0.50215,-0.94845,-0.8831749999999999,-0.872375,-0.5621750000000001,-0.8476,0.0,0.0,0.0,0.0,0.0,0.0,0.0,0.0,0.0,0.0,0.0,0.0,0.0,0.0,0.0,0.0,0.0,0.0,0.0,0.0,0.0,0.0,0.0,0.0,0.0,0.0,0.0,0.0,0.0,0.0,0.0,0.0,0.0,0.0,0.0,0.0,0.0
0.0,0.0,0.0,0.0,0.0,0.0,0.0,0.0,0.0,0.0,0.0,0.0,0.0,0.0,0.0,0.0,0.0,0.0,0.0,0.0,0.0,0.0,0.0,0.0,0.0,0.0,0.0,0.0,0.0,0.0,0.0,0.0,0.0,0.0,0.0,0.0,0.0,1.794975,1.4381249999999999,1.3200749999999999,1.7052749999999999,1.7486,1.978175,1.673325,0.6381249999999999,1.312875,1.84955,1.7142249999999999,1.138025,0.724875,1.2028750000000001,1.6336,1.259825,0.48882499999999995,0.618175,1.13595,1.568025,1.630275,0.563525,0.549825,0.83195,1.47125,1.0137,0.6577,0.6032,0.495375,1.3818249999999999,1.337,0.9638,0.570975,0.55995,0.9494499999999999,1.343725,1.122775,0.19995000000000002,0.5891249999999999,0.997225,1.761875,1.069575,0.27715,0.191125,0.793575,1.236,0.48269999999999996,0.46855,0.261775,0.9921,1.2455,0.6249,0.29407500000000003,0.42874999999999996,0.822575,0.77965,0.8153250000000001,0.331675,0.38305,0.818325,1.088875,0.8629249999999999,0.4853,0.19872499999999998,0.15775,0.8026500000000001,0.7929250000000001,0.2516,0.119325,0.21914999999999998,1.05535,0.88365,0.341825,-0.09615,0.29975,0.894325,0.846525,0.44475,-0.042975,0.65985,0.905375,0.7201,0.08895,-0.069575,0.3608,0.386225,0.860175,0.5104,0.33685,0.12240000000000001,0.6878249999999999,0.653675,0.4209,0.032525,-0.281225,0.5572250000000001,0.739025,0.4938,0.108925,-0.16260000000000002,0.5002,0.7497499999999999,0.59635,-0.292975,-0.06115,0.4874,1.164525,0.5472,-0.338325,-0.138825,0.102875,0.7896,0.19427499999999998,0.11115,0.0631,-0.021375,0.44739999999999996,0.411475,0.1301,-0.10214999999999999,-0.032525,0.14295000000000002,0.51605,0.233125,-0.285775,0.017725,0.353125,0.8298749999999999,0.22725,-0.103975,-0.231825,0.174975,0.467,-0.12327500000000001,-0.22955,-0.051574999999999996,0.511275,0.335975,-0.09784999999999999,-0.324575,-0.207475,0.22905,-0.08975,0.05315,-0.18505,-0.1316,0.205275,0.4713,0.021824999999999997,-0.20075,-0.3433,-0.312425,0.35665,0.19855,-0.2848,-0.267575,-0.163675,0.26335,0.1899,-0.24105,-0.609475,-0.31375,0.2424,0.127725,-0.218575,-0.466,0.08022499999999999,0.296025,0.195775,-0.43615,-0.4434,-0.022625,0.0152,0.16117499999999998,-0.108675,-0.31905,-0.200125,-0.008025,-0.208875,-0.19285,-0.43572500000000003,-0.770025,0.11272499999999999,0.3358,0.011025,-0.279175,-0.524425,-0.14327499999999999,-0.0162,-0.300775,-0.838525,-0.55085,-0.0015249999999999999,0.35345,-0.16294999999999998,-0.4809,-0.40107499999999996,-0.249,-0.11205,-0.4674,-0.455275,-0.38334999999999997,-0.3683,-0.071475,-0.09015,-0.254475,-0.6260249999999999,-0.46775,-0.3893,-0.096625,-0.36817500000000003,-0.73065,-0.4359,-0.31894999999999996,-0.0711,-0.46192500000000003,-0.651725,-0.71785,-0.150375,0.1006,-0.5386500000000001,-0.47695,-0.5206999999999999,0.074275,-0.17912499999999998,-0.5136999999999999,-0.826325,-0.690725,-0.29065,-0.5609,-0.410175,-0.49295,-0.465025,-0.402825,-0.266025,-0.469675,-0.6719,-0.640625,-0.8258,-0.1283,-0.392275,-0.7551749999999999,-0.7285,-0.58375,-0.267125,-0.37015,-0.7955749999999999,-1.025825,-0.5566500000000001,-0.37870000000000004,-0.60805,-0.72135,-0.8812249999999999,-0.3526,-0.264425,-0.4932,-0.961425,-0.843825,-0.567075,-0.7559,-0.762425,-0.6407499999999999,-0.7241,-0.7595500000000001,-0.467625,-0.690275,-0.6992750000000001,-0.996225,-1.298525,-0.579275,-0.662675,-0.473875,-0.870475,-1.0238,-0.877575,-0.47467499999999996,-0.7588750000000001,-1.26185,-0.988275,-0.903125,-0.44295,-0.8632,-1.1606,-0.876225,-0.82285,-0.4681,-0.7036,-0.98825,-0.689725,-0.8862,-0.814,-0.643175,-1.0379749999999999,-0.9772000000000001,-1.1558249999999999,-1.2904499999999999,-0.868975,-0.9653,-1.4475500000000001,-0.8101,-0.7674,-0.89595,-0.99115,-1.200225,-1.22675,-0.9206500000000001,-0.740125,-1.53715,-1.481425,-1.045925,-1.071675,-1.248275,-1.1424750000000001,-1.475225,-1.5121,-1.050325,-1.2654,-0.826125,-0.6475500000000001,-0.92025,-0.889775,-0.6644749999999999,-0.9631000000000001,-1.3325,-1.1110250000000002,-1.6387,0.0,0.0,0.0,0.0,0.0,0.0,0.0,0.0,0.0,0.0,0.0,0.0,0.0,0.0,0.0,0.0,0.0,0.0,0.0,0.0,0.0,0.0,0.0,0.0,0.0,0.0,0.0,0.0,0.0,0.0,0.0,0.0,0.0,0.0,0.0,0.0,0.0
0.0,0.0,0.0,0.0,0.0,0.0,0.0,0.0,0.0,0.0,0.0,0.0,0.0,0.0,0.0,0.0,0.0,0.0,0.0,0.0,0.0,0.0,0.0,0.0,0.0,0.0,0.0,0.0,0.0,0.0,0.0,0.0,0.0,0.0,0.0,0.0,1.973175,2.3013250000000003,2.529625,0.7799,0.790575,0.9921249999999999,1.2230249999999998,2.15455,1.834125,1.616775,0.5330999999999999,1.025525,1.1746999999999999,0.95545,0.506425,0.641375,1.312125,1.6054,1.7573999999999999,0.65725,0.6018249999999999,0.939225,1.621175,1.0497,0.527375,0.63725,0.611375,1.4261,1.083625,0.5963499999999999,0.922525,0.93215,1.1144500000000002,1.21495,0.83375,0.501425,0.970125,1.3592,1.5257,1.020975,0.39444999999999997,0.417975,0.8817250000000001,1.417875,0.5019,0.17235,0.465225,1.2011500000000002,1.46,0.573175,0.1064,0.230925,1.232975,0.90125,0.76355,0.472125,0.38795,0.97755,1.21875,0.70905,0.3408,0.33577500000000005,0.46862499999999996,0.8978499999999999,0.7654000000000001,0.02035,0.239525,0.406175,0.9816750000000001,0.7554000000000001,0.361,-0.23577499999999998,0.10455,1.1553499999999999,0.91865,0.47625,0.07765,0.5523,1.1195,0.8602,0.008749999999999999,-0.076,0.5012,0.49355,0.6927,0.29117499999999996,0.20252499999999998,0.3156,0.542425,0.4552,0.200525,0.2301,-0.05365,0.494,0.7183499999999999,0.327775,0.18057499999999999,-0.133675,0.47407499999999997,0.56455,0.489325,-0.218325,-0.18275000000000002,0.579725,0.98175,0.439325,0.08995,-0.2054,0.259875,0.809025,0.097025,-0.0422,0.0441,0.313925,0.6595,0.37234999999999996,-0.0387,-0.08755,0.2218,0.12872499999999998,0.104975,0.2321,-0.17772500000000002,0.24159999999999998,0.432025,0.642075,0.11324999999999999,-0.174875,-0.06015,0.25205,0.6374,0.0327,-0.339275,0.035775,0.7466250000000001,0.585825,-0.054825,-0.30679999999999996,-0.1943,0.66865,0.20005,0.088225,-0.180875,-0.1932,0.46815,0.346375,0.02985,-0.358225,-0.13122499999999998,-0.180975,0.042925,0.0436,-0.36,-0.18257500000000002,-0.133175,0.33375,0.07905000000000001,-0.282625,-0.64315,-0.38127500000000003,0.46040000000000003,0.11699999999999999,-0.324025,-0.55535,0.072275,0.335225,0.176575,-0.43365,-0.41525,0.13622499999999998,0.09065,0.2003,-0.24927500000000002,-0.3219,-0.02655,0.043825,-0.257275,-0.383675,-0.320575,-0.4887,0.01965,-0.018775,-0.224725,-0.344275,-0.5055499999999999,-0.0104,-0.02555,-0.08410000000000001,-0.8101,-0.5800000000000001,0.065725,0.16115,-0.210125,-0.62315,-0.374975,-0.24785000000000001,0.3428,-0.488,-0.5767,-0.2609,-0.203925,-0.00605,-0.154675,-0.45255,-0.47695,-0.145575,-0.3832,-0.27785000000000004,-0.31755,-0.65305,-0.255675,-0.230675,-0.12165,-0.4346,-0.7855,-0.6899,-0.340325,-0.026425,-0.36207500000000004,-0.73485,-0.32075,0.20715,0.0094,-0.44295,-0.703,-0.68435,0.154975,-0.35535,-0.598025,-0.57325,-0.41235,-0.25370000000000004,-0.14395,-0.5413749999999999,-0.8218749999999999,-0.5824,-0.73605,-0.258675,-0.251725,-0.539625,-0.6917249999999999,-0.57665,-0.32605,-0.5192,-0.64945,-0.9434750000000001,-0.9455,-0.245275,-0.3361,-0.7783,-0.934625,-0.53365,-0.46355,-0.5182249999999999,-0.9168000000000001,-0.9745,-0.247225,-0.5584,-0.49965,-0.689325,-0.811325,-0.717175,-0.77565,-0.85475,-0.841125,-0.68685,-0.8854,-0.736125,-0.7181249999999999,-0.762925,-0.816275,-1.1673499999999999,-0.73195,-0.511075,-0.621775,-1.057375,-0.8820749999999999,-0.5436,-0.243975,-0.8708750000000001,-1.1104,-0.98745,-1.0012,-0.359325,-1.267175,-1.1147,-0.465625,-0.5186000000000001,-0.5670499999999999,-0.814025,-0.995725,-1.044325,-0.803025,-1.244825,-0.771975,-0.78855,-1.096125,-0.97495,-1.050475,-1.195675,-0.92935,-1.26855,-0.9247,-0.8190999999999999,-0.775675,-1.171875,-1.086625,-1.27535,-0.855175,-1.11635,-0.9665999999999999,-1.192275,-1.38195,-1.26735,-1.143375,-1.271375,-1.37275,-0.5283749999999999,-1.064375,-0.739875,-0.707225,-1.04955,-0.79305,-1.7125,-0.5718749999999999,-0.8171,-0.755075,-1.515725,0.0,0.0,0.0,0.0,0.0,0.0,0.0,0.0,0.0,0.0,0.0,0.0,0.0,0.0,0.0,0.0,0.0,0.0,0.0,0.0,0.0,0.0,0.0,0.0,0.0,0.0,0.0,0.0,0.0,0.0,0.0,0.0,0.0,0.0,0.0,0.0
0.0,0.0,0.0,0.0,0.0,0.0,0.0,0.0,0.0,0.0,0.0,0.0,0.0,0.0,0.0,0.0,0.0,0.0,0.0,0.0,0.0,0.0,0.0,0.0,0.0,0.0,0.0,0.0,0.0,0.0,0.0,0.0,0.0,0.0,0.0,0.0,2.126675,0.696925,-0.046475,1.87005,2.30495,1.171375,1.2782,0.7105750000000001,1.909975,1.4746249999999999,1.339625,0.4263,0.3282,1.434025,1.75335,1.390175,0.5399750000000001,0.673925,1.0039,1.670325,0.90135,0.1891,0.69915,0.99825,1.7851249999999999,1.173,0.5024000000000001,0.4303,0.9838749999999999,1.316675,1.015225,0.8531,0.453575,0.80755,1.1725500000000002,1.22595,1.0536750000000001,0.30262500000000003,0.594425,1.045175,1.5246,0.659775,0.275525,0.4087,1.116075,1.311575,0.70015,0.253675,0.047775,1.0922,0.9335,0.41655,0.31145,0.45837500000000003,1.275625,1.0663,0.46649999999999997,0.134375,0.425125,0.633,0.825325,0.7371,0.250475,0.46487500000000004,0.45075,0.9051,0.552125,0.266425,0.06655,0.1975,1.0305,0.74035,0.404825,0.34075,0.6297250000000001,1.071375,0.838275,0.1672,-0.190325,0.74325,0.890625,0.752,0.16845,-0.11989999999999999,0.566725,0.8122,0.6172,-0.0399,0.11255,0.271325,0.68805,0.66265,0.2501,0.223225,0.08332500000000001,0.698925,0.4278,0.42715,-0.06535,-0.154825,0.766525,0.856425,0.5989,-0.01015,-0.029824999999999997,0.46235000000000004,0.991375,0.29745,-0.280125,-0.113175,0.37645,0.737375,0.41075,-0.011800000000000001,-0.09085,0.378925,0.373025,0.001225,0.154,-0.1272,0.25345,0.526525,0.41785,0.11702499999999999,-0.117775,0.0015,0.10475,0.5087250000000001,0.027549999999999998,-0.299925,0.1971,0.454475,0.494975,-0.07195,-0.281075,-0.167775,0.641625,0.25665,-0.113225,-0.165,0.026,0.5572250000000001,0.409975,-0.2435,-0.354975,-0.045925,0.28805,0.1159,0.08365,-0.30325,-0.03425,-0.033525,0.09925,-0.11232500000000001,-0.234775,-0.33999999999999997,-0.2018,0.4438,0.0728,-0.265975,-0.1958,0.034374999999999996,0.15625,-0.022275,-0.410875,-0.6179,0.235025,0.27595,0.19772499999999998,-0.255575,-0.39587500000000003,0.05595,0.1867,-0.135075,-0.512675,-0.333475,-0.007124999999999999,0.1608,0.051675,-0.218175,-0.306025,-0.418025,-0.011425,-0.243875,-0.1017,-0.5498,-0.657775,0.1053,0.09747499999999999,-0.18014999999999998,-0.54595,-0.46140000000000003,-0.21975,0.11225,-0.399775,-0.715175,-0.5431,-0.153,0.193825,-0.2104,-0.520425,-0.5101,-0.19205,-0.159075,-0.568775,-0.30517500000000003,-0.5605749999999999,-0.29645,-0.2353,-0.20925000000000002,-0.4002,-0.5484,-0.497425,-0.540725,-0.126275,-0.5802,-0.718625,-0.32645,-0.045175,-0.10237500000000001,-0.466675,-0.579975,-0.6613,0.141,-0.262675,-0.5763,-0.571425,-0.4703,-0.06797500000000001,-0.351975,-0.7031000000000001,-0.8093250000000001,-0.469425,-0.325625,-0.5643750000000001,-0.5023,-0.95085,-0.49260000000000004,-0.39285000000000003,-0.196775,-0.55065,-0.610675,-0.772675,-0.8986500000000001,-0.31042499999999995,-0.423475,-0.682925,-0.747625,-0.25615,-0.4203,-0.478175,-0.981725,-1.0480749999999999,-0.32145,-0.42205000000000004,-0.3821,-0.72335,-0.64225,-0.526825,-0.522075,-0.80765,-1.0248,-0.829525,-0.7778,-0.37655000000000005,-0.75845,-0.660775,-0.7601,-0.999725,-0.53605,-0.847375,-0.60045,-0.944625,-1.00715,-0.70245,-0.302,-0.810925,-0.96695,-0.9731500000000001,-0.855,-0.37777499999999997,-0.99105,-1.253925,-0.7021999999999999,-0.817275,-0.5123500000000001,-0.6648499999999999,-0.864425,-1.3357,-0.633675,-0.9463,-1.060625,-0.810775,-0.88935,-0.9591500000000001,-1.061,-1.10845,-1.108475,-1.206175,-1.425525,-1.1698,-0.9066,-1.292675,-1.0139749999999998,-0.9868,-0.8445,-1.0981,-1.2845,-1.144025,-1.355925,-0.7605500000000001,-1.206025,-1.4931,-1.2903,-1.471975,-1.4253749999999998,-1.273775,-1.43235,-1.5078749999999999,-1.0772750000000002,-0.8605,-1.3390250000000001,-0.7936000000000001,-1.11375,-0.992475,-1.8375,-0.8684499999999999,-1.671025,0.0,0.0,0.0,0.0,0.0,0.0,0.0,0.0,0.0,0.0,0.0,0.0,0.0,0.0,0.0,0.0,0.0,0.0,0.0,0.0,0.0,0.0,0.0,0.0,0.0,0.0,0.0,0.0,0.0,0.0,0.0,0.0,0.0,0.0,0.0,0.0
0.0,0.0,0.0,0.0,0.0,0.0,0.0,0.0,0.0,0.0,0.0,0.0,0.0,0.0,0.0,0.0,0.0,0.0,0.0,0.0,0.0,0.0,0.0,0.0,0.0,0.0,0.0,0.0,0.0,0.0,0.0,0.0,0.0,0.0,0.0,0.9913000000000001,1.88555,2.07965,1.777375,1.70825,1.3101500000000001,2.0749750000000002,1.6618,1.040775,1.052475,0.401875,1.083075,1.4729,1.4595500000000001,0.758125,0.543425,0.97585,1.631075,0.94685,0.374125,0.695775,1.142825,1.709725,1.1378249999999999,0.346675,0.47665,1.06745,1.24715,0.74865,0.5161,0.8125,1.18775,1.5214,0.91935,0.733325,0.69675,1.063075,1.0754,1.202,0.82675,0.438275,1.133725,1.2117499999999999,1.2708,0.5643750000000001,0.393,0.36345000000000005,1.103,1.0706250000000002,0.3475,0.207525,0.590775,1.411175,1.386425,0.448175,-0.047175,0.437875,1.0473,0.890325,0.733475,0.249575,0.703925,0.881075,0.916425,0.459325,0.168875,0.11565,0.336225,1.005725,0.657,0.438525,0.227275,0.484475,1.07745,0.686675,0.183425,-0.20915,0.524225,0.888775,0.6732,0.312875,-0.0518,0.593,0.91785,0.555625,-0.16085,0.173575,0.52395,0.6452249999999999,0.61,0.142875,0.275325,0.29369999999999996,0.8234250000000001,0.2583,0.225575,0.0632,-0.020624999999999998,0.77195,0.6372,0.45637500000000003,0.0964,0.008199999999999999,0.38945,0.7085,0.24375,-0.414425,0.168075,0.612225,0.9182,0.29135,-0.349875,-0.093775,0.32230000000000003,0.6694,-0.02305,-0.075975,0.1829,0.483125,0.6293,0.2238,-0.0598,-0.075875,0.379975,0.187975,0.475025,0.016875,-0.07925,0.28265,0.5453250000000001,0.4953,0.12837500000000002,-0.218525,-0.239,0.513375,0.511575,-0.2477,-0.36265000000000003,-0.09425,0.781325,0.420775,-0.0797,-0.536875,-0.135675,0.448325,-0.00019999999999999998,-0.041249999999999995,-0.12419999999999999,0.185675,0.27802499999999997,0.243775,-0.23625,-0.4126,-0.252675,-0.17115,0.346225,-0.003325,-0.064175,-0.10725000000000001,0.025349999999999998,0.14302499999999999,-0.133975,-0.459525,-0.7381249999999999,-0.147275,0.264225,0.2074,-0.1888,-0.3835,0.10220000000000001,0.19215,0.05695,-0.63175,-0.359725,0.047125,0.2922,0.01965,-0.419975,-0.1325,-0.05185,0.229725,-0.384025,-0.245425,-0.364725,-0.48705,0.0788,0.025025,-0.21297500000000003,-0.51925,-0.36912500000000004,-0.34915,-0.030074999999999998,-0.2439,-0.79195,-0.33935,0.003375,0.304225,-0.315025,-0.6532,-0.32945,-0.100825,0.0871,-0.6392249999999999,-0.5523750000000001,-0.197025,0.08524999999999999,-0.11775,-0.3865,-0.518275,-0.510425,-0.062450000000000006,-0.363525,-0.054599999999999996,-0.326725,-0.6970000000000001,-0.274475,-0.279625,-0.2956,-0.5454,-0.5054000000000001,-0.5681750000000001,0.00605,-0.177475,-0.52405,-0.58135,-0.389425,0.21795,-0.240975,-0.5540750000000001,-0.993125,-0.5706,-0.07725,-0.573475,-0.48745,-0.7262,-0.289725,-0.3904,-0.5386500000000001,-0.6972,-0.6260749999999999,-0.3953,-0.6989000000000001,-0.19695000000000001,-0.4195,-0.7326250000000001,-0.799975,-0.44175000000000003,-0.3878,-0.3559,-0.718825,-1.067475,-0.52195,-0.39405,-0.439825,-0.66245,-0.858625,-0.36460000000000004,-0.318625,-0.46292500000000003,-1.1679499999999998,-0.8647750000000001,-0.46575,-0.41675,-0.6661750000000001,-0.784625,-0.6689,-0.6292,-0.684875,-0.817925,-0.7371,-0.7096750000000001,-0.909675,-0.6764749999999999,-0.6884,-0.7980750000000001,-0.8950750000000001,-0.746775,-0.8369249999999999,-0.44110000000000005,-0.79315,-1.0128,-0.617725,-0.8005,-0.763825,-1.01625,-1.016,-0.8312999999999999,-0.629825,-0.54185,-1.1729,-0.907925,-0.5514,-0.6915,-0.6367,-0.9819,-1.443625,-1.3899750000000002,-0.812975,-1.268475,-0.5112749999999999,-1.2788,-1.0559,-0.9815,-1.041825,-0.77045,-0.6996249999999999,-1.029075,-1.60405,-0.911025,-0.9443750000000001,-1.1784,-1.380125,-1.417275,-0.7697750000000001,-1.2134,-0.9600249999999999,-1.4964250000000001,-1.3130249999999999,-0.961025,-1.31035,-1.080325,-1.4177499999999998,-0.862575,-1.1146250000000002,-1.552625,-0.85485,-0.99285,-0.52225,-1.84715,-0.62885,0.0,0.0,0.0,0.0,0.0,0.0,0.0,0.0,0.0,0.0,0.0,0.0,0.0,0.0,0.0,0.0,0.0,0.0,0.0,0.0,0.0,0.0,0.0,0.0,0.0,0.0,0.0,0.0,0.0,0.0,0.0,0.0,0.0,0.0,0.0
0.0,0.0,0.0,0.0,0.0,0.0,0.0,0.0,0.0,0.0,0.0,0.0,0.0,0.0,0.0,0.0,0.0,0.0,0.0,0.0,0.0,0.0,0.0,0.0,0.0,0.0,0.0,0.0,0.0,0.0,0.0,0.0,0.0,0.0,0.0,0.642675,0.864325,1.457425,1.89725,1.36325,0.183925,1.6531,1.0222250000000002,1.5197749999999999,1.4206750000000001,1.3971749999999998,0.8254,1.028525,1.161225,1.4496250000000002,1.100275,0.43235,0.6214,1.340925,2.1087499999999997,1.3793,0.2792,0.4786,1.0535,1.6301750000000002,0.706975,0.19617500000000002,0.616325,1.161975,1.391275,1.1323750000000001,0.475,0.603325,1.222575,1.118925,0.9596250000000001,0.618625,0.700975,1.200425,1.374675,1.19855,0.710625,0.47559999999999997,0.380725,0.940025,1.0919,0.3531,0.35385,0.5407,1.296075,1.1298249999999999,0.5691999999999999,0.11902499999999999,0.363725,1.3433249999999999,0.66465,0.502175,0.3414,0.886275,1.2640500000000001,0.907175,0.233775,0.049,0.61385,0.59565,0.78135,0.42135,0.22340000000000002,0.46955,0.76775,0.844625,0.440025,0.26242499999999996,-0.07035,0.581375,1.1403750000000001,0.7562249999999999,0.169925,-0.023425,0.779375,0.9341,0.654775,-0.261225,-0.165025,0.640125,0.837725,0.81315,0.06772500000000001,0.24467499999999998,0.69345,0.9904999999999999,0.303825,-0.0521,0.2412,0.236825,0.9053,0.469625,0.33575,0.219725,0.1298,0.5501750000000001,0.5155,0.290025,-0.25477500000000003,0.07255,0.625675,0.9238,0.315075,-0.2457,-0.0407,0.34512499999999996,0.7528,-0.14625,-0.17015000000000002,0.15787500000000002,0.539275,0.63745,0.0046,-0.1119,-0.105725,0.555375,0.235875,0.040275,0.08610000000000001,-0.00345,0.494525,0.2549,0.33330000000000004,-0.023575,-0.0443,-0.030675,0.25195,0.398625,-0.215875,-0.11812500000000001,0.23675,0.68055,0.295775,-0.1523,-0.41800000000000004,-0.02325,0.595225,0.09432499999999999,-0.238175,-0.185725,0.160375,0.48105,0.2548,-0.311875,-0.345425,0.09965,-0.118375,0.3398,-0.218,-0.399,-0.106625,0.07275000000000001,0.16485,-0.14525,-0.27615,-0.53085,-0.0065249999999999996,0.18955,-0.058499999999999996,-0.33942500000000003,-0.30205,0.297025,0.30125,0.098025,-0.74295,-0.461525,0.401125,0.402725,0.06115,-0.4655,-0.233525,0.031025,0.36319999999999997,-0.27080000000000004,-0.57975,-0.11815,-0.25595,0.36829999999999996,-0.023575,-0.35597500000000004,-0.4553,-0.32477500000000004,-0.201175,-0.245325,-0.1733,-0.6386499999999999,-0.47955000000000003,0.04605,0.10205,-0.241,-0.62015,-0.5054500000000001,-0.076875,0.28375,-0.6413,-0.4135,-0.2261,0.144925,-0.045325000000000004,-0.43920000000000003,-0.58975,-0.493725,0.085175,-0.42045,-0.35007499999999997,-0.48045000000000004,-0.4022,-0.09345,-0.19305,-0.40565,-0.543275,-0.572425,-0.6956249999999999,-0.367025,-0.209675,-0.39605,-0.6429,-0.358075,0.19924999999999998,-0.2607,-0.581,-0.81015,-0.5364,0.056025,-0.4258,-0.5873,-0.707875,-0.3418,-0.096525,-0.37377499999999997,-0.807175,-0.888225,-0.3673,-0.5074749999999999,-0.327075,-0.5402,-0.5942000000000001,-0.38935000000000003,-0.3925,-0.6162500000000001,-0.626825,-0.594275,-0.8658250000000001,-0.433475,-0.396825,-0.45647499999999996,-0.84765,-1.049525,-0.452775,-0.39544999999999997,-0.333425,-1.02145,-0.781475,-0.101575,-0.37067500000000003,-0.54155,-0.8444750000000001,-0.9647749999999999,-0.53175,-0.372575,-0.83755,-0.848075,-0.80135,-0.7972,-0.48462500000000003,-0.69795,-0.754275,-0.986575,-0.7882250000000001,-0.814925,-0.689225,-0.5652,-0.8999250000000001,-0.8857,-0.6578999999999999,-0.26055,-0.7979750000000001,-1.020125,-1.034875,-0.80575,-0.6987749999999999,-0.9191750000000001,-1.1335250000000001,-0.7659,-0.38865,-0.80655,-0.9948250000000001,-1.019425,-0.888525,-0.949325,-1.0977000000000001,-0.87155,-0.9367,-1.0762,-0.745575,-0.9427249999999999,-0.92035,-1.340875,-0.771825,-1.524875,-0.762625,-0.90085,-1.229825,-1.292425,-1.3635,-0.623175,-0.8707,-0.8118000000000001,-1.1304750000000001,-1.725325,-0.803575,-1.712075,-1.547475,-1.6747,-0.286675,-1.2579,-0.90655,-1.562775,-1.462275,-0.56485,-1.256475,-0.71835,-0.8603000000000001,-0.5216000000000001,-1.432625,0.0,0.0,0.0,0.0,0.0,0.0,0.0,0.0,0.0,0.0,0.0,0.0,0.0,0.0,0.0,0.0,0.0,0.0,0.0,0.0,0.0,0.0,0.0,0.0,0.0,0.0,0.0,0.0,0.0,0.0,0.0,0.0,0.0,0.0,0.0
0.0,0.0,0.0,0.0,0.0,0.0,0.0,0.0,0.0,0.0,0.0,0.0,0.0,0.0,0.0,0.0,0.0,0.0,0.0,0.0,0.0,0.0,0.0,0.0,0.0,0.0,0.0,0.0,0.0,0.0,0.0,0.0,0.0,0.0,0.0,0.952875,1.84515,0.8611249999999999,1.694825,1.715975,1.93735,1.5892249999999999,0.934425,1.067925,0.9591,1.301175,0.8573999999999999,0.7831,0.406675,0.750825,1.50505,1.428175,1.2277,0.670525,0.8311999999999999,1.060375,1.64605,0.64825,0.1351,0.975775,1.28105,1.67015,1.045375,0.37525,0.39187500000000003,1.367375,1.1235499999999998,0.6669999999999999,0.571175,0.747275,1.57085,1.190075,0.850175,0.560525,0.64215,0.96655,1.1141750000000001,1.1647249999999998,0.4919,0.518425,0.96445,1.377825,1.010175,0.21037499999999998,0.153975,0.4232,1.47705,0.831375,0.490325,0.2011,0.72955,1.513525,0.976025,0.425375,-0.033174999999999996,0.7041999999999999,0.7778999999999999,0.7841,0.412175,0.126525,0.6118,0.8175749999999999,0.743875,0.23735,0.378375,0.23757499999999998,0.620975,0.9504250000000001,0.523425,0.317925,0.37020000000000003,0.7444,0.700925,0.4558,-0.07880000000000001,-0.10505,0.86615,0.865325,0.625375,0.030775,0.1258,0.584175,0.9184,0.27399999999999997,-0.1976,0.205475,0.533075,1.014675,0.48634999999999995,0.173175,0.17495,0.23875,0.542575,0.236825,0.301825,0.065125,0.2589,0.770325,0.65635,0.322725,0.00055,0.11222499999999999,0.36472499999999997,0.657,-0.040775,-0.2796,0.326225,0.7119249999999999,0.7733,0.04145,-0.234375,-0.073475,0.6453,0.226125,-0.12112500000000001,-0.001,0.17170000000000002,0.780625,0.3317,0.1274,-0.045325000000000004,0.0065,0.225325,0.2628,0.31410000000000005,-0.011975,-0.011850000000000001,0.364025,0.643,0.0941,-0.139175,-0.34155,-0.17015,0.8035,0.20502499999999999,-0.0673,-0.23085,0.029725,0.666525,0.1736,-0.38502499999999995,-0.58005,0.18855,0.35864999999999997,0.17327499999999998,-0.089225,-0.375925,0.10405,0.2002,-0.102575,-0.45765,-0.22997499999999998,-0.300875,0.12,0.24995,-0.162775,-0.231525,-0.36355000000000004,-0.032475,0.005725,0.055975,-0.419175,-0.4057,0.3897,0.20725,-0.020325000000000003,-0.39095,-0.292925,0.01985,0.282275,-0.2351,-0.602625,-0.177825,0.094625,0.18662499999999999,-0.20015,-0.36475,-0.3133,-0.038625,-0.1196,-0.426475,-0.347375,-0.5321,-0.369225,-0.0763,0.026799999999999997,-0.29745,-0.54105,-0.239975,-0.25555,0.140675,-0.444525,-0.605525,-0.051175,0.111375,0.2284,-0.41837500000000005,-0.5787749999999999,-0.5293749999999999,0.088925,-0.236425,-0.6043499999999999,-0.3549,-0.332575,0.169875,-0.28385,-0.48969999999999997,-0.5253749999999999,-0.319875,-0.3584,-0.371,-0.272125,-0.521675,-0.5101,-0.383475,0.0271,-0.41225,-0.5026,-0.70035,-0.5811999999999999,0.394375,-0.3066,-0.5574749999999999,-0.6020749999999999,-0.36065,-0.084675,-0.23852500000000001,-0.745225,-0.9490500000000001,-0.207675,-0.32755,-0.414675,-0.5851,-0.6441749999999999,-0.379175,-0.4048,-0.46805,-0.811725,-0.5742,-0.6876,-0.653275,-0.53845,-0.473825,-0.6463,-0.79555,-0.24412499999999998,-0.706075,-0.45289999999999997,-1.0157,-1.002375,-0.26375,-0.552625,-0.5044,-0.7230000000000001,-0.737875,-0.63165,-0.362475,-0.9327500000000001,-1.116525,-0.6211,-0.5692,-0.3967,-0.87005,-1.020525,-0.9198000000000001,-0.77135,-0.824025,-1.036,-0.693425,-1.0568,-0.85285,-0.76355,-0.5257499999999999,-0.7059500000000001,-0.847625,-0.778675,-0.6857,-0.305,-1.0755750000000002,-1.0768749999999998,-0.4659,-0.675225,-0.74625,-1.189,-1.0831,-1.1459,-0.536525,-0.993225,-0.9745999999999999,-0.935275,-0.740525,-0.71665,-0.865775,-1.0553000000000001,-0.9852500000000001,-0.7006249999999999,-0.6733,-1.0014500000000002,-0.9795,-1.15225,-0.8530500000000001,-0.949075,-0.5581,-1.020425,-1.1591,-1.4884249999999999,-1.4021499999999998,-0.6479,-0.7667,-1.253825,-1.4198250000000001,-1.1872250000000002,-1.2570999999999999,-1.1762,-1.278275,-1.6871999999999998,-0.6298999999999999,-0.616225,-1.4220000000000002,-1.1832,-1.296825,-1.14935,-1.1738499999999998,-1.1534250000000001,-1.613275,0.0,0.0,0.0,0.0,0.0,0.0,0.0,0.0,0.0,0.0,0.0,0.0,0.0,0.0,0.0,0.0,0.0,0.0,0.0,0.0,0.0,0.0,0.0,0.0,0.0,0.0,0.0,0.0,0.0,0.0,0.0,0.0,0.0,0.0,0.0
0.0,0.0,0.0,0.0,0.0,0.0,0.0,0.0,0.0,0.0,0.0,0.0,0.0,0.0,0.0,0.0,0.0,0.0,0.0,0.0,0.0,0.0,0.0,0.0,0.0,0.0,0.0,0.0,0.0,0.0,0.0,0.0,0.0,0.0,0.7826,1.5163,0.9239250000000001,2.465875,2.192125,0.71175,0.6468750000000001,1.176475,1.36395,0.894,0.98395,1.0975,1.229175,1.46025,1.351025,1.1988999999999999,0.87735,1.144525,1.253675,1.483625,0.66475,0.280475,0.6953750000000001,1.1925,1.786025,0.968825,0.43879999999999997,0.33249999999999996,1.099625,1.211775,0.3971,0.6026499999999999,0.809525,1.5113999999999999,1.4469999999999998,0.7806,0.4112,0.7046250000000001,1.2962250000000002,1.036125,1.027975,0.5152,0.683225,1.209725,1.10205,0.791075,0.19585,0.337775,0.33604999999999996,1.087075,0.730575,0.49705,0.38549999999999995,0.731125,1.442625,0.8903,0.26475,-0.07125000000000001,0.8295750000000001,1.331175,0.7437750000000001,0.346725,0.078325,0.9383999999999999,0.9591,0.8068249999999999,-0.00025,0.2549,0.47695,0.6971,1.0948250000000002,0.38334999999999997,0.3725,0.51745,0.874825,0.75995,0.50135,0.125825,-0.016050000000000002,0.922575,0.7550250000000001,0.66175,0.160825,0.097625,0.7272,0.7530249999999999,0.4161,-0.232825,0.2296,0.85355,1.1121,0.506325,-0.171375,0.13065,0.6333249999999999,0.8714,0.029,0.10345,0.122625,0.3376,1.0261,0.49639999999999995,0.22917500000000002,0.0057,0.2222,0.31965,0.69115,0.06105,-0.25095,0.2703,0.5214,0.8731249999999999,0.167875,-0.11595,-0.0892,0.492325,0.48467499999999997,-0.265475,-0.09015000000000001,0.160775,0.7152499999999999,0.426925,-0.0849,-0.23072499999999999,-0.054975,0.50655,0.22064999999999999,0.25697499999999995,-0.051675,0.16435,0.37835,0.506825,0.053625,-0.0325,-0.079375,-0.091325,0.570675,-0.062,-0.12507500000000002,-0.09570000000000001,0.242675,0.60165,0.15994999999999998,-0.237125,-0.60345,0.09895,0.4607,0.019925,-0.2103,-0.230825,0.355525,0.2293,0.1577,-0.6052500000000001,-0.23735,0.24377500000000002,-0.053925,0.138125,-0.11222499999999999,-0.17885,-0.033825,0.1592,-0.102525,-0.22207500000000002,-0.392625,-0.42025,0.304075,0.313925,0.17145,-0.348925,-0.31325000000000003,0.094525,0.1977,-0.132875,-0.656825,-0.311625,0.275225,0.42905,-0.070725,-0.47485,-0.257125,-0.033675,0.1572,-0.50105,-0.36885,-0.3083,-0.150975,-0.049875,-0.192325,-0.347275,-0.457,-0.26235,-0.246975,0.0266,-0.40845,-0.624825,-0.22945000000000002,-0.0057,0.15115,-0.44505,-0.53215,-0.415675,0.024550000000000002,-0.20295000000000002,-0.67215,-0.402175,-0.20505,0.281175,-0.22015,-0.51885,-0.725675,-0.5075500000000001,0.0854,-0.392075,-0.23395,-0.36795,-0.2625,-0.224875,-0.208325,-0.54005,-0.5787249999999999,-0.525525,-0.654725,-0.048475000000000004,-0.389,-0.5317000000000001,-0.552125,-0.198825,-0.09555,-0.314875,-0.60105,-0.97235,-0.33344999999999997,-0.152475,-0.360175,-0.72695,-0.5856250000000001,-0.082475,-0.40407499999999996,-0.51295,-0.968475,-0.5405249999999999,-0.29775,-0.44067500000000004,-0.319675,-0.649725,-0.748275,-0.682175,-0.415825,-0.7084,-0.5091249999999999,-0.873675,-1.0309,-0.2746,-0.449525,-0.561725,-0.84385,-0.78345,-0.551025,-0.31494999999999995,-0.60565,-1.1661249999999999,-0.777475,-0.55295,-0.28049999999999997,-0.869525,-0.75385,-0.7585000000000001,-0.52795,-0.35775,-1.1380000000000001,-0.839925,-0.874675,-0.77085,-0.6588,-0.548825,-1.0709,-0.854725,-0.711875,-0.802375,-0.540675,-0.8399,-0.993225,-0.6071,-0.6514,-0.6230249999999999,-1.0505,-0.9647249999999999,-1.2718,-0.770775,-0.8224,-1.1719249999999999,-1.074,-0.8158749999999999,-0.528525,-1.12075,-1.1078,-1.26515,-0.8647499999999999,-0.69245,-1.0991250000000001,-0.886725,-0.8885000000000001,-0.7965500000000001,-0.86595,-0.771925,-0.77225,-0.8426750000000001,-1.2877,-1.2543,-0.88925,-1.009925,-1.2119,-1.402725,-1.291525,-0.864175,-0.980825,-1.346275,-1.23645,-0.706275,-1.214775,-0.9917,-1.1397499999999998,-0.694275,-1.35405,-0.6636,-1.0802,-1.628925,-1.173575,-1.17075,-1.222825,-1.074225,0.0,0.0,0.0,0.0,0.0,0.0,0.0,0.0,0.0,0.0,0.0,0.0,0.0,0.0,0.0,0.0,0.0,0.0,0.0,0.0,0.0,0.0,0.0,0.0,0.0,0.0,0.0,0.0,0.0,0.0,0.0,0.0,0.0,0.0
0.0,0.0,0.0,0.0,0.0,0.0,0.0,0.0,0.0,0.0,0.0,0.0,0.0,0.0,0.0,0.0,0.0,0.0,0.0,0.0,0.0,0.0,0.0,0.0,0.0,0.0,0.0,0.0,0.0,0.0,0.0,0.0,0.0,0.0,2.132325,2.087275,1.1155249999999999,1.4375499999999999,2.30355,1.91505,1.4424,0.624925,0.7936,1.25275,2.1708000000000003,1.27225,0.6435249999999999,1.002675,1.4306999999999999,0.8840749999999999,1.13395,0.94265,0.341375,1.19885,1.5151999999999999,1.718225,0.8876,0.45365,0.76805,1.2903,1.3228,0.6487750000000001,0.3668,0.9633,1.44445,1.490375,0.804675,0.423425,0.65415,1.7474,1.06425,0.85145,0.58395,0.89,1.6380249999999998,1.373475,0.63815,0.34292500000000004,0.684825,0.7172,0.9069750000000001,0.764775,0.325425,0.4437,1.0117749999999999,1.3634,0.8234250000000001,0.37822500000000003,0.037575,0.6457,1.52055,0.945125,0.5703,0.190325,0.8252499999999999,1.1486,0.614625,-0.023,-0.1174,0.8466750000000001,0.733975,0.9174249999999999,0.27685,0.36922499999999997,0.799875,0.93405,0.525075,-0.074625,0.268125,0.17857499999999998,0.83825,0.656375,0.4282,0.281025,0.17245,0.72465,0.628525,0.366075,-0.251325,0.1724,0.842,0.9673499999999999,0.5713250000000001,-0.132775,0.321275,0.536975,0.96635,-0.0476,-0.164,0.21764999999999998,0.5494,0.9148499999999999,0.29905,0.14834999999999998,0.182025,0.616375,0.443975,0.1981,0.1761,0.0269,0.537825,0.69025,0.626425,0.1302,-0.184,0.025175000000000003,0.54565,0.7838,-0.175425,-0.1453,0.35967499999999997,0.7647250000000001,0.368975,-0.105575,-0.35609999999999997,0.09035,0.803625,0.11535,-0.02,-0.159575,0.32852499999999996,0.7437750000000001,0.317575,-0.07155,-0.243675,0.170475,0.11474999999999999,0.41925,0.154925,-0.038900000000000004,-0.0319,0.08965,0.43979999999999997,0.082025,-0.001875,-0.49985,0.029225,0.6196250000000001,0.114325,-0.12415,-0.35775,0.1572,0.45685,0.186975,-0.414675,-0.3536,0.26425,0.169975,0.09820000000000001,-0.2735,-0.26475000000000004,-0.018275,0.099275,-0.32137499999999997,-0.382325,-0.116425,-0.394625,0.08785,0.04455,0.043025,-0.238975,-0.16699999999999998,0.150975,0.058550000000000005,-0.013075,-0.680425,-0.26395,0.33697499999999997,0.351125,-0.1804,-0.4495,-0.107525,-0.034275,0.238675,-0.582775,-0.52335,-0.099275,0.0298,0.24345,-0.339525,-0.5375000000000001,-0.35105,-0.038224999999999995,-0.4305,-0.256075,-0.434,-0.36415,0.0292,-0.016025,0.032875,-0.449375,-0.5159499999999999,-0.40145000000000003,-0.10755,0.186075,-0.5723750000000001,-0.435875,-0.18095,0.273775,-0.18517499999999998,-0.4546,-0.7617750000000001,-0.33425,0.311325,-0.527775,-0.401225,-0.570275,-0.2401,0.12955,-0.18164999999999998,-0.373775,-0.5836250000000001,-0.30485,-0.5372250000000001,-0.3211,-0.370325,-0.494425,-0.49772500000000003,-0.39644999999999997,0.041925000000000004,-0.325,-0.46085,-0.834175,-0.349725,0.05435,-0.356425,-0.64845,-0.6106750000000001,-0.2207,-0.164775,-0.342825,-0.85445,-0.65745,-0.304825,-0.33599999999999997,-0.39865,-0.666825,-0.5675250000000001,-0.41605,-0.331675,-0.7286,-0.817325,-0.63395,-0.73465,-0.41425,-0.5157499999999999,-0.6790750000000001,-0.917575,-0.814775,-0.59685,-0.6701250000000001,-0.46040000000000003,-0.995625,-0.776925,-0.316025,-0.406,-0.6227,-0.964925,-0.8175250000000001,-0.7097249999999999,-0.47902500000000003,-0.9757750000000001,-0.785925,-0.632875,-0.3619,-0.3981,-0.9032,-0.963375,-0.87585,-0.485925,-0.7999,-0.7433000000000001,-0.720175,-0.985075,-0.623525,-0.600425,-0.611,-1.066775,-0.8231999999999999,-1.0452000000000001,-0.6334,-0.6098,-0.975575,-1.1109499999999999,-1.0073,-0.60045,-0.639925,-0.8390500000000001,-1.27575,-0.9115249999999999,-0.305075,-1.122325,-0.85185,-1.0804749999999999,-0.9656,-0.68655,-0.7948999999999999,-1.462875,-0.980175,-0.986875,-1.2573,-1.03655,-0.94675,-0.909125,-1.19645,-1.327125,-0.964425,-0.8617,-1.0611,-1.553525,-1.063675,-0.8800250000000001,-1.137475,-1.3036999999999999,-1.2791,-1.425,-1.152725,-0.6271,-2.2714499999999997,-1.386225,-0.9558,-1.033925,-0.7906,-1.44295,-1.154025,-1.11035,0.0,0.0,0.0,0.0,0.0,0.0,0.0,0.0,0.0,0.0,0.0,0.0,0.0,0.0,0.0,0.0,0.0,0.0,0.0,0.0,0.0,0.0,0.0,0.0,0.0,0.0,0.0,0.0,0.0,0.0,0.0,0.0,0.0,0.0
0.0,0.0,0.0,0.0,0.0,0.0,0.0,0.0,0.0,0.0,0.0,0.0,0.0,0.0,0.0,0.0,0.0,0.0,0.0,0.0,0.0,0.0,0.0,0.0,0.0,0.0,0.0,0.0,0.0,0.0,0.0,0.0,0.0,2.9698249999999997,1.2826,1.7922500000000001,1.6486750000000001,1.6979,0.9203,1.09235,1.5238,2.397175,1.570975,0.725575,1.118625,1.396325,1.4526,1.0229,0.93025,0.6514,1.52495,1.3259500000000002,1.167975,1.012025,0.7405,0.8575499999999999,1.106225,1.35975,0.6595500000000001,0.660775,0.99815,1.455825,1.4182,0.718975,0.443575,0.6806749999999999,1.5717999999999999,1.10595,0.775925,0.492825,0.766525,1.8525,1.261775,0.44079999999999997,0.29725,0.8613,0.927175,0.998625,0.6771750000000001,0.3589,0.796975,1.008875,1.1809500000000002,0.620675,0.42255,0.348875,0.5885750000000001,1.2997,0.6267499999999999,0.603425,0.4202,1.051075,1.2697500000000002,0.971825,0.09054999999999999,-0.150425,0.953875,0.958825,0.7238249999999999,0.0901,0.2643,0.896425,0.997775,0.572925,-0.027525,0.420425,0.5343,0.88015,0.6288,0.1896,0.382,0.43335,0.8666,0.570875,0.42062499999999997,-0.05715,0.20525,1.05375,0.825175,0.664175,-0.097975,0.20715,0.594725,0.850275,0.058325,-0.302575,0.353225,0.6699250000000001,1.047425,0.20222500000000002,-0.005525,0.001625,0.631225,0.56065,-0.019975,0.1048,-0.0043,0.660525,0.560725,0.42325,0.10245,0.161225,0.261825,0.397725,0.74515,-0.025675,0.035824999999999996,0.400175,0.669975,0.391175,-0.024925,-0.25887499999999997,-0.06512499999999999,0.62075,0.02155,-0.0593,-0.101775,0.32282500000000003,0.7205250000000001,0.255325,-0.24029999999999999,-0.28697500000000004,0.339075,0.4112,0.166275,-0.048825,0.058499999999999996,0.215875,0.265525,0.432175,-0.0022,-0.16097499999999998,-0.2946,0.11170000000000001,0.6537,0.09355,-0.17165,-0.17370000000000002,0.38725,0.40602499999999997,-0.141725,-0.432225,-0.505925,0.4392,0.299925,0.272725,-0.32085,-0.10485,0.25127499999999997,0.18505,-0.20975,-0.5657249999999999,-0.088375,0.083925,0.22497499999999998,-0.0917,-0.1315,-0.11699999999999999,-0.051075,0.26187499999999997,-0.06315000000000001,-0.0479,-0.391175,-0.29175,0.51705,0.157675,-0.08337499999999999,-0.40449999999999997,-0.104875,0.048825,0.31445,-0.5009250000000001,-0.64295,-0.207125,0.1276,0.233375,-0.4004,-0.48002500000000003,-0.4617,0.07020000000000001,-0.148825,-0.545475,-0.32180000000000003,-0.44227500000000003,0.134925,-0.033625,-0.11495,-0.3719,-0.408725,-0.33555,-0.2413,-0.10465,-0.528575,-0.52725,-0.1073,0.13195,-0.244775,-0.52025,-0.486975,-0.49355000000000004,0.2845,-0.3009,-0.568075,-0.571075,-0.252875,0.11435000000000001,-0.397625,-0.64375,-0.69925,-0.07635,-0.088725,-0.393875,-0.402475,-0.5201,-0.26995,-0.32685000000000003,-0.224525,-0.616475,-0.409975,-0.6423749999999999,-0.3358,0.187775,-0.36325,-0.565475,-0.56065,-0.2687,-0.307,-0.485375,-0.8949750000000001,-0.8589500000000001,-0.102475,-0.2642,-0.4045,-0.91715,-0.614,-0.3039,-0.21692499999999998,-0.597125,-0.93835,-0.548075,-0.43795,-0.37720000000000004,-0.5600750000000001,-0.630975,-0.72295,-0.657625,-0.3802,-0.8187249999999999,-0.561675,-1.068875,-0.8648750000000001,-0.166475,-0.3195,-0.57485,-0.939975,-0.8036,-0.7676499999999999,-0.337775,-1.07605,-1.089,-0.604025,-0.436475,-0.33385,-0.840375,-0.991275,-0.87015,-0.520725,-0.67725,-1.0806499999999999,-0.755525,-0.7395,-0.480425,-0.864325,-0.715,-0.8593500000000001,-0.8368,-0.762525,-0.885525,-0.47009999999999996,-1.019525,-0.870325,-0.836625,-0.5921,-0.9843999999999999,-0.85125,-1.3198,-0.9068,-0.4015,-1.012375,-1.143025,-0.935425,-1.0971,-0.567675,-1.1554,-1.081075,-1.4732750000000001,-1.079325,-1.18395,-1.0812499999999998,-1.065775,-1.182075,-1.0375,-1.0859,-0.7646,-1.290975,-0.8802749999999999,-1.2264249999999999,-0.82075,-0.60165,-0.8389249999999999,-1.3122,-1.2475,-1.0117,-1.393,-0.9193,-1.865975,-1.2805,-1.1136,-1.194175,-0.79715,-1.443025,-1.40665,-1.082575,-0.81995,-1.470425,-1.691725,-0.968375,0.0,0.0,0.0,0.0,0.0,0.0,0.0,0.0,0.0,0.0,0.0,0.0,0.0,0.0,0.0,0.0,0.0,0.0,0.0,0.0,0.0,0.0,0.0,0.0,0.0,0.0,0.0,0.0,0.0,0.0,0.0,0.0,0.0
0.0,0.0,0.0,0.0,0.0,0.0,0.0,0.0,0.0,0.0,0.0,0.0,0.0,0.0,0.0,0.0,0.0,0.0,0.0,0.0,0.0,0.0,0.0,0.0,0.0,0.0,0.0,0.0,0.0,0.0,0.0,0.0,0.0,2.781425,0.66835,0.09365,1.0053750000000001,1.539125,2.5342000000000002,1.05775,0.8363,0.9398500000000001,1.79805,1.9541,0.80175,0.9436749999999999,0.920575,1.727525,1.943325,1.1928,0.5826,0.991925,1.3860999999999999,0.89075,1.1564750000000001,0.7305499999999999,0.78625,1.166825,1.4069,1.383025,0.589925,0.355725,0.8089999999999999,1.35345,1.2317,0.7096,0.53815,0.779425,1.78955,1.41775,0.6099,0.427675,1.12145,1.702,0.91545,0.838175,0.357525,1.011725,1.156175,0.9631,0.4589,0.415525,0.698975,0.724675,1.228375,0.4589,0.4628,0.533075,0.9092,1.078875,0.7328250000000001,0.3431,0.054125,0.9774999999999999,1.002275,0.658575,0.209575,0.30222499999999997,0.9737750000000001,0.903,0.622625,-0.132,0.355925,0.8805,0.9171,0.659625,0.09292500000000001,0.4441,0.691375,0.9729,0.134,0.22870000000000001,0.095425,0.28135,0.89555,0.53605,0.4745,0.18715,0.456025,0.6304,0.61375,0.1079,-0.20105,0.35864999999999997,0.7665,0.841875,0.23975,-0.1164,0.133125,0.675675,0.8238,-0.13427499999999998,0.0035,0.4168,0.852425,0.600975,0.14529999999999998,-0.086975,0.1659,0.729,0.32484999999999997,0.530125,-0.00355,0.213175,0.6199250000000001,0.600175,0.44545,-0.0716,-0.141,0.06815,0.663225,0.1895,-0.222175,-0.184675,0.308925,0.81695,0.3706,-0.139375,-0.40615,0.287925,0.7437,0.154275,0.204725,-0.022925,0.432375,0.4402,0.268025,-0.25415,-0.21839999999999998,0.13515,0.32737499999999997,0.5431250000000001,-0.1195,-0.061425,-0.088375,0.340325,0.1724,0.00395,-0.310075,-0.3921,0.316025,0.17765,-0.008475,-0.31272500000000003,-0.216275,0.156375,0.2561,0.01175,-0.60105,-0.0487,0.3018,0.25582499999999997,-0.073875,-0.30215,-0.11382500000000001,0.107375,0.27190000000000003,-0.264775,-0.307475,-0.333625,-0.13335,0.4887,-0.095825,-0.06505,-0.252525,-0.15592499999999998,0.07212500000000001,0.232375,-0.32235,-0.587325,-0.051625000000000004,0.310025,0.25392499999999996,-0.5117,-0.5354,-0.318675,0.1023,0.0071,-0.613425,-0.38225,-0.053975,0.17677500000000002,0.000725,-0.38020000000000004,-0.48905,-0.24395,0.15265,-0.37965,-0.15545,-0.498575,-0.390525,0.09862499999999999,0.02415,-0.26535,-0.458175,-0.3932,-0.426,0.17225000000000001,-0.12457499999999999,-0.5467500000000001,-0.490975,-0.22245,0.208925,-0.375375,-0.6340749999999999,-0.971425,-0.19692500000000002,0.115575,-0.35967499999999997,-0.279825,-0.4074,-0.056775000000000006,-0.10917500000000001,-0.245075,-0.7401,-0.540025,-0.329475,-0.368325,-0.05165,-0.526975,-0.3906,-0.54285,-0.12995,-0.373575,-0.424025,-0.69765,-0.7978000000000001,-0.22947499999999998,-0.161475,-0.308325,-0.697475,-0.58095,-0.331175,-0.3593,-0.587875,-1.0358,-0.401725,-0.09177500000000001,-0.18214999999999998,-0.5544749999999999,-0.6036,-0.59755,-0.4904,-0.4325,-0.9064249999999999,-0.503,-0.639725,-0.5334749999999999,-0.332275,-0.62915,-0.64495,-0.91125,-0.439625,-0.591625,-0.349475,-0.73055,-0.9149750000000001,-0.624475,-0.429325,-0.423675,-0.8903,-0.842025,-0.92735,-0.34205,-0.39275,-1.175125,-0.900825,-0.682975,-0.45255,-0.833425,-0.9664,-1.0768,-0.54825,-0.661675,-0.7769,-0.678325,-0.91,-0.942025,-0.4788,-0.6963,-0.9042749999999999,-0.951875,-0.86385,-0.980275,-0.6002,-0.77905,-1.127425,-1.176025,-0.6281249999999999,-0.2849,-1.056625,-1.2971000000000001,-1.3303500000000001,-0.756475,-0.80395,-1.1182,-1.112225,-0.6679,-0.9737,-0.654725,-0.7702249999999999,-1.1820249999999999,-0.68445,-1.151425,-1.3794,-0.652075,-1.27365,-0.91045,-1.5042,-0.857375,-1.259925,-0.848875,-0.9792749999999999,-1.3651,-1.150825,-0.96235,-0.98675,-1.5701,-1.883925,-1.1454,-0.86815,-0.39590000000000003,-1.381025,-0.986775,-1.21585,-1.1529749999999999,-1.10395,0.0,0.0,0.0,0.0,0.0,0.0,0.0,0.0,0.0,0.0,0.0,0.0,0.0,0.0,0.0,0.0,0.0,0.0,0.0,0.0,0.0,0.0,0.0,0.0,0.0,0.0,0.0,0.0,0.0,0.0,0.0,0.0,0.0
0.0,0.0,0.0,0.0,0.0,0.0,0.0,0.0,0.0,0.0,0.0,0.0,0.0,0.0,0.0,0.0,0.0,0.0,0.0,0.0,0.0,0.0,0.0,0.0,0.0,0.0,0.0,0.0,0.0,0.0,0.0,0.0,0.0,0.8454,2.58135,1.5596999999999999,1.7779500000000001,0.7655,1.54675,1.6421,1.7442250000000001,0.874,0.414925,0.9851,1.5127249999999999,1.696675,0.636775,0.7903,0.9081999999999999,1.51885,1.1035,1.00325,0.9639,0.5916999999999999,1.477675,1.274025,1.00995,0.629625,0.638,0.8052,1.090375,0.7174,0.513825,0.6345,1.09395,1.65775,1.205175,0.4652,0.359,0.970175,1.6586,0.8845000000000001,0.7733,0.5099750000000001,1.140325,1.4642499999999998,0.91295,0.13037500000000002,0.18562499999999998,0.9345,0.9314,0.942,0.543375,0.6239750000000001,1.0425499999999999,0.997425,0.8877499999999999,0.394,0.35655,0.26465,1.0618,1.1623999999999999,0.70785,0.327175,0.319925,1.0214750000000001,0.959725,0.59775,-0.328175,0.20904999999999999,1.060025,0.919675,0.729175,0.082275,0.399825,0.916925,0.82155,0.14632499999999998,0.0231,0.3752,0.56845,1.131475,0.438175,0.303175,0.3159,0.57225,0.62575,0.593825,0.399575,-0.0958,0.4869,0.9041,0.75995,0.28447500000000003,-0.08945,0.179875,0.59135,0.833125,-0.095925,-0.08382500000000001,0.21407500000000002,0.8835999999999999,0.66745,0.09915,0.055025000000000004,0.12165000000000001,0.72965,0.08220000000000001,0.10775,0.027999999999999997,0.3217,0.77705,0.452125,0.29035,-0.07479999999999999,0.20679999999999998,0.052025,0.527675,0.26825,-0.135575,-0.0273,0.3792,0.663125,0.13455,-0.17565,-0.31020000000000003,0.22125,0.786775,-0.014675,-0.00145,-0.11825,0.4379,0.722175,0.174225,-0.32645,-0.285075,0.3181,0.1085,0.2963,-0.070425,0.171025,0.3024,0.34304999999999997,0.17385,-0.26575,-0.13424999999999998,-0.290275,0.31942499999999996,0.4913,0.0964,-0.198675,-0.04525,0.273525,0.10137499999999999,-0.108225,-0.723575,-0.07917500000000001,0.55585,0.28185,0.1082,-0.451725,-0.011725,0.28354999999999997,0.266475,-0.41800000000000004,-0.424925,-0.11615,0.220075,0.37635,-0.19755,-0.19187500000000002,-0.286375,0.005825,0.00445,-0.121275,-0.23315,-0.5092,0.022875,0.5015,0.278025,-0.308125,-0.484475,-0.405175,-0.070625,0.20277499999999998,-0.789925,-0.49815,-0.13670000000000002,0.3013,0.070925,-0.43067500000000003,-0.471275,-0.307075,0.17615,-0.39525,-0.36875,-0.365775,-0.302875,-0.035525,-0.24985000000000002,-0.41202500000000003,-0.6085750000000001,-0.2931,-0.38382499999999997,-0.1442,-0.128325,-0.41195,-0.29259999999999997,-0.024825,0.113825,-0.367725,-0.644625,-0.7862750000000001,-0.124025,0.093025,-0.46742500000000003,-0.55295,-0.618675,-0.048525,0.09375,-0.20935,-0.7749,-0.5160750000000001,-0.044175,-0.43805,-0.27275,-0.54495,-0.30745,-0.3439,-0.3487,-0.44145,-0.51975,-0.4505,-0.6993,-0.2444,-0.3375,-0.36665000000000003,-0.63365,-0.57445,-0.13992500000000002,-0.26585,-0.540025,-1.1473499999999999,-0.646025,-0.013625,-0.352775,-0.42652500000000004,-0.6494500000000001,-0.490575,-0.278775,-0.384975,-0.945125,-0.816175,-0.660425,-0.355575,-0.20939999999999998,-0.626675,-0.6678,-0.7337750000000001,-0.484125,-0.6592749999999999,-0.652075,-0.6291,-1.1432,-0.672175,-0.4384,-0.47685,-0.793925,-0.98155,-0.9132750000000001,-0.46035000000000004,-0.3392,-0.997325,-0.7376,-0.531675,-0.388775,-0.6024499999999999,-0.928325,-0.9769,-0.70095,-0.6662,-1.1282,-0.702975,-0.7291500000000001,-0.80955,-0.567125,-0.788875,-0.904225,-1.072825,-0.979425,-1.110725,-0.9380999999999999,-0.7461249999999999,-0.795725,-0.9113,-0.8082,-0.604425,-0.95325,-1.0254,-1.278325,-0.8414,-0.5942500000000001,-1.0471499999999998,-1.13865,-1.1694,-1.1723750000000002,-0.8203,-1.09645,-1.1817000000000002,-1.103975,-0.809075,-0.840375,-0.7417,-0.938725,-0.779575,-0.949275,-1.1061,-1.290875,-1.148325,-0.8426,-1.452675,-0.986825,-1.0469499999999998,-0.887025,-1.3609,-1.5467499999999998,-0.796125,-1.29895,-1.111075,-1.3293249999999999,-1.3628749999999998,-0.185175,-0.919025,-1.348725,-1.551925,-1.40995,-0.87085,0.0,0.0,0.0,0.0,0.0,0.0,0.0,0.0,0.0,0.0,0.0,0.0,0.0,0.0,0.0,0.0,0.0,0.0,0.0,0.0,0.0,0.0,0.0,0.0,0.0,0.0,0.0,0.0,0.0,0.0,0.0,0.0,0.0
0.0,0.0,0.0,0.0,0.0,0.0,0.0,0.0,0.0,0.0,0.0,0.0,0.0,0.0,0.0,0.0,0.0,0.0,0.0,0.0,0.0,0.0,0.0,0.0,0.0,0.0,0.0,0.0,0.0,0.0,0.0,0.0,1.977525,1.595475,1.030825,1.280075,1.628725,2.3908500000000004,1.1052,0.672275,1.2416749999999999,1.9110749999999999,1.6002,0.91975,0.9132,1.1248500000000001,1.6494,1.27425,0.90725,0.851175,1.10575,1.762,1.2392999999999998,0.79215,0.55665,0.91615,1.055925,1.105775,0.9227,0.485575,0.79165,1.273125,1.418375,1.07485,0.46845,0.391,1.072125,1.839975,0.915625,0.80915,0.57115,1.2877,1.8565,1.132025,0.3882,0.219225,1.147075,1.05545,0.78005,0.375375,0.399925,1.0275750000000001,1.2673,0.971825,0.2131,0.35862499999999997,0.53285,0.84495,1.06595,0.5916,0.763675,0.552125,1.001975,0.8142750000000001,0.49835,-0.06205,0.1633,1.0279500000000001,0.8273,0.5583,-0.01735,0.34195,0.82465,0.933025,0.074875,-0.1274,0.44882500000000003,0.91975,1.082625,0.44645,0.15625,0.4037,0.77435,0.707075,0.158725,0.38382499999999997,0.158725,0.551675,0.914275,0.73765,0.2908,0.268225,0.31875,0.533925,0.673975,-0.158475,-0.041624999999999995,0.56735,0.871575,0.9007,0.075,0.04905,0.1649,0.873,0.321425,-0.12190000000000001,-0.050775,0.5514749999999999,0.96065,0.5094,0.13145,0.010725,0.5201,0.46475,0.44179999999999997,0.36932499999999996,-0.135875,0.188025,0.59385,0.566125,0.051125000000000004,-0.1712,-0.220775,0.2237,0.6218250000000001,0.08235,-0.0823,-0.0683,0.64765,0.73545,0.13515,-0.323275,-0.409625,0.58145,0.4088,0.15810000000000002,-0.210675,-0.08549999999999999,0.41154999999999997,0.4389,0.28204999999999997,-0.207325,0.03415,0.059025,0.2608,0.322225,-0.116475,-0.12995,-0.0263,0.37725,-0.0116,0.0689,-0.5979749999999999,-0.32247499999999996,0.2723,0.14345,-0.008125,-0.37022499999999997,-0.062175,0.21825,0.32025,-0.4235,-0.59995,0.233075,0.26615,0.3231,-0.188975,-0.1555,-0.065025,0.28365,0.089225,-0.41900000000000004,-0.171125,-0.26535000000000003,0.15157500000000002,0.26735,0.13470000000000001,-0.126075,-0.234525,-0.10295,-0.0975,0.1269,-0.67645,-0.506225,-0.118,0.083725,0.084175,-0.5393249999999999,-0.481725,-0.338275,0.28047500000000003,-0.13905,-0.5806,-0.425725,0.0458,0.237125,-0.1422,-0.44525,-0.635,-0.119975,-0.1148,-0.24609999999999999,-0.11357500000000001,-0.4754,-0.369125,-0.043,0.007025,-0.309175,-0.38525,-0.639475,-0.2995,0.209075,-0.344175,-0.507075,-0.58775,-0.176925,-0.106075,-0.41355,-0.663625,-0.6516,0.14232499999999998,0.04465,-0.257275,-0.623375,-0.435425,-0.123025,-0.190275,-0.578425,-0.7283,-0.32130000000000003,-0.492475,-0.23675000000000002,-0.12882500000000002,-0.5439750000000001,-0.595,-0.382525,-0.25465000000000004,-0.49905,-0.404775,-0.8799250000000001,-0.56055,0.002925,-0.48185,-0.5085500000000001,-0.9312750000000001,-0.538825,-0.242025,-0.229525,-0.87915,-0.8517250000000001,-0.38865,-0.1825,-0.386825,-0.806875,-0.70785,-0.6671,-0.34450000000000003,-0.41745,-0.8429,-0.43232499999999996,-0.772725,-0.4824,-0.45480000000000004,-0.447525,-0.604425,-0.5894,-0.539575,-0.536625,-0.4723,-0.97635,-0.89815,-0.5659500000000001,-0.3422,-0.505925,-0.86295,-0.8921,-0.960075,-0.420875,-1.0459,-1.009125,-0.8999,-0.493425,-0.308875,-0.74375,-0.9374,-1.2018,-0.5129,-0.8405750000000001,-0.940825,-0.84725,-1.034125,-0.915975,-0.765675,-0.656925,-0.9325000000000001,-0.903575,-1.2514750000000001,-0.749375,-0.5034000000000001,-0.8297,-1.03975,-1.172875,-0.854275,-0.8259000000000001,-1.2095,-1.357225,-1.394125,-1.1052250000000001,-0.816375,-1.10665,-1.2100749999999998,-1.264775,-0.8568,-0.777325,-1.1500249999999999,-1.27785,-0.952525,-1.367325,-0.8445,-0.8507750000000001,-0.836425,-1.51905,-1.245575,-1.0866749999999998,-1.0586499999999999,-0.909425,-1.637875,-1.1721750000000002,-0.9376249999999999,-0.7637499999999999,-1.191575,-1.2464,-1.029725,-0.37725,-0.581,-1.529825,-1.4669249999999998,-0.7275499999999999,0.0,0.0,0.0,0.0,0.0,0.0,0.0,0.0,0.0,0.0,0.0,0.0,0.0,0.0,0.0,0.0,0.0,0.0,0.0,0.0,0.0,0.0,0.0,0.0,0.0,0.0,0.0,0.0,0.0,0.0,0.0,0.0
0.0,0.0,0.0,0.0,0.0,0.0,0.0,0.0,0.0,0.0,0.0,0.0,0.0,0.0,0.0,0.0,0.0,0.0,0.0,0.0,0.0,0.0,0.0,0.0,0.0,0.0,0.0,0.0,0.0,0.0,0.0,0.0,1.7156250000000002,0.9410499999999999,2.305275,1.051775,0.6613,1.1347500000000001,1.802025,2.161525,1.111775,0.43672500000000003,0.57185,1.2990249999999999,1.469425,0.6764,0.7433,1.174325,1.959025,1.3631,0.7637499999999999,0.3705,1.11515,1.5521749999999999,0.8763,0.9074,0.5348999999999999,0.85475,1.332775,1.1560249999999999,0.781725,0.76395,0.718925,0.7472,1.2851249999999999,0.956725,0.672575,0.6446,1.1957,1.629775,0.841075,0.35350000000000004,0.34285,1.2901,1.3511,0.72965,0.3761,0.27690000000000003,1.214325,1.392925,0.707525,-0.013375,0.5942999999999999,1.05295,0.900775,0.9651749999999999,0.3833,0.566575,0.9644250000000001,1.200925,0.74535,0.42274999999999996,0.167525,0.4327,1.1379,0.8008,0.6753250000000001,0.155225,0.48445000000000005,0.96205,0.903375,0.2445,-0.2507,0.471875,1.1571500000000001,1.02995,0.35387500000000005,-0.0035,0.5058750000000001,0.90415,0.8739750000000001,0.0060750000000000005,0.173975,0.326875,0.8462999999999999,0.998525,0.402625,0.313175,0.231075,0.542675,0.40922499999999995,0.421925,0.051575,-0.075975,0.498725,0.70995,0.6501750000000001,0.00215,-0.0043,0.123625,0.9184,0.4409,-0.084,0.043250000000000004,0.469825,0.9761,0.333425,0.002625,-0.20845,0.352725,0.7419,0.316425,0.335825,0.011475,0.5016499999999999,0.627275,0.35209999999999997,-0.15712500000000001,-0.13435,0.104725,0.121225,0.43342499999999995,0.0006749999999999999,-0.02895,-0.041675,0.39415,0.5162,0.0363,-0.2013,-0.3418,0.5473250000000001,0.5724250000000001,-0.0078,-0.160425,0.1725,0.55225,0.38165,-0.005625,-0.379125,0.136175,0.536325,0.4168,0.254675,-0.17055,0.0354,0.145625,0.233375,-0.14987499999999998,0.03775,-0.19169999999999998,0.06835,0.4465,0.0525,-0.179125,-0.52335,-0.102575,0.37755000000000005,0.2288,-0.17422500000000002,-0.6960000000000001,0.0313,0.4045,0.27535,-0.2265,-0.314525,-0.130575,0.4952,0.230175,-0.36975,-0.251,-0.201125,0.1675,0.35097500000000004,-0.16899999999999998,-0.2814,-0.3337,0.148175,-0.064825,0.123725,-0.35157499999999997,-0.3439,-0.003175,0.013925,-0.042975,-0.5572,-0.5211,-0.452925,0.18132500000000001,-0.080425,-0.57595,-0.294725,-0.018975,0.324175,-0.2144,-0.5243,-0.573175,-0.002575,0.003825,-0.417175,-0.273775,-0.3605,-0.08230000000000001,-0.131075,-0.1669,-0.585175,-0.376525,-0.245875,-0.17617500000000003,-0.09332499999999999,-0.438525,-0.354225,-0.4013,0.049225,0.01255,-0.420175,-0.74685,-0.863325,-0.14935,0.025750000000000002,-0.34457499999999996,-0.419925,-0.216675,0.0393,-0.135075,-0.533525,-0.810325,-0.387425,-0.176825,-0.2708,-0.260025,-0.59305,-0.508,-0.349525,-0.281475,-0.5621750000000001,-0.5195,-0.807625,-0.4935,-0.2311,-0.285475,-0.4642,-0.782825,-0.402875,-0.287925,-0.385575,-0.695825,-1.0299,-0.473525,-0.029824999999999997,-0.25675,-0.76725,-0.746175,-0.708325,-0.23035,-0.3806,-0.989125,-0.523025,-0.5695,-0.270725,-0.5376749999999999,-0.611325,-0.76025,-0.687275,-0.565825,-0.740175,-0.5284,-0.77205,-0.85265,-0.71495,-0.361375,-0.45165,-1.039925,-0.7853749999999999,-0.845825,-0.2963,-0.607375,-1.0115,-0.839625,-0.571575,-0.444525,-0.824075,-1.00565,-1.131325,-0.571275,-0.46545000000000003,-1.0173,-0.6933,-0.9242,-0.7343500000000001,-0.837325,-0.926325,-1.036225,-0.982125,-0.681175,-0.835675,-0.423,-1.0189249999999999,-0.9340250000000001,-0.930925,-0.569825,-0.66535,-0.9445,-1.051925,-1.580825,-0.73275,-0.787125,-1.0553,-1.09165,-0.6852,-0.9727750000000001,-0.8316250000000001,-0.88065,-1.3426749999999998,-0.68955,-0.705975,-0.8981,-0.853375,-1.07035,-1.3070750000000002,-1.0613000000000001,-0.773325,-1.561625,-0.9183749999999999,-1.2681499999999999,-1.16195,-0.996375,-0.90405,-0.956175,-1.7939,-1.307325,-1.05945,-0.492475,-0.7581,-1.71935,-0.7319,-0.148225,-0.5720500000000001,-1.3044250000000002,0.0,0.0,0.0,0.0,0.0,0.0,0.0,0.0,0.0,0.0,0.0,0.0,0.0,0.0,0.0,0.0,0.0,0.0,0.0,0.0,0.0,0.0,0.0,0.0,0.0,0.0,0.0,0.0,0.0,0.0,0.0,0.0
0.0,0.0,0.0,0.0,0.0,0.0,0.0,0.0,0.0,0.0,0.0,0.0,0.0,0.0,0.0,0.0,0.0,0.0,0.0,0.0,0.0,0.0,0.0,0.0,0.0,0.0,0.0,0.0,0.0,0.0,0.0,1.232275,1.18655,1.675475,1.9071,1.6902750000000002,1.8732250000000001,0.7693,0.922175,1.170725,2.0321249999999997,1.172125,0.904825,0.9713499999999999,1.47645,1.48405,1.718275,0.648125,0.41665,1.1019750000000001,1.681825,0.788775,0.8226249999999999,0.6080000000000001,1.21295,1.7632999999999999,1.4865,0.795525,0.4761,0.981825,0.87375,1.3965,0.7374499999999999,0.76845,1.0356750000000001,1.5473,1.5522,1.0936249999999998,0.6157,0.24855,1.0608,1.631575,0.9558,0.611375,0.28135,1.2081,1.3393249999999999,0.9115,0.0246,0.27795000000000003,1.036475,1.0054750000000001,0.9210750000000001,0.27835,0.5598,1.0336249999999998,1.10515,0.6399750000000001,0.36995,0.44205,0.501125,1.051575,0.8216749999999999,0.5635,0.341025,0.5607,0.89035,0.6045,0.338075,-0.172925,0.4135,0.990275,0.8750249999999999,0.4885,-0.039900000000000005,0.5047,0.966325,0.968225,-0.058675,0.10665,0.5366,1.008775,0.952975,0.16895,0.165175,0.35157499999999997,0.86465,0.56665,0.231975,0.2343,0.30405,0.750675,0.78615,0.49974999999999997,-0.035175,0.12705,0.403775,0.63485,0.522625,-0.08755,0.31525,0.650725,0.887275,0.512875,-0.04495,-0.13549999999999998,0.368925,0.95375,0.144475,0.0482,0.14755,0.8142750000000001,1.046025,0.38955,-0.02965,-0.163325,0.272625,0.2519,0.39239999999999997,0.083825,0.064,0.15015,0.5112749999999999,0.5034,-0.0458,-0.2765,-0.313475,0.451525,0.777225,0.108875,0.005549999999999999,-0.20632499999999998,0.448325,0.40185000000000004,0.060875,-0.428375,-0.18405000000000002,0.5091,0.39085,0.23925,-0.19267499999999999,0.10685,0.2939,0.308075,-0.226075,-0.3855,-0.059725,-0.00435,0.39177500000000004,0.042775,0.171425,-0.12179999999999999,0.07345,0.074525,-0.0513,-0.2035,-0.590025,-0.0954,0.458325,0.25837499999999997,-0.20335,-0.52,-0.091975,0.2946,0.167825,-0.5278499999999999,-0.28712499999999996,0.178175,0.479425,0.3569,-0.350175,-0.31195,-0.142275,0.334375,-0.2017,-0.23095,-0.10502500000000001,-0.036000000000000004,0.301325,0.19765,-0.0383,-0.49695,-0.28200000000000003,-0.33262499999999995,-0.004325,-0.0024,-0.559125,-0.285025,0.09864999999999999,0.2628,-0.10155,-0.47245000000000004,-0.639775,-0.079225,0.2151,-0.4075,-0.465025,-0.50925,0.1178,0.13425,-0.31120000000000003,-0.5286500000000001,-0.554875,-0.08025,-0.289725,-0.1892,-0.32435,-0.255575,-0.154525,0.124975,-0.081125,-0.51935,-0.49712500000000004,-0.693375,-0.04395,0.045525,-0.4377,-0.534375,-0.5273,0.026,-0.113075,-0.24585,-0.826975,-0.427325,0.019575000000000002,-0.25412500000000005,-0.295775,-0.656925,-0.323125,-0.2473,-0.34247500000000003,-0.7154499999999999,-0.6684,-0.3557,-0.4474,-0.116225,-0.524825,-0.358175,-0.6384,-0.400525,-0.36565000000000003,-0.37585,-0.4531,-0.9456249999999999,-0.413425,-0.13269999999999998,-0.3662,-0.666425,-0.7229,-0.55015,-0.32682500000000003,-0.44355,-0.9856,-0.740575,-0.5162249999999999,-0.097925,-0.2904,-0.8426750000000001,-0.8635,-0.61695,-0.382175,-0.767825,-0.6957,-0.681325,-0.482525,-0.463575,-0.63925,-0.642675,-0.89235,-0.692175,-0.794775,-0.382575,-0.52485,-0.8911749999999999,-0.794475,-0.3408,-0.38925,-0.7528,-1.0026,-1.0726,-0.531125,-0.44384999999999997,-0.9485,-0.9155,-0.937675,-0.485775,-0.64435,-0.936325,-1.284,-1.1840249999999999,-0.777575,-0.820575,-0.7986,-0.8831,-0.785925,-0.901875,-0.462975,-1.026125,-0.8451249999999999,-0.9011499999999999,-1.5412,-0.4966,-0.26755,-1.13095,-1.35405,-1.289075,-0.944925,-0.7863,-0.8074,-1.4339,-1.09015,-0.7510249999999999,-1.00565,-0.757475,-1.014275,-0.660825,-0.8302,-0.78835,-1.5845500000000001,-1.2092,-1.3165,-1.3678750000000002,-1.0479749999999999,-1.0997249999999998,-1.3569499999999999,-1.5334750000000001,-1.6355,-1.5133750000000001,-1.3228,-1.35185,-1.4041000000000001,-0.770475,-0.78685,-0.74175,-0.85565,-1.0331249999999998,-1.3867500000000001,-1.112275,-1.129125,0.0,0.0,0.0,0.0,0.0,0.0,0.0,0.0,0.0,0.0,0.0,0.0,0.0,0.0,0.0,0.0,0.0,0.0,0.0,0.0,0.0,0.0,0.0,0.0,0.0,0.0,0.0,0.0,0.0,0.0,0.0
0.0,0.0,0.0,0.0,0.0,0.0,0.0,0.0,0.0,0.0,0.0,0.0,0.0,0.0,0.0,0.0,0.0,0.0,0.0,0.0,0.0,0.0,0.0,0.0,0.0,0.0,0.0,0.0,0.0,0.0,0.0,2.90085,2.174575,2.19545,0.86485,1.231125,1.24655,1.391975,1.55105,1.140625,0.96305,1.086425,1.6193,1.55885,0.95565,0.19705,0.852025,1.73975,1.219025,0.6362749999999999,0.7718,1.161,1.670825,0.9833999999999999,0.43395,0.489375,1.2989,1.153575,0.9161,0.742175,0.8442,1.228,1.427675,1.0731,0.84135,0.647825,0.723425,1.1584500000000002,1.6410500000000001,0.668425,0.792075,0.7021499999999999,1.501125,1.0438749999999999,0.77615,0.035925,0.30945,1.3784750000000001,1.030525,0.847225,0.129025,0.694825,1.3266,1.217375,0.73355,0.045700000000000005,0.7363999999999999,1.026525,1.161425,0.828425,0.395,0.4704,0.858925,0.908725,0.41135,0.47885,0.06924999999999999,0.64855,1.171675,0.72355,0.38689999999999997,0.0186,0.47757499999999997,0.815725,0.87085,-0.019950000000000002,-0.1518,0.702275,1.1075249999999999,1.0377,0.09875,0.1482,0.4067,0.952,0.542075,0.094275,0.236675,0.432525,0.9103,0.595,0.24832500000000002,0.10414999999999999,0.33092499999999997,0.494575,0.45625000000000004,0.5029,-0.0791,0.2871,0.41785,0.819675,0.54705,0.051375000000000004,-0.06855,0.279525,0.8418,0.075425,-0.14079999999999998,0.1478,0.746675,0.8798750000000001,0.2786,-0.1205,-0.13735,0.675475,0.5484249999999999,0.16797499999999999,0.009125000000000001,0.059675,0.493025,0.572775,0.30017499999999997,-0.17205,0.050425,0.036375,0.395025,0.483,-0.11445,0.0964,-0.064725,0.48362499999999997,0.39694999999999997,0.016725,-0.39792500000000003,-0.20677500000000001,0.6676,0.43882499999999997,0.08485,-0.353,0.2473,0.5609000000000001,0.491275,-0.13472499999999998,-0.445075,0.2296,0.41112499999999996,0.4298,-0.054325,-0.216975,0.0482,0.330075,0.2385,-0.1461,-0.008275,-0.43485,0.14405,0.432975,0.091,-0.04215,-0.35095,-0.03525,0.1665,0.08827499999999999,-0.51,-0.6374500000000001,0.09587499999999999,0.393825,0.262625,-0.33540000000000003,-0.264975,-0.124,0.45092499999999996,-0.081875,-0.356125,-0.24757500000000002,-0.15205000000000002,0.318625,0.1424,-0.024825,-0.29785,-0.023125,-0.058300000000000005,-0.1305,-0.042550000000000004,-0.528475,-0.268625,-0.095125,0.0437,-0.224975,-0.485525,-0.544375,-0.230575,0.03415,-0.4097,-0.543725,-0.3178,0.22405,0.15625,-0.339575,-0.626625,-0.64215,0.132375,-0.28195,-0.3628,-0.30985,-0.308,-0.0766,0.035875,-0.27444999999999997,-0.45547499999999996,-0.25015,-0.436525,-0.3032,0.046825,-0.3821,-0.368,-0.476325,-0.2332,-0.337175,-0.2968,-0.824925,-0.47897500000000004,0.128325,-0.12535,-0.36419999999999997,-0.7124,-0.26080000000000003,-0.029625,-0.16965,-0.677875,-0.9210750000000001,-0.24025000000000002,-0.1241,-0.131275,-0.510725,-0.498625,-0.42745,-0.296775,-0.370975,-0.5521,-0.450125,-0.8056749999999999,-0.313925,0.076575,-0.36112500000000003,-0.619425,-0.804375,-0.637725,-0.39122500000000004,-0.3571,-1.001775,-1.0452499999999998,-0.63925,-0.028725,-0.42025,-0.73355,-0.81045,-0.64995,-0.25635,-0.660975,-0.918775,-0.557075,-0.61415,-0.353325,-0.48572499999999996,-0.672775,-0.791925,-0.7152000000000001,-0.85065,-0.6624249999999999,-0.481925,-0.9789,-0.869,-0.5227,-0.39232500000000003,-0.7022,-0.930925,-0.99205,-0.868425,-0.485525,-0.8138000000000001,-0.81395,-0.8049499999999999,-0.38887499999999997,-0.43937499999999996,-0.8941,-1.103325,-1.19705,-0.471725,-1.005225,-0.8101,-0.97165,-1.064975,-0.8188500000000001,-0.7162000000000001,-0.7816000000000001,-1.0604749999999998,-0.65025,-1.1697,-0.986625,-0.63605,-0.84915,-0.9257249999999999,-0.96095,-1.016775,-1.17945,-1.110675,-1.495525,-1.274825,-0.933125,-0.963375,-1.0142,-1.121025,-0.805725,-0.50385,-0.630575,-1.2356500000000001,-1.29555,-1.1991749999999999,-1.01565,-1.163775,-1.1538249999999999,-0.8825,-1.2122,-1.022325,-1.4528,-1.4343,-0.9276,-1.7000250000000001,-1.01285,-0.8462000000000001,-0.6670499999999999,-1.2191,-1.4570750000000001,-1.6489,-0.6077250000000001,-0.946575,-1.352525,-1.304525,-1.318275,0.0,0.0,0.0,0.0,0.0,0.0,0.0,0.0,0.0,0.0,0.0,0.0,0.0,0.0,0.0,0.0,0.0,0.0,0.0,0.0,0.0,0.0,0.0,0.0,0.0,0.0,0.0,0.0,0.0,0.0,0.0
0.0,0.0,0.0,0.0,0.0,0.0,0.0,0.0,0.0,0.0,0.0,0.0,0.0,0.0,0.0,0.0,0.0,0.0,0.0,0.0,0.0,0.0,0.0,0.0,0.0,0.0,0.0,0.0,0.0,0.0,0.0,1.5332999999999999,1.4525000000000001,1.5100500000000001,1.9414500000000001,1.602775,0.256975,1.618675,1.8086,1.753425,2.0027999999999997,0.70295,0.838925,1.274625,1.5852,1.050775,0.662675,0.790025,1.301925,1.997175,1.232375,0.6925,0.4007,1.390825,1.52405,0.946175,0.719275,0.40440000000000004,1.5714000000000001,1.758775,0.9152,0.593825,0.67345,0.97805,1.139675,1.421125,0.568275,0.871175,0.770325,1.6206,1.1502,0.686625,0.13845000000000002,0.36312500000000003,1.13535,1.0256249999999998,0.710975,0.3857,0.663825,1.1606,1.169925,0.542975,0.2038,0.6591,1.07905,1.137575,0.8037,0.295,0.8369,1.05295,0.94085,0.06509999999999999,0.251625,0.378575,0.8528249999999999,0.989325,0.495775,0.4576,0.18385,0.6498499999999999,0.61125,0.60915,0.131325,0.0806,0.6672,1.003575,0.8881,0.2654,0.19295,0.480075,1.0956,0.62805,-0.111925,0.285,0.524475,1.165575,0.656275,0.047924999999999995,0.067825,0.4702,0.710225,0.2377,0.322175,-0.044175000000000006,0.445,0.723325,0.652075,0.36755,0.0013750000000000001,0.24265,0.3468,0.7739750000000001,0.280725,-0.05585,0.170425,0.763325,0.886325,0.15752500000000003,-0.113575,-0.11030000000000001,0.8232250000000001,0.74715,0.156875,0.12419999999999999,-0.04895,0.7140249999999999,0.636275,0.19855,-0.32515,0.027275,0.2721,0.34645,0.31555,-0.06275,0.0347,0.191825,0.50875,0.275625,0.036125,-0.145575,-0.18014999999999998,0.58635,0.31679999999999997,0.06572499999999999,-0.247025,0.261425,0.4656,0.330375,-0.13255,-0.48175,0.246825,0.488425,0.43445,0.06575,-0.1678,0.14705,0.337525,0.12760000000000002,-0.467325,-0.03895,-0.062575,0.32375,0.4434,-0.1545,-0.10615,-0.2448,0.070625,-0.1397,0.038675,-0.4324,-0.47445,0.096825,0.2424,0.134175,-0.48662500000000003,-0.37275,-0.09085,0.5,0.0513,-0.50705,-0.11035,0.14079999999999998,0.5030249999999999,0.1223,-0.292375,-0.37325,0.21875,0.276825,-0.148875,-0.06257499999999999,-0.38985000000000003,0.125725,0.214775,-0.11372499999999999,-0.33604999999999996,-0.561275,-0.34935,-0.2279,0.030525,-0.22495,-0.45065,-0.343325,0.30762500000000004,0.13505,-0.388175,-0.663875,-0.72895,0.273275,0.077725,-0.332,-0.447575,-0.4076,0.23035,-0.043625000000000004,-0.368225,-0.673575,-0.3595,-0.18612499999999998,-0.046875,-0.15155000000000002,-0.3744,-0.39795,-0.312825,-0.039975,-0.286275,-0.45299999999999996,-0.6831750000000001,-0.7168749999999999,-0.1307,-0.0181,-0.3604,-0.61625,-0.1663,-0.14705000000000001,-0.25182499999999997,-0.5705,-0.9913000000000001,-0.07995,0.04925,-0.204425,-0.56285,-0.57535,-0.427575,-0.342725,-0.328225,-0.7811250000000001,-0.4562,-0.508275,-0.1831,-0.173675,-0.48260000000000003,-0.55655,-0.5639,-0.44167500000000004,-0.60625,-0.534375,-0.654525,-0.849925,-0.420775,-0.19005,-0.3418,-0.906525,-0.643275,-0.634425,-0.11785,-0.48762500000000003,-1.0071,-0.509825,-0.339575,-0.11885,-0.59235,-0.719125,-0.94125,-0.39735,-0.38792499999999996,-0.81335,-0.6228,-0.8200000000000001,-0.5445,-0.4832,-0.6783,-0.87085,-0.8209500000000001,-0.8569749999999999,-0.663075,-0.400175,-0.6661,-1.06325,-0.9018,-0.285525,-0.55915,-0.912475,-0.97475,-1.1364,-0.37032499999999996,-0.530475,-0.991125,-0.9643,-0.841475,-0.797725,-0.7558750000000001,-1.008525,-1.20475,-0.7182999999999999,-0.932375,-0.6876,-0.6482749999999999,-0.95215,-0.853425,-1.051,-0.9046,-0.94665,-1.042125,-1.0892,-1.242375,-0.91855,-0.9045749999999999,-0.955625,-1.40985,-0.7195750000000001,-0.98465,-0.559375,-0.7464000000000001,-1.195475,-0.718925,-0.61515,-1.13335,-0.8845000000000001,-0.90595,-0.932425,-0.6649,-0.8385,-1.314925,-1.058025,-1.383125,-0.820575,-1.051825,-1.1539,-0.529725,-1.348475,-1.700825,-1.014925,-0.9487,-1.29415,-1.40835,-1.151825,-1.03605,-0.8027249999999999,-1.328675,0.0,0.0,0.0,0.0,0.0,0.0,0.0,0.0,0.0,0.0,0.0,0.0,0.0,0.0,0.0,0.0,0.0,0.0,0.0,0.0,0.0,0.0,0.0,0.0,0.0,0.0,0.0,0.0,0.0,0.0,0.0
0.0,0.0,0.0,0.0,0.0,0.0,0.0,0.0,0.0,0.0,0.0,0.0,0.0,0.0,0.0,0.0,0.0,0.0,0.0,0.0,0.0,0.0,0.0,0.0,0.0,0.0,0.0,0.0,0.0,0.0,1.7276250000000002,1.723975,1.65225,0.991525,1.5988,2.0737750000000004,1.7859500000000001,1.018,1.0637999999999999,1.0271,1.1167,1.585675,1.2108249999999998,0.862225,0.910875,1.509625,1.6243500000000002,1.0393249999999998,0.6883999999999999,0.45294999999999996,1.19895,1.3640999999999999,0.546775,0.77535,0.7006749999999999,1.3561,1.7383250000000001,0.7976,0.561025,0.665875,1.399325,1.107975,0.807475,0.7962,0.914075,1.40155,1.5074999999999998,0.94985,0.5788,0.65015,0.689975,1.3489,1.04925,0.78165,0.5055999999999999,0.755875,1.324675,1.071675,0.610625,-0.05935,0.803775,1.2177250000000002,1.251475,0.6581250000000001,0.36625,0.7817,1.3954,1.07775,0.142925,0.11115,0.6115250000000001,1.05735,0.9672,0.454475,0.440375,0.505725,1.06135,0.65295,0.238075,0.22145,0.0934,0.814025,1.080375,0.67435,0.339375,0.179875,0.5417000000000001,1.111675,0.68455,-0.10115,0.215875,0.6542250000000001,1.155675,0.9292750000000001,0.024075,0.08124999999999999,0.5621750000000001,0.859325,0.259625,0.170725,0.12894999999999998,0.6741,0.989625,0.41185,0.22735,0.002225,0.398875,0.31930000000000003,0.5303249999999999,0.2894,0.054925,0.3331,0.701525,0.5956,0.1976,-0.08785000000000001,-0.0375,0.714575,0.8187249999999999,0.16902499999999998,0.119225,0.09415,0.85105,0.76925,0.14815,-0.3876,0.0385,0.607325,0.4395,0.230875,-0.066175,0.30167499999999997,0.429925,0.470625,0.058925,-0.262575,0.050975,0.0,0.726225,0.30422499999999997,0.093625,0.0063,0.28652500000000003,0.389475,0.24565,-0.259625,-0.51235,0.20554999999999998,0.6626,0.549525,0.055400000000000005,-0.2729,0.270575,0.41009999999999996,0.2489,-0.3899,-0.25905,0.21795,0.515725,0.36719999999999997,-0.187025,-0.12825,-0.12655,0.28654999999999997,-0.012375,-0.109275,-0.162225,-0.329575,0.216675,0.39635,0.123125,-0.23557499999999998,-0.3656,-0.078825,0.1583,-0.011925,-0.52345,-0.268825,0.15245,0.6293249999999999,0.038125,-0.35012499999999996,-0.29855,-0.032625,0.24185,-0.22157500000000002,-0.21625,-0.15955,0.24282499999999999,0.3103,-0.14065,-0.229775,-0.44630000000000003,-0.00165,-0.2619,-0.138025,-0.27849999999999997,-0.4395,-0.2766,-0.065625,-0.044324999999999996,-0.389825,-0.47605000000000003,-0.60695,0.14482499999999998,0.0283,-0.44977500000000004,-0.499925,-0.338175,0.176825,-0.10435,-0.397675,-0.62825,-0.41015,0.10205,-0.14277499999999999,-0.187425,-0.671575,-0.09455,0.045,-0.02615,-0.453775,-0.5464249999999999,-0.34425,-0.399675,0.039025000000000004,-0.21785000000000002,-0.376825,-0.507475,-0.1956,-0.011775,-0.2737,-0.457775,-0.9433,-0.06997500000000001,0.028425,-0.169125,-0.5152,-0.737975,-0.29307500000000003,-0.049475000000000005,-0.27195,-0.897925,-0.6811499999999999,-0.253475,0.034725,-0.20735,-0.629125,-0.6421250000000001,-0.52965,-0.13977499999999998,-0.5303,-0.5353749999999999,-0.5674250000000001,-0.7347250000000001,-0.523,-0.230125,-0.399975,-0.695075,-0.79335,-0.5810500000000001,-0.248075,-0.5739749999999999,-0.942625,-0.75685,-0.415675,-0.057575,-0.340775,-0.809025,-0.8508249999999999,-0.59055,-0.37665,-0.9409000000000001,-0.776225,-0.83415,-0.354325,-0.46875,-0.715125,-0.837125,-0.7258249999999999,-0.627425,-0.863875,-0.59595,-0.49870000000000003,-0.712325,-0.7562249999999999,-0.466375,-0.7585999999999999,-0.90205,-0.8547,-1.230175,-0.40775,-0.5427,-1.032675,-0.938075,-0.821475,-0.51235,-0.6180749999999999,-0.9987,-1.151375,-0.82065,-0.817475,-0.9068750000000001,-0.98955,-0.9506749999999999,-0.735975,-0.64855,-0.7374750000000001,-1.087075,-1.1476,-0.801175,-0.935375,-0.7694000000000001,-0.688475,-1.00335,-1.3983,-0.97565,-1.1831749999999999,-0.72205,-1.06605,-1.38965,-0.8336749999999999,-0.4516,-0.816075,-1.1353499999999999,-1.038575,-0.752325,-0.574975,-1.133875,-1.44075,-1.0156749999999999,-1.173425,-1.1448,-1.1618,-1.291825,-1.165775,-1.45065,-1.2014,-1.270225,-1.1427,-1.05795,-1.074575,-1.472075,-1.185625,-0.9289,-1.194175,-1.5607,-1.23275,-0.9252,-1.0041,0.0,0.0,0.0,0.0,0.0,0.0,0.0,0.0,0.0,0.0,0.0,0.0,0.0,0.0,0.0,0.0,0.0,0.0,0.0,0.0,0.0,0.0,0.0,0.0,0.0,0.0,0.0,0.0,0.0,0.0
0.0,0.0,0.0,0.0,0.0,0.0,0.0,0.0,0.0,0.0,0.0,0.0,0.0,0.0,0.0,0.0,0.0,0.0,0.0,0.0,0.0,0.0,0.0,0.0,0.0,0.0,0.0,0.0,0.0,0.0,0.7475750000000001,1.867725,2.592375,1.68,1.502075,1.209925,1.73385,1.48475,1.36815,1.280475,0.874775,1.5392249999999998,1.4524,1.7711,0.6599,0.645725,0.4875,1.2699,1.596175,0.7961,0.823175,0.7718,1.7244,1.4790750000000001,0.650225,0.21155,0.2731,1.487,1.38355,1.1481999999999999,0.5221250000000001,0.99185,1.57685,1.4972,0.9173,0.429925,0.754225,1.0483500000000001,1.380175,1.2428249999999998,0.60285,0.8215250000000001,0.971625,1.111075,0.928125,0.745225,0.0795,0.629725,1.2118,1.1452499999999999,0.848475,0.397925,0.9064749999999999,1.2575,1.0339,0.28985,0.01805,0.979975,1.2041,0.964825,0.2858,0.41659999999999997,0.64895,1.054925,0.776925,0.22794999999999999,0.5158,0.480025,1.0368,1.003325,0.406625,0.3854,0.3358,0.617075,0.6985750000000001,0.5503,-0.04455,0.26055,0.76155,1.1494499999999999,0.6879,0.141225,0.199875,0.499975,1.0999999999999999,0.2516,0.0364,0.2708,0.8504999999999999,1.11565,0.480225,0.059475,-0.005625,0.708275,0.56965,0.41325,0.37234999999999996,-0.00345,0.65445,0.7579750000000001,0.5373749999999999,0.1047,-0.049375,-0.022449999999999998,0.5609500000000001,0.6514,0.139475,0.01125,0.127975,0.951275,0.7982,0.2065,-0.327425,-0.11925000000000001,0.905425,0.5584,0.1682,-0.058,0.2299,0.599075,0.572025,-0.0818,-0.3076,0.2084,0.080175,0.451125,0.213575,0.030625,0.15510000000000002,0.33787500000000004,0.22535,0.04425,0.03885,-0.326475,-0.00795,0.465775,0.15735,0.0252,-0.344175,0.335125,0.43215,0.32965,-0.3491,-0.42327499999999996,0.37174999999999997,0.567825,0.27205,-0.183975,-0.1105,0.082125,0.504025,-0.1356,-0.39945,0.0705,-0.092675,0.42615,0.212025,-0.09107499999999999,-0.1031,0.0171,-0.06655,0.079225,-0.027825,-0.569925,-0.25587499999999996,0.167075,0.41515,0.1437,-0.4657,-0.23304999999999998,0.06617500000000001,0.515725,-0.2412,-0.39675,-0.074725,0.481925,0.49305,-0.164375,-0.380725,-0.280525,0.304625,-0.211075,-0.2239,-0.2918,-0.386425,0.053275,0.11555,-0.1526,-0.506975,-0.415025,-0.558675,0.002425,0.1015,-0.4663,-0.433275,-0.46190000000000003,0.18112499999999998,-0.067125,-0.41475,-0.704375,-0.60005,0.17454999999999998,-0.0316,-0.286625,-0.369775,-0.155725,-0.0524,-0.099175,-0.589925,-0.587425,-0.02385,-0.351775,-0.186425,-0.134675,-0.379575,-0.42275,-0.41825,-0.368225,-0.3024,-0.30567500000000003,-0.823225,-0.1827,-0.125225,-0.1772,-0.5003249999999999,-0.761125,-0.260475,-0.079675,-0.255,-0.79665,-0.75915,-0.20135,0.0215,-0.33915,-0.7089500000000001,-0.597425,-0.4193,-0.0623,-0.66435,-0.6013000000000001,-0.401025,-0.39880000000000004,-0.180225,-0.421225,-0.64615,-0.7371,-0.60875,-0.5556749999999999,-0.446075,-0.4813,-1.011125,-0.639625,-0.45845,-0.188425,-0.48925,-0.844575,-0.694925,-0.580675,-0.26280000000000003,-0.754975,-0.969925,-0.678275,-0.086675,-0.36967500000000003,-0.81735,-0.8626499999999999,-0.829175,-0.2243,-0.6592,-0.63415,-0.68565,-0.670725,-0.516525,-0.4764,-0.658925,-0.8485750000000001,-0.854375,-0.9969,-0.564075,-0.60675,-0.9325749999999999,-0.882575,-0.978,-0.5940749999999999,-0.579375,-0.9298000000000001,-1.157775,-1.177875,-0.6391749999999999,-0.526675,-0.8508249999999999,-1.119475,-0.7342,-0.698475,-0.7084250000000001,-1.0836,-1.099075,-0.66195,-0.9858,-0.8250000000000001,-0.962475,-0.9054,-1.0515750000000001,-0.981375,-1.083075,-0.867325,-0.950875,-1.2413500000000002,-0.7504249999999999,-0.840675,-0.549275,-1.253925,-1.29925,-0.97185,-0.6892,-0.84085,-1.0808499999999999,-1.2079,-0.99925,-1.0826,-0.91555,-1.681975,-1.1974500000000001,-1.10495,-1.03735,-1.38695,-0.9104,-0.381625,-1.71975,-1.063775,-1.2367000000000001,-1.1549749999999999,-1.0618750000000001,-0.81975,-1.235375,-0.839475,-0.578625,-1.44945,-1.087925,-1.48185,0.0,0.0,0.0,0.0,0.0,0.0,0.0,0.0,0.0,0.0,0.0,0.0,0.0,0.0,0.0,0.0,0.0,0.0,0.0,0.0,0.0,0.0,0.0,0.0,0.0,0.0,0.0,0.0,0.0,0.0
0.0,0.0,0.0,0.0,0.0,0.0,0.0,0.0,0.0,0.0,0.0,0.0,0.0,0.0,0.0,0.0,0.0,0.0,0.0,0.0,0.0,0.0,0.0,0.0,0.0,0.0,0.0,0.0,0.0,0.0,2.2502250000000004,0.527825,0.7034750000000001,1.232,1.9639,0.861975,1.774675,0.83785,1.258575,1.711225,1.205175,0.823,0.727525,0.946125,1.2528,1.139675,0.5804,0.747325,0.9721,1.4122249999999998,1.507675,0.829675,0.506,0.309475,1.441225,1.253675,0.836525,0.6786749999999999,0.72,1.731625,1.601275,0.9234249999999999,0.217025,0.860325,1.298425,1.41715,0.8982000000000001,0.468725,1.0400749999999999,1.190925,1.2637749999999999,0.622625,0.610475,0.4254,0.8203499999999999,1.3112,0.9493750000000001,0.64215,0.443175,1.009675,1.191725,1.0533,0.43022499999999997,0.053525,1.093325,1.382425,1.2100499999999998,0.264125,0.3987,0.858725,1.0828,0.6441,-0.07095,0.3591,0.594025,1.2318500000000001,0.87585,0.39835,0.217075,0.3716,0.7556499999999999,0.51595,0.542125,0.0325,0.3528,0.8498,0.9474,0.627,-0.000575,0.277475,0.434975,0.9796750000000001,0.4682,0.003625,0.347725,0.747175,1.0897,0.453325,0.02955,-0.02905,0.802575,0.647625,0.043425,0.229075,0.17124999999999999,0.7461,0.605075,0.37129999999999996,0.055,0.2529,0.3016,0.402375,0.50875,0.05985,0.19745000000000001,0.39675,0.893525,0.6261,0.1636,-0.122975,-0.101975,0.81615,0.5153,0.159525,-0.1134,0.26045,0.678925,0.50325,-0.0122,-0.316325,0.43274999999999997,0.48575,0.45765,0.10605,-0.221725,0.2759,0.413,0.314025,-0.0601,-0.0341,-0.049225,0.329675,0.5978749999999999,0.14079999999999998,-0.08257500000000001,-0.22865,0.273475,0.30455,0.388775,-0.042175000000000004,-0.375575,0.46975,0.698925,0.338575,-0.215925,-0.1751,0.065825,0.76435,0.0847,-0.4965,-0.141475,0.06317500000000001,0.6673,0.118125,-0.179225,-0.249825,-0.0728,0.1406,-0.083075,-0.077625,-0.258925,-0.13792500000000002,0.2262,0.23022499999999999,-0.0725,-0.432725,-0.393025,-0.1267,0.50675,-0.190775,-0.360275,-0.06847500000000001,0.2827,0.4577,-0.0445,-0.244475,-0.3615,0.4024,0.0785,-0.344625,-0.22225,-0.282925,0.15947499999999998,0.036750000000000005,-0.34187500000000004,-0.566875,-0.26435,-0.28602500000000003,-0.208525,-0.052925,-0.36507500000000004,-0.329275,-0.31385,0.14235,-0.195975,-0.4365,-0.637025,-0.60105,0.2833,0.090175,-0.403125,-0.4217,-0.072825,0.15545,0.007575,-0.45032500000000003,-0.807325,-0.121475,0.06945,-0.014450000000000001,-0.42552500000000004,-0.5535,-0.16722499999999998,-0.1174,-0.08097499999999999,-0.746575,-0.307875,-0.453625,-0.326325,-0.028475,-0.46735000000000004,-0.318,-0.55395,-0.214425,-0.245475,-0.302975,-0.768475,-0.964,0.0797,0.122275,-0.14615,-0.71365,-0.6119749999999999,-0.41255000000000003,0.148225,-0.46305,-0.71415,-0.5034749999999999,-0.446775,-0.08455,-0.39905,-0.5178,-0.594525,-0.546975,-0.41845,-0.7534,-0.415275,-0.674575,-0.43585,-0.44455,-0.3079,-0.57785,-0.7497,-0.7935749999999999,-0.774525,-0.231625,-0.489275,-0.8612,-0.539275,-0.361,-0.2972,-0.787925,-0.8761749999999999,-0.8966500000000001,-0.1226,-0.46215,-0.75615,-0.650725,-0.87485,-0.495225,-0.49795,-0.635775,-0.92145,-0.68095,-0.729575,-0.6943,-0.7116,-0.8536,-0.646725,-0.9156,-0.683425,-0.904675,-0.912175,-1.012325,-1.068425,-0.52215,-0.6983,-0.9157500000000001,-0.8741749999999999,-0.6792,-0.516225,-0.8023,-1.1229,-1.2889,-0.45785,-0.755875,-0.693875,-0.94065,-1.096675,-0.8065249999999999,-0.9206749999999999,-1.040675,-1.2312,-0.9722999999999999,-1.397175,-1.0534750000000002,-0.684125,-0.8705,-1.1022750000000001,-1.2927,-1.245425,-0.959775,-0.89295,-1.1031749999999998,-1.43685,-1.070425,-0.5265,-1.388375,-1.0145,-1.41555,-0.9238999999999999,-0.6653249999999999,-1.548175,-1.584875,-0.685925,-0.7378,-1.69355,-1.3579999999999999,-1.1152250000000001,-1.5137,-1.30675,-1.696875,-1.1745,-0.7634,-0.92965,-1.4193,-1.560325,-1.1033,-0.9663,-1.894025,0.0,0.0,0.0,0.0,0.0,0.0,0.0,0.0,0.0,0.0,0.0,0.0,0.0,0.0,0.0,0.0,0.0,0.0,0.0,0.0,0.0,0.0,0.0,0.0,0.0,0.0,0.0,0.0,0.0,0.0
0.0,0.0,0.0,0.0,0.0,0.0,0.0,0.0,0.0,0.0,0.0,0.0,0.0,0.0,0.0,0.0,0.0,0.0,0.0,0.0,0.0,0.0,0.0,0.0,0.0,0.0,0.0,0.0,0.0,1.90185,2.221625,2.086875,1.7169,1.151375,1.08535,2.496375,2.14325,1.902925,0.698275,0.93755,1.4105999999999999,1.5760750000000001,1.11935,0.851375,0.8628,1.293275,1.3791,1.194825,0.943725,0.607225,0.6272249999999999,1.569925,1.3449499999999999,0.928925,0.6872750000000001,0.929875,1.5198,1.5654249999999998,0.861825,0.4009,1.0079500000000001,1.698325,1.5487,1.0125250000000001,0.492525,1.0139,1.29275,1.139325,0.65645,0.540675,0.716125,1.037,1.319575,0.5750249999999999,0.677225,0.72275,1.0012,0.832,0.602825,0.45792499999999997,0.27365,1.0497750000000001,1.173475,1.003725,0.518825,0.35357500000000003,1.070225,1.438625,0.82285,-0.039599999999999996,0.290475,0.7076,1.327,0.782925,0.16197499999999998,0.46952499999999997,0.71535,1.035275,0.29245,0.28785,0.309625,0.67085,0.912575,0.699725,0.46895,0.1227,0.541125,0.5474,0.8112250000000001,0.384475,0.04945,0.5001,0.7751,1.1098249999999998,0.38715,-0.0395,0.053925,0.85265,0.862125,0.180425,0.047,0.216575,1.161975,0.87015,0.22349999999999998,-0.12245,0.08835,0.71415,0.499125,0.471725,0.12992499999999998,0.243175,0.5389499999999999,0.6878,0.357475,0.0361,0.0553,0.028675,0.8432499999999999,0.42960000000000004,0.1046,0.055075,0.20235,0.76315,0.442925,0.07045,-0.31455,0.216225,0.6998500000000001,0.392075,0.113775,-0.1237,0.375625,0.480925,0.297675,-0.282725,-0.207325,0.24545,0.35067499999999996,0.45289999999999997,0.12307499999999999,0.080725,-0.007975,0.45165,0.074975,0.040400000000000005,-0.057025,-0.365375,0.42805,0.586925,0.4515,0.048475000000000004,-0.005725,0.303,0.444275,-0.09482499999999999,-0.46925,-0.170875,0.2534,0.6156250000000001,0.08355,-0.400725,-0.267075,0.0186,0.31175,-0.3507,-0.15965000000000001,-0.08802499999999999,0.13317500000000002,0.31679999999999997,0.21852500000000002,-0.042625,-0.307025,0.113425,0.046075,0.3208,-0.1254,-0.373575,0.24025,0.253225,0.36219999999999997,-0.014450000000000001,-0.4109,-0.22405,0.425375,0.31525000000000003,-0.318125,-0.389175,-0.22395,0.57055,0.1537,-0.295325,-0.6812,-0.433775,0.085375,-0.2808,-0.22755,-0.41755000000000003,-0.200175,-0.0345,0.235575,-0.330725,-0.439025,-0.44475,-0.5026999999999999,0.23427499999999998,-0.017750000000000002,-0.3827,-0.40285,-0.2195,0.08625,-0.003825,-0.45225000000000004,-0.747325,-0.209975,0.036825000000000004,-0.189,-0.32715000000000005,-0.6119249999999999,-0.049975,0.08405,-0.301575,-0.75525,-0.5696749999999999,-0.256025,-0.164125,-0.20305,-0.346775,-0.385225,-0.512375,-0.1043,-0.47165,-0.24155000000000001,-0.536725,-0.8129500000000001,-0.30625,-0.144175,-0.450125,-0.508675,-0.478325,-0.393225,-0.09709999999999999,-0.403325,-0.87155,-0.428075,-0.152575,0.1386,-0.5071,-0.8034250000000001,-0.664825,-0.37005,-0.166825,-0.729,-0.57745,-0.482375,-0.432775,-0.3486,-0.3808,-0.5601,-0.7196750000000001,-0.3694,-0.64825,-0.374675,-0.67845,-0.916125,-0.5186,-0.29835,-0.364425,-0.5867,-0.811975,-0.74715,-0.31005,-0.46599999999999997,-0.9053,-0.814575,-0.6738500000000001,0.0235,-0.5512,-0.830525,-1.172625,-0.788775,-0.343525,-0.8445,-0.693225,-0.636075,-0.5608000000000001,-0.666175,-0.66375,-0.8013250000000001,-0.8689749999999999,-0.9088,-1.0267249999999999,-0.4068,-0.59665,-0.87605,-0.9217,-0.634675,-0.66745,-0.6676,-0.9434750000000001,-1.33005,-0.8115749999999999,-0.518175,-0.8671,-0.8647750000000001,-1.0207000000000002,-0.774725,-0.7697499999999999,-0.94045,-1.15055,-0.951525,-0.75735,-1.040175,-0.901575,-1.1387,-0.9988,-1.3948749999999999,-0.7828,-1.1202999999999999,-0.874375,-0.85615,-1.3029,-0.66145,-0.645725,-1.1316,-0.9246,-1.0562,-1.2865250000000001,-0.6654,-1.163825,-1.35835,-1.2433,-1.823725,-0.60975,-1.007075,-1.3955000000000002,-1.47485,-1.44125,-1.25335,-0.93565,-1.165975,-1.11025,-1.091075,-0.804775,-0.911475,-0.86215,-1.121975,-0.874075,-1.550375,-0.735125,-1.0811250000000001,0.0,0.0,0.0,0.0,0.0,0.0,0.0,0.0,0.0,0.0,0.0,0.0,0.0,0.0,0.0,0.0,0.0,0.0,0.0,0.0,0.0,0.0,0.0,0.0,0.0,0.0,0.0,0.0,0.0
0.0,0.0,0.0,0.0,0.0,0.0,0.0,0.0,0.0,0.0,0.0,0.0,0.0,0.0,0.0,0.0,0.0,0.0,0.0,0.0,0.0,0.0,0.0,0.0,0.0,0.0,0.0,0.0,0.0,0.9531499999999999,1.064975,1.3121,2.0246750000000002,2.3539,1.1451,0.803625,0.791975,1.9763,1.396725,0.84165,0.7680750000000001,0.8953,1.8033000000000001,1.6992,0.9466,0.240125,0.9953000000000001,1.0027,1.387,1.114775,0.738025,0.937525,0.975925,1.710925,1.195475,0.828025,0.362525,0.965225,1.7448000000000001,1.3952250000000002,1.02525,0.493325,1.374675,1.2691249999999998,1.42185,0.439625,0.4239,1.1921,1.176575,1.274425,0.820775,0.688225,1.01295,1.244,0.812725,0.486475,0.534375,0.30745,1.1733,1.210475,0.8920250000000001,0.7220249999999999,0.5031,0.880925,1.109,0.801825,0.02095,0.29105000000000003,1.0021499999999999,1.353375,0.797525,0.1391,0.268775,0.6881,1.21605,0.506175,0.193575,0.24127500000000002,0.732875,1.129075,0.669175,0.3274,0.35805,0.7243499999999999,0.600125,0.57155,0.4666,0.032,0.564025,0.684775,0.763225,0.38275,0.12965000000000002,0.07172500000000001,0.5845750000000001,0.857225,0.048350000000000004,0.045625,0.31832499999999997,0.9844999999999999,0.873575,0.1318,-0.113875,0.1623,0.9762500000000001,0.453025,0.25815,0.03345,0.367075,0.785625,0.6972,0.2127,-0.11435000000000001,0.34265,0.288375,0.6759499999999999,0.3469,0.06975,0.1561,0.295,0.59075,0.303925,0.098425,-0.190575,0.20895,0.8664499999999999,0.48272499999999996,0.029875,-0.1677,0.5059750000000001,0.662625,0.56265,-0.417725,-0.289825,0.5393,0.5300750000000001,0.42475,0.041325,0.06745,0.36035,0.635125,-0.007124999999999999,-0.309775,-0.0148,-0.191875,0.50945,0.334225,0.119225,-0.09425,0.006025,0.40185,0.4441,0.2056,-0.43555,-0.262075,0.3911,0.5868249999999999,0.129225,-0.250175,-0.1798,0.12027499999999999,0.641625,-0.33845000000000003,-0.31575000000000003,-0.178975,0.25425000000000003,0.392725,0.011175000000000001,-0.18515,-0.321875,0.22355,-0.0874,-0.018875,-0.137575,-0.295575,0.0456,0.029475,0.21045,-0.11257500000000001,-0.235375,-0.33799999999999997,0.079725,0.247725,-0.33665,-0.28765,-0.059399999999999994,0.511825,0.249775,-0.20547500000000002,-0.581725,-0.2687,0.426275,-0.23349999999999999,-0.31367500000000004,-0.44267500000000004,-0.2089,0.015825,-0.02635,-0.37365,-0.5453749999999999,-0.0738,-0.355225,0.118825,-0.188825,-0.3616,-0.33197499999999996,-0.20165,0.029325,-0.183375,-0.34290000000000004,-0.673725,-0.240975,0.1461,-0.1243,-0.362925,-0.452975,0.052475,0.096475,-0.095525,-0.91185,-0.5925499999999999,0.11675,-0.003775,-0.15515,-0.55665,-0.428025,-0.181525,-0.024749999999999998,-0.3254,-0.675075,-0.39065,-0.55045,0.16465,-0.232875,-0.5896750000000001,-0.62835,-0.715225,-0.34597500000000003,-0.13629999999999998,-0.247225,-0.662175,-0.6371749999999999,-0.237075,0.099525,-0.31495,-0.630925,-0.6576,-0.355525,-0.0958,-0.722175,-0.7310749999999999,-0.437475,-0.253525,-0.156,-0.4582,-0.604375,-0.8186249999999999,-0.20855,-0.596775,-0.420725,-0.4928,-0.6509750000000001,-0.5720500000000001,-0.622425,-0.514875,-0.635925,-0.64925,-0.7385,-0.433475,-0.3623,-0.80085,-0.79005,-0.668275,-0.20977500000000002,-0.438425,-0.774675,-1.070075,-0.6849500000000001,-0.1457,-0.7210749999999999,-0.750475,-0.777875,-0.5991,-0.3558,-0.352425,-0.91045,-0.9566749999999999,-0.510425,-0.88965,-0.5474,-0.7856000000000001,-0.8069999999999999,-0.6463749999999999,-0.76865,-0.89105,-0.752525,-0.69045,-1.1964000000000001,-0.81335,-0.553975,-0.76295,-1.1493,-1.01065,-0.4088,-0.641725,-0.838325,-1.303575,-1.033625,-0.5324249999999999,-0.585375,-1.02175,-0.978175,-0.836875,-0.9754499999999999,-0.7420249999999999,-1.24595,-1.292075,-0.9600249999999999,-1.066125,-0.64165,-0.582025,-0.883225,-1.09065,-1.315075,-1.20215,-0.7991999999999999,-0.919675,-1.058925,-1.549025,-0.5818,-0.71975,-1.195175,-1.3719,-1.4019499999999998,-1.08085,-0.722125,-1.41025,-1.1842,-1.09505,-0.552775,-1.492375,-0.916325,-1.0067249999999999,-0.936725,-1.0624,-1.485425,-0.663925,-1.0542,-1.4399000000000002,-1.336575,-1.4668999999999999,0.0,0.0,0.0,0.0,0.0,0.0,0.0,0.0,0.0,0.0,0.0,0.0,0.0,0.0,0.0,0.0,0.0,0.0,0.0,0.0,0.0,0.0,0.0,0.0,0.0,0.0,0.0,0.0,0.0
0.0,0.0,0.0,0.0,0.0,0.0,0.0,0.0,0.0,0.0,0.0,0.0,0.0,0.0,0.0,0.0,0.0,0.0,0.0,0.0,0.0,0.0,0.0,0.0,0.0,0.0,0.0,0.0,0.0,2.1552,2.48205,1.7049750000000001,1.0947,0.88815,1.69345,1.91955,1.424525,0.8729,1.0683,2.217375,1.441025,1.031225,0.468175,0.8645,1.105975,1.3015249999999998,1.0397,0.624825,0.957425,1.171525,1.5312,1.1868,0.718275,0.3927,0.725225,1.6007250000000002,1.1491,0.88715,0.498,1.001675,1.71705,1.391875,0.626625,0.1965,1.294575,1.423375,1.349275,0.642475,0.53015,1.0234999999999999,1.400375,0.89415,0.28345,0.47145000000000004,0.78845,1.2392,1.031425,0.799475,0.6432249999999999,0.6653749999999999,1.0802749999999999,0.879775,0.9997499999999999,0.22535,0.47665,1.078625,1.27835,1.0012249999999998,0.21250000000000002,0.40715,0.735525,1.1649,0.401975,-0.043075,0.5121,1.016025,1.365025,0.6198,0.04665,0.331225,0.8539,0.85055,0.305375,0.380725,0.188575,0.9283250000000001,0.860575,0.64815,0.20702500000000001,0.051475,0.4209,0.540975,0.8430249999999999,0.2305,0.15895,0.41715,0.925225,0.81465,0.274425,-0.174825,0.09684999999999999,1.144325,0.6898,0.278225,0.04695,0.22445,1.1122,0.7603,0.17550000000000002,-0.21165,0.325525,0.500575,0.642825,0.29385,-0.018775,0.437625,0.43605,0.6749,0.0818,0.046924999999999994,-0.1963,0.09415,0.8382999999999999,0.483475,0.256575,0.020125,0.479475,0.63075,0.3745,-0.21505000000000002,-0.304725,0.5148250000000001,0.4889,0.406425,-0.012775,-0.0896,0.28925,0.60915,-0.038474999999999995,-0.29150000000000004,0.08762500000000001,0.182675,0.54445,0.21855,-0.13140000000000002,-0.010775,0.061225,0.29612499999999997,0.008475,0.158825,-0.14277499999999999,-0.074125,0.5307999999999999,0.48675,0.011824999999999999,-0.262725,-0.162625,0.202025,0.6065,-0.17352499999999998,-0.44325000000000003,0.1052,0.339225,0.605325,-0.1472,-0.307775,-0.259275,0.259125,-0.046075000000000005,-0.373975,-0.13145,-0.208325,0.488325,0.232375,0.1803,-0.421675,-0.1912,0.07435,0.180225,0.330875,-0.1639,-0.32235,0.1124,0.524775,0.1146,-0.3254,-0.458625,-0.279825,0.65325,0.020975,-0.205225,-0.4057,-0.215775,0.265625,0.007,-0.446025,-0.708725,-0.16999999999999998,-0.1237,-0.103675,-0.187475,-0.364475,-0.151775,-0.18905,-0.085025,-0.4257,-0.33075,-0.530275,-0.32130000000000003,0.114025,-0.048375,-0.334025,-0.3023,0.010675,-0.073575,-0.034675,-0.64295,-0.81065,0.16435,0.08852499999999999,-0.2355,-0.42015,-0.48719999999999997,-0.36845000000000006,-0.027275,-0.39702499999999996,-0.7430749999999999,-0.32,-0.1943,0.139,-0.435675,-0.3311,-0.45125000000000004,-0.34135,-0.2432,-0.6597,-0.44135,-0.5573750000000001,-0.584175,-0.07885,0.08122499999999999,-0.38635,-0.659025,-0.45875,-0.24325,0.2173,-0.6293,-0.8918,-0.411225,-0.224275,-0.060375,-0.587175,-0.700225,-0.701875,-0.16925,-0.5174749999999999,-0.740675,-0.659775,-0.538375,-0.212125,-0.328725,-0.5817,-0.697275,-0.699025,-0.74835,-0.557975,-0.238825,-0.5687,-0.739625,-0.477275,-0.10715,-0.578675,-0.8268249999999999,-0.979825,-0.8964,0.09475,-0.586875,-0.733125,-0.956175,-0.58845,-0.28400000000000003,-0.6648499999999999,-0.883475,-1.064525,-0.52745,-0.6653,-0.5635749999999999,-0.66855,-0.79185,-0.723025,-0.632225,-0.618725,-0.837625,-0.7602,-0.987575,-0.8576999999999999,-0.47135,-0.5945,-0.773225,-0.8337749999999999,-0.595675,-0.68635,-0.550375,-1.1555499999999999,-1.292725,-0.490575,-0.6755,-0.849325,-0.910575,-1.12275,-0.95875,-0.771825,-1.0679750000000001,-1.184575,-1.089275,-0.97415,-0.66005,-1.0686499999999999,-0.86185,-0.918375,-1.0571,-0.77225,-0.985175,-0.9094,-0.9436249999999999,-1.256775,-0.6777,-0.912625,-0.9357500000000001,-1.175075,-1.3136,-1.913025,-0.69415,-1.46895,-1.291025,-0.679875,-0.7279,-1.1291,-1.091825,-1.252425,-1.2210999999999999,-1.4840499999999999,-1.39465,-0.875575,-1.2368999999999999,-0.9885,-0.47065,-1.408225,-0.8008500000000001,-1.3139750000000001,-0.944825,0.0,0.0,0.0,0.0,0.0,0.0,0.0,0.0,0.0,0.0,0.0,0.0,0.0,0.0,0.0,0.0,0.0,0.0,0.0,0.0,0.0,0.0,0.0,0.0,0.0,0.0,0.0,0.0,0.0
0.0,0.0,0.0,0.0,0.0,0.0,0.0,0.0,0.0,0.0,0.0,0.0,0.0,0.0,0.0,0.0,0.0,0.0,0.0,0.0,0.0,0.0,0.0,0.0,0.0,0.0,0.0,0.0,0.0,1.01095,0.91745,2.056425,1.276425,0.940375,0.47635,1.281175,2.2457,1.5361,1.252875,0.392525,1.1154,1.7207750000000002,1.309575,0.982225,0.562975,1.196575,1.4782,1.35575,0.8876999999999999,0.77685,0.727225,0.89825,1.673675,0.77625,0.7754000000000001,0.9715,1.12605,1.4354,1.068625,0.723,0.00275,1.35585,1.4726249999999999,1.3000500000000001,0.6683250000000001,0.270225,1.2373,1.393275,0.9886999999999999,-0.036875,0.555125,1.0504,1.525275,1.0413,0.32995,0.5102,0.880875,1.37205,0.655125,0.452225,0.3264,0.70295,1.556175,1.2225000000000001,0.835725,0.4208,0.49045,0.914625,1.097125,0.592,-0.15945,0.404225,0.7623249999999999,1.3333,0.5452250000000001,0.143025,0.22847499999999998,0.90325,0.859275,0.172425,0.28725,0.35462499999999997,1.018225,0.973625,0.47265,0.23472500000000002,0.2144,0.833325,0.480275,0.7831,0.221625,0.35505,0.6045750000000001,0.7243,0.572325,0.192,0.15285,0.21225,0.8755999999999999,0.5984499999999999,0.15589999999999998,0.18795,0.441225,1.0953499999999998,0.66155,-0.013474999999999999,-0.264525,0.34282500000000005,0.74285,0.487125,0.273025,0.152675,0.63425,0.664875,0.585075,-0.1038,-0.1263,0.329725,0.2593,0.764825,0.3337,0.10175,0.249175,0.554425,0.562625,0.266625,-0.083425,-0.27180000000000004,0.572,0.588,0.365275,-0.126525,-0.1169,0.5522750000000001,0.642825,0.224575,-0.35967499999999997,-0.034375,0.4222,0.7710250000000001,0.26505,-0.202775,-0.028375,0.17845,0.4744,-0.104025,-0.0458,-0.123425,0.000425,0.49615,0.46404999999999996,0.118025,-0.030975,0.061675,0.15835,0.382625,-0.155225,-0.47805000000000003,0.0006249999999999999,0.32445,0.6044750000000001,-0.12190000000000001,-0.3058,-0.1704,0.263725,0.231675,-0.394075,-0.23729999999999998,-0.02425,0.454675,0.230675,-0.1299,-0.3763,-0.076225,0.19542500000000002,-0.18495,-0.03725,-0.22307500000000002,-0.147,0.0706,0.22515,0.102375,-0.1792,-0.24375,-0.44162500000000005,0.441625,0.1238,-0.270775,-0.236775,0.028149999999999998,0.434375,-0.045774999999999996,-0.392275,-0.72905,-0.2089,0.0308,-0.22192499999999998,-0.43879999999999997,-0.415675,0.028925,0.064,-0.0139,-0.5684,-0.33335,-0.323225,-0.212625,0.062400000000000004,-0.257475,-0.326575,-0.261375,-0.0233,-0.208625,-0.10295,-0.4864,-0.65605,0.19,-0.08332500000000001,0.037375,-0.474075,-0.5132,-0.071275,-0.040875,-0.1555,-1.031475,-0.5756,-0.0737,0.150225,-0.242225,-0.49720000000000003,-0.35515,-0.25017500000000004,-0.0704,-0.490075,-0.408975,-0.613775,-0.5578500000000001,-0.128475,-0.3208,-0.257375,-0.66315,-0.34235,-0.5106,0.01095,-0.428825,-0.7421,-0.402825,-0.147175,-0.0273,-0.6959500000000001,-0.775875,-0.6933,-0.2344,-0.266125,-0.84785,-0.64165,-0.427375,-0.10214999999999999,-0.40455,-0.50575,-0.8149500000000001,-0.651,-0.23615,-0.6847,-0.4235,-0.59975,-0.7312000000000001,-0.49587499999999995,-0.38435,-0.5458500000000001,-0.634625,-0.75295,-0.814575,-0.328025,-0.5501750000000001,-0.70875,-0.79745,-0.644725,-0.2359,-0.659125,-0.925975,-0.969,-0.6978,-0.433925,-0.65715,-0.7510749999999999,-0.58455,-0.41359999999999997,-0.525075,-0.696675,-1.0173999999999999,-0.7536,-0.6996249999999999,-0.815525,-0.47825,-0.8213,-0.910825,-0.7682249999999999,-0.646575,-0.729625,-0.696725,-1.0355750000000001,-1.2633,-0.459175,-0.6934,-0.810675,-1.10435,-1.12255,-0.670275,-0.517775,-0.8169500000000001,-1.2507000000000001,-1.0551249999999999,-0.5483250000000001,-0.6525,-1.1921,-1.0347,-0.79715,-1.0867499999999999,-0.53695,-1.185875,-0.9086500000000001,-0.944475,-1.301525,-1.2203,-0.80465,-1.0028000000000001,-0.873875,-0.99135,-1.13605,-0.723075,-1.1396,-1.7254,-1.1991,-0.834525,-0.979375,-0.998525,-1.166125,-1.4110500000000001,-0.95135,-1.07965,-1.227075,-1.0898,-0.919525,-0.8463750000000001,-1.0015,-1.002725,-1.252325,-0.981675,-0.4587,-1.2903499999999999,-0.7929999999999999,0.0,0.0,0.0,0.0,0.0,0.0,0.0,0.0,0.0,0.0,0.0,0.0,0.0,0.0,0.0,0.0,0.0,0.0,0.0,0.0,0.0,0.0,0.0,0.0,0.0,0.0,0.0,0.0,0.0
0.0,0.0,0.0,0.0,0.0,0.0,0.0,0.0,0.0,0.0,0.0,0.0,0.0,0.0,0.0,0.0,0.0,0.0,0.0,0.0,0.0,0.0,0.0,0.0,0.0,0.0,0.0,0.0,2.989825,2.1716499999999996,1.582775,1.2278250000000002,1.8238750000000001,2.1073749999999998,2.063175,0.9152,0.55445,1.21415,1.71375,1.527475,1.1157249999999999,0.345525,1.236025,1.7072,1.493525,0.56515,0.503625,1.15985,1.0444,1.504125,0.8526,0.882825,0.9463,1.1751,1.316175,0.855,0.73575,0.247925,1.0877999999999999,1.749625,1.202475,0.91565,0.6269,1.3206,1.4491,1.140225,0.150725,0.455975,1.164375,1.457675,1.1504,0.4212,0.66375,0.966,1.36245,0.56185,0.29765,0.58495,0.642925,1.3905750000000001,1.0503500000000001,0.5170750000000001,0.6392249999999999,0.748175,0.7969999999999999,0.880525,0.59575,0.170875,0.7021999999999999,1.036975,1.113925,0.5119750000000001,0.129725,0.418875,0.89185,1.247925,0.15907500000000002,0.156875,0.5151749999999999,1.277425,1.1482,0.470925,0.101025,0.27432500000000004,1.1223,0.5954250000000001,0.387025,0.29325,0.374125,0.996325,0.73465,0.614725,0.14072500000000002,0.26565,0.3055,0.77005,0.67115,0.085575,0.2013,0.5168,1.1225,0.5727,0.2173,-0.238375,0.276525,1.12985,0.408475,0.227025,-0.055775,0.56955,0.889375,0.6832,0.03875,-0.12765,0.49455,0.304275,0.592375,0.094875,0.037325,0.35559999999999997,0.42185,0.4112,0.211975,0.060325000000000004,-0.174775,0.420475,0.553275,0.283325,-0.020149999999999998,-0.0007999999999999999,0.442125,0.4205,0.284975,-0.36575,-0.17265,0.66595,0.561825,0.19242499999999998,-0.240325,0.1041,0.39732500000000004,0.7388250000000001,-0.11170000000000001,-0.25955,0.11155000000000001,0.266325,0.5929,0.17712499999999998,0.043824999999999996,-0.02065,0.25925,0.234075,0.016675,-0.117125,-0.245925,0.14947500000000002,0.459625,0.4784,-0.008674999999999999,-0.371825,-0.215725,0.14354999999999998,0.5565,-0.2955,-0.24925,0.09709999999999999,0.642575,0.3751,-0.16355,-0.442125,-0.0857,0.5527,-0.159775,-0.13022499999999998,-0.24680000000000002,-0.160225,0.405575,0.2972,-0.13125,-0.33742500000000003,-0.07855,-0.251375,0.329825,0.0128,-0.39075,-0.23504999999999998,-0.03415,0.499725,0.014375,-0.23162500000000003,-0.6363749999999999,-0.145875,0.430625,-0.12940000000000002,-0.4798,-0.41445,-0.07305,-0.056600000000000004,-0.091225,-0.60985,-0.5630000000000001,0.07825,-0.06845000000000001,0.07435,-0.342,-0.207075,-0.25465,-0.049275,-0.315625,-0.390075,-0.3265,-0.5440499999999999,0.05655,-0.021075,0.0018,-0.411225,-0.389975,-0.137675,-0.074375,-0.251975,-0.868225,-0.61555,0.145025,0.121075,-0.5093000000000001,-0.484075,-0.36014999999999997,-0.11624999999999999,0.24714999999999998,-0.674275,-0.423925,-0.32439999999999997,-0.1421,-0.077275,-0.55665,-0.6776,-0.672475,-0.372825,-0.48365,-0.244425,-0.45077500000000004,-0.748875,-0.35435000000000005,-0.0766,0.08755,-0.495,-0.57185,-0.511075,-0.252075,-0.108525,-0.8417,-0.772125,-0.33399999999999996,0.027775,-0.25522500000000004,-0.691125,-0.887875,-0.6088,-0.073175,-0.6213,-0.584125,-0.713325,-0.496025,-0.19655,-0.44675,-0.6637,-0.8012,-0.49435,-0.8017000000000001,-0.32530000000000003,-0.44155,-0.657875,-0.7408,-0.62715,-0.26275000000000004,-0.58175,-0.692025,-1.1281750000000001,-0.8631,-0.19122499999999998,-0.567475,-0.7855,-0.9418,-0.483975,-0.40385,-0.446275,-1.0031,-0.8873249999999999,-0.470725,-0.764825,-0.5537,-0.766725,-0.74655,-0.777525,-0.676075,-0.9285,-0.916975,-0.7031000000000001,-0.982075,-0.7364,-0.883275,-0.7309749999999999,-0.891525,-1.1034249999999999,-0.689375,-0.7736,-0.603625,-1.312775,-0.908075,-0.761375,-0.696375,-0.8229,-1.051525,-0.84745,-0.74855,-0.6474,-1.460075,-0.921825,-0.9205749999999999,-0.8641000000000001,-0.62245,-0.949525,-0.993375,-0.9064,-1.0712249999999999,-1.2433,-0.679675,-0.79695,-1.039725,-1.12895,-1.256925,-1.4615,-1.23995,-1.6603,-0.6873750000000001,-1.0055,-0.672025,-0.990775,-1.20275,-1.098775,-0.618975,-0.7612,-1.2922,-1.14635,-1.1224500000000002,-0.63225,-0.968425,-0.9157,-1.2055,-1.8638499999999998,-1.1599499999999998,-0.925075,0.0,0.0,0.0,0.0,0.0,0.0,0.0,0.0,0.0,0.0,0.0,0.0,0.0,0.0,0.0,0.0,0.0,0.0,0.0,0.0,0.0,0.0,0.0,0.0,0.0,0.0,0.0,0.0
0.0,0.0,0.0,0.0,0.0,0.0,0.0,0.0,0.0,0.0,0.0,0.0,0.0,0.0,0.0,0.0,0.0,0.0,0.0,0.0,0.0,0.0,0.0,0.0,0.0,0.0,0.0,0.0,1.19675,1.3143500000000001,2.182025,1.534525,1.0375,0.7062999999999999,1.2559500000000001,1.961725,1.59225,1.1724999999999999,0.977275,1.53985,1.838425,1.668925,0.50285,0.3594,1.3481,1.33765,1.228775,0.72455,0.44672500000000004,1.3781999999999999,1.627325,1.3034249999999998,0.5044249999999999,0.66755,0.812125,1.038525,1.474575,0.921825,1.111,0.89155,1.10425,1.33,0.9687,0.393375,0.562225,1.5812,1.3673,1.321,0.583975,0.555075,1.192625,1.595025,0.65315,0.180625,0.51085,0.959225,1.65425,0.80455,0.4079,0.6923,0.8622,1.170925,0.6783250000000001,0.698775,0.278325,0.8404,1.1473499999999999,1.006775,0.658825,0.214275,0.5176999999999999,0.719,1.126325,0.294475,0.065375,0.60085,0.94335,1.038425,0.33355,0.18005,0.28364999999999996,1.024,0.6621250000000001,0.180475,0.17875,0.3584,1.271225,0.811975,0.3839,-0.01375,0.441275,0.500325,0.591575,0.438725,0.24025000000000002,0.45537500000000003,0.600175,0.826225,0.3245,0.127525,-0.009399999999999999,0.3427,1.1182500000000002,0.499875,0.24335,0.053774999999999996,0.6431,0.7678,0.5834250000000001,-0.0784,-0.109975,0.7196,0.637625,0.60065,-0.097825,-0.021625000000000002,0.624325,0.592625,0.36195,-0.146175,0.22755,0.2569,0.613375,0.602175,0.257775,0.121775,0.124875,0.6038,0.303525,0.287925,-0.334875,-0.154975,0.7081,0.72775,0.403825,-0.232,0.01295,0.37535,0.63115,-0.100275,-0.359425,0.038925,0.442125,0.664125,0.121275,-0.206425,-0.05685,0.2828,0.291325,-0.023275,0.12455,-0.05675,0.25165,0.5669249999999999,0.1901,-0.0731,-0.110625,0.13255,0.091525,0.540875,-0.272725,-0.404075,0.07819999999999999,0.628525,0.2591,-0.16720000000000002,-0.281725,-0.164825,0.562125,0.00495,-0.281575,-0.087775,-0.033225,0.60715,0.115175,-0.34375,-0.590875,-0.12725,0.070125,0.13890000000000002,0.076825,-0.194675,-0.0059,0.02985,0.3475,-0.259425,-0.312475,-0.40137500000000004,-0.13090000000000002,0.5451250000000001,-0.083375,-0.3307,-0.37960000000000005,0.059325,0.0975,-0.15405,-0.751325,-0.640675,0.018125000000000002,-0.0186,-0.045774999999999996,-0.45305,-0.28795000000000004,0.118575,0.114725,-0.259075,-0.608975,-0.20779999999999998,-0.306475,-0.0781,-0.013,-0.277775,-0.2942,-0.313575,0.16895,-0.1583,-0.088875,-0.714075,-0.509675,0.40315,-0.022574999999999998,-0.174175,-0.7495750000000001,-0.5027,-0.272875,-0.12685,-0.48805,-0.674275,-0.2748,0.080075,0.2452,-0.30715,-0.727025,-0.50125,-0.26275000000000004,-0.58765,-0.683875,-0.2714,-0.5107,-0.3057,-0.198075,-0.0395,-0.509675,-0.5527500000000001,-0.42684999999999995,-0.3876,-0.08265,-0.7007,-0.865625,-0.390725,-0.15152500000000002,-0.31074999999999997,-0.5695749999999999,-0.684825,-0.78735,-0.06935,-0.57255,-0.6485749999999999,-0.75875,-0.348775,-0.116825,-0.4529,-0.703825,-0.877775,-0.35667499999999996,-0.619625,-0.63295,-0.5112000000000001,-0.6282,-0.506075,-0.617,-0.31825,-0.7762249999999999,-0.7531,-0.914825,-0.7934249999999999,-0.1764,-0.5912499999999999,-0.83405,-0.8065249999999999,-0.476125,-0.338225,-0.650025,-0.997175,-0.9559500000000001,-0.2159,-0.561975,-0.6079749999999999,-0.9808749999999999,-0.7521249999999999,-0.599725,-0.53845,-0.8653,-1.112275,-0.7374750000000001,-0.769275,-0.6665000000000001,-0.623,-0.7030000000000001,-1.0931,-0.91965,-0.7252,-0.945525,-0.901475,-1.242125,-1.103575,-0.46945,-0.49015,-0.880125,-0.9581500000000001,-1.098525,-0.7314,-0.586775,-1.2082,-1.194425,-1.0102499999999999,-0.9488,-0.717125,-1.151975,-1.0370750000000002,-1.2285,-0.71465,-1.0479,-1.154575,-0.852375,-0.74815,-1.004375,-0.6614249999999999,-0.67705,-1.1300750000000002,-1.463125,-1.1877499999999999,-1.3269,-0.6036,-1.21075,-1.327225,-1.05735,-0.901125,-1.3308,-1.073575,-1.3163,-1.0389499999999998,-0.807525,-1.075075,-1.111825,-1.407825,-0.76175,-1.039125,-1.497625,-0.7483249999999999,-1.0048249999999999,-0.750975,0.0,0.0,0.0,0.0,0.0,0.0,0.0,0.0,0.0,0.0,0.0,0.0,0.0,0.0,0.0,0.0,0.0,0.0,0.0,0.0,0.0,0.0,0.0,0.0,0.0,0.0,0.0,0.0
0.0,0.0,0.0,0.0,0.0,0.0,0.0,0.0,0.0,0.0,0.0,0.0,0.0,0.0,0.0,0.0,0.0,0.0,0.0,0.0,0.0,0.0,0.0,0.0,0.0,0.0,0.0,0.0,3.368725,1.411025,1.7441,1.3702,2.015225,1.247975,1.1401999999999999,1.189125,1.4564,2.506825,1.7178,0.7298,0.354575,1.203625,1.5931,1.346725,0.95265,0.57875,1.290975,1.39385,1.297175,0.462375,0.816775,0.8403499999999999,1.3084,1.165925,0.84685,1.14025,1.0481749999999999,1.390625,1.2206,1.078275,0.634325,0.58485,1.66365,1.323825,1.0963,0.397975,0.585975,1.00325,1.218475,0.6921250000000001,0.008624999999999999,0.793425,1.218925,1.497825,0.815975,0.2054,0.698625,1.05475,1.3493499999999998,0.39535,0.5919000000000001,0.8513999999999999,1.1678,1.3749500000000001,0.89645,0.5511499999999999,0.465575,0.9833999999999999,0.7055250000000001,0.8840250000000001,0.30222499999999997,0.24945,0.79875,1.105375,0.9899,0.296925,0.18132500000000001,0.34762499999999996,0.9777,0.8019,0.14145,0.26395,0.5788500000000001,1.3111,0.767625,0.33585,-0.105275,0.531625,1.02005,0.52925,0.3975,0.205525,0.7149,0.9001,0.9402999999999999,0.1647,0.10745,0.202875,0.45582500000000004,0.9692,0.341825,0.242275,0.2066,0.5513,0.913575,0.39592499999999997,0.011349999999999999,-0.388975,0.5448500000000001,0.774875,0.5575,0.1181,0.11170000000000001,0.7641,0.6702250000000001,0.255925,-0.29969999999999997,0.029225,0.4787,0.532,0.503275,0.065825,0.187275,0.37229999999999996,0.6484,0.1102,0.0717,-0.077825,-0.026475,0.68555,0.37485,0.29619999999999996,-0.13305,0.0576,0.457775,0.48577499999999996,-0.08115,-0.486675,0.093875,0.539525,0.693325,-0.062349999999999996,-0.25695,-0.0101,0.43574999999999997,0.50115,-0.2536,0.004175,0.125575,0.349275,0.47125,0.12415,-0.152125,0.054525000000000004,0.4118,0.002425,0.307975,-0.135175,-0.0163,0.4406,0.27065,0.21407500000000002,-0.212725,-0.221025,-0.08405,0.38315,0.048825,-0.33855,-0.4308,0.106225,0.79715,-0.0028250000000000003,-0.31405000000000005,-0.580775,0.08345,0.424325,-0.06292500000000001,-0.069325,-0.2323,0.1502,0.33187500000000003,0.35435,-0.203725,-0.2357,-0.170725,-0.173475,0.326275,-0.116675,-0.1578,-0.2884,0.016,0.21664999999999998,-0.14285,-0.377925,-0.681825,-0.073075,0.09235,-0.155925,-0.5043249999999999,-0.308625,0.0016250000000000001,0.108375,-0.2692,-0.683325,-0.269825,0.0194,0.03125,-0.140525,-0.45055,-0.287275,-0.13975,0.05145,-0.48160000000000003,-0.2597,-0.399375,-0.35635,0.15514999999999998,0.0168,-0.264975,-0.550825,-0.29295000000000004,-0.393775,-0.131475,-0.7280249999999999,-0.7873749999999999,-0.423875,0.17754999999999999,0.3236,-0.5137,-0.4494,-0.5082,0.10504999999999999,-0.0528,-0.818575,-0.515,-0.232775,-0.192325,-0.141,-0.280825,-0.534925,-0.47809999999999997,-0.28565,-0.3815,-0.2122,-0.563225,-0.55555,-0.13437500000000002,-0.13935,-0.37235,-0.6633249999999999,-0.69255,-0.534125,-0.11415,-0.468,-0.70935,-0.755125,-0.28035,-0.124275,-0.48560000000000003,-0.6997249999999999,-0.98195,-0.426125,-0.1415,-0.6614249999999999,-0.6144,-0.623475,-0.4269,-0.363725,-0.36155,-0.7572,-0.6005,-0.6686,-0.77015,-0.239175,-0.6296999999999999,-0.7936749999999999,-0.89215,-0.52055,-0.41045,-0.7443500000000001,-0.882425,-1.0734750000000002,-0.597475,-0.37634999999999996,-0.5666249999999999,-0.97365,-0.723025,-0.48655,-0.57965,-0.8079000000000001,-1.2243499999999998,-0.580975,-0.60765,-0.46477500000000005,-0.665725,-0.96805,-0.7953749999999999,-0.7883,-0.605975,-1.0310249999999999,-0.5932000000000001,-1.0692499999999998,-1.0132750000000001,-0.5825,-0.890975,-0.9616750000000001,-1.1791749999999999,-0.8255,-0.808175,-0.43629999999999997,-0.985475,-1.2980749999999999,-0.90725,-0.774925,-0.764075,-1.1084749999999999,-1.020025,-1.168675,-1.0082,-0.7953749999999999,-1.2035,-0.943575,-0.6827,-1.0471750000000002,-1.077525,-1.072,-1.1031499999999999,-0.978775,-0.700825,-0.9318500000000001,-0.834775,-1.269725,-1.3894,-1.4175,-1.0605250000000002,-1.0476,-1.00875,-1.762475,-1.18825,-0.7741250000000001,-1.1347,-1.1217249999999999,-0.947775,-1.284625,-0.5749,-0.9688749999999999,-0.85195,-1.3327749999999998,-0.21515,-1.3072750000000002,-1.46465,-1.6651,0.0,0.0,0.0,0.0,0.0,0.0,0.0,0.0,0.0,0.0,0.0,0.0,0.0,0.0,0.0,0.0,0.0,0.0,0.0,0.0,0.0,0.0,0.0,0.0,0.0,0.0,0.0,0.0
0.0,0.0,0.0,0.0,0.0,0.0,0.0,0.0,0.0,0.0,0.0,0.0,0.0,0.0,0.0,0.0,0.0,0.0,0.0,0.0,0.0,0.0,0.0,0.0,0.0,0.0,0.0,0.6849,1.3271,1.91785,0.8122,1.0102,1.7960500000000001,1.688,2.446525,1.193375,0.831475,0.839125,1.630125,1.8693,1.1258249999999999,0.9257,0.77755,1.73265,1.5263,1.205575,0.094975,0.431375,1.5145,1.376,1.30815,0.447,0.6298,1.5862,1.447775,1.106425,0.8328500000000001,0.70845,0.98625,1.73555,1.356325,1.02955,0.7826,0.8241499999999999,1.324475,1.124675,0.799,0.07855,0.6641750000000001,1.2238,1.4082,0.93445,0.328675,0.6543,1.20575,1.569225,0.324925,0.28765,0.49924999999999997,1.233625,1.7180499999999999,0.88855,0.483775,0.447525,1.1667999999999998,0.766875,0.75215,0.53065,0.35202500000000003,0.912825,0.891525,0.855375,0.4353,0.357725,0.494025,0.8938250000000001,0.7548250000000001,0.1609,0.284425,0.631125,1.12205,0.709775,0.309975,-0.053075,0.49575,1.28185,0.477875,0.37732499999999997,0.1709,0.63475,1.0926500000000001,0.677,0.108125,0.14742499999999997,0.606625,0.527375,0.735025,0.13305,0.253,0.45055,0.66135,0.7926249999999999,0.29705,0.16774999999999998,-0.14965,0.622125,0.80685,0.421875,0.084375,0.19445,0.797625,0.7487250000000001,0.44389999999999996,-0.39405,0.001575,0.67725,0.604125,0.500625,-0.026575,0.21195,0.594025,0.7013,0.023575,-0.0571,0.1817,0.284075,0.851975,0.33499999999999996,0.18185,0.01635,0.1313,0.4769,0.252525,0.094675,-0.47050000000000003,0.13605,0.6449750000000001,0.601675,0.059025,-0.07844999999999999,0.0738,0.53415,0.63215,-0.33757499999999996,-0.266175,0.10175000000000001,0.508075,0.41407499999999997,-0.11995,-0.234675,-0.06922500000000001,0.35355,-0.008450000000000001,0.12075,-0.085975,-0.117475,0.3791,0.22355,0.3366,-0.123125,-0.15387499999999998,-0.18232500000000001,0.194225,0.3026,-0.293075,-0.2638,0.12532500000000002,0.533775,0.042725,-0.15694999999999998,-0.388375,0.141625,0.6891,-0.09455,-0.171175,-0.184375,0.10875,0.360925,0.082175,-0.4538,-0.41964999999999997,0.203825,-0.04615,0.222675,-0.186525,-0.16467500000000002,-0.0015249999999999999,0.029725,0.043825,-0.208475,-0.262375,-0.5355,0.154075,0.2157,-0.1258,-0.40547500000000003,-0.221975,0.0503,0.013775,-0.171725,-0.827975,-0.358275,0.20377499999999998,0.065075,-0.1087,-0.5001,-0.208475,-0.061575,0.102125,-0.512625,-0.458775,-0.255525,-0.221875,0.153825,-0.20095,-0.25005,-0.49595,-0.254975,-0.048875,-0.27125,-0.33587500000000003,-0.8645,-0.40675,0.0874,-0.21389999999999998,-0.321675,-0.7666000000000001,-0.39925,0.042975,0.16565,-0.531425,-0.6248,-0.211275,0.034999999999999996,-0.018025,-0.65,-0.584425,-0.64325,-0.0919,-0.37695,-0.4663,-0.6513,-0.577,0.009825,-0.27995000000000003,-0.204275,-0.7256,-0.553925,-0.689775,-0.2028,-0.3629,-0.6996749999999999,-0.750475,-0.378975,-0.123925,-0.50845,-0.8438,-0.904675,-0.42945,0.107475,-0.627625,-0.598325,-0.6946,-0.3629,-0.278725,-0.6244000000000001,-0.766725,-0.7366,-0.348225,-0.48545,-0.201175,-0.553825,-0.5374000000000001,-0.55445,-0.44945,-0.460375,-0.7319,-0.7386,-1.057325,-0.535725,-0.36745,-0.463375,-0.886575,-0.7405,-0.3012,-0.42125,-0.6213,-1.301725,-0.7579750000000001,-0.44155,-0.533025,-0.604475,-0.8526,-0.6382749999999999,-0.6227,-0.631775,-1.1164,-0.9027499999999999,-0.9117500000000001,-0.785625,-0.5848,-1.0126750000000002,-0.768125,-1.0516,-0.6731750000000001,-0.8127,-0.699425,-0.824225,-1.13025,-0.7469,-0.6522,-0.401575,-1.188175,-0.835475,-1.2325499999999998,-0.742175,-0.74995,-1.437875,-1.174175,-0.732,-0.696025,-0.691425,-0.920525,-1.3441,-1.1323750000000001,-0.921775,-1.0787499999999999,-0.982875,-1.05995,-0.921575,-1.127975,-0.73565,-0.513975,-1.2676749999999999,-1.423925,-1.649925,-1.106925,-0.58845,-1.20845,-1.124075,-1.0636999999999999,-0.87795,-1.123575,-1.2398500000000001,-1.4852750000000001,-1.483375,-0.5069750000000001,-1.59005,-1.37605,-1.3866749999999999,-0.858625,-1.20315,-1.4118,0.0,0.0,0.0,0.0,0.0,0.0,0.0,0.0,0.0,0.0,0.0,0.0,0.0,0.0,0.0,0.0,0.0,0.0,0.0,0.0,0.0,0.0,0.0,0.0,0.0,0.0,0.0
0.0,0.0,0.0,0.0,0.0,0.0,0.0,0.0,0.0,0.0,0.0,0.0,0.0,0.0,0.0,0.0,0.0,0.0,0.0,0.0,0.0,0.0,0.0,0.0,0.0,0.0,0.0,1.742725,1.358975,1.763175,2.027225,1.2012,1.9617,1.111425,0.783075,1.571775,1.8532,1.3597000000000001,1.24935,0.9813000000000001,1.493475,1.689675,1.3600249999999998,0.43405000000000005,0.37172499999999997,1.4659499999999999,1.5359,1.397225,0.57455,0.583875,1.4522,1.535175,0.9363750000000001,0.28104999999999997,0.89545,0.981325,1.7154500000000001,1.226375,0.789025,0.9766999999999999,0.994925,1.4137,0.9278,0.82655,0.546875,0.777725,1.464825,1.2160250000000001,0.8629,0.321725,0.753225,1.0432,1.51835,0.31735,0.1882,0.8894,1.13705,1.64295,0.4314,0.4424,0.7517,1.4111,1.0355750000000001,0.42255,0.37185,0.61505,1.2614,1.071175,0.815725,0.35397500000000004,0.553775,0.746475,0.717125,0.865175,0.160275,0.497375,0.77025,0.9852,0.6392249999999999,0.160625,0.033475,0.4687,1.1929750000000001,0.57165,0.29662499999999997,0.131125,0.7267,1.314875,0.7460249999999999,0.082525,-0.037075,0.7328250000000001,0.706325,0.67465,0.27915,0.1535,0.59795,0.816275,0.6364000000000001,0.222725,0.2947,0.152225,0.5344,0.85735,0.25945,0.218675,0.14385,0.604625,0.6441749999999999,0.419025,-0.07415,0.034025,0.8505750000000001,0.6791,0.4497,-0.117475,0.155425,0.6146,0.7283,0.053875,-0.25585,0.267025,0.478425,0.7771750000000001,0.2865,0.08815,0.228375,0.444825,0.48945,0.06275,0.1362,-0.2362,0.19355,0.58065,0.376425,0.032350000000000004,-0.1943,0.08445,0.3969,0.5015499999999999,-0.216575,-0.28447500000000003,0.20085,0.543425,0.655025,-0.26135,-0.22725,-0.0934,0.56945,0.116725,-0.289125,-0.07915,0.12075,0.640325,0.34202499999999997,0.109075,-0.254825,-0.01935,0.2185,0.09525,0.283425,-0.313475,-0.149425,0.403375,0.5110250000000001,-0.009,-0.3639,-0.439525,-0.001175,0.67445,0.030025,-0.120575,-0.186375,0.25865,0.543775,-0.0213,-0.50125,-0.6958,0.17452499999999999,0.1974,0.12775,-0.193475,-0.13272499999999998,0.2073,0.15660000000000002,0.019674999999999998,-0.354175,-0.13265,-0.32945,0.009825,0.273175,-0.053250000000000006,-0.338175,-0.25585,0.0442,-0.10975,-0.0916,-0.61015,-0.38265,0.239475,-0.019424999999999998,-0.13419999999999999,-0.575925,-0.295425,-0.014150000000000001,0.146225,-0.588575,-0.762975,-0.176475,-0.040625,0.157675,-0.37075,-0.3658,-0.22015,0.05275,-0.0665,-0.34257499999999996,-0.226925,-0.58425,-0.2112,-0.12955,-0.05885,-0.62975,-0.5043,-0.5181,-0.44135,0.2384,-0.8141,-0.383825,-0.2708,0.28615,-0.0962,-0.644925,-0.6855,-0.5091749999999999,0.002375,-0.39390000000000003,-0.4575,-0.60355,-0.22015,0.137125,-0.37775000000000003,-0.4256,-0.6238250000000001,-0.2717,-0.241475,-0.537025,-0.263375,-0.689075,-0.5964499999999999,-0.09705,-0.13125,-0.62225,-0.6824749999999999,-1.0149249999999999,-0.459625,0.043649999999999994,-0.6101749999999999,-0.6947,-0.7523,-0.283775,0.023075,-0.5228,-0.8040499999999999,-0.941675,-0.33335000000000004,-0.476725,-0.538825,-0.686075,-0.55955,-0.3811,-0.258925,-0.469725,-0.8321000000000001,-0.63765,-0.990925,-0.5602750000000001,-0.23822500000000002,-0.609,-0.731275,-0.8002,-0.49169999999999997,-0.7711749999999999,-0.549225,-1.1862499999999998,-0.997725,-0.407275,-0.63215,-0.5067,-0.926625,-0.7359249999999999,-0.724275,-0.38845,-1.01985,-1.076,-0.676475,-0.6886749999999999,-0.463725,-0.870425,-0.7261249999999999,-1.012375,-0.768825,-0.701175,-1.0201,-0.7038249999999999,-1.14045,-0.7968500000000001,-0.7296,-0.6314249999999999,-1.0553750000000002,-1.015125,-1.055075,-0.9316249999999999,-0.5032749999999999,-1.1861,-0.993425,-0.741125,-0.6875,-0.7592,-1.30985,-1.29995,-0.98445,-0.64005,-1.130775,-0.9313750000000001,-1.12275,-0.81775,-0.8469,-1.0850499999999998,-0.96645,-0.867525,-0.93815,-1.40375,-1.256975,-0.590225,-1.643875,-1.15335,-0.837025,-0.84435,-1.144325,-1.18225,-1.5474,-1.045925,-0.331025,-0.9264,-1.17685,-0.8145749999999999,-1.399975,-0.787725,-1.086975,-0.7570250000000001,-1.3963,-0.9191,0.0,0.0,0.0,0.0,0.0,0.0,0.0,0.0,0.0,0.0,0.0,0.0,0.0,0.0,0.0,0.0,0.0,0.0,0.0,0.0,0.0,0.0,0.0,0.0,0.0,0.0,0.0
0.0,0.0,0.0,0.0,0.0,0.0,0.0,0.0,0.0,0.0,0.0,0.0,0.0,0.0,0.0,0.0,0.0,0.0,0.0,0.0,0.0,0.0,0.0,0.0,0.0,0.0,0.0,0.43779999999999997,1.96775,1.25315,1.3547,1.3966500000000002,1.55585,2.143225,0.91275,0.94665,1.3336999999999999,1.4108,1.3963,1.382225,0.47757499999999997,0.534825,1.50235,1.692225,1.1692,0.97905,0.7202500000000001,1.64775,1.350525,0.5711999999999999,0.21225,1.092775,1.2951,1.554925,1.0694,0.9362999999999999,0.807425,1.4312,1.72715,0.59315,0.741725,0.6773,1.1658,1.84945,0.981725,0.94685,0.5298499999999999,0.8768,0.6995750000000001,1.0546250000000001,0.37505,0.13025,0.8241999999999999,1.4339,1.568825,0.625125,0.313925,0.5996250000000001,1.1396,1.2637999999999998,0.487225,0.60385,0.767775,1.5241500000000001,1.063175,0.49515,0.244525,0.71705,1.1497249999999999,0.63845,0.6255499999999999,0.3066,0.589925,1.000675,0.85315,0.557275,0.22219999999999998,0.231375,0.36195,0.907775,0.3827,0.09937499999999999,0.3204,0.8578,1.2009,0.627225,0.1612,-0.11912500000000001,0.835075,0.9607,0.49195,0.293225,0.21445,0.9134,0.80515,0.43224999999999997,-0.170375,0.124375,0.5348,0.655675,0.910725,0.20379999999999998,0.324875,0.5913999999999999,0.71355,0.468725,0.201875,-0.06657500000000001,0.102225,0.8431,0.644075,0.496125,-0.055725000000000004,0.25954999999999995,0.7325,0.6885,0.075125,-0.3962,0.304625,0.7836000000000001,0.8211250000000001,0.27325,-0.054825,0.28655,0.731625,0.690375,-0.054775000000000004,0.043725,0.054525,0.4591,0.8033,0.255425,0.1043,-0.15545,0.14895,0.2005,0.392525,-0.061849999999999995,-0.331225,0.20354999999999998,0.6701750000000001,0.559525,-0.185325,-0.29385,-0.26675,0.51595,0.239325,-0.33225,-0.0456,0.191625,0.634,0.269925,-0.096775,-0.29235,0.1045,0.43605,-0.040475,0.140375,-0.1287,0.206975,0.3605,0.18745,-0.013925,-0.17905,-0.146075,-0.000475,0.3122,-0.0387,-0.231075,-0.0353,0.378375,0.630275,0.1163,-0.3778,-0.695975,0.239325,0.1002,-0.023675,-0.28959999999999997,-0.132575,0.37625,0.427875,0.04545,-0.559525,-0.143525,0.054474999999999996,0.032625,0.250325,-0.30417500000000003,-0.16295,-0.059525,0.1236,-0.17005,-0.25529999999999997,-0.475975,-0.4944,0.177325,0.0191,-0.231775,-0.58655,-0.3372,0.071125,0.025050000000000003,-0.50305,-0.8532,-0.10039999999999999,0.2817,0.1631,-0.305875,-0.4315,-0.203075,0.1504,-0.011375,-0.5711,-0.335675,-0.302025,-0.003475,0.099175,-0.29035,-0.505225,-0.595375,-0.491825,-0.38454999999999995,-0.223175,-0.341075,-0.8769,-0.128275,-0.005375,0.080675,-0.5089250000000001,-0.788975,-0.448,-0.018000000000000002,-0.3049,-0.8342,-0.44322500000000004,-0.310975,-0.009049999999999999,-0.422675,-0.460675,-0.7476,-0.30255,-0.207325,-0.36995,-0.2853,-0.445575,-0.376025,-0.2047,-0.29257500000000003,-0.49255000000000004,-0.7115,-0.658925,-0.7129,-0.2075,-0.6458,-0.59195,-0.692625,-0.25995,-0.046024999999999996,-0.545975,-0.701275,-1.055475,-0.128925,-0.163875,-0.68805,-0.748875,-0.6001500000000001,-0.371625,-0.289675,-0.5422,-0.9764,-0.45894999999999997,-0.437575,-0.404575,-0.43784999999999996,-0.610725,-0.608275,-0.62215,-0.50265,-0.81745,-0.6079749999999999,-0.9049499999999999,-0.8144,-0.4323,-0.62555,-0.592175,-1.09985,-0.8071,-0.494975,-0.446575,-0.85185,-1.26925,-0.7194,-0.304275,-0.500575,-0.9452,-1.011425,-0.694325,-0.70755,-0.7725249999999999,-1.135675,-0.8343499999999999,-0.877475,-0.7549,-0.6790999999999999,-0.800325,-0.9638500000000001,-1.183875,-1.0010000000000001,-1.0632,-0.671975,-1.086125,-1.203425,-0.8459249999999999,-0.82545,-0.4515,-1.168675,-1.126525,-1.304425,-0.8198749999999999,-0.681175,-1.32165,-1.14275,-0.756875,-0.743975,-1.2150249999999998,-1.192625,-1.1976499999999999,-1.2345249999999999,-0.6040749999999999,-1.3414000000000001,-0.7279,-1.175425,-1.1556,-1.54265,-1.1258499999999998,-1.3072,-1.18015,-1.109725,-1.256125,-1.0135999999999998,-1.1993749999999999,-1.059475,-1.506025,-0.7819,-1.149175,-1.0186,-1.303,-1.27905,-0.7743,-0.8156,-1.6821249999999999,-1.636625,0.0,0.0,0.0,0.0,0.0,0.0,0.0,0.0,0.0,0.0,0.0,0.0,0.0,0.0,0.0,0.0,0.0,0.0,0.0,0.0,0.0,0.0,0.0,0.0,0.0,0.0,0.0
0.0,0.0,0.0,0.0,0.0,0.0,0.0,0.0,0.0,0.0,0.0,0.0,0.0,0.0,0.0,0.0,0.0,0.0,0.0,0.0,0.0,0.0,0.0,0.0,0.0,0.0,0.0,1.2729,1.645125,1.174075,2.111775,0.9873,0.91645,1.8991250000000002,2.200525,1.8122500000000001,0.9255,0.7867,0.759725,1.564775,1.4338000000000002,1.02985,0.5863,0.91015,1.853,1.48235,1.080475,0.20550000000000002,0.7491749999999999,1.540225,1.4144999999999999,1.09055,0.407725,1.0630249999999999,1.6428,1.4391749999999999,0.86925,0.53315,0.858725,1.26095,1.803075,0.970725,0.9881500000000001,0.772825,1.326575,0.90055,0.6289499999999999,0.59345,0.27297499999999997,1.0281500000000001,1.295525,1.1717,0.569125,0.64515,0.736075,1.245625,1.3314,0.2727,0.462075,0.844225,1.513325,1.4824,0.380925,0.252625,0.7419,1.223775,0.6381,0.488,0.380625,0.95605,1.4434,0.88125,0.47175,0.1336,0.77995,0.59095,0.7727499999999999,0.43795,0.12037500000000001,0.4436,0.8190500000000001,1.157975,0.478425,0.17235,-0.046225,0.827675,1.110725,0.522475,0.32875,0.20385,0.9528,1.139175,0.3678,-0.267825,0.1568,0.65755,0.5853,0.8222,0.046575,0.4596,0.7347,0.870325,0.381525,0.0627,0.2426,0.10297500000000001,0.6885249999999999,0.435675,0.460425,0.1338,0.355375,0.5685,0.509425,0.214,-0.3287,0.3282,0.796375,0.6775249999999999,0.38755,-0.121925,0.281425,0.530575,0.70825,-0.224875,-0.029525,0.349525,0.66215,0.776975,-0.010875,0.07565,0.015975000000000003,0.400775,0.207475,0.1065,-0.0626,-0.1698,0.46157499999999996,0.5425249999999999,0.4252,-0.223175,-0.04735,0.1458,0.47155,0.38454999999999995,-0.4187,-0.15685000000000002,0.34402499999999997,0.6973,0.28795,-0.1286,-0.332625,0.2252,0.535825,-0.031299999999999994,-0.084575,-0.17472500000000002,0.28417499999999996,0.6844,0.176875,-0.18955,-0.3393,-0.0237,-0.080625,0.201375,0.042825,-0.124975,-0.0998,0.295775,0.4531,-0.059199999999999996,-0.20835,-0.526975,0.30095,0.500675,-0.1573,-0.26327500000000004,-0.2181,0.26535,0.16255,-0.037875,-0.564975,-0.27985000000000004,0.32084999999999997,0.20105,0.20145,-0.3338,-0.10275000000000001,0.017275,0.118575,-0.2882,-0.22519999999999998,-0.18112499999999998,-0.3568,0.109575,-0.0497,-0.1991,-0.334725,-0.09865,0.025500000000000002,-0.044675,-0.268,-0.760475,-0.196575,0.2224,-0.013175,-0.253675,-0.41657500000000003,-0.115925,0.007825,0.1407,-0.6517999999999999,-0.3552,-0.1223,0.061649999999999996,0.180925,-0.3874,-0.4808,-0.36985,-0.15265,-0.4738,-0.30245,-0.374025,-0.390975,-0.38705,-0.21457500000000002,-0.06512499999999999,-0.7060500000000001,-0.18282500000000002,-0.5555749999999999,-0.000275,-0.173375,-0.784225,-0.553375,-0.071625,0.03215,-0.29835,-0.577325,-0.6486,-0.31215000000000004,-0.010275,-0.432375,-0.49544999999999995,-0.5959749999999999,-0.12345,0.1298,-0.265025,-0.61755,-0.6917,-0.331625,-0.5937749999999999,-0.268575,-0.523175,-0.665475,-0.5833,-0.169775,-0.22667500000000002,-0.592575,-0.6988,-1.069575,-0.1663,0.0407,-0.57575,-0.6411,-0.689775,-0.2619,-0.454725,-0.6214500000000001,-1.01445,-0.633875,-0.3009,-0.276575,-0.5174749999999999,-0.693175,-0.6493,-0.44284999999999997,-0.368775,-0.698025,-0.8057000000000001,-0.61545,-0.8043750000000001,-0.56245,-0.636,-0.5889,-0.868825,-0.82935,-0.618325,-0.6871,-0.802175,-1.2384249999999999,-0.664925,-0.358325,-0.6353249999999999,-0.758475,-0.96575,-0.7520249999999999,-0.645375,-0.472175,-1.305625,-0.8919250000000001,-0.741575,-0.5831500000000001,-0.7306250000000001,-0.8324750000000001,-1.032525,-1.012975,-0.853725,-0.96665,-0.856525,-0.8631,-0.907975,-0.737125,-0.795775,-0.6613249999999999,-1.177975,-1.097675,-1.11025,-0.526275,-0.5888,-1.359275,-0.83355,-0.685775,-0.9394750000000001,-0.921025,-0.968525,-1.4261000000000001,-1.0376,-0.7819,-1.040075,-1.0581749999999999,-0.97505,-0.6557999999999999,-1.074225,-1.04475,-1.410225,-1.089,-1.3293499999999998,-0.9514,-0.7964249999999999,-1.04935,-1.066125,-0.8857499999999999,-1.183675,-0.8815000000000001,-1.31615,-1.2527750000000002,-1.5194,-1.402825,-0.569225,-0.9764999999999999,-1.55055,-0.88085,-1.6828750000000001,-0.294475,0.0,0.0,0.0,0.0,0.0,0.0,0.0,0.0,0.0,0.0,0.0,0.0,0.0,0.0,0.0,0.0,0.0,0.0,0.0,0.0,0.0,0.0,0.0,0.0,0.0,0.0,0.0
0.0,0.0,0.0,0.0,0.0,0.0,0.0,0.0,0.0,0.0,0.0,0.0,0.0,0.0,0.0,0.0,0.0,0.0,0.0,0.0,0.0,0.0,0.0,0.0,0.0,0.0,1.7047999999999999,1.902975,0.958275,1.4733999999999998,1.931575,2.40925,1.815325,1.278425,1.130625,1.5963,1.688625,1.475325,1.1225999999999998,1.160175,1.1707750000000001,1.60545,1.291075,0.9819,0.493425,1.064975,1.7406,1.4049,1.1521,0.310825,1.0911,1.50325,1.485925,0.7478,0.526875,0.975375,1.5953249999999999,1.7013500000000001,0.8981,0.58095,1.0429249999999999,1.6142750000000001,1.341075,0.743175,0.645725,0.6447999999999999,1.3876249999999999,1.2482250000000001,0.80345,0.46704999999999997,0.547625,0.818925,1.0067249999999999,1.1342500000000002,0.3054,0.53485,0.92285,1.397275,1.093475,0.438175,0.36195,0.7377499999999999,1.403025,0.668825,0.35475,0.4578,0.9309499999999999,1.498875,0.782575,0.2577,0.109275,0.783875,0.8785,0.67645,0.692375,0.45235,0.74125,0.88945,0.73865,0.169575,0.255475,0.159625,0.724225,0.98095,0.31795,0.348325,0.258625,0.9946250000000001,1.107425,0.470975,-0.1931,-0.02605,0.897725,0.708825,0.28225,-0.041999999999999996,0.44905,0.964325,0.913625,0.298475,0.014625,0.48345,0.5260750000000001,0.7515999999999999,0.476,0.1747,0.19945000000000002,0.484475,0.760475,0.3028,0.324325,-0.278525,0.22192499999999998,0.9689,0.6558250000000001,0.303675,-0.214425,0.36175,0.610525,0.7127,-0.224325,-0.2796,0.30275,0.906425,0.7894,0.170125,0.044074999999999996,0.19232500000000002,0.739425,0.318625,-0.1713,0.0263,0.0465,0.4849,0.59385,0.18425,-0.0868,0.04455,0.13685,0.277225,0.47157499999999997,-0.282425,-0.14605,0.38925,0.503975,0.27394999999999997,-0.13740000000000002,-0.327475,0.06459999999999999,0.665775,0.039675,-0.148825,-0.15675,0.521925,0.654925,0.055400000000000005,-0.236075,-0.37520000000000003,0.3671,0.390425,-0.04745,-0.049025,-0.12085,0.310725,0.403875,0.216325,-0.2204,-0.150425,-0.2205,0.169475,0.5519,-0.150775,-0.11845,-0.182,0.41100000000000003,0.29969999999999997,-0.02955,-0.528075,-0.41969999999999996,0.359925,0.18445,0.016675000000000002,-0.37845,0.057025,0.45625,0.229925,-0.27395,-0.571375,0.050975,0.0157,0.144825,-0.042800000000000005,-0.23685,-0.3083,0.03845,0.1173,-0.344725,-0.171575,-0.6682,-0.165,0.366425,-0.0689,-0.242375,-0.634725,-0.16142499999999999,0.12755,0.13255,-0.5622,-0.6732750000000001,-0.014150000000000001,0.44105,0.207125,-0.488075,-0.5296500000000001,-0.4164,0.1667,-0.35755,-0.54065,-0.3375,-0.36635,-0.1643,0.007,-0.46695000000000003,-0.32755,-0.8546,-0.023200000000000002,-0.0911,-0.21925,-0.62155,-0.450425,-0.316625,-0.199775,-0.2279,-0.7539,-0.563575,-0.712275,0.0467,-0.359175,-0.5263249999999999,-0.6487750000000001,-0.163975,0.15392499999999998,-0.313775,-0.5273749999999999,-0.6961999999999999,-0.040475,-0.279125,-0.41475,-0.38595,-0.519625,-0.33082500000000004,-0.374625,-0.36567500000000003,-0.6824,-0.471375,-0.729875,-0.38865,0.009975,-0.5744,-0.5130250000000001,-0.6053000000000001,-0.13865,-0.246075,-0.697875,-1.003425,-0.8784749999999999,-0.26470000000000005,-0.3116,-0.6059000000000001,-0.8597250000000001,-0.392025,-0.20875000000000002,-0.2898,-0.7724,-0.938775,-0.306375,-0.47212499999999996,-0.42185,-0.510575,-0.6179250000000001,-0.6772499999999999,-0.606025,-0.7175,-0.879075,-0.63605,-1.018175,-0.7037249999999999,-0.269725,-0.644825,-0.7206999999999999,-1.0766,-0.7868,-0.60215,-0.493575,-1.037,-1.166075,-0.63715,-0.40715,-0.572425,-1.00945,-0.926625,-0.8892249999999999,-0.5857,-0.9049,-1.094875,-0.63625,-0.956625,-0.8781749999999999,-0.9313,-0.725425,-1.058825,-0.8382,-0.960475,-0.78025,-0.6676,-0.9227000000000001,-1.068125,-0.794275,-0.861425,-0.7482,-1.04345,-1.437375,-0.6833,-0.373425,-0.9216,-1.470825,-0.9594,-0.8873,-0.4587,-1.1479499999999998,-0.9209,-1.859175,-0.6266,-1.4032,-1.1222750000000001,-0.70455,-1.02385,-1.2808249999999999,-0.9982249999999999,-1.339575,-1.120975,-1.040675,-1.372875,-1.123025,-1.030725,-1.0513750000000002,-1.41115,-0.791325,-0.986,-1.053475,-0.9691500000000001,-1.0515,-1.0944250000000002,-1.0155,0.0,0.0,0.0,0.0,0.0,0.0,0.0,0.0,0.0,0.0,0.0,0.0,0.0,0.0,0.0,0.0,0.0,0.0,0.0,0.0,0.0,0.0,0.0,0.0,0.0,0.0
0.0,0.0,0.0,0.0,0.0,0.0,0.0,0.0,0.0,0.0,0.0,0.0,0.0,0.0,0.0,0.0,0.0,0.0,0.0,0.0,0.0,0.0,0.0,0.0,0.0,0.0,1.24085,1.92945,2.2797,2.4359,1.3195999999999999,0.853875,1.53655,1.8061749999999999,1.8602750000000001,0.6028249999999999,1.175875,1.436125,1.521475,1.0625499999999999,0.91205,0.378625,0.9553,1.6459000000000001,1.57985,1.144025,0.806875,1.093975,1.37835,1.30045,0.601825,0.16425,1.3451,1.512625,1.65245,1.0371,0.674475,1.13625,1.7587,1.4346999999999999,0.580675,0.6959500000000001,0.974575,1.46875,1.545925,0.58715,0.536125,0.651225,0.986,0.63665,1.0114750000000001,0.37877500000000003,0.49887499999999996,1.172,1.168825,1.3383500000000002,0.499475,0.69475,0.7581,1.39965,0.9397,0.283775,0.5686,1.15205,1.46585,0.67625,0.25429999999999997,0.223725,1.0791,1.2447249999999999,0.486,0.46599999999999997,0.31865,0.9136500000000001,1.13215,0.7341500000000001,0.2654,0.12525,0.378775,0.6072249999999999,0.940075,0.269225,0.3835,0.365425,1.0664,0.904325,0.47585,0.054150000000000004,0.00515,1.04645,0.8316250000000001,0.390325,0.0456,0.36965,0.8175250000000001,0.72015,0.338075,-0.1866,0.768025,0.6614249999999999,0.925775,0.66525,0.1878,0.359825,0.63945,0.6597999999999999,0.156025,0.259425,0.014375,0.37424999999999997,0.874325,0.29785,0.288675,0.034725000000000006,0.3806,0.57705,0.452225,-0.05715,-0.36602500000000004,0.38185,0.829525,0.6583,0.06522499999999999,-0.06555,0.1495,0.844425,0.46077500000000005,-0.21765,0.117675,0.29860000000000003,0.7833749999999999,0.410725,-0.045675,-0.116625,0.23695,0.367225,0.137125,0.1288,-0.14437499999999998,0.08205,0.447425,0.474525,0.233025,-0.246925,-0.055,0.02985,0.5405,0.18685,-0.28195000000000003,-0.11597500000000001,0.682725,0.6808,0.19012500000000002,-0.477225,-0.411625,0.405325,0.5643,-0.078625,-0.05975,-0.0451,0.5199,0.382425,0.044975,-0.298725,-0.0079,0.132675,0.17435,0.296275,-0.160775,0.030125,-0.069075,0.342725,0.2512,-0.12737500000000002,-0.35015,-0.488975,0.47214999999999996,0.319725,-0.149725,-0.34825,-0.044725,0.245975,0.32727500000000004,-0.152775,-0.5961,0.06405,0.254225,0.06625,-0.103525,-0.237825,-0.112075,0.10915,-0.0925,-0.557725,-0.25897499999999996,-0.34145000000000003,-0.14195,0.10857499999999999,-0.21075,-0.22307500000000002,-0.44532499999999997,-0.1933,-0.156325,-0.0924,-0.502175,-0.620475,-0.00175,0.1434,0.09179999999999999,-0.60475,-0.306075,-0.13374999999999998,0.212925,-0.034074999999999994,-0.690175,-0.30400000000000005,-0.16240000000000002,0.0631,-0.140225,-0.4313,-0.595425,-0.2523,-0.012150000000000001,-0.354825,-0.25627500000000003,-0.95315,-0.1164,-0.16475,-0.071175,-0.55615,-0.47115,-0.790475,-0.2923,-0.103675,-0.37085,-0.536225,-0.329225,-0.17099999999999999,-0.066275,-0.486225,-0.66455,-0.7805249999999999,0.18207500000000001,0.14,-0.299825,-0.573175,-0.48385,-0.1167,-0.024300000000000002,-0.5143,-0.806925,-0.5568000000000001,-0.53895,-0.393675,-0.28825,-0.617525,-0.6008,-0.696175,-0.18345,-0.2851,-0.579225,-0.735025,-0.96775,-0.23405,-0.3764,-0.5435749999999999,-0.7942,-0.497675,-0.34775,-0.39285000000000003,-0.66785,-1.0259,-0.493275,-0.23345000000000002,-0.45255,-0.6309,-0.6275999999999999,-0.47100000000000003,-0.375425,-0.531125,-0.848925,-0.69205,-0.919175,-0.770175,-0.59705,-0.7510749999999999,-0.766725,-0.935775,-0.76735,-0.541825,-0.6012249999999999,-0.869275,-1.2345249999999999,-0.678625,-0.403875,-0.581925,-1.108275,-0.823025,-0.9935499999999999,-0.533925,-0.76025,-1.226275,-0.6463,-0.7402,-0.5588,-0.8145,-1.0313750000000002,-0.8397249999999999,-0.6652750000000001,-0.98865,-0.863575,-0.659125,-1.018475,-0.8831,-0.8234250000000001,-0.90665,-0.99105,-1.165375,-1.022625,-1.063,-0.6689499999999999,-0.9289000000000001,-1.384825,-1.138325,-0.4534,-1.072375,-1.2694999999999999,-1.088125,-1.272375,-0.6681,-0.68655,-1.336025,-1.101175,-0.902,-1.1555,-0.734775,-1.20365,-1.18655,-1.403025,-0.505225,-1.10955,-0.8976,-1.3206499999999999,-0.81785,-1.216025,-0.8631,-1.458175,-0.95855,-1.429225,-1.5116749999999999,-0.811275,-1.21365,-1.1807,-1.228075,0.0,0.0,0.0,0.0,0.0,0.0,0.0,0.0,0.0,0.0,0.0,0.0,0.0,0.0,0.0,0.0,0.0,0.0,0.0,0.0,0.0,0.0,0.0,0.0,0.0,0.0
0.0,0.0,0.0,0.0,0.0,0.0,0.0,0.0,0.0,0.0,0.0,0.0,0.0,0.0,0.0,0.0,0.0,0.0,0.0,0.0,0.0,0.0,0.0,0.0,0.0,0.0,2.4023250000000003,1.082,0.71955,2.1329249999999997,1.990475,1.03165,1.0236,1.141725,1.780075,1.52055,0.926525,0.6295999999999999,0.781925,1.369775,1.6469,1.098725,0.874525,0.923775,1.3413,1.40185,0.9516,0.7274,0.2467,1.1566999999999998,1.624925,1.548825,1.0429249999999999,0.758375,1.0788,1.596475,1.67225,0.396525,0.465425,1.05305,1.68425,1.421425,0.6562749999999999,0.645025,0.86405,1.548625,0.6138250000000001,0.5451250000000001,0.386775,0.7373999999999999,1.2166000000000001,1.3362,0.8655999999999999,0.57065,0.73115,0.9056500000000001,1.292275,0.8986,0.35675,0.722375,1.096025,1.346425,0.833825,0.3726,0.17975,0.90525,1.259775,0.527925,0.3808,0.41812499999999997,1.2266499999999998,1.2706,0.589175,0.14905000000000002,0.22335,0.8048,0.798825,0.70915,0.26032500000000003,0.5115999999999999,0.71175,0.9362250000000001,0.720325,0.232125,0.27447499999999997,0.1254,0.9734499999999999,0.928375,0.468575,0.330625,0.44745,0.7863249999999999,0.620575,0.16695,-0.18359999999999999,0.29755,1.0052,0.799825,0.402075,0.07715,0.576825,0.93165,0.86415,0.026525,0.083925,0.381925,0.7343,0.727025,0.14635,0.19142499999999998,0.07550000000000001,0.556925,0.5034000000000001,0.34575,0.141575,-0.195675,0.5000749999999999,0.824925,0.5876750000000001,0.07250000000000001,-0.095625,0.27490000000000003,0.7269,0.50755,-0.3134,0.025750000000000002,0.43682499999999996,0.957625,0.6176,-0.15645,-0.069675,0.150125,0.5361,-0.02215,0.0106,-0.06245,0.236925,0.458125,0.26839999999999997,0.035425,-0.09392500000000001,0.076,0.040025000000000005,0.40215,0.358725,-0.216625,0.067825,0.49455,0.531925,0.098625,-0.250625,-0.21205000000000002,0.39512499999999995,0.532825,-0.15887500000000002,-0.2051,-0.1185,0.5832,0.5075,0.045975,-0.48605,-0.244025,0.294525,0.149725,0.224575,-0.05315,0.1334,0.156475,0.256425,0.0077,-0.235975,-0.147375,-0.353725,0.2647,0.309,-0.1767,-0.16997500000000001,-0.053474999999999995,0.26999999999999996,0.059625,-0.26875,-0.6815,-0.04395,0.472575,0.23224999999999998,-0.049825,-0.46875,0.09384999999999999,0.2251,0.095,-0.554875,-0.42,-0.049825,0.126625,0.116475,-0.247975,-0.205275,-0.352675,0.01595,-0.1267,-0.21815,-0.347225,-0.689125,-0.04095,0.325675,-0.038,-0.4636,-0.5782750000000001,-0.2529,0.222075,0.050325,-0.68565,-0.388775,-0.0121,0.271475,-0.10775,-0.52135,-0.661675,-0.43095,0.018775,-0.471775,-0.421075,-0.485675,-0.34282500000000005,0.3021,-0.381875,-0.2354,-0.55615,-0.21705,-0.5175749999999999,-0.33392499999999997,-0.125375,-0.861,-0.221425,-0.027174999999999998,-0.07375,-0.5841500000000001,-0.48205,-1.010375,-0.236975,-0.009625,-0.418725,-0.6738500000000001,-0.62625,0.19137500000000002,0.133975,-0.382375,-0.73985,-0.4606,-0.219675,-0.5516,-0.45355,-0.664275,-0.272325,-0.431,-0.346825,-0.726225,-0.65175,-0.7079,-0.8284499999999999,-0.235375,-0.2031,-0.508475,-0.77305,-0.445,-0.32035,-0.4434,-0.686825,-1.1637,-0.32455,-0.13105,-0.24405,-0.5482,-0.7803249999999999,-0.519975,-0.39365,-0.449175,-0.81015,-0.825975,-0.5787249999999999,-0.3457,-0.545525,-0.74965,-0.675725,-0.993325,-0.5178,-0.878825,-0.6388499999999999,-0.611675,-1.11,-0.5474249999999999,-0.45142499999999997,-0.603075,-0.918875,-1.0894249999999999,-0.838525,-0.32115,-0.634875,-1.1002,-0.796775,-0.7959,-0.43879999999999997,-0.779325,-1.081475,-1.122925,-0.880675,-0.603525,-1.10205,-0.8982749999999999,-1.0247,-0.7241,-0.760375,-0.885475,-0.9633,-1.0256,-0.7730250000000001,-1.0630249999999999,-0.7599750000000001,-0.66485,-1.22655,-0.91225,-0.8552,-0.9908,-1.083525,-1.161175,-1.54495,-0.771675,-0.902625,-1.3732000000000002,-0.93235,-1.3908,-0.581075,-0.8731,-0.8119,-1.329725,-1.3248,-0.78545,-1.34155,-1.174025,-1.3403999999999998,-1.21555,-1.179125,-0.496375,-1.3219,-0.902975,-1.342175,-1.74725,-0.8158749999999999,-0.721725,-1.15015,-1.203275,-1.228925,-1.267725,-1.008575,0.0,0.0,0.0,0.0,0.0,0.0,0.0,0.0,0.0,0.0,0.0,0.0,0.0,0.0,0.0,0.0,0.0,0.0,0.0,0.0,0.0,0.0,0.0,0.0,0.0,0.0
0.0,0.0,0.0,0.0,0.0,0.0,0.0,0.0,0.0,0.0,0.0,0.0,0.0,0.0,0.0,0.0,0.0,0.0,0.0,0.0,0.0,0.0,0.0,0.0,0.0,0.0,2.5337750000000003,1.774,2.019325,1.5497999999999998,1.49605,1.6925249999999998,1.8052,1.05565,0.54395,1.1424750000000001,1.56215,1.759375,1.123125,0.9674,1.1121500000000002,1.56775,1.203925,0.654775,1.16875,0.60055,1.214775,1.6827999999999999,1.079125,0.818925,0.48905,0.8457,1.455375,1.523725,0.3593,0.5794,1.351375,1.7883,1.8056999999999999,0.766775,0.535425,1.0187,1.4213500000000001,1.15915,0.29375,0.468275,1.185825,1.54335,0.958175,0.56665,0.54,1.0343,1.149425,0.978125,0.82625,0.428,0.948925,1.4204999999999999,1.2974999999999999,0.82675,0.38465,0.37212500000000004,0.8592500000000001,1.459175,0.48412499999999997,0.34900000000000003,0.481325,1.3399750000000001,1.298775,0.6988,0.034175000000000004,0.13295,1.098325,1.129575,0.76775,0.3471,0.42264999999999997,1.0957,0.8931749999999999,0.49755,0.0663,0.36114999999999997,0.41262499999999996,0.9213,0.850625,0.388475,0.48757500000000004,0.54385,0.866475,0.62205,0.25385,-0.184725,0.18805,0.945875,0.770375,0.47595,0.0655,0.5269250000000001,0.863425,0.743375,0.037625,-0.10919999999999999,0.558225,0.8033,0.8805999999999999,0.21205,0.23485,0.36775,0.75295,0.35140000000000005,-0.036849999999999994,0.354875,-0.05345,0.62125,0.8656,0.3516,0.09195,0.0165,0.30167499999999997,0.47475,0.49207500000000004,-0.1891,-0.034699999999999995,0.5365,0.9157,0.64395,-0.044,-0.02495,0.2443,0.789925,-0.0073750000000000005,-0.136375,0.11710000000000001,0.476,0.7247250000000001,0.19832499999999997,-0.117875,-0.314875,0.33305,0.21284999999999998,0.26515,0.2627,-0.16175,0.2924,0.549875,0.48015,0.17855,-0.11125,-0.224375,0.2704,0.41605,-0.09257499999999999,-0.23775,-0.076975,0.668375,0.44155,-0.06567500000000001,-0.424575,-0.324975,0.5607500000000001,0.26265,-0.0065,-0.270025,0.08385,0.53295,0.50705,-0.01975,-0.3233,-0.0213,-0.06185,0.30519999999999997,0.3283,-0.137325,-0.171675,-0.165075,0.2002,-0.050949999999999995,0.051500000000000004,-0.594325,-0.140725,0.27645,-0.0009,0.013125,-0.337825,0.070825,0.265525,0.16525,-0.366,-0.5356,0.138275,0.121925,0.19897499999999999,-0.371375,-0.16675,-0.16194999999999998,0.176525,-0.2054,-0.36905,-0.15835000000000002,-0.472325,-0.0056,0.067825,-0.1985,-0.307575,-0.254625,-0.236375,-0.14065,-0.01435,-0.586875,-0.40197499999999997,0.07544999999999999,0.40737500000000004,-0.02995,-0.6101,-0.3437,-0.196025,0.14945,-0.5636749999999999,-0.7057,-0.387175,0.106475,0.09655,-0.175475,-0.380925,-0.6375000000000001,0.3234,-0.499475,-0.33365,-0.37092499999999995,-0.41812499999999997,-0.61215,-0.076775,-0.072775,-0.350725,-0.611275,-0.506425,-0.298025,-0.21055000000000001,-0.461725,-0.44872500000000004,-0.375875,-0.18617499999999998,-0.221475,-0.413225,-0.874375,-0.49915,0.064525,-0.018349999999999998,-0.45899999999999996,-0.479675,-0.37927500000000003,-0.246125,-0.27985,-0.481575,-0.774875,-0.3381,-0.6806749999999999,-0.32415,-0.39865,-0.5959,-0.573675,-0.530875,-0.472525,-0.49875,-0.5804750000000001,-0.91825,-0.604875,-0.266825,-0.32665,-0.616175,-0.84065,-0.306475,-0.457475,-0.42635,-0.9010750000000001,-1.1476,-0.38995,-0.27390000000000003,-0.47485,-0.711175,-0.64985,-0.641375,-0.4026,-0.893825,-0.9219,-0.729,-0.9465,-0.438225,-0.5720500000000001,-0.6817,-0.7766500000000001,-0.90925,-0.839075,-0.65865,-0.7167250000000001,-1.17675,-0.82135,-0.58675,-0.38622500000000004,-0.69085,-1.1154249999999999,-1.01245,-0.82575,-0.468975,-0.929075,-1.057575,-0.58555,-0.49415,-0.6248750000000001,-0.92745,-0.92455,-1.06575,-0.4815,-0.8549,-1.0778750000000001,-1.0267249999999999,-1.257875,-0.917575,-0.9116500000000001,-1.0822500000000002,-1.0308000000000002,-1.1538,-1.22155,-0.6270249999999999,-0.605975,-0.9335500000000001,-1.3054000000000001,-1.2151,-0.641775,-0.8968,-1.2577250000000002,-1.2749000000000001,-1.5583,-0.736275,-0.9460000000000001,-1.4427999999999999,-1.125025,-1.2879749999999999,-1.164475,-1.258975,-0.9036,-1.456925,-0.9343999999999999,-1.2083,-0.94575,-0.83775,-1.201125,-1.47805,-1.55535,-1.180575,-1.0669250000000001,-0.9897,-1.686425,-1.486725,0.0,0.0,0.0,0.0,0.0,0.0,0.0,0.0,0.0,0.0,0.0,0.0,0.0,0.0,0.0,0.0,0.0,0.0,0.0,0.0,0.0,0.0,0.0,0.0,0.0,0.0
0.0,0.0,0.0,0.0,0.0,0.0,0.0,0.0,0.0,0.0,0.0,0.0,0.0,0.0,0.0,0.0,0.0,0.0,0.0,0.0,0.0,0.0,0.0,0.0,0.0,1.1752250000000002,1.735675,1.5776000000000001,1.808425,2.0197,0.8953249999999999,0.9634,1.6518,1.723225,1.8524,1.00905,0.79345,1.280275,1.792725,1.61815,0.5876750000000001,0.724575,0.640925,1.5643500000000001,1.4677,1.0897000000000001,0.93535,0.725375,1.38615,0.97285,0.975225,0.432,0.6447499999999999,1.35395,1.710375,1.62545,0.7257750000000001,0.82525,1.1461999999999999,1.73285,1.2248999999999999,0.2672,0.640875,1.067275,1.5825,1.204,0.4913,0.25222500000000003,1.11795,1.018,0.821375,0.6922999999999999,0.507825,1.10185,1.350675,1.182525,0.8122499999999999,0.38595,0.604125,0.717425,1.29325,0.322,0.37377499999999997,0.634375,1.18805,1.214675,0.50755,0.265825,0.22285,1.148225,0.974225,0.61565,0.422925,0.52515,1.2312750000000001,1.0331,0.3508,-0.21087499999999998,0.53135,0.655575,0.81445,0.6288,0.11285,0.6205499999999999,0.733325,0.8902,0.54255,0.4532,0.06709999999999999,0.368,0.953325,0.606425,0.253725,-0.0007000000000000001,0.633075,0.8088,0.75415,0.128525,-0.275725,0.713325,1.0458500000000002,0.8934249999999999,0.239525,0.028499999999999998,0.460225,0.953075,0.473025,-0.179025,0.10037499999999999,0.07339999999999999,0.819275,0.7727999999999999,0.15812500000000002,0.10892500000000001,0.13115,0.520725,0.355225,0.324825,-0.13955,-0.006699999999999999,0.5236,0.8119999999999999,0.44730000000000003,-0.113,0.032850000000000004,0.279025,0.833,0.31305,-0.26625,0.11397499999999999,0.3987,0.746775,0.22435,-0.11347499999999999,-0.193475,0.43765,0.24945,-0.095075,0.0577,-0.141775,0.416725,0.466225,0.2831,0.019475,-0.09895,0.08502499999999999,0.145375,0.38134999999999997,0.044649999999999995,-0.127275,-0.093375,0.64285,0.288725,-0.141225,-0.3483,-0.25275000000000003,0.6416,0.52515,-0.08955,-0.13175,0.071325,0.457975,0.31105,-0.09004999999999999,-0.34655,0.29875,0.2966,0.17285,-0.023775,-0.3817,0.13132500000000003,0.1678,0.180975,-0.07765,-0.17435,-0.452275,-0.0806,0.39635,0.1942,-0.11215,-0.24955,0.20127499999999998,0.147,0.197025,-0.45085000000000003,-0.5999,0.2683,0.463275,0.1562,-0.169575,-0.350625,-0.00435,0.384725,-0.20090000000000002,-0.6696249999999999,-0.266775,-0.243075,0.3523,0.052500000000000005,-0.271175,-0.36475,-0.2863,-0.170375,-0.156,-0.16825,-0.50715,-0.5595000000000001,-0.112375,0.258875,-0.048975,-0.441975,-0.354725,-0.289675,0.339175,-0.22612500000000002,-0.608025,-0.21145,-0.02715,-0.043675,-0.269725,-0.6018749999999999,-0.542975,0.038400000000000004,0.008775,-0.7141,-0.6533,-0.414975,0.308025,-0.405725,-0.5412250000000001,-0.5498000000000001,-0.5232249999999999,-0.38305,-0.168225,-0.190675,-0.587725,-0.251525,-0.4709,-0.25585,-0.021900000000000003,-0.41302500000000003,-0.6699,-0.6246750000000001,0.2555,-0.1851,-0.60095,-0.49835,-0.19305,-0.023925000000000002,-0.402075,-0.6428,-0.99405,-0.1824,-0.256425,-0.383275,-0.403675,-0.6542,-0.6374249999999999,-0.37005,-0.406125,-0.62775,-0.49725,-0.69515,-0.585375,-0.269275,-0.5220750000000001,-0.5101249999999999,-0.85845,-0.27875,-0.30995,-0.281325,-0.7771,-1.055975,-0.406475,-0.22392499999999999,-0.442525,-0.8198,-0.798025,-0.53055,-0.2478,-0.6870499999999999,-0.94635,-0.6667,-0.638625,-0.3755,-0.6299,-0.70935,-0.86265,-0.7985249999999999,-0.64005,-0.8784000000000001,-0.6994499999999999,-0.8567750000000001,-0.91155,-0.769575,-0.480475,-0.755875,-0.95505,-1.072325,-0.969625,-0.4413,-0.85835,-1.1618499999999998,-0.85895,-0.541425,-0.6272,-0.8530249999999999,-0.954475,-1.027725,-0.515075,-0.9707749999999999,-0.910875,-0.95305,-0.89255,-0.7499,-0.9843,-1.143,-1.119275,-0.98885,-1.1074,-1.060925,-0.915575,-0.865675,-1.0622,-1.2174,-0.828725,-0.9656750000000001,-1.07515,-1.254475,-1.54175,-0.5952999999999999,-0.922625,-0.9793000000000001,-1.006075,-0.772675,-0.69795,-0.9154249999999999,-1.1053,-1.1835499999999999,-0.914925,-1.04525,-0.9047000000000001,-0.949125,-1.46425,-0.90785,-1.220175,-1.1477249999999999,-0.938925,-1.1072000000000002,-1.608775,-1.38605,-0.572275,-0.8157,-1.225925,-1.7558500000000001,0.0,0.0,0.0,0.0,0.0,0.0,0.0,0.0,0.0,0.0,0.0,0.0,0.0,0.0,0.0,0.0,0.0,0.0,0.0,0.0,0.0,0.0,0.0,0.0,0.0
0.0,0.0,0.0,0.0,0.0,0.0,0.0,0.0,0.0,0.0,0.0,0.0,0.0,0.0,0.0,0.0,0.0,0.0,0.0,0.0,0.0,0.0,0.0,0.0,0.0,2.157,3.0056499999999997,1.064025,1.24625,1.20485,2.19005,2.02965,2.13815,0.917675,1.2479,1.9045,1.61175,0.413425,0.809625,1.37005,1.5921249999999998,1.3991500000000001,0.69705,0.854725,1.080725,1.357175,0.90755,0.74205,0.765925,0.8267,1.357575,1.3548,1.281075,0.91875,0.929925,1.19275,1.61595,1.037775,0.6162,0.8844000000000001,1.359525,1.7456500000000001,1.106825,0.3349,0.431875,1.0632,1.2841,0.73195,0.508425,0.4849,1.3636249999999999,1.491575,0.922675,0.5271999999999999,0.567,1.099125,0.97115,1.1274250000000001,0.631375,0.536125,0.916125,1.295875,1.0567250000000001,0.62315,0.274875,0.28969999999999996,1.202725,1.0799750000000001,0.6128,0.256425,0.49675,1.3815250000000001,1.236825,0.53835,-0.132525,0.348925,1.055725,0.781875,0.5376,0.12875,0.6979,0.9082,0.81255,0.36402500000000004,0.156725,0.4167,0.527825,0.954525,0.64495,0.4266,0.26742499999999997,0.66335,0.68015,0.6321,0.296575,-0.11395,0.6574,0.934525,0.7374499999999999,0.34895,-0.03245,0.61795,0.9521499999999999,0.6481,-0.243025,0.1612,0.523625,0.8724999999999999,0.49012500000000003,-0.104825,0.17525,0.34675,0.8605,0.274125,0.182375,0.096975,0.227575,0.6475,0.67535,0.3114,-0.0683,0.13542500000000002,0.34915,0.735825,0.32655,-0.112875,0.1996,0.5353249999999999,0.855,0.2372,-0.233325,-0.11109999999999999,0.469675,0.631075,-0.2143,-0.1508,0.014374999999999999,0.67055,0.51185,0.062125,-0.09465000000000001,-0.0853,0.32672500000000004,0.193025,0.339675,0.0283,0.052575,0.1567,0.624725,0.190475,-0.1025,-0.2864,-0.348125,0.738425,0.382075,-0.0445,-0.212125,-0.0488,0.38775,0.317575,-0.159025,-0.52385,-0.07377500000000001,0.55,0.333525,-0.048875,-0.23015,0.164025,0.204725,0.136875,-0.3172,-0.19440000000000002,-0.050575,-0.009250000000000001,0.264375,-0.043575,-0.10075,-0.12135,0.21430000000000002,0.273675,0.072375,-0.33265,-0.40564999999999996,0.001325,0.5112,0.08462499999999999,-0.12832500000000002,-0.314325,0.06505,0.22307500000000002,-0.045325,-0.69775,-0.2944,0.036250000000000004,0.19985,-0.0853,-0.473175,-0.34314999999999996,-0.10215,0.16092499999999998,-0.375625,-0.2938,-0.2308,-0.19925,0.0276,0.127975,-0.2525,-0.5385249999999999,-0.284875,-0.115975,0.18372500000000003,-0.191725,-0.627975,-0.1502,0.150775,0.3812,-0.252375,-0.54195,-0.5836,0.026250000000000002,-0.10427499999999999,-0.493425,-0.672925,-0.223675,0.437875,0.1243,-0.492825,-1.00945,-0.45552499999999996,-0.45105,-0.295075,-0.10087499999999999,-0.103125,-0.625525,-0.039775,0.02255,-0.307825,-1.0387499999999998,-0.748975,-0.826525,0.231075,-0.018675,-0.490275,-0.641,-0.58585,-0.13905,-0.168025,-0.450075,-0.875525,-0.598375,-0.128,-0.21660000000000001,-0.533525,-0.75875,-0.248475,-0.261725,-0.438925,-0.8847750000000001,-0.70455,-0.5497,-0.5697,-0.343,-0.248275,-0.5172000000000001,-0.6735249999999999,-0.546875,-0.563125,-0.5012,-0.64885,-0.9162,-0.14605,-0.15034999999999998,-0.35672499999999996,-0.649,-0.877975,-0.746525,-0.192725,-0.5733250000000001,-0.9935,-0.637,-0.4023,-0.197075,-0.7168,-0.9830749999999999,-0.8136749999999999,-0.661775,-0.45377500000000004,-0.77255,-0.670725,-0.589525,-0.6683749999999999,-0.53225,-0.657525,-0.90255,-0.8998250000000001,-0.66125,-0.97695,-0.40395,-0.84785,-1.1168749999999998,-0.747625,-0.466375,-0.624925,-0.794375,-0.98175,-1.05675,-0.509575,-0.6158,-1.0504,-0.9719,-0.8507750000000001,-0.50075,-0.7832,-0.95615,-1.247325,-1.13005,-0.7466,-0.9040999999999999,-0.779625,-0.75445,-1.2505,-1.0786,-0.3151,-0.7095750000000001,-0.599275,-1.1856499999999999,-1.470675,-0.7053499999999999,-0.6839999999999999,-0.985675,-1.316875,-1.056075,-1.1763750000000002,-1.0608499999999998,-1.1958250000000001,-1.7435749999999999,-1.160825,-1.3563749999999999,-1.041025,-1.0542,-1.2803749999999998,-1.4321,-0.9375749999999999,-1.27755,-1.597125,-1.25535,-1.16035,-1.041525,-1.252475,-1.82515,-1.17745,-1.008575,-1.117975,-1.42055,-1.2538,0.0,0.0,0.0,0.0,0.0,0.0,0.0,0.0,0.0,0.0,0.0,0.0,0.0,0.0,0.0,0.0,0.0,0.0,0.0,0.0,0.0,0.0,0.0,0.0,0.0
0.0,0.0,0.0,0.0,0.0,0.0,0.0,0.0,0.0,0.0,0.0,0.0,0.0,0.0,0.0,0.0,0.0,0.0,0.0,0.0,0.0,0.0,0.0,0.0,0.0,0.75795,1.9465,1.949325,1.5187249999999999,1.4747249999999998,1.370975,1.3944,1.66495,1.5213999999999999,0.43135,0.44882500000000003,1.56855,2.002875,1.70315,0.7824,0.895675,1.310275,1.62415,1.0508,0.72165,0.779375,0.7829,1.87415,1.3833499999999999,1.03595,0.862125,0.9431,1.23345,1.508675,1.2026249999999998,0.7674,1.1982,1.37415,1.71235,1.46275,0.5637000000000001,0.364075,1.0323,1.405025,0.5182,0.324,0.70485,1.5212999999999999,1.613025,0.7384499999999999,0.385325,0.399125,1.309375,1.0338500000000002,0.901975,0.72085,0.72085,1.260125,1.23705,0.8895500000000001,0.3361,0.6506,0.567025,1.03785,0.95385,0.43327499999999997,0.5436,0.5914,1.313275,1.009975,0.5572,-0.07719999999999999,0.41969999999999996,1.16175,0.8027,0.5866250000000001,0.214325,0.6603749999999999,1.0335750000000001,0.906725,0.122725,-0.04415,0.60865,0.79225,0.9863999999999999,0.627525,0.36155,0.65635,0.8794,0.62095,0.342475,0.244175,-0.02255,0.83495,0.8603,0.4629,0.272025,0.021525,0.5394,0.78455,0.709875,-0.16147499999999998,-0.02205,0.7964249999999999,0.9848750000000001,0.67075,-0.0089,0.056575,0.37212500000000004,0.960025,0.22735,-0.07045,0.304125,0.35345000000000004,0.852175,0.491925,0.13215,0.0366,0.405375,0.2977,0.385,0.3129,-0.211775,0.237325,0.6096250000000001,0.733125,0.286725,-0.12485,-0.11205,0.31,0.7084250000000001,-0.0026999999999999997,-0.159075,0.06334999999999999,0.697325,0.44245,-0.19495,-0.29595,-0.21225,0.589225,0.30175,0.23652499999999999,0.125125,0.021325,0.54715,0.553675,0.1111,-0.2713,0.04965,-0.1933,0.310775,0.1145,-0.18977500000000003,-0.05165,0.2022,0.589775,0.226575,-0.12535000000000002,-0.45405,-0.058550000000000005,0.79735,0.30325,-0.034425,-0.29052500000000003,0.26405,0.30782499999999996,0.4051,-0.36224999999999996,-0.43015000000000003,0.14225,0.23995,0.381,0.037225,-0.19035000000000002,-0.033850000000000005,0.322625,-0.016225,-0.16194999999999998,-0.096425,-0.35967499999999997,-0.799575,3.5725000000000002,0.38177500000000003,-0.3704,-0.37065,0.068075,0.206975,-0.0059499999999999996,-0.5184,-0.534575,0.2686,0.39844999999999997,0.033475,-0.467625,-0.35345,-0.073475,0.2997,-0.43435,-0.4417,-0.2138,-0.0886,0.14465,0.011625,-0.244275,-0.43455,-0.120425,-0.27275,-0.11335,-0.1191,-0.577225,-0.266325,0.036825000000000004,0.21645,-0.223275,-0.342825,-0.5012,-0.12154999999999999,0.020825,-0.403075,-0.544225,-0.287175,0.16835,0.200175,-0.741175,-0.723675,-0.6704,0.222775,-0.5977,-0.38,-0.098525,-0.37865,-0.628625,-0.18537499999999998,-0.16107500000000002,-0.512125,-0.4566,-0.730225,-0.130375,-0.349375,-0.371575,-0.0711,-0.50165,-0.251275,-0.548975,-0.5498500000000001,-0.7925249999999999,-0.4149,0.09232499999999999,-0.184525,-0.53415,-0.65615,-0.125,-0.110675,-0.1945,-0.850325,-0.810975,-0.0526,-0.40685,-0.41235,-0.570525,-0.575,-0.5090250000000001,-0.175875,-0.4726,-0.6791,-0.6022749999999999,-0.954725,-0.13285,-0.2037,-0.374425,-0.65025,-0.784025,-0.439775,-0.477225,-0.481225,-1.1017000000000001,-0.8824500000000001,-0.520025,-0.029975,-0.481425,-0.98075,-0.7685,-0.72515,-0.439975,-0.9126000000000001,-0.952075,-0.56805,-0.5829,-0.43355,-0.634875,-0.7802250000000001,-1.019525,-0.698525,-0.95685,-0.773075,-0.7984,-0.9732000000000001,-0.7383,-0.699975,-0.495425,-0.769575,-0.917775,-1.110225,-0.800575,-0.605575,-1.0296750000000001,-0.91875,-0.79435,-0.6190749999999999,-0.8649,-0.9435749999999999,-1.31635,-1.0286499999999998,-0.44279999999999997,-0.77205,-0.88265,-0.88515,-0.9475750000000001,-0.48962500000000003,-0.612525,-1.061625,-1.21205,-0.85815,-1.4280249999999999,-0.9376249999999999,-0.8921749999999999,-1.179575,-1.32955,-0.9949749999999999,-1.0393000000000001,-0.92825,-1.0695000000000001,-1.43715,-0.941075,-0.84555,-1.04185,-0.704375,-1.178175,-0.98595,-1.1574499999999999,-0.7635,-1.410175,-1.414975,-0.744275,-0.66995,-1.1027749999999998,-1.1571,-1.031475,-1.5710250000000001,-0.8975500000000001,-1.2921749999999999,-1.256475,-0.7819750000000001,-1.1982,-1.0261749999999998,0.0,0.0,0.0,0.0,0.0,0.0,0.0,0.0,0.0,0.0,0.0,0.0,0.0,0.0,0.0,0.0,0.0,0.0,0.0,0.0,0.0,0.0,0.0,0.0,0.0
0.0,0.0,0.0,0.0,0.0,0.0,0.0,0.0,0.0,0.0,0.0,0.0,0.0,0.0,0.0,0.0,0.0,0.0,0.0,0.0,0.0,0.0,0.0,0.0,0.0,1.883,1.58125,1.0203000000000002,1.5179,1.887425,1.4173499999999999,1.1008499999999999,0.8371,1.380725,2.09275,1.642375,0.9386,0.77845,1.118175,2.0038,1.05365,0.742075,1.0626250000000002,1.312,1.7362250000000001,1.4496,0.4649,0.7599250000000001,1.1683750000000002,1.303325,0.905475,0.84285,0.615175,1.16315,1.7553999999999998,1.54585,1.41765,0.6223,0.72215,1.068975,1.614775,0.5245,0.3862,0.629975,1.4604249999999999,1.5329,0.8215,0.3353,0.388525,1.5681,1.0092500000000002,0.757575,0.529075,0.7208749999999999,1.55855,1.4606249999999998,0.8520249999999999,0.387825,0.5802499999999999,0.901425,0.985475,0.9694,0.48714999999999997,0.744825,0.8235750000000001,1.219425,0.8344750000000001,0.46225,0.10992500000000001,0.4179,1.3152249999999999,0.852025,0.6046750000000001,0.289375,0.617125,1.0370249999999999,0.875675,0.241075,-0.08925,0.70175,0.8503499999999999,0.886725,0.289125,0.188225,0.732675,0.958825,0.7649250000000001,0.1148,0.3408,0.31037499999999996,0.7898999999999999,0.71785,0.4522,0.39944999999999997,0.22435,0.7761750000000001,0.6221000000000001,0.43220000000000003,0.077725,-0.0015999999999999999,0.7525,1.0474,0.663675,0.065575,0.22675,0.521925,1.0007000000000001,0.262175,-0.208475,0.3398,0.5266249999999999,1.0128249999999999,0.389975,-0.041075,0.106875,0.45855,0.5083249999999999,0.02725,0.2552,0.07097500000000001,0.5097750000000001,0.60345,0.5569,0.26539999999999997,-0.091925,0.237725,0.335425,0.834925,0.08449999999999999,-0.13615,0.33865,0.739175,0.6097,0.06570000000000001,-0.238625,-0.188425,0.6412,0.4142,0.015325,-0.1088,0.120375,0.723375,0.58875,0.024925,-0.15602500000000002,0.1176,0.095125,0.16885,0.143425,-0.1336,0.033925,0.012425,0.5685250000000001,0.1286,-0.0075,-0.315,-0.13715,0.7235750000000001,0.3266,0.0611,-0.117875,0.25082499999999996,0.33699999999999997,0.21912500000000001,-0.5095000000000001,-0.5982000000000001,0.298275,0.372425,0.20065,-0.2063,-0.12787500000000002,0.18434999999999999,0.374725,-0.023,-0.377775,-0.17880000000000001,-0.19729999999999998,0.162375,0.295475,-0.800075,2.5607,0.021825,-0.06155,0.077225,0.021474999999999998,-0.38017500000000004,-0.41805000000000003,0.289475,0.27364999999999995,-0.01725,-0.416625,-0.15607500000000002,0.0362,0.41765,-0.33027500000000004,-0.5822750000000001,-0.14885,0.08855,0.201925,-0.1722,-0.517125,-0.43905,-0.013850000000000001,-0.1384,-0.388775,-0.228875,-0.381025,-0.0089,-0.04395,0.048275,-0.31027499999999997,-0.452925,-0.22794999999999999,-0.247625,0.200625,-0.32715000000000005,-0.5253749999999999,-0.11485000000000001,0.278375,-0.048325,-0.512575,-0.692725,-0.572375,0.428925,-0.396225,-0.8541,-0.591,-0.10815,0.28435,-0.46445,-0.561825,-0.5393749999999999,-0.228,-0.217725,-0.27745000000000003,-0.408775,-0.7312,-0.26725,-0.285325,0.000975,-0.57225,-0.342125,-0.896325,-0.646725,0.08605,0.058875,-0.482875,-0.4998,-0.26865,-0.24385,-0.322475,-0.742075,-0.8792,-0.14047500000000002,-0.22215000000000001,-0.2803,-0.59715,-0.578975,-0.5707249999999999,-0.31617500000000004,-0.615175,-0.7432,-0.56815,-0.4819,-0.310025,-0.46292500000000003,-0.5770500000000001,-0.552975,-0.7364,-0.294775,-0.5072,-0.37517500000000004,-0.790175,-0.818775,-0.45952499999999996,-0.23625,-0.684875,-0.909,-0.635,-0.541425,-0.1417,-0.8586,-0.931475,-0.55495,-0.46315,-0.25482499999999997,-0.8324750000000001,-0.9902,-0.773075,-0.428025,-0.700925,-0.89235,-0.8674,-0.855275,-0.48805,-0.748875,-0.6938500000000001,-0.81945,-1.0787,-0.797875,-0.7389749999999999,-0.476475,-0.91505,-1.0345499999999999,-0.875425,-0.47105,-0.6888749999999999,-0.74755,-1.1736,-1.2641,-0.396675,-0.8813,-1.0535,-0.8365,-0.9361,-0.5493750000000001,-0.782675,-0.968375,-1.238925,-0.9107999999999999,-1.091175,-0.7274,-0.9777,-0.977575,-1.1652500000000001,-0.93245,-0.778575,-1.1053250000000001,-0.9846750000000001,-1.535,-1.067725,-0.7835500000000001,-0.923525,-1.11045,-0.9538500000000001,-0.8870250000000001,-1.063525,-1.150725,-1.4035,-1.1201,-0.443925,-1.2144,-1.0786,-1.11815,-1.61125,-1.73495,-0.8088,-1.1401999999999999,-1.1509,-0.926075,-1.430475,-0.5445,-0.808925,-1.22045,-1.0828499999999999,0.0,0.0,0.0,0.0,0.0,0.0,0.0,0.0,0.0,0.0,0.0,0.0,0.0,0.0,0.0,0.0,0.0,0.0,0.0,0.0,0.0,0.0,0.0,0.0,0.0
0.0,0.0,0.0,0.0,0.0,0.0,0.0,0.0,0.0,0.0,0.0,0.0,0.0,0.0,0.0,0.0,0.0,0.0,0.0,0.0,0.0,0.0,0.0,0.0,0.0,2.0957500000000002,2.1137,1.3475,0.59615,0.945575,1.741075,1.8214,1.54545,0.908925,0.758775,1.194175,1.9204999999999999,1.25265,0.6582,0.63705,1.2443,2.127175,1.37175,0.50785,0.618025,1.274625,1.534025,0.7741250000000001,0.746575,0.804025,1.289775,1.819725,1.0926500000000001,1.224775,0.93325,1.3514249999999999,1.460975,1.441475,1.0326,0.659725,1.0921,1.484275,1.49005,0.8287,0.376875,0.36929999999999996,1.265,1.327725,0.65,0.5675,0.5574,1.596025,1.3085,0.8189,0.251325,0.721275,1.233425,1.0147249999999999,0.855775,0.295875,0.82295,1.0377750000000001,1.235775,0.643775,0.341825,0.632225,0.48077499999999995,1.345775,0.7612,0.25355,0.5648249999999999,0.763325,1.25515,0.8415,0.2694,-0.189775,0.823025,1.064425,0.8476250000000001,0.29585,-0.014849999999999999,0.883525,0.986925,0.7359249999999999,0.038224999999999995,0.224825,0.662325,0.8488249999999999,0.758375,0.206225,0.39932500000000004,0.43185,0.957975,0.4818,0.4219,0.104275,0.1096,1.063925,0.80715,0.534,0.24725,0.192275,0.598425,0.9167,0.4047,-0.159725,0.21487499999999998,0.5671499999999999,1.071225,0.477375,-0.101275,0.02495,0.5268499999999999,0.66945,-0.00935,0.0868,0.14252499999999999,0.5731499999999999,0.6,0.380425,0.006125,0.014349999999999998,0.431825,0.297475,0.5740000000000001,0.21132499999999999,0.01285,0.348075,0.648425,0.5529999999999999,0.1073,-0.1902,-0.191775,0.578375,0.332375,-0.2139,-0.167425,0.1041,0.8059499999999999,0.39297499999999996,-0.03605,-0.321275,0.2471,0.552025,0.2113,0.01715,-0.125175,0.287225,0.26044999999999996,0.42569999999999997,-0.06475,-0.24322500000000002,-0.018925,0.02105,0.676075,0.36155,-0.045975,0.0877,0.336375,0.3256,0.13977499999999998,-0.18332500000000002,-0.547125,0.32642499999999997,0.322675,0.200525,-0.29407500000000003,-0.175825,0.37407500000000005,0.38835,0.08575,-0.6122749999999999,-0.14342500000000002,0.315625,0.4525,0.22725,-0.222275,-0.192775,-0.22847499999999998,0.6561,-0.14325000000000002,-0.20615,-0.145625,-0.3419,0.52425,0.3958,-0.102975,-0.359225,-0.3101,-0.07922499999999999,0.36665,-0.2032,-0.607475,-0.149125,0.09505,0.38315,-0.1911,-0.4931,-0.57995,-0.049850000000000005,-0.019275,-0.54765,-0.37625000000000003,-0.269775,0.120775,0.055624999999999994,-0.123175,-0.327225,-0.50365,-0.06889999999999999,-0.259175,0.0776,-0.18515,-0.463675,0.002375,0.114825,-0.08712500000000001,-0.349825,-0.457425,-0.5165500000000001,0.22845,-0.25675,-0.745575,-0.500575,-0.035199999999999995,0.44980000000000003,-0.324225,-0.7463,-1.0692249999999999,-0.1575,-0.130375,-0.28497500000000003,-0.09082499999999999,-0.24277500000000002,-0.23007499999999997,-0.5228,-0.2467,-0.43975,-0.454225,-0.39690000000000003,-0.472375,-0.075625,-0.30179999999999996,-0.41090000000000004,-0.418975,-0.064325,-0.33055,-0.33175,-0.75535,-1.064075,-0.093475,-0.111275,-0.28145,-0.7228,-0.66615,-0.19419999999999998,-0.223925,-0.49195,-1.0396,-0.712125,-0.33955,-0.08915000000000001,-0.5096750000000001,-0.620125,-0.652925,-0.63585,-0.214675,-0.641725,-0.377825,-0.599225,-0.7172499999999999,-0.281975,-0.337375,-0.59905,-0.8783000000000001,-0.615275,-0.58095,-0.23472500000000002,-0.67915,-0.97535,-0.71965,-0.4914,-0.27595000000000003,-0.74195,-0.90195,-0.904975,-0.579275,-0.54825,-0.94655,-0.728675,-0.6085750000000001,-0.43255,-0.7197,-0.76075,-0.885175,-0.923325,-0.68545,-1.0894,-0.602875,-0.791725,-0.925075,-0.729725,-0.515325,-0.616125,-0.876,-0.991775,-1.150425,-0.6677,-0.8705,-1.1785750000000002,-1.0777,-0.9998,-0.6325500000000001,-1.132675,-1.145875,-1.20335,-0.7902750000000001,-0.7087,-0.863625,-0.791475,-0.8233,-0.84935,-0.825475,-0.83265,-1.3436000000000001,-0.972625,-0.8707750000000001,-1.123375,-0.78115,-0.828225,-0.9415,-1.089375,-0.899,-0.9520249999999999,-0.9562250000000001,-1.3737000000000001,-1.76065,-0.81625,-0.79505,-0.934875,-1.23035,-1.199625,-0.918425,-0.6948000000000001,-1.3199,-1.3402,-1.199525,-1.1260999999999999,-1.073825,-1.04755,-1.3776,-0.7597750000000001,-1.2516,-0.56065,-1.092325,0.0,0.0,0.0,0.0,0.0,0.0,0.0,0.0,0.0,0.0,0.0,0.0,0.0,0.0,0.0,0.0,0.0,0.0,0.0,0.0,0.0,0.0,0.0,0.0,0.0
0.0,0.0,0.0,0.0,0.0,0.0,0.0,0.0,0.0,0.0,0.0,0.0,0.0,0.0,0.0,0.0,0.0,0.0,0.0,0.0,0.0,0.0,0.0,0.0,2.00755,1.968775,2.047675,2.1035,2.3672750000000002,1.6294,1.4649999999999999,1.1745999999999999,1.625925,1.766175,1.4713,0.366925,0.888175,1.34775,1.70815,1.600825,0.45582500000000004,0.92405,1.191725,1.994275,0.816875,0.46735000000000004,0.849975,1.4609,1.743775,1.18965,0.943225,0.7955,1.404,1.1965,1.2965,1.016975,0.647375,1.4397,1.623375,1.14745,0.699825,0.43322499999999997,0.5303249999999999,0.980425,1.139825,0.510325,0.702025,1.0178,1.8606250000000002,1.27805,0.583025,0.07250000000000001,0.586125,1.655075,1.1166,0.79165,0.481825,1.015625,1.422075,1.3699999999999999,0.4675,0.34062499999999996,0.665175,0.824325,1.201175,0.759375,0.4426,0.653375,0.847375,1.1008499999999999,0.8523,0.45145,0.004425,0.72845,0.97255,0.6445,0.37825,0.17875,0.80505,0.897575,0.621775,-0.10347500000000001,-0.00285,0.747075,1.05055,0.90015,0.1841,0.275225,0.5296000000000001,1.128875,0.475175,0.091925,0.49069999999999997,0.30874999999999997,1.084775,0.655525,0.3962,0.3349,0.3914,0.5114,0.68895,0.368525,-0.0956,0.2945,0.8716250000000001,1.078775,0.36995,-0.0997,0.20025,0.494975,0.9439,-0.0547,-0.13377499999999998,0.34095,0.82065,0.933825,0.03145,-0.01515,0.12564999999999998,0.868175,0.248575,0.41575,0.029650000000000003,0.137875,0.6696,0.64605,0.43629999999999997,0.039025,0.00465,0.0465,0.41407499999999997,0.42415,-0.21610000000000001,-0.103625,0.217225,0.8455750000000001,0.434375,-0.070475,-0.468025,0.07495,0.7308250000000001,0.277525,0.072725,-0.10865,0.239325,0.55945,0.26084999999999997,-0.142025,-0.381225,0.29825,0.08305,0.495925,0.1352,-0.0894,0.086175,0.2873,0.4451,0.020125,-0.04535,-0.27740000000000004,0.09507499999999999,0.363625,0.214475,-0.12235,-0.28152499999999997,0.38975,0.3193,0.108375,-0.58075,-0.185,0.41659999999999997,0.413675,0.26322500000000004,-0.242125,-0.0627,0.0678,0.494775,-0.293325,-0.348225,-0.2267,-0.1904,0.552875,0.112025,-0.049525,-0.1732,0.06617500000000001,-0.097775,0.040875,-0.232275,-0.53005,-0.117475,0.28052499999999997,0.44927500000000004,-0.192925,-0.5132749999999999,-0.27015,0.04015,0.207775,-0.59495,-0.5305249999999999,-0.070175,0.3479,0.097375,-0.41,-0.58835,-0.403625,0.2311,-0.15389999999999998,-0.11952499999999999,-0.273475,-0.33675,0.253825,0.09532500000000001,-0.03505,-0.374,-0.374875,-0.224025,0.13915,-0.078375,-0.37605,-0.476075,-0.149725,0.273825,-0.38187499999999996,-0.785875,-0.9191,-0.547825,0.276675,-0.048125,-0.233325,-0.14255,0.081525,-0.38665,-0.37875000000000003,-0.7304,-0.61315,-0.333175,-0.4645,-0.2241,-0.384775,-0.4419,-0.331075,-0.19215,-0.1688,-0.33399999999999996,-0.54335,-0.8276749999999999,-0.452125,-0.30195,-0.2455,-0.7058,-0.72985,-0.17359999999999998,-0.2541,-0.2956,-0.971025,-0.75635,-0.1788,-0.29469999999999996,-0.4933,-0.650175,-0.571,-0.439975,-0.26987500000000003,-0.755325,-0.603425,-0.585175,-0.6059,-0.312,-0.44875,-0.542875,-0.564875,-0.5234749999999999,-0.61495,-0.504425,-0.61395,-0.9194,-0.566675,-0.32080000000000003,-0.122975,-0.7542,-0.93145,-0.820475,-0.63855,-0.3221,-0.99195,-0.956925,-0.49645,-0.29455,-0.413275,-0.7966,-0.934125,-0.960075,-0.38235,-1.021075,-0.668275,-0.813575,-0.914075,-0.449075,-0.573175,-0.834375,-0.915025,-0.864825,-0.895825,-0.6602,-0.677175,-0.9712000000000001,-1.12255,-0.8176,-0.507875,-0.899825,-0.9216249999999999,-1.35365,-1.059075,-0.393225,-0.970325,-1.0525,-0.8069,-0.6399,-1.014875,-0.958475,-1.3093750000000002,-0.803025,-0.66005,-1.328725,-1.136475,-0.824775,-1.062375,-1.043075,-0.9015,-1.120925,-0.955925,-1.22375,-1.861075,-0.888825,-1.2527750000000002,-0.80925,-1.064425,-1.572775,-1.1738,-1.407275,-0.9391750000000001,-1.5042,-1.44855,-0.927775,-0.778775,-1.6705,-0.6648750000000001,-1.195875,-1.1633,-0.60805,-1.286225,-1.063925,-2.06305,-1.275875,-1.077475,0.0,0.0,0.0,0.0,0.0,0.0,0.0,0.0,0.0,0.0,0.0,0.0,0.0,0.0,0.0,0.0,0.0,0.0,0.0,0.0,0.0,0.0,0.0,0.0
0.0,0.0,0.0,0.0,0.0,0.0,0.0,0.0,0.0,0.0,0.0,0.0,0.0,0.0,0.0,0.0,0.0,0.0,0.0,0.0,0.0,0.0,0.0,0.0,2.639775,2.428275,1.108025,1.509425,1.78145,1.6898,1.46995,1.471825,0.881475,0.99975,1.65685,1.720275,1.5450499999999998,0.426125,0.909125,1.427375,1.7129,0.9196,0.2573,1.058075,1.27865,2.155075,1.02945,0.674175,0.83605,1.42585,1.4104750000000001,0.8553,0.84195,0.854125,2.011025,1.8228,1.3408,0.9061250000000001,0.8587,1.0469,1.069775,1.153025,0.6193,0.747725,0.951075,1.3924750000000001,1.235475,0.6529,0.38695,0.5816250000000001,1.5369249999999999,1.017725,0.6501250000000001,0.47375,0.971325,1.48265,1.262575,0.536875,0.132075,0.92455,0.9563,0.9193250000000001,0.533875,0.40764999999999996,0.854,1.046025,1.0536999999999999,0.323175,0.5511999999999999,0.483425,0.81875,1.203875,0.668275,0.54355,0.498075,1.003675,0.8674499999999999,0.74975,-0.08222499999999999,0.110875,1.0167249999999999,1.0659,0.8402000000000001,0.13865,0.2838,0.861325,1.1040750000000001,0.41835,0.007825,0.40297499999999997,0.6969,1.211275,0.6294249999999999,0.26539999999999997,0.290225,0.4568,0.6859,0.3806,0.387975,0.037325,0.300825,0.7813,0.823925,0.408725,0.0289,0.21905,0.554525,0.9352,0.056475,-0.1658,0.32595,0.6359,0.757575,0.13627499999999998,-0.059825,0.06365000000000001,0.86085,0.2434,0.01875,0.10902500000000001,0.16525,0.849775,0.6098250000000001,0.235925,-0.0139,0.212375,0.36255,0.38339999999999996,0.51715,0.05415,0.076875,0.343225,0.684775,0.07494999999999999,-0.05175,-0.36695,0.010975,0.89685,0.274225,0.062775,-0.107175,0.335325,0.66805,0.346125,-0.26505,-0.476825,0.42275,0.3169,0.322875,-0.014025,-0.056675,0.33192499999999997,0.25882499999999997,0.238325,-0.17155,0.0293,-0.0581,0.29115,0.542525,0.041624999999999995,-0.235425,-0.342125,0.29852500000000004,0.290475,0.2854,-0.4497,-0.370575,0.463525,0.443025,0.273325,-0.2279,-0.1215,0.28865,0.4854,-0.05985,-0.5892000000000001,-0.10477500000000001,0.006375,0.5845250000000001,-0.033499999999999995,-0.277525,-0.141975,0.11775,0.110775,-0.0592,-0.04635,-0.414875,-0.06875,0.189225,0.27540000000000003,-0.2793,-0.4288,-0.22755,-0.16554999999999997,0.402525,-0.457075,-0.45565,-0.09897500000000001,0.156775,0.13497499999999998,-0.28995,-0.632425,-0.47945000000000004,0.125425,-0.22985,-0.330575,-0.35435000000000005,-0.3416,0.24035,-0.11885000000000001,-0.18587499999999998,-0.4278,-0.16444999999999999,-0.193475,-0.198175,0.024125,-0.325175,-0.200175,-0.1565,0.044074999999999996,-0.434525,-0.483425,-0.737025,-0.523175,0.15342499999999998,-0.5944,-0.5646,-0.072875,0.25032499999999996,0.279975,-0.34997500000000004,-0.7715,-0.685875,-0.157525,-0.1335,-0.1342,-0.461325,-0.609875,-0.421825,-0.308975,-0.136025,-0.56685,-0.274475,-0.33030000000000004,-0.237,-0.14679999999999999,-0.38245,-0.64945,-0.536475,-0.25595,-0.4185,-0.35825,-0.887575,-0.7067,0.2632,-0.0298,-0.43570000000000003,-0.77885,-0.5334,-0.318575,-0.102425,-0.727175,-0.85615,-0.61085,-0.413575,-0.07707499999999999,-0.57965,-0.632775,-0.6386000000000001,-0.4548,-0.474175,-0.5789500000000001,-0.44720000000000004,-0.6884,-0.581375,-0.42164999999999997,-0.274,-0.7089,-0.8448249999999999,-0.7064,-0.6227,-0.1216,-0.80845,-1.069325,-0.6112000000000001,-0.39955,-0.491525,-0.685125,-0.9487,-0.94125,-0.20205,-0.9083249999999999,-0.911675,-0.7861750000000001,-0.7474000000000001,-0.496475,-0.73575,-0.930275,-0.9271750000000001,-0.6597,-0.719675,-0.70325,-0.5179,-0.9144749999999999,-0.854,-0.8246,-0.50865,-0.922275,-0.8338,-1.2411750000000001,-1.13645,-0.5005000000000001,-0.7551,-0.9258500000000001,-1.019925,-0.8577,-0.766475,-0.9414,-1.096525,-1.2936,-0.728575,-1.0483500000000001,-0.73095,-0.89445,-1.250925,-0.93175,-0.72055,-0.9297500000000001,-1.282425,-0.97835,-1.219025,-1.0856000000000001,-0.8756,-0.97995,-1.281525,-1.1961499999999998,-0.7971,-1.02925,-0.71315,-1.1961499999999998,-1.79125,-0.396275,-0.804425,-1.253575,-1.2825250000000001,-1.2689750000000002,-1.18095,-1.1703000000000001,-1.58215,-1.2570000000000001,-0.7381249999999999,-1.62525,-1.218,-1.31845,-0.9696,-1.36175,0.0,0.0,0.0,0.0,0.0,0.0,0.0,0.0,0.0,0.0,0.0,0.0,0.0,0.0,0.0,0.0,0.0,0.0,0.0,0.0,0.0,0.0,0.0,0.0
0.0,0.0,0.0,0.0,0.0,0.0,0.0,0.0,0.0,0.0,0.0,0.0,0.0,0.0,0.0,0.0,0.0,0.0,0.0,0.0,0.0,0.0,0.0,0.0,0.7661250000000001,1.631275,1.7471750000000001,1.6638,1.04075,1.029175,1.401875,1.92425,1.778175,1.154525,0.719225,1.1134249999999999,1.4775,1.852325,0.7702,0.5347999999999999,1.1239,1.67915,1.784725,1.37325,0.633275,0.691125,1.40275,1.380075,0.6107250000000001,0.783625,0.714,1.841175,1.4526249999999998,1.44955,0.90105,0.939775,1.4187,1.286,0.926825,0.56185,0.774625,1.3418999999999999,1.28325,0.891825,0.525425,0.533575,0.670425,1.587575,1.033275,0.68755,0.46247499999999997,0.9190499999999999,1.6662249999999998,1.135475,0.618425,0.099025,0.817075,1.3388499999999999,1.153625,0.761125,0.280475,1.018,1.24925,1.136725,0.259425,0.427825,0.696025,0.8434250000000001,1.1659000000000002,0.74215,0.612275,0.6144999999999999,1.006425,0.7620750000000001,0.572325,0.221175,0.107375,1.030875,1.04365,0.7565,0.208325,0.249075,0.8933,0.860425,0.47472499999999995,-0.30265,0.356,0.7221249999999999,1.096725,0.46730000000000005,0.16385,0.454225,0.68675,0.957325,0.28535,0.322625,0.24935000000000002,0.5573,0.9183,0.711225,0.243,0.220275,0.50335,0.526275,0.779625,0.17049999999999998,-0.030625,0.51355,0.726025,0.849375,0.05625,-0.18512499999999998,0.02225,0.708075,0.6950999999999999,-0.1442,0.12545,0.2839,1.0261,0.6742250000000001,0.23695,-0.214175,0.20885,0.704075,0.3384,0.425725,0.0114,0.23465,0.6337,0.578225,0.03805,-0.12855,-0.08549999999999999,-0.007975000000000001,0.753225,0.2473,-0.012,-0.111875,0.2741,0.8039999999999999,0.251275,-0.1855,-0.50005,0.253525,0.40595,0.22085,-0.067575,-0.036199999999999996,0.342825,0.4906,0.32384999999999997,-0.233175,-0.07217499999999999,0.161525,0.26539999999999997,0.5854,0.09964999999999999,-0.0209,0.084025,0.43205,-0.03635,-0.040075,-0.4099,-0.3678,0.44847499999999996,0.372475,0.105375,-0.334275,-0.1012,0.241725,0.5019750000000001,-0.105975,-0.6683749999999999,-0.0147,0.370275,0.59095,-0.0526,-0.2506,-0.102725,0.056375,0.318025,-0.301075,-0.2329,-0.131825,0.033875,0.27564999999999995,0.07947499999999999,-0.18095,-0.3033,0.0884,-0.04965,0.15225,-0.41759999999999997,-0.50335,-0.014950000000000001,0.09935,0.10765,-0.3417,-0.46545000000000003,-0.312675,0.21152500000000002,-0.098325,-0.597375,-0.395575,-0.00145,0.327675,-0.033775,-0.3383,-0.4944,-0.11425,0.319075,-0.07765,-0.05465,-0.3322,-0.229425,-0.0588,0.07427500000000001,-0.326525,-0.4657,-0.3468,-0.38227500000000003,0.22494999999999998,-0.36745,-0.417725,-0.361825,-0.004475,0.23915,-0.3203,-1.204075,-1.242,-0.0177,0.0663,-0.051325,-0.272,-0.374475,-0.3439,-0.500375,-0.5542,-0.7737,-0.42735,-0.246575,-0.1847,-0.09707500000000001,-0.33265,-0.3886,-0.582775,-0.197225,-0.4954,-0.46940000000000004,-0.77875,-0.8242750000000001,-0.216275,-0.307125,-0.20652500000000001,-0.676,-0.448475,-0.369975,-0.08115,-0.6303749999999999,-1.00595,-0.42110000000000003,-0.173375,-0.13577499999999998,-0.64005,-0.73505,-0.662825,-0.40075,-0.29625,-0.7313000000000001,-0.345575,-0.5357000000000001,-0.325975,-0.381625,-0.40602499999999997,-0.81785,-0.740575,-0.466225,-0.7696000000000001,-0.3785,-0.696475,-0.863175,-0.48915000000000003,-0.50205,-0.5567,-0.9145749999999999,-0.96815,-0.885275,-0.31779999999999997,-0.53925,-0.8912,-0.860625,-0.415225,-0.345825,-0.7520249999999999,-0.993425,-1.244275,-0.7653749999999999,-0.46205,-0.798775,-0.714425,-0.743575,-0.754675,-0.6837,-0.580325,-0.890625,-0.7968500000000001,-1.0802,-1.1529500000000001,-0.47147500000000003,-0.8211999999999999,-1.0090750000000002,-1.181,-0.860425,-0.6086,-0.73145,-0.981675,-1.181575,-0.6765749999999999,-0.8183750000000001,-1.01705,-1.275875,-1.065175,-0.575975,-0.8274,-0.652725,-1.3238750000000001,-0.8304499999999999,-0.923675,-1.2425,-1.23425,-1.125575,-1.138875,-0.9668,-0.66705,-1.277425,-1.010475,-1.2302499999999998,-0.8331999999999999,-0.514425,-1.1008499999999999,-0.73895,-1.2894,-1.334375,-1.2785250000000001,-0.573525,-1.326825,-1.354425,-1.314275,-1.118725,-1.268775,-1.149125,-1.9255,-1.1033499999999998,-1.3577,-0.698925,-0.83445,0.0,0.0,0.0,0.0,0.0,0.0,0.0,0.0,0.0,0.0,0.0,0.0,0.0,0.0,0.0,0.0,0.0,0.0,0.0,0.0,0.0,0.0,0.0,0.0
0.0,0.0,0.0,0.0,0.0,0.0,0.0,0.0,0.0,0.0,0.0,0.0,0.0,0.0,0.0,0.0,0.0,0.0,0.0,0.0,0.0,0.0,0.0,0.0,1.8480999999999999,0.6100000000000001,0.916025,1.6245500000000002,2.2531,1.478825,1.489525,0.90655,1.577525,1.33315,1.374625,1.036475,0.642675,1.0695999999999999,1.633,1.893425,1.366525,0.762525,0.8144,1.631025,1.4867750000000002,0.6593249999999999,0.79625,1.23665,1.7651,1.6734,0.903675,0.58555,0.824075,1.82525,1.5641,1.074925,0.842875,1.07745,1.6547,1.16255,0.91415,0.62835,0.788525,0.785125,1.27935,0.7601249999999999,0.591125,0.6709,1.0532,1.527325,0.79535,0.485,0.184275,0.872375,1.4433500000000001,1.012875,0.7317,0.399325,1.2573500000000002,1.2295,1.050525,0.12227500000000001,0.38287499999999997,1.16155,1.0474999999999999,1.19255,0.444225,0.5172,0.983375,1.05415,0.841275,0.49945,0.483925,0.3575,1.135575,0.848225,0.60815,0.34454999999999997,0.525525,0.898325,0.797925,0.5413,-0.167475,0.2817,1.1018,0.991925,0.574925,0.10347500000000001,0.200225,0.825475,1.108225,0.169625,0.1574,0.35545,0.7647250000000001,1.1112,0.504675,0.177775,0.192975,0.6213,0.4424,0.44447499999999995,0.2824,0.09530000000000001,0.669875,0.575225,0.777575,0.04825,-0.0271,-0.006875,0.494625,0.5664250000000001,-0.139075,0.015425,0.3308,0.83525,0.48845,0.065525,-0.17980000000000002,0.296075,0.9092,0.32715,0.08704999999999999,0.12340000000000001,0.4415,0.8082,0.5302,0.013425,0.001625,0.2455,0.16469999999999999,0.457075,0.103375,0.051225,0.109975,0.439475,0.62345,0.10745,-0.051975,-0.3738,0.2079,0.6764,0.172,-0.1101,-0.16945,0.4543,0.480325,0.24235,-0.38715,-0.103575,0.67035,0.329625,0.31829999999999997,-0.25622500000000004,0.091,0.4255,0.631575,-0.02595,-0.220325,-0.144775,-0.0802,0.460375,0.165575,0.105725,-0.310025,-0.0721,0.352825,0.171175,0.107025,-0.540375,0.138475,0.5573250000000001,0.56375,0.028325,-0.38245,-0.147825,0.205675,0.490925,-0.43770000000000003,-0.27545000000000003,-0.097525,0.262225,0.40762499999999996,-0.23802500000000001,-0.28247500000000003,-0.27227500000000004,0.159725,-0.1266,0.057050000000000003,-0.3376,-0.3184,0.031724999999999996,-0.049249999999999995,0.130575,-0.5141249999999999,-0.389475,-0.4247,-0.06887499999999999,0.132975,-0.44704999999999995,-0.424975,-0.12612500000000001,0.361925,-0.052925,-0.363875,-0.669675,-0.2993,0.3396,-0.188225,-0.1997,-0.219025,-0.08915000000000001,0.30635,-0.03365,-0.41297500000000004,-0.49207500000000004,-0.1066,-0.4109,0.01945,-0.3503,-0.3248,-0.234275,-0.13945000000000002,0.082425,-0.41402500000000003,-0.676325,-0.9632000000000001,-0.48985,0.878275,-0.584025,-1.03345,-0.414925,-0.0568,0.0208,-0.505225,-1.0437750000000001,-0.6351,0.14015,-0.16092499999999998,0.16905,-0.541825,-0.44015,-0.275825,0.021824999999999997,-0.6149,-0.519325,-0.494325,-0.518875,-0.14787499999999998,-0.243975,-0.370025,-0.7151500000000001,-0.56975,-0.19870000000000002,-0.234375,-0.35175,-1.111475,-0.66905,-0.052524999999999995,-0.166375,-0.5552999999999999,-0.673825,-0.506325,-0.331625,-0.135925,-0.94965,-0.7194750000000001,-0.4723,-0.20285,-0.1272,-0.45555,-0.6941999999999999,-0.806,-0.478125,-0.74065,-0.5171749999999999,-0.7211000000000001,-0.859175,-0.5284,-0.5959749999999999,-0.406725,-0.824875,-0.859525,-0.885025,-0.5199750000000001,-0.40085000000000004,-0.871525,-0.866775,-0.4653,-0.18755,-0.52275,-0.7507,-0.991575,-0.871425,-0.2674,-0.92805,-0.82185,-0.861575,-0.589725,-0.4877,-0.7526,-0.82705,-0.895325,-0.636575,-0.9226749999999999,-0.5959,-1.0329,-0.969275,-0.9939749999999999,-0.834025,-0.70185,-0.86795,-1.0646499999999999,-1.466425,-0.7353999999999999,-0.738225,-0.7911,-1.041825,-0.7966,-0.760275,-0.826125,-0.8963,-1.3439750000000001,-0.9759249999999999,-0.48925,-0.707125,-0.977525,-1.141325,-0.9857750000000001,-1.317475,-0.952275,-1.2395749999999999,-1.0915499999999998,-1.0068,-1.039475,-0.7354,-0.95085,-0.940475,-1.2029,-1.17735,-0.880075,-0.973925,-1.077975,-1.3319999999999999,-1.0942,-0.5832999999999999,-1.01375,-1.0343499999999999,-1.319475,-1.5537750000000001,-1.3209,-0.34397500000000003,-1.4215,-1.562075,-0.524125,-0.9021750000000001,0.0,0.0,0.0,0.0,0.0,0.0,0.0,0.0,0.0,0.0,0.0,0.0,0.0,0.0,0.0,0.0,0.0,0.0,0.0,0.0,0.0,0.0,0.0,0.0
0.0,0.0,0.0,0.0,0.0,0.0,0.0,0.0,0.0,0.0,0.0,0.0,0.0,0.0,0.0,0.0,0.0,0.0,0.0,0.0,0.0,0.0,0.0,0.0,1.8732,1.967725,1.229225,1.38355,0.969025,2.07325,1.298975,1.2903499999999999,0.9855,0.9531499999999999,1.34085,1.866825,1.4604,1.0688499999999999,0.8059499999999999,1.378975,1.3949500000000001,1.5261,0.605425,0.742825,1.19585,1.703225,1.646775,0.981175,0.5207499999999999,0.807925,2.10055,1.3472,0.600425,0.806225,1.1671,2.085025,1.3914,1.19745,0.5684750000000001,1.04535,1.134625,1.1955,0.783,0.44415,0.89575,1.15215,1.3106,0.93475,0.69035,0.4782,0.8905000000000001,1.7218,0.96065,0.8827750000000001,0.42735,1.28525,1.4022,1.012175,0.190225,0.155325,1.187375,1.088325,1.0656249999999998,0.47735,0.5708249999999999,1.155525,1.1485,0.5210250000000001,0.10605,0.54745,0.6653,1.1603249999999998,0.8785499999999999,0.46885,0.50795,0.640675,0.974825,0.63115,0.598975,0.07475,0.399075,1.1368,0.9969,0.653825,0.179875,0.37795,0.66735,0.9404250000000001,0.1706,-0.031125,0.59195,0.959125,1.277725,0.29527499999999995,0.075075,0.24082499999999998,0.8543,0.734225,0.2107,0.31937499999999996,0.2797,0.8694,0.784025,0.6342,0.1819,0.220775,0.44975,0.538725,0.6640250000000001,-0.07172500000000001,0.008525,0.481925,0.8265,0.6041,-0.004975,-0.22107500000000002,0.194275,1.1054249999999999,0.4126,-0.0181,-0.016625,0.49355,1.0502,0.54705,-0.07922499999999999,-0.23095,0.48295,0.43729999999999997,0.471325,0.133275,0.043375,0.27985,0.49375,0.523575,-0.029625,0.014475,-0.147075,0.33635,0.7335,0.07617499999999999,0.1256,-0.1098,0.35165,0.495525,0.12052500000000001,-0.3478,-0.375275,0.492975,0.375775,0.276775,-0.15692499999999998,0.0727,0.3321,0.2743,-0.149475,-0.19745000000000001,0.131625,0.10435,0.4421,0.027175,-0.054025,-0.027875,0.12764999999999999,0.26899999999999996,-0.032275,0.015675,-0.436375,-0.06497499999999999,0.512425,0.373575,0.039175,-0.16872499999999999,-0.0349,0.149925,0.413725,-0.479925,-0.459125,0.1325,0.45185,0.509225,-0.2443,-0.3088,-0.28647500000000004,0.251425,-0.17717500000000003,-0.29200000000000004,-0.092575,-0.069,0.33705,0.176325,-0.065275,-0.43579999999999997,-0.2024,-0.151575,-0.241175,0.0571,-0.425775,-0.406275,0.006200000000000001,0.353925,0.004475,-0.37395,-0.566525,-0.2619,0.46025,-0.2993,-0.52505,-0.456,0.07010000000000001,0.41812499999999997,0.007549999999999999,-0.363275,-0.5217750000000001,-0.04755,-0.057124999999999995,-0.15994999999999998,-0.30927499999999997,-0.29525,-0.08865,-0.056675,-0.035275,-0.5180750000000001,-0.400325,-0.616175,-0.30367500000000003,0.130125,-0.36424999999999996,-0.483075,-0.71155,0.426675,0.4225,0.1772,-0.68675,-0.79235,-0.106475,-0.219325,-0.33015,-0.68375,-0.41425,-0.29775,-0.1999,-0.6466,-0.7638,-0.313325,-0.24605000000000002,-0.013425,-0.315525,-0.2365,-0.492975,-0.4697,-0.343675,-0.623225,-0.4234,-0.823825,-0.486825,-0.09615,-0.210475,-0.6623,-0.7575,-0.515775,-0.425775,-0.106625,-0.839425,-0.7872,-0.418625,-0.21855,-0.199525,-0.7818,-0.7362,-0.65295,-0.022925,-0.506275,-0.7168,-0.5505,-0.40425,-0.315,-0.60845,-0.535925,-0.895125,-0.568325,-0.656175,-0.636725,-0.311625,-0.91995,-0.958175,-0.58385,-0.30755,-0.673625,-0.79795,-0.967275,-0.6551750000000001,0.030675,-0.9131750000000001,-0.9273,-1.0255,-0.562125,-0.42410000000000003,-0.78435,-1.030225,-1.1487500000000002,-0.41857500000000003,-0.7028249999999999,-0.7315,-0.786,-0.80655,-0.7160500000000001,-0.8348,-0.7169,-1.13585,-0.787325,-1.1099,-0.89725,-0.637875,-0.858275,-0.946375,-1.001425,-0.595075,-0.8772,-0.6029,-1.306025,-1.066825,-0.64,-0.5617000000000001,-0.933525,-1.18415,-1.07305,-1.133375,-0.9179999999999999,-1.412425,-1.120025,-1.11245,-0.873625,-0.7641,-1.272575,-0.901825,-1.2763,-1.134325,-1.0155,-1.146625,-0.99075,-1.549275,-1.2976750000000001,-1.238025,-0.8541,-1.4673,-1.20305,-1.027925,-0.8558250000000001,-0.913025,-1.16425,-1.2332750000000001,-0.45272500000000004,-0.71205,-0.9963500000000001,-1.0518,-1.084625,0.0,0.0,0.0,0.0,0.0,0.0,0.0,0.0,0.0,0.0,0.0,0.0,0.0,0.0,0.0,0.0,0.0,0.0,0.0,0.0,0.0,0.0,0.0,0.0
0.0,0.0,0.0,0.0,0.0,0.0,0.0,0.0,0.0,0.0,0.0,0.0,0.0,0.0,0.0,0.0,0.0,0.0,0.0,0.0,0.0,0.0,0.0,1.7590249999999998,0.835025,1.405575,1.7895,1.971025,0.8800250000000001,0.885675,1.253025,1.8655249999999999,1.785025,1.577875,1.112125,0.9148499999999999,1.46155,1.221575,1.4581,0.988625,0.973,1.328525,1.751175,1.46115,0.9458,0.710375,0.7913250000000001,1.68665,1.452175,0.7415499999999999,0.749725,1.0407,2.0751,1.363025,0.71685,0.439525,1.1138,1.39105,1.046975,0.9428,0.5053,1.2634,1.469025,1.1961249999999999,0.5273,0.5680499999999999,0.8246249999999999,0.84955,1.3992749999999998,0.847475,0.8523499999999999,0.7074750000000001,1.2007750000000001,1.3612250000000001,0.960025,0.2351,0.321225,1.18085,1.157075,0.890925,0.332375,0.46365,1.140675,1.313675,0.9033,0.00465,0.5558,1.179425,1.3187,0.793625,0.392225,0.63555,0.9304749999999999,1.1458,0.45895,0.474525,0.154275,0.486175,1.2259,0.77735,0.52325,0.192525,0.430725,0.9218,0.8328,0.3918,-0.181875,0.4062,0.97465,1.1715,0.31934999999999997,0.093275,0.338175,1.00515,0.721275,0.04795,0.28325,0.40459999999999996,1.100525,0.8917999999999999,0.46125000000000005,0.16622499999999998,0.407275,0.6833,0.33142499999999997,0.551475,0.047875,0.15814999999999999,0.5361250000000001,0.513275,0.429475,0.03665,-0.013625,0.1084,0.77625,0.26870000000000005,-0.068025,0.0985,0.5752499999999999,0.9721,0.45425,-0.001725,-0.30085,0.48345,0.754525,0.2888,0.02355,0.056025,0.49685,0.6628499999999999,0.35785,-0.2776,0.00575,0.20975,0.244325,0.7673000000000001,0.0357,0.08990000000000001,0.070275,0.518675,0.301875,0.16105,-0.252875,-0.37320000000000003,0.5069750000000001,0.511525,0.2632,-0.148975,0.08195,0.60325,0.47795,0.028825,-0.506475,-0.055325,0.53795,0.618375,0.155625,-0.211675,0.004775,0.191925,0.414225,-0.17595,0.033525,-0.301575,0.04725,0.5796250000000001,0.230825,0.08635,-0.305125,0.049575,0.123925,0.29052500000000003,-0.26234999999999997,-0.46785,0.064825,0.3931,0.5267999999999999,-0.24225,-0.265525,-0.209875,0.47275,0.12617499999999998,-0.41002500000000003,-0.3012,-0.15132500000000002,0.267125,0.15595,-0.1045,-0.2801,-0.17535,0.15289999999999998,-0.2601,0.011075,-0.4078,-0.369275,0.0079,0.044625,-0.25295,-0.4077,-0.37225,-0.35855000000000004,0.20285,-0.1939,-0.398,-0.441125,0.088825,0.353925,-0.1378,-0.413125,-0.649675,0.081925,0.25585,-0.21855000000000002,-0.149025,-0.27354999999999996,0.103925,-0.041375,-0.157325,-0.662725,-0.27897500000000003,-0.24362499999999998,-0.191825,0.10565,-0.41125,-0.5172,-0.313925,-0.111975,-0.124075,-0.344625,-0.638525,-0.649125,0.4249,0.031025,-0.60545,-0.73905,-0.3009,0.1453,0.1391,-0.442425,-1.0876,-0.4785,-0.072025,-0.019000000000000003,-0.40197499999999997,-0.240775,-0.308275,-0.12115000000000001,-0.183825,-0.785475,-0.4794,-0.6402749999999999,-0.5385249999999999,-0.0478,-0.37922500000000003,-0.508775,-0.77405,-0.38622500000000004,-0.488625,-0.248775,-0.719275,-0.9542,-0.50925,-0.16444999999999999,-0.094,-0.680025,-0.8931,-0.718575,-0.199725,-0.1726,-0.71095,-0.5681499999999999,-0.368775,-0.1027,-0.550775,-0.6075,-0.84745,-0.5883,-0.49795,-0.7954,-0.39412499999999995,-0.7008749999999999,-0.79125,-0.7068749999999999,-0.60585,-0.7741750000000001,-0.7988500000000001,-0.9547749999999999,-0.8307249999999999,-0.335175,-0.6692,-0.792875,-0.9510000000000001,-0.45855,-0.468275,-0.8055,-0.9944999999999999,-1.32395,-0.54565,-0.493575,-0.784475,-0.6991,-0.7142000000000001,-0.45255,-0.5267,-0.6915,-1.072675,-0.835325,-0.913725,-0.934075,-0.702675,-0.8872,-0.9809,-0.86585,-0.8256,-0.867275,-0.9764999999999999,-1.2310750000000001,-1.081975,-0.679975,-0.665725,-0.757625,-1.240475,-1.0992250000000001,-0.87115,-0.887775,-0.778325,-1.361875,-0.9408500000000001,-1.00145,-0.867175,-1.090875,-1.060575,-1.214,-0.76255,-0.8315750000000001,-1.4702250000000001,-0.8433,-1.487875,-0.9884000000000001,-1.0928,-0.5648,-1.032325,-1.195975,-1.325375,-1.232925,-0.71695,-1.586775,-1.4358,-1.2731750000000002,-1.2678,-0.91955,-1.075525,-1.87295,-1.076175,-0.845225,-1.541575,-0.8042,0.0,0.0,0.0,0.0,0.0,0.0,0.0,0.0,0.0,0.0,0.0,0.0,0.0,0.0,0.0,0.0,0.0,0.0,0.0,0.0,0.0,0.0,0.0
0.0,0.0,0.0,0.0,0.0,0.0,0.0,0.0,0.0,0.0,0.0,0.0,0.0,0.0,0.0,0.0,0.0,0.0,0.0,0.0,0.0,0.0,0.0,1.754925,2.063925,1.1737250000000001,1.638075,0.97105,2.156,2.2942,1.534675,1.0214750000000001,1.0509249999999999,2.019025,1.00815,1.1534,0.8465750000000001,1.1952,1.826075,1.5692,1.385375,0.54925,0.833075,0.891125,1.547625,1.11875,0.7827999999999999,0.7578,1.377675,1.8367499999999999,1.376525,0.37295,0.446825,1.179425,2.2106000000000003,1.07455,1.045125,0.320825,1.330875,1.674925,1.1833,0.492125,0.346375,1.123775,1.0012750000000001,1.108225,0.58375,0.66725,1.1056,1.3641,1.280825,0.7565,0.5773,0.40525,1.2613999999999999,1.30865,0.885025,0.5181250000000001,0.546175,1.23915,1.1486,0.70715,-0.054925,0.4629,1.1572,1.201,0.95175,0.3437,0.567075,1.105775,1.086275,0.2889,0.31989999999999996,0.560925,0.7854749999999999,1.116075,0.4355,0.4643,0.320225,0.8165,0.743125,0.55925,0.435475,-0.014875,0.5689,0.9512750000000001,0.8069500000000001,0.325025,0.14730000000000001,0.42055,0.9397,1.034225,0.025775,0.141025,0.5735250000000001,1.1093,1.02975,0.248825,0.109275,0.457725,0.9091,0.4429,0.31675000000000003,0.128175,0.34700000000000003,0.927875,0.5348250000000001,0.343225,-0.001125,0.225075,0.212125,0.613,0.494475,-0.019175,0.143925,0.61835,0.920675,0.349925,-0.06955,-0.341275,0.6319250000000001,0.8197749999999999,0.24685,0.145225,-0.12614999999999998,0.6021,0.8570500000000001,0.304925,-0.22010000000000002,-0.113925,0.5,0.320275,0.5312749999999999,0.07095,0.061825,0.38839999999999997,0.4516,0.31834999999999997,-0.136775,-0.057675000000000004,-0.30855,0.378175,0.48655,0.065375,-0.08705,0.078875,0.52235,0.377025,0.093825,-0.5412,0.039675,0.537975,0.373975,0.1594,-0.23572500000000002,0.10955000000000001,0.390875,0.451,-0.4969,-0.168075,0.0974,0.28895,0.5772250000000001,-0.03705,-0.080625,-0.17705,0.145125,0.21132499999999999,0.10255,-0.057550000000000004,-0.34225,0.13835,0.479875,0.318925,-0.13192500000000001,-0.284375,-0.06595000000000001,0.208525,0.40025,-0.504675,-0.11205000000000001,0.251025,0.406625,0.22285,-0.292975,-0.59445,-0.111625,0.5122249999999999,-0.22655,-0.091625,-0.36735,0.08247499999999999,0.30795,-0.0515,-0.22715,-0.5761000000000001,-0.1308,-0.344175,0.0289,-0.029199999999999997,-0.338525,-0.336225,0.11349999999999999,0.387725,-0.26295,-0.481075,-0.787875,0.00205,0.46987500000000004,-0.03815,-0.2812,-0.4235,0.189225,0.14477500000000001,-0.21055000000000001,-0.6793750000000001,-0.467575,0.0083,-0.1956,-0.037025,-0.448275,-0.127575,-0.17525000000000002,0.09675,0.025375,-0.268275,-0.28295000000000003,-0.8150000000000001,-0.1001,-0.26515,-0.20155,-0.828575,-0.385375,0.22235,0.101125,-0.14415,-1.014025,-0.48765,-0.1512,-0.207975,-0.761,-0.5593,-0.297725,-0.05995,-0.1376,-0.48664999999999997,-0.4246,-0.39705,-0.3569,-0.166075,-0.628725,-0.5435,-0.5554749999999999,-0.36717500000000003,-0.63885,-0.37817500000000004,-0.566675,-0.78085,-0.34640000000000004,-0.240325,-0.1725,-0.74755,-0.7238749999999999,-0.508075,-0.269725,-0.21639999999999998,-0.93465,-0.590975,-0.295425,0.08975,-0.3419,-0.533325,-0.736575,-0.35302500000000003,-0.24282499999999999,-0.8446750000000001,-0.6008,-0.71325,-0.462725,-0.3804,-0.503225,-0.65725,-0.8386,-0.7400249999999999,-0.88605,-0.6234500000000001,-0.669675,-0.72545,-0.856075,-0.388625,-0.24555000000000002,-0.8065249999999999,-0.8109,-1.21035,-0.6499,-0.195025,-0.84685,-0.88935,-1.0195500000000002,-0.528475,-0.6453,-0.610525,-1.076025,-0.807,-0.69445,-0.6518499999999999,-0.6843,-0.982825,-0.8437749999999999,-1.0160749999999998,-0.851275,-1.035675,-0.83755,-0.664125,-1.2221,-0.90855,-0.7933749999999999,-0.7944249999999999,-1.0101,-0.888875,-0.9366,-0.7307,-0.693875,-1.554675,-0.96425,-0.5808,-1.0569000000000002,-1.0399,-1.61245,-0.95475,-1.1226,-0.9572,-1.2014999999999998,-0.906225,-1.037525,-1.0816000000000001,-0.916025,-1.2654,-1.1499,-1.3067,-0.898075,-1.005725,-0.69895,-1.00265,-0.965875,-0.7699,-0.9823500000000001,-1.2039,-1.326625,-1.2852000000000001,-1.641625,-1.265075,-0.3416,-1.482175,-0.930975,-0.9672,-1.359125,0.0,0.0,0.0,0.0,0.0,0.0,0.0,0.0,0.0,0.0,0.0,0.0,0.0,0.0,0.0,0.0,0.0,0.0,0.0,0.0,0.0,0.0,0.0
0.0,0.0,0.0,0.0,0.0,0.0,0.0,0.0,0.0,0.0,0.0,0.0,0.0,0.0,0.0,0.0,0.0,0.0,0.0,0.0,0.0,0.0,0.0,1.1170749999999998,1.539675,2.062075,2.3795,1.226325,0.633,1.101825,1.785425,1.1771,1.060975,1.1766,1.1966999999999999,1.994275,1.494575,1.3328,0.9347500000000001,0.9042,1.3045,1.397175,0.9302,0.78805,1.1291250000000002,1.36335,1.49025,1.2244,0.939025,0.6966749999999999,1.2627249999999999,1.887675,0.94825,0.9319500000000001,0.896575,1.5061499999999999,1.962575,1.1206,0.5909249999999999,0.3048,1.163025,1.289425,1.1085,0.37165000000000004,0.5712250000000001,1.2536999999999998,1.1747,0.915575,0.585075,0.9479,0.92505,1.1344,1.49545,0.7466250000000001,0.88905,0.810075,1.1969,0.9084,0.76965,0.0794,0.4574,1.3923,1.093,0.9036,0.2371,0.724125,1.2943500000000001,1.383225,0.307525,-0.028,0.613175,1.0032,1.2716500000000002,0.6198750000000001,0.28247500000000003,0.5133,0.8949499999999999,0.8627750000000001,0.342775,0.311775,0.17379999999999998,0.818,1.0312,0.788475,0.34252499999999997,0.190975,0.39995,0.72905,0.946825,0.03705,0.060575,0.499925,0.977625,0.9478249999999999,0.20145000000000002,0.027049999999999998,0.26222500000000004,0.973425,0.48105,0.20825,0.273525,0.566125,1.1242750000000001,0.579,0.24819999999999998,-0.1796,0.4537,0.374275,0.34092500000000003,0.38445,0.067925,0.356225,0.6126750000000001,0.700625,0.14125,0.06824999999999999,-0.0451,0.403225,0.9586250000000001,0.2539,0.0206,0.14235,0.61185,0.83205,0.295425,-0.1735,-0.183025,0.680525,0.59845,0.219025,-0.055575,0.26444999999999996,0.612125,0.543925,0.2806,-0.15185,0.15365,0.094625,0.46455,0.55725,0.112175,0.00425,0.106325,0.4567,0.203975,0.18582500000000002,-0.4295,0.124375,0.74095,0.316225,0.1133,-0.39892500000000003,0.111925,0.5202249999999999,0.464675,-0.290875,-0.41437500000000005,0.22697499999999998,0.471775,0.419775,-0.127475,-0.099975,-0.06542500000000001,0.42245,0.177675,-0.208675,-0.1137,-0.23822500000000002,0.277875,0.5266,0.1307,-0.293975,-0.292325,-0.084175,0.17407499999999998,0.3598,-0.4646,-0.388125,0.014975,0.50825,0.315925,-0.313675,-0.284,-0.2412,0.399675,-0.3165,-0.38855,-0.265075,0.128975,0.400625,-0.0639,-0.21687499999999998,-0.411575,-0.044875,-0.051000000000000004,-0.191575,-0.186825,-0.38327500000000003,-0.067425,0.01965,0.0749,-0.3757,-0.275175,-0.6052,-0.0958,0.33197499999999996,-0.303975,-0.2601,-0.30779999999999996,0.22817500000000002,0.29974999999999996,-0.2621,-0.6882,-0.633825,0.203175,0.074,-0.2355,-0.5401,-0.161375,0.0288,0.0579,-0.29265,-0.5831500000000001,-0.2998,-0.304025,-0.12837500000000002,-0.004575,-0.474375,-0.61875,-0.4062,-0.18095,-0.284725,-0.2157,-0.7167,-0.166375,0.23322500000000002,-0.219825,-0.7098,-0.8193,-0.425475,-0.0435,-0.025974999999999998,-0.521775,-0.5948249999999999,-0.229725,0.13995,0.019049999999999997,-0.7245250000000001,-0.60305,-0.6211,-0.14997500000000002,-0.48445000000000005,-0.6237250000000001,-0.459425,-0.568275,-0.3558,-0.20315,-0.312975,-0.6645,-0.689625,-0.54375,-0.381825,-0.097975,-0.8623,-0.76225,-0.522975,-0.36534999999999995,-0.329425,-0.836225,-0.6837249999999999,-0.52855,0.013225,-0.594825,-0.76075,-0.6693749999999999,-0.4719,-0.30567500000000003,-0.673725,-0.6383,-0.8188,-0.473275,-0.6208750000000001,-0.585625,-0.68355,-0.727775,-0.684825,-0.501575,-0.512975,-0.859375,-0.782775,-0.9124249999999999,-0.645575,-0.318975,-0.8388749999999999,-0.828425,-0.944225,-0.6088,-0.652725,-0.871475,-1.08895,-0.902075,-0.285,-0.62365,-0.7835500000000001,-0.9597,-0.762275,-0.6427,-0.8387,-1.0369,-1.1545,-0.8760749999999999,-1.0043,-0.843675,-0.90835,-0.70275,-0.888825,-0.8467,-0.62945,-0.90235,-0.6984750000000001,-1.361125,-0.9194500000000001,-0.16625,-1.03915,-1.038375,-1.178725,-0.9651000000000001,-0.9126000000000001,-0.698125,-1.31225,-1.4566,-0.9942249999999999,-0.859325,-0.841575,-1.327175,-1.1353499999999999,-1.183325,-1.0908000000000002,-1.080275,-1.11525,-0.913925,-1.13375,-1.3371,-0.88705,-0.70475,-1.09165,-0.7147,-1.1770999999999998,-1.0306,-0.6066750000000001,-1.371975,-1.13915,-0.71745,-0.845725,-0.20600000000000002,-1.1632,-2.089225,0.0,0.0,0.0,0.0,0.0,0.0,0.0,0.0,0.0,0.0,0.0,0.0,0.0,0.0,0.0,0.0,0.0,0.0,0.0,0.0,0.0,0.0,0.0
0.0,0.0,0.0,0.0,0.0,0.0,0.0,0.0,0.0,0.0,0.0,0.0,0.0,0.0,0.0,0.0,0.0,0.0,0.0,0.0,0.0,0.0,0.0,1.9295,0.6896,1.421575,1.782975,2.425875,1.5999750000000001,0.8086,1.0658,1.0883,2.246275,1.6386,1.03755,0.8669250000000001,1.42755,1.7175749999999999,1.2428,1.16005,0.83995,1.21115,1.6978,1.5062,1.0128249999999999,0.9092250000000001,0.969875,1.2275,1.725975,0.9233250000000001,0.8008000000000001,0.85085,1.52985,1.852225,1.351,0.524825,0.508425,1.4149500000000002,1.62365,1.068525,0.5286,0.593125,1.4547,1.468775,0.6891499999999999,0.17267500000000002,0.54165,0.9966499999999999,1.197025,1.4278499999999998,0.70805,0.921475,1.0189,1.141675,0.8388249999999999,0.794875,0.456325,0.457825,1.2569,0.923625,0.678025,0.437925,0.7118,1.157,1.156775,0.45587500000000003,0.049699999999999994,0.832325,1.307625,1.0916,0.327025,0.16835,0.701925,1.15565,0.92855,0.16185,0.4679,0.51045,0.973225,1.145875,0.420975,0.32095,0.36325,0.716325,0.653725,0.64435,0.1302,0.335225,0.746825,0.9609,0.9261,0.16025,0.13255,0.3463,1.038375,0.6029,-0.0015,0.23202499999999998,0.863125,1.237625,0.6022,0.11855,-0.052375000000000005,0.7422,0.941075,0.36024999999999996,0.309325,-0.0687,0.498375,0.697325,0.6048250000000001,0.12335,0.127825,0.1405,0.3954,0.8979250000000001,0.1163,0.06755,0.049025,0.6561,0.7932,0.223825,-0.12877499999999997,-0.39735,0.711875,0.6648,0.310275,0.012925,0.177425,0.626825,0.49805,0.128225,-0.287475,0.12315000000000001,0.3871,0.504675,0.36365,-0.024975,0.111425,0.28845,0.42405,0.0147,0.01295,-0.099275,0.043125,0.6603749999999999,0.255725,0.13065,-0.191,0.156275,0.296925,0.2814,-0.1632,-0.5192,0.31845,0.54525,0.49629999999999996,-0.091925,-0.140375,0.062975,0.491625,0.23105,-0.2567,0.008375,0.05135,0.38434999999999997,0.412375,-0.019625,-0.17945,-0.006025,0.16125,-0.063075,0.116025,-0.317325,-0.15544999999999998,0.29025,0.331825,0.1253,-0.4164,-0.27349999999999997,-0.07452500000000001,0.460425,0.09962499999999999,-0.4287,-0.169975,0.26425,0.506025,-0.093375,-0.35092500000000004,-0.4788,0.1754,0.17785,-0.185775,-0.1467,-0.33799999999999997,0.014825000000000001,0.0167,0.011224999999999999,-0.464175,-0.3838,-0.24514999999999998,-0.1182,0.18425000000000002,-0.316525,-0.33699999999999997,-0.31215000000000004,0.153225,0.26897499999999996,-0.18705,-0.454025,-0.7295750000000001,0.239875,0.254375,-0.27087500000000003,-0.3707,-0.202725,0.107225,-0.031575,-0.3466,-0.6828,-0.239325,-0.025249999999999998,-0.078,-0.223225,-0.5112,-0.425125,-0.358425,0.035225,-0.469125,-0.14445,-0.374425,-0.12457499999999999,0.040375,-0.109225,-0.25627500000000003,-0.77405,-0.395775,-0.41985,-0.317875,-0.498075,-0.80305,-0.16385,0.410925,-0.03745,-0.5164,-0.3841,-0.398225,-0.15107500000000001,-0.34340000000000004,-0.8875249999999999,-0.3629,-0.406,-0.2236,-0.26894999999999997,-0.4255,-0.756075,-0.504875,-0.4883,-0.399975,-0.31420000000000003,-0.728275,-0.68045,-0.26185,-0.1522,-0.32995,-0.8245750000000001,-0.718,-0.555625,-0.128375,-0.398825,-0.884325,-0.50085,-0.021425,-0.115725,-0.662425,-0.9075500000000001,-1.024525,-0.230075,-0.225475,-0.718475,-0.563375,-0.710775,-0.5670999999999999,-0.63055,-0.5556749999999999,-0.895175,-0.765825,-0.7841750000000001,-0.635725,-0.32015,-0.647475,-0.8344,-0.9586749999999999,-0.585275,-0.658075,-0.8529249999999999,-1.05335,-1.2882500000000001,-0.603375,-0.3582,-0.69465,-0.8328,-0.5691,-0.42210000000000003,-0.5285,-0.995825,-1.276675,-0.618725,-0.9155249999999999,-0.9014,-0.7228249999999999,-0.9415,-1.0232750000000002,-0.9904,-0.81235,-1.12965,-0.6539999999999999,-0.996975,-0.70625,-0.594425,-0.8606,-0.784,-1.0747,-1.296675,-1.34805,-0.825225,-0.98645,-1.2792750000000002,-1.2266,-0.45794999999999997,-0.98875,-1.031525,-0.9993500000000001,-0.9345249999999999,-0.905825,-1.1425,-1.2778,-0.8629,-0.7368,-0.9867750000000001,-0.8785000000000001,-1.048175,-1.043675,-0.93555,-1.191975,-1.15545,-0.671125,-1.279875,-2.001875,-1.107575,-0.9602,-1.51295,-1.224475,-1.824,-1.268025,-0.826875,0.0163,0.0,0.0,0.0,0.0,0.0,0.0,0.0,0.0,0.0,0.0,0.0,0.0,0.0,0.0,0.0,0.0,0.0,0.0,0.0,0.0,0.0,0.0,0.0
0.0,0.0,0.0,0.0,0.0,0.0,0.0,0.0,0.0,0.0,0.0,0.0,0.0,0.0,0.0,0.0,0.0,0.0,0.0,0.0,0.0,0.0,0.0,1.0149249999999999,1.8955250000000001,1.4583,0.880825,1.1263,1.533475,1.9805000000000001,1.869875,0.9802,0.639925,1.1338,1.936,1.0631249999999999,0.99805,0.83355,1.305825,1.8435,1.281,1.0588250000000001,0.834075,1.28185,1.233375,1.459375,0.943875,0.8478000000000001,0.9833,1.2752249999999998,1.6842000000000001,1.17565,0.56065,0.484,1.414975,1.781025,1.034225,0.9092,0.7318,1.4888,1.56575,0.836075,0.11174999999999999,0.647575,1.231025,1.176525,0.8425499999999999,0.53015,1.18635,1.469575,1.529175,0.7529250000000001,0.503275,0.813875,0.8291,1.3525,0.8131499999999999,0.722175,0.4152,0.718075,1.1092,1.02285,0.67435,0.058374999999999996,0.844725,1.2957999999999998,1.274025,0.7055250000000001,0.360625,0.73815,1.1283750000000001,1.0719750000000001,0.18105,0.2219,0.63495,1.17165,1.0947,0.338275,0.35365,0.49115000000000003,0.82615,0.5162249999999999,0.318825,0.24082499999999998,0.28265,0.87135,0.88545,0.697525,0.174275,0.33144999999999997,0.39235,0.925475,0.650725,-0.042275,0.248025,0.67045,1.057,0.5317,0.17215,-0.02255,0.6367750000000001,0.9969,0.29925,0.218275,0.0796,0.637925,0.85405,0.35395,0.021775,0.14142500000000002,0.57855,0.485075,0.636475,0.07775,0.258175,0.366825,0.6601250000000001,0.54835,0.007625,0.050875,-0.144125,0.6004999999999999,0.785625,0.172825,0.072825,0.237225,0.6893750000000001,0.642975,0.05995,-0.492625,0.210725,0.67725,0.507625,0.21045,-0.1786,0.24767499999999998,0.46135,0.4981,-0.12425,-0.088925,0.0629,0.1404,0.53185,0.136825,0.169025,-0.115375,0.258775,0.3187,0.1359,-0.10392499999999999,-0.5313249999999999,0.1447,0.7763,0.441325,0.08145,-0.28905000000000003,0.074225,0.657,0.40052499999999996,-0.412225,-0.18434999999999999,0.054375,0.58985,0.49217500000000003,-0.16517500000000002,-0.2284,-0.18385,0.22545,-0.235375,-0.05155,-0.151125,-0.09465000000000001,0.340075,0.20975,0.1673,-0.32325000000000004,-0.1509,-0.121875,0.30425,0.167125,-0.422975,-0.17652500000000002,0.252425,0.42495,-0.05585,-0.18685000000000002,-0.4386,0.17020000000000002,0.304775,-0.39022500000000004,-0.2472,-0.2378,0.2536,0.252225,-0.057075,-0.52035,-0.44625000000000004,-0.0995,-0.14455,-0.03655,-0.35215,-0.1467,-0.146825,0.20692500000000003,0.0472,-0.34115,-0.405775,-0.6025,0.13785,0.2605,-0.21975,-0.26397499999999996,-0.10605,0.220725,-0.038375,-0.416925,-0.750775,-0.252375,0.21365,0.036,-0.2031,-0.67845,-0.16705,-0.037025,-0.1099,-0.535425,-0.5016,-0.41100000000000003,-0.165025,0.058275,-0.060975,-0.102925,-0.42045,-0.30522499999999997,-0.46940000000000004,-0.5143500000000001,-0.5563,-0.8737,-0.11345000000000001,0.2667,0.03805,-0.363325,-0.6130500000000001,-0.42205,0.051525,-0.2492,-1.0322,-0.669675,-0.34905,-0.01105,-0.22735,-0.5984750000000001,-0.631275,-0.681875,-0.16110000000000002,-0.653625,-0.396475,-0.46395000000000003,-0.3789,-0.4732,-0.3156,-0.289175,-0.75335,-0.544325,-0.73695,-0.2406,-0.29195000000000004,-0.812925,-0.677,-0.30627499999999996,-0.17812499999999998,-0.597375,-0.674625,-1.004925,-0.361925,-0.31145,-0.7619,-0.64905,-0.7104999999999999,-0.25020000000000003,-0.42555,-0.7096,-1.058,-0.8173,-0.541925,-0.6718,-0.4923,-0.6588,-0.57245,-0.60885,-0.5132,-0.56115,-0.74965,-0.8858250000000001,-1.10515,-0.5633,-0.415075,-0.84535,-1.0534000000000001,-0.7622249999999999,-0.40537500000000004,-0.540675,-0.716325,-1.2554750000000001,-0.526625,-0.60495,-0.582025,-0.8805000000000001,-1.101525,-0.7588,-0.85065,-0.7662,-1.1774,-1.081725,-0.990275,-0.43724999999999997,-0.59385,-0.783075,-0.794775,-1.2396,-0.7812250000000001,-0.870925,-0.74405,-1.023725,-1.6637,-0.9923500000000001,-0.72095,-0.79735,-1.324275,-1.4098000000000002,-1.06805,-0.7576499999999999,-0.70015,-1.32935,-1.022025,-0.732325,-0.964975,-0.8386750000000001,-1.1397,-1.084225,-1.30485,-1.168125,-1.2036,-0.991475,-0.9889249999999999,-1.3828,-1.47665,-1.0342,-1.121975,-1.3137,-1.6784750000000002,-0.875275,-1.1550749999999999,-0.77935,-2.471125,-1.626125,-0.704825,0.0,0.0,0.0,0.0,0.0,0.0,0.0,0.0,0.0,0.0,0.0,0.0,0.0,0.0,0.0,0.0,0.0,0.0,0.0,0.0,0.0,0.0,0.0
0.0,0.0,0.0,0.0,0.0,0.0,0.0,0.0,0.0,0.0,0.0,0.0,0.0,0.0,0.0,0.0,0.0,0.0,0.0,0.0,0.0,0.0,0.0,1.14955,1.60385,1.5012750000000001,2.3262,2.022525,1.145225,1.1218,1.412375,2.1445250000000002,1.1422,0.701325,0.5791000000000001,1.54145,2.2641,1.475425,0.6753,0.6734249999999999,1.491425,1.59545,1.2893249999999998,1.02445,1.111675,1.5875249999999999,1.558525,1.508,0.71255,0.6866,0.803725,1.577975,1.978925,1.021875,0.915875,0.872,1.49705,1.596975,0.9865999999999999,0.102875,0.499925,1.3763,1.2116500000000001,0.95255,0.334425,0.79155,1.343175,1.210675,0.7517499999999999,0.3517,0.809925,1.087425,1.368975,1.0258,0.6027,0.89255,1.2949249999999999,0.99985,0.549975,0.74475,0.253425,0.8914500000000001,1.426175,1.0182,0.607925,0.28800000000000003,0.8081,1.0716999999999999,1.15065,0.0598,0.21184999999999998,0.80545,1.194175,1.10745,0.20165,0.35807500000000003,0.4957,1.1902,0.6874750000000001,0.234425,0.325325,0.639775,1.073925,0.682225,0.414725,0.145775,0.695975,0.628225,0.7258749999999999,0.6628499999999999,0.026775,0.540525,0.888725,0.99985,0.586,0.042800000000000005,0.093,0.503625,1.1241500000000002,0.373625,0.14839999999999998,0.18412499999999998,1.101775,1.0959249999999998,0.32015,-0.163975,-0.09225,0.679425,0.723925,0.447325,0.323325,0.260225,0.6939249999999999,0.66885,0.3847,-0.103425,0.062325,0.054150000000000004,0.610225,0.833075,0.2064,0.21910000000000002,0.1213,0.65925,0.4645,0.24534999999999998,-0.320175,0.0081,0.755575,0.531175,0.23607499999999998,-0.1066,0.3709,0.61005,0.47992500000000005,-0.1949,-0.3462,0.252175,0.36865000000000003,0.5885,0.071325,0.0203,0.11077500000000001,0.5101249999999999,0.333675,-0.009375,0.0813,-0.311325,0.275575,0.508,0.131775,0.03985,-0.210025,0.20235,0.39549999999999996,0.4296,-0.2861,-0.1896,0.444675,0.745025,0.38822500000000004,-0.230875,-0.1919,0.06375,0.648325,-0.037225,-0.21925,-0.11682500000000001,0.10035,0.352625,0.320675,-0.0631,-0.23665,0.11837500000000001,-0.0257,0.1294,0.141075,-0.415825,-0.033375,0.322275,0.240325,-0.033525,-0.3462,-0.2571,0.18775,0.578775,-0.2117,-0.39935,-0.23585,0.4515,0.364175,-0.188075,-0.561025,-0.5001249999999999,0.2637,0.03545,-0.204725,-0.4138,-0.1854,0.0887,0.074,-0.13017499999999999,-0.41455000000000003,-0.192025,-0.3234,0.1216,0.24835000000000002,-0.304375,-0.3769,-0.2933,0.14645000000000002,-0.047875,-0.14684999999999998,-0.713125,-0.36735,0.15385000000000001,-0.088375,-0.164075,-0.6885749999999999,-0.11485000000000001,-0.023275,-0.0057,-0.498375,-0.6532749999999999,-0.081225,-0.0571,0.0309,-0.284125,-0.295825,-0.446925,-0.2042,-0.40690000000000004,-0.47765,-0.309525,-0.7283000000000001,-0.408825,-0.12780000000000002,-0.02975,-0.17677500000000002,-0.595525,-0.236925,0.012425,-0.11255,-0.79065,-0.637425,-0.2962,-0.10575000000000001,-0.3599,-0.750775,-0.6583,-0.538075,-0.007475000000000001,-0.5937749999999999,-0.63495,-0.363525,-0.12065000000000001,-0.12475,-0.32932500000000003,-0.446175,-0.691425,-0.24780000000000002,-0.482,-0.361375,-0.335925,-0.6449750000000001,-0.596925,-0.224375,-0.26549999999999996,-0.52535,-0.774475,-0.84845,-0.248,-0.272525,-0.736175,-0.82175,-0.8427,-0.29425,-0.3323,-0.55825,-0.812075,-0.9950749999999999,-0.2881,-0.59865,-0.707775,-0.736775,-0.624125,-0.6250249999999999,-0.42552500000000004,-0.6230249999999999,-0.85805,-0.624675,-0.9371,-0.448175,-0.3928,-0.9151,-0.9728,-0.94185,-0.6791499999999999,-0.716075,-0.793975,-1.13785,-0.766625,-0.394425,-0.690425,-0.85195,-1.0269,-0.780075,-0.8469500000000001,-0.7119,-1.237775,-1.2909000000000002,-0.839275,-0.7692749999999999,-0.7839,-0.933925,-0.723725,-0.8612500000000001,-0.727325,-1.0661749999999999,-1.0047249999999999,-0.513675,-1.227625,-0.6801999999999999,-0.6349,-0.88195,-1.079875,-1.32015,-1.407425,-1.12005,-0.948725,-1.284425,-1.052075,-0.8301000000000001,-0.718575,-1.001625,-1.1651,-1.01105,-1.201075,-0.498825,-1.216725,-1.30185,-0.7799,-0.7368,-1.15205,-1.146675,-1.1601750000000002,-1.46065,-0.812925,-1.38455,-0.88645,-0.59365,-1.245,-1.230125,-0.89675,-0.674925,-0.9857750000000001,-0.97255,0.0,0.0,0.0,0.0,0.0,0.0,0.0,0.0,0.0,0.0,0.0,0.0,0.0,0.0,0.0,0.0,0.0,0.0,0.0,0.0,0.0,0.0,0.0
0.0,0.0,0.0,0.0,0.0,0.0,0.0,0.0,0.0,0.0,0.0,0.0,0.0,0.0,0.0,0.0,0.0,0.0,0.0,0.0,0.0,0.0,0.0,1.8026499999999999,2.1801250000000003,1.2224499999999998,0.8933,1.2710249999999998,1.42755,1.7039749999999998,0.819125,0.8766750000000001,1.82565,1.6676,1.3490250000000001,0.591275,0.7378,1.421425,1.4798,1.1323249999999998,1.15735,0.91035,1.5024250000000001,1.6586,1.15155,0.853525,1.02875,1.18375,1.442725,1.4535,0.6777500000000001,1.179,1.280325,1.6885,1.7614999999999998,0.9213,0.42155,0.576025,1.5757249999999998,1.27445,0.9434250000000001,0.397125,1.126075,1.288725,1.358825,0.525225,0.046225,0.9096,1.4486999999999999,1.61075,1.0195750000000001,0.602625,0.851175,1.458475,1.2178,0.47555000000000003,0.46049999999999996,0.49835,1.149625,1.317175,0.914875,0.747025,0.418725,0.8671249999999999,1.0111999999999999,0.9296,0.33865,0.158175,0.934775,1.3036,1.132225,0.266075,0.19465,0.6113999999999999,1.264225,0.659975,0.097775,0.295375,0.717,1.3373499999999998,0.787,0.324025,0.05265,0.52415,0.76205,0.44084999999999996,0.59255,0.14685,0.55355,0.872675,0.8033250000000001,0.5062500000000001,0.221325,0.27795,0.4322,0.9562999999999999,0.29155,0.0893,0.23395,0.915425,0.983625,0.313025,0.07475,-0.0688,0.782475,0.73865,0.27535,0.202825,0.28535,0.8767,0.815175,0.425525,-0.162775,0.204525,0.324875,0.5346,0.4623,-0.033875,0.251475,0.54495,0.782125,0.438125,0.195675,-0.233075,-0.08282500000000001,0.6896,0.43755,0.173575,-0.07592499999999999,0.5150250000000001,0.6187,0.573,-0.0070999999999999995,-0.483775,0.4632,0.7288250000000001,0.503575,0.129625,-0.152725,0.23175,0.594275,0.3123,-0.16685,0.03335,-0.109775,0.5237,0.427225,-0.014825,-0.12262500000000001,-0.29207500000000003,0.1819,0.265125,0.32075,-0.21165,-0.237825,0.41300000000000003,0.8092999999999999,0.36715,-0.21795,-0.1371,-0.008775,0.644075,0.0927,-0.407525,-0.027025,0.25365,0.5858,0.23452499999999998,-0.199375,-0.31355,0.165775,0.294375,-0.033225,0.014624999999999999,-0.313575,0.033125,0.1878,0.2124,-0.153975,-0.216125,-0.29400000000000004,-0.104675,0.37429999999999997,-0.0728,-0.25980000000000003,-0.14355,0.476225,0.25135,-0.181175,-0.46395000000000003,-0.47902500000000003,0.291275,0.12725,-0.23575000000000002,-0.22,-0.13575,0.2218,0.039825,-0.294075,-0.5664750000000001,-0.09805,-0.16042499999999998,-0.114025,0.034775,-0.3537,-0.111025,-0.12,0.040400000000000005,-0.1959,-0.216275,-0.427775,-0.365925,0.131525,0.087425,-0.24375,-0.49665,0.013725000000000001,-0.01705,-0.08595,-0.4871,-0.7424000000000001,0.067325,0.27432500000000004,0.08777499999999999,-0.20900000000000002,-0.3056,-0.070475,0.28485,-0.41035,-0.9212750000000001,-0.512975,-0.49012500000000003,-0.134775,-0.16475,-0.29510000000000003,-0.46685,-0.6565749999999999,-0.130575,0.028575,0.015925,-0.47625,-0.68335,-0.085025,0.07625000000000001,-0.3062,-0.834075,-0.85145,-0.572025,-0.057775,-0.517525,-0.8127,-0.4813,-0.208675,-0.003625,-0.365475,-0.416275,-0.699275,-0.3023,-0.434125,-0.556675,-0.4622,-0.571425,-0.488375,-0.456625,-0.534225,-0.5809249999999999,-0.7028749999999999,-0.60855,-0.6229750000000001,-0.227775,-0.674775,-0.6479,-0.6819,-0.08015,-0.35035,-0.67345,-0.9385,-0.920225,-0.18767499999999998,-0.361375,-0.760775,-0.775925,-0.5420499999999999,-0.347825,-0.543125,-0.895175,-0.987375,-0.5332749999999999,-0.6472,-0.506525,-0.50945,-0.744575,-0.55835,-0.7684,-0.649,-0.813375,-0.811975,-1.1654499999999999,-0.940125,-0.375925,-0.5776749999999999,-0.8403,-0.964125,-0.5056,-0.496375,-0.7065250000000001,-0.955225,-1.3615750000000002,-0.61805,-0.4353,-0.75875,-0.952225,-1.00325,-0.779075,-0.55335,-0.723625,-1.1338750000000002,-0.7386,-0.92345,-0.653975,-0.6969500000000001,-0.92985,-1.064725,-1.0201500000000001,-0.92195,-1.2638500000000001,-1.038,-1.36685,-1.24895,-1.041825,-0.63015,-1.0587,-1.0808499999999999,-1.186075,-1.24315,-0.64185,-0.903175,-1.194925,-1.058,-1.05885,-0.770025,-1.342475,-1.379775,-1.285475,-1.082575,-1.23275,-1.3237999999999999,-0.957425,-1.3334,-1.6577250000000001,-1.48835,-0.974,-1.05,-1.4555,-1.214425,-1.55755,-0.85865,0.0,0.0,0.0,0.0,0.0,0.0,0.0,0.0,0.0,0.0,0.0,0.0,0.0,0.0,0.0,0.0,0.0,0.0,0.0,0.0,0.0,0.0,0.0
0.0,0.0,0.0,0.0,0.0,0.0,0.0,0.0,0.0,0.0,0.0,0.0,0.0,0.0,0.0,0.0,0.0,0.0,0.0,0.0,0.0,0.0,0.92155,1.210925,2.03285,1.728075,1.4238,0.921875,1.7016,2.052775,1.819675,1.3650250000000002,0.798875,0.8848,2.01385,1.892725,0.8648250000000001,0.788375,0.68575,1.828825,1.9554,1.253675,0.67945,0.9749,1.5759500000000002,1.6149,1.3497999999999999,0.5675,1.0363,1.3753,1.605125,1.4137499999999998,0.887575,0.65285,0.71615,1.3739249999999998,1.40915,0.933625,0.753725,0.91245,1.2545,1.252125,0.839825,0.11374999999999999,0.86925,1.262,1.2198,0.8654,0.563,0.983875,1.435725,1.1512250000000002,0.38192499999999996,0.5703,0.72,1.218025,1.4199249999999999,0.4699,0.75925,0.7307,1.2685499999999998,0.82895,0.677075,0.640925,0.419025,1.09585,1.31915,0.9651,0.36795,0.42210000000000003,0.696875,1.136025,0.6276499999999999,-0.0274,0.428025,0.745375,1.2346249999999999,0.97115,0.206975,0.34675,0.7088,0.9698,0.2056,0.296425,0.2668,0.91805,1.1049,0.755925,0.3536,0.1502,0.63625,0.6007750000000001,0.81005,0.4071,0.1605,0.512425,0.9714,0.804625,0.370675,0.068425,0.019825,0.9893000000000001,0.9340999999999999,0.268275,0.095325,0.15885,1.0005,0.893075,0.299875,-0.23725000000000002,0.1515,0.7637499999999999,0.56,0.419725,-0.029575,0.30372499999999997,0.50825,0.695675,0.307625,0.044399999999999995,0.24505,0.114875,0.7748250000000001,0.4304,0.1427,-0.026775,0.258275,0.41585,0.3778,-0.006175,-0.35657500000000003,0.38295,0.64385,0.4939,0.1514,-0.122975,0.3073,0.62505,0.3742,-0.353375,-0.035925,0.225825,0.637975,0.5068,-0.09707500000000001,0.058425000000000005,-0.00995,0.42855,0.032475000000000004,-0.0751,-0.10175,-0.15855,0.48410000000000003,0.557675,0.315175,-0.0881,0.0848,0.2069,0.5706249999999999,0.214925,-0.4703,0.0649,0.37129999999999996,0.5714250000000001,0.159275,-0.33555,-0.296375,0.23765,0.328125,-0.233475,-0.1973,-0.085725,0.431925,0.38845,0.020225,-0.3073,-0.32535000000000003,0.020025,-0.017425,0.12255,0.002075,-0.21565,-0.06537499999999999,0.527325,0.284225,-0.14775,-0.293275,-0.4794,0.457175,0.309125,-0.28995,-0.3026,-0.23765,0.352375,0.224025,-0.255575,-0.710675,-0.295925,0.0736,-0.002,-0.132075,-0.488425,-0.06835,-0.04715,0.008324999999999999,-0.336975,-0.361325,-0.231225,-0.37675000000000003,0.1936,-0.0036999999999999997,-0.272575,-0.38655,-0.06025,-0.02885,-0.048475000000000004,-0.475525,-0.828875,-0.062875,0.149025,-0.0274,-0.3095,-0.58855,-0.24457500000000001,-0.20532499999999998,-0.172775,-0.690225,-0.324975,-0.089425,-0.20745000000000002,-0.386125,-0.5783750000000001,-0.4675,-0.301975,0.104725,-0.22375,-0.296875,-0.31415,-0.401075,0.06375,-0.07680000000000001,-0.4595,-0.6205,-0.49935,-0.6002,-0.112225,-0.4548,-0.8823749999999999,-0.539775,-0.132575,-0.044375,-0.294075,-0.7606,-0.559625,-0.22275,-0.162825,-0.628575,-0.47545000000000004,-0.528425,-0.16240000000000002,-0.182275,-0.61265,-0.7119249999999999,-0.688375,-0.432975,-0.6018,-0.32215,-0.42374999999999996,-0.631525,-0.47215,0.029525,-0.330575,-0.710425,-0.826175,-0.979275,-0.09635,-0.3114,-0.769,-0.68965,-0.675325,-0.21905000000000002,-0.4752,-0.7309749999999999,-1.002675,-0.777525,-0.4569,-0.519925,-0.6553749999999999,-0.737975,-0.63195,-0.5096,-0.548525,-0.830675,-0.850575,-0.781975,-1.1619,-0.597575,-0.490675,-0.69225,-1.1124,-0.6683749999999999,-0.629675,-0.747125,-0.8534,-1.254125,-0.69025,-0.43995,-0.671625,-0.855175,-0.94395,-0.967225,-0.812325,-0.8973,-1.283575,-0.8540749999999999,-0.75285,-0.34772499999999995,-0.8993249999999999,-0.87515,-1.0543749999999998,-1.1063999999999998,-0.7813,-1.1381999999999999,-0.90335,-0.9879249999999999,-1.406525,-0.9143,-1.02615,-1.03515,-1.3071,-1.078925,-1.0336,-0.6894750000000001,-0.865275,-1.506125,-0.870325,-0.801,-0.9391,-1.115925,-0.9664999999999999,-1.1376,-0.6038,-0.839375,-1.130425,-1.25155,-0.79195,-0.499875,-1.0721,-1.3356249999999998,-1.34645,-0.664175,-1.2779,-1.332475,-1.424325,-1.805575,-1.7536749999999999,-1.6091499999999999,-1.77835,0.0,0.0,0.0,0.0,0.0,0.0,0.0,0.0,0.0,0.0,0.0,0.0,0.0,0.0,0.0,0.0,0.0,0.0,0.0,0.0,0.0,0.0
0.0,0.0,0.0,0.0,0.0,0.0,0.0,0.0,0.0,0.0,0.0,0.0,0.0,0.0,0.0,0.0,0.0,0.0,0.0,0.0,0.0,0.0,1.226725,1.5896,0.9142,1.3525,1.6574749999999998,2.020075,1.2746,1.011975,0.8824500000000001,1.550775,1.719725,1.1515,0.8932,0.89425,1.749725,1.64365,1.176675,0.43775,0.6754249999999999,1.7715,1.37655,1.0338,1.024675,1.114375,1.6911,1.72435,1.1567500000000002,0.7752,1.0292249999999998,1.123025,1.64615,1.444925,0.7791250000000001,1.08525,1.130725,1.3027,1.03115,0.908175,0.22305,1.043,1.366725,1.2891249999999999,0.66885,0.3014,1.017625,1.450975,1.3442500000000002,0.329175,0.335625,1.015425,1.57095,1.389975,0.47795,0.52565,0.882375,1.358275,0.9127,0.47535,0.6132,0.5257499999999999,1.2936,1.1817250000000001,0.814275,0.547125,0.6026,0.7070000000000001,1.024975,0.777775,0.1611,0.349225,0.788125,1.17595,0.735975,0.0875,0.112925,0.632475,1.3191249999999999,0.495925,0.16575,0.205575,0.7791250000000001,1.1142,0.5182,0.28285,0.17834999999999998,0.7549250000000001,0.572075,0.498325,0.639625,0.29362499999999997,0.910275,0.89865,0.5078750000000001,0.125,0.128,0.143225,0.748575,0.75825,0.192125,0.203775,0.3748,0.94765,0.74725,0.11525,-0.2703,0.129425,0.9129,0.618375,0.30010000000000003,0.082225,0.59595,0.7594,0.78435,-0.00019999999999999998,-0.17525000000000002,0.38072500000000004,0.436625,0.783,0.541825,0.11935,0.2446,0.44834999999999997,0.464075,0.214625,0.13055,-0.23317500000000002,0.514675,0.8159,0.5010249999999999,0.113725,-0.28495,0.36795,0.503375,0.487225,-0.357075,-0.27225,0.48495,0.7849999999999999,0.484275,-0.097775,0.079525,0.22505,0.640775,0.02945,-0.23835,0.02,-4.9999999999999996e-05,0.506225,0.34015,0.11635000000000001,0.001825,0.06,0.214125,0.38397499999999996,0.314775,-0.2977,-0.017725,0.310325,0.49215,0.22852499999999998,-0.2929,-0.24385,-0.0143,0.398675,-0.2582,-0.284725,-0.0055,0.48305,0.426375,-0.165025,-0.28962499999999997,-0.35505000000000003,0.326425,0.015,0.062325000000000005,0.019875,-0.13735,0.122125,0.281375,0.08549999999999999,-0.2561,-0.2092,-0.244825,0.242825,0.196875,-0.29410000000000003,-0.2494,-0.1513,0.400825,0.11804999999999999,-0.22705,-0.635575,-0.2785,0.35945000000000005,0.014725,-0.330625,-0.378575,0.0143,0.060524999999999995,0.036825000000000004,-0.48677499999999996,-0.524925,-0.069025,-0.110025,0.095825,-0.041325,-0.13572499999999998,-0.1677,-0.041775,-0.099075,-0.268475,-0.208175,-0.7228,0.007825,0.322325,-0.15332500000000002,-0.310275,-0.5066,-0.142575,0.118875,-0.182975,-0.859075,-0.777425,-0.13592500000000002,0.19574999999999998,-0.240775,-0.4823,-0.4724,-0.149575,0.151075,-0.361775,-0.380625,-0.190925,-0.25635,0.106725,-0.051475,-0.383925,-0.39125,-0.309575,-0.64235,-0.443075,-0.369475,-0.9579249999999999,-0.614025,-0.217575,-0.03475,-0.4647,-0.679425,-0.8142,-0.4474,0.06235,-0.266925,-0.73375,-0.544575,0.009625,-0.11605,-0.557725,-0.7645,-0.7358,-0.217375,-0.6927,-0.575475,-0.5033,-0.614675,-0.5098750000000001,-0.3468,-0.473175,-0.6241,-0.556,-0.7663,-0.3215,-0.33745,-0.7083,-0.79775,-0.726175,-0.244825,-0.40445000000000003,-0.7258249999999999,-1.131025,-0.898075,-0.322875,-0.5509000000000001,-0.870475,-0.768,-0.41812499999999997,-0.479275,-0.278,-0.856025,-0.8930750000000001,-0.38732500000000003,-0.656875,-0.5651,-0.6180749999999999,-0.7926249999999999,-0.92325,-0.451175,-0.76835,-0.908825,-0.860725,-1.08625,-0.456225,-0.541625,-0.5624,-0.849525,-1.1485750000000001,-0.6408499999999999,-0.749575,-0.65625,-1.21705,-1.0602,-0.739025,-0.47375,-0.7684249999999999,-1.012675,-0.8256749999999999,-0.838275,-0.47145,-1.07735,-0.85255,-0.7229749999999999,-1.169075,-0.9283,-0.935225,-0.88965,-1.22465,-1.245725,-1.2026750000000002,-0.621625,-0.483275,-1.207625,-0.9657,-1.143225,-0.857025,-1.210175,-0.92585,-1.4338000000000002,-0.744425,-0.7318749999999999,-1.182525,-1.2678,-0.944925,-0.41455,-0.772425,-0.97235,-1.5882,-1.463025,-0.518175,-1.142125,-0.95985,-1.02625,-0.8885,-1.341175,-1.04975,-1.5145499999999998,-0.9755,-1.0418,0.0,0.0,0.0,0.0,0.0,0.0,0.0,0.0,0.0,0.0,0.0,0.0,0.0,0.0,0.0,0.0,0.0,0.0,0.0,0.0,0.0,0.0
0.0,0.0,0.0,0.0,0.0,0.0,0.0,0.0,0.0,0.0,0.0,0.0,0.0,0.0,0.0,0.0,0.0,0.0,0.0,0.0,0.0,0.0,1.88475,1.974475,1.567275,1.2876500000000002,1.524475,1.21195,1.797275,1.6935250000000002,0.8539,0.680025,1.27055,1.7175,1.60975,0.581,0.73915,0.56965,1.565475,1.7097,0.9736750000000001,1.076675,1.1682,1.652725,1.782625,0.779575,0.5864499999999999,1.0644,1.2647,1.837025,1.4204999999999999,0.810975,1.2489249999999998,1.51925,1.49285,0.966275,0.887025,0.630525,0.86825,1.5076,1.13595,0.9585,0.59045,1.069625,1.147775,1.0326,0.31045,0.269725,1.17905,1.559675,1.239775,0.704025,0.58065,0.9994,1.481975,0.9043,0.146725,0.6336250000000001,0.8282,1.472225,1.2148,0.4248,0.64915,0.6684749999999999,1.01635,0.835575,0.7486,0.281975,0.642925,1.0521500000000001,1.178475,0.70485,0.17285,0.369625,0.521475,1.0478750000000001,0.59345,0.124925,0.615625,1.1671,1.162625,0.5505,0.091175,0.13565,1.1176,0.80845,0.39295,0.26665,0.218925,1.03845,1.063275,0.6303,0.209275,0.316575,0.4179,0.686825,0.651525,0.20477499999999998,0.299225,0.44384999999999997,1.0889,0.738375,0.21209999999999998,-0.09425,-0.02335,0.977375,0.6632750000000001,0.274875,0.0731,0.449525,0.780825,0.621,0.03685,-0.2767,0.484925,0.5374249999999999,0.5715749999999999,0.31145,0.1102,0.5067,0.609075,0.47950000000000004,0.02855,0.11105,-0.019200000000000002,0.242975,0.613,0.39139999999999997,0.313875,0.0598,0.543075,0.389425,0.368575,-0.232675,-0.315525,0.548325,0.76145,0.47395,-0.09975,-0.06434999999999999,0.316725,0.753825,0.08095,-0.2974,0.05205,0.10255,0.67485,0.18585,-0.1013,-0.076075,0.133225,0.2373,0.16462500000000002,0.16885,-0.14527500000000002,0.32439999999999997,0.56545,0.544225,0.06282499999999999,-0.26905,-0.12567499999999998,0.048225,0.567875,-0.1265,-0.447575,0.04625,0.51025,0.5209999999999999,0.016050000000000002,-0.279225,-0.195475,0.571025,0.25029999999999997,-0.20045000000000002,-0.21855,-0.17554999999999998,0.557525,0.39894999999999997,0.0836,-0.307225,-0.112075,-0.04935,0.161825,0.250225,-0.301475,-0.150675,-0.16767500000000002,0.353975,-0.080025,-0.1741,-0.499825,-0.446575,0.35934999999999995,0.0749,-0.247025,-0.34285,0.09490000000000001,0.151475,0.05665,-0.54065,-0.6435249999999999,0.053274999999999996,0.05545,-0.07909999999999999,-0.26387499999999997,-0.29610000000000003,-0.075775,0.03,-0.041275,-0.456175,-0.23752500000000001,-0.443475,-0.163225,0.08055,-0.0318,-0.22845,-0.29075,0.025725,-0.10167499999999999,-0.10965,-0.59955,-0.704,-0.005175,-0.0231,-0.284025,-0.68245,-0.5041249999999999,-0.294275,0.19745000000000001,-0.223975,-0.436625,-0.147725,-0.14079999999999998,0.25545,-0.227425,-0.5770249999999999,-0.39197499999999996,-0.131975,-0.39055,-0.6612,-0.2829,-0.5359750000000001,-0.339275,-0.2203,-0.193,-0.307,-0.685,-0.528925,-0.5677,-0.148175,-0.5317000000000001,-0.800125,-0.20405,0.274675,0.06,-0.356125,-0.8519249999999999,-0.6386499999999999,0.079075,-0.28445,-0.572025,-0.674,-0.620725,-0.292875,-0.375825,-0.560425,-0.7664,-0.548075,-0.5622,-0.408725,-0.33295,-0.629475,-0.55495,-0.716375,-0.221025,-0.437175,-0.67845,-0.859575,-0.843225,-0.1054,-0.322575,-0.814325,-0.833025,-0.590125,-0.44925000000000004,-0.583175,-1.0321500000000001,-1.137375,-0.2968,-0.496175,-0.4375,-0.6996249999999999,-0.715425,-0.7313,-0.6170249999999999,-0.807325,-1.065375,-0.786425,-0.96945,-0.77275,-0.5764,-0.57655,-0.6842250000000001,-0.996175,-0.52105,-0.893275,-0.564525,-0.9313250000000001,-1.2630000000000001,-0.5737,-0.3998,-0.8589,-1.0178,-1.0078749999999999,-0.9695,-0.42515,-0.948425,-0.9731000000000001,-0.5341,-0.8279000000000001,-0.6477999999999999,-1.0116,-0.9593,-1.13415,-0.944075,-1.3192499999999998,-0.989975,-1.0784,-1.2256,-0.94365,-0.73225,-1.0570249999999999,-1.1738250000000001,-1.026875,-1.0694750000000002,-1.181675,-0.524875,-1.0121499999999999,-1.384925,-1.168525,-0.9344,-0.799125,-1.4106750000000001,-1.2634750000000001,-1.13105,-0.5782,-0.9206,-1.2703,-0.8700749999999999,-1.4011,-1.19045,-1.449,-1.628625,-1.7511999999999999,-0.8646750000000001,-1.673475,-1.00325,-1.7934999999999999,0.0,0.0,0.0,0.0,0.0,0.0,0.0,0.0,0.0,0.0,0.0,0.0,0.0,0.0,0.0,0.0,0.0,0.0,0.0,0.0,0.0,0.0
0.0,0.0,0.0,0.0,0.0,0.0,0.0,0.0,0.0,0.0,0.0,0.0,0.0,0.0,0.0,0.0,0.0,0.0,0.0,0.0,0.0,0.0,0.81805,0.8774249999999999,1.375275,1.84635,1.0338,0.83745,1.205675,1.595,1.7224499999999998,1.787325,1.08025,1.07425,1.1644999999999999,1.6977,1.5198,1.14665,0.8925000000000001,1.026275,1.902875,1.5829,0.839575,0.33105,1.057375,1.543825,1.4524249999999999,0.87175,0.820575,1.47935,1.73155,1.50505,0.76245,0.80585,0.825,1.223975,1.5231,0.8006249999999999,0.8323,0.8268,1.317775,1.1248,0.9476,0.5158,0.303975,1.282475,1.2571750000000002,1.3351250000000001,0.7442,0.5032,0.9758,1.481,1.2467249999999999,0.2942,0.560025,0.93025,1.590275,0.9455250000000001,0.36345,0.549425,0.8894249999999999,1.3298999999999999,0.6967,0.581325,0.5323249999999999,0.8770249999999999,1.378725,1.0101,0.6257,0.293075,0.696275,0.715625,1.00785,0.5415,0.02955,0.64235,0.909975,1.2459,0.5956,0.251875,0.25145,0.9006,0.867975,0.189325,0.297125,0.299,1.2248999999999999,1.069125,0.32587499999999997,0.0295,0.35285,0.925925,0.66095,0.61185,0.25689999999999996,0.50045,0.6071,0.842925,0.40335,0.079,0.24305,0.1432,0.938,0.5947,0.17354999999999998,0.197875,0.387475,0.8283,0.619725,0.13275,-0.29805,0.45365,0.828225,0.578875,0.252475,0.0056500000000000005,0.562225,0.73825,0.650675,-0.13590000000000002,0.050325,0.351775,0.573925,0.49422499999999997,0.151975,0.18925,0.210125,0.782025,0.433725,0.22970000000000002,-0.032025,-0.344,0.602625,0.7311500000000001,0.3902,-0.03605,-0.097675,0.29290000000000005,0.74405,0.33144999999999997,-0.4471,0.073,0.406375,0.758025,0.18180000000000002,-0.253875,-0.17417500000000002,0.19344999999999998,0.51845,-0.142875,0.031025,-0.04715,0.2444,0.49515,0.419725,0.1273,-0.15200000000000002,0.1834,0.005875,0.422825,0.0043,-0.3084,0.243375,0.323825,0.316825,-0.097375,-0.4336,-0.3254,0.4797,0.327775,-0.22335,-0.220325,-0.10115,0.60075,0.26527500000000004,-0.15365,-0.410225,-0.035750000000000004,0.240125,0.00655,0.014925,-0.1265,0.211525,0.157075,0.4184,-0.21134999999999998,-0.32075,-0.3264,-0.373975,0.453625,0.034925,-0.22855,-0.367025,-0.07477500000000001,0.2013,-0.016974999999999997,-0.410975,-0.728575,0.031,0.144675,0.08232500000000001,-0.29917499999999997,-0.41065,0.02925,0.058374999999999996,-0.091575,-0.6183749999999999,-0.30695,-0.031924999999999995,0.1497,-0.0063,-0.2814,-0.18495,-0.289275,0.26225,-0.087925,-0.16565000000000002,-0.386725,-0.694275,0.26142499999999996,0.11207500000000001,-0.161675,-0.653,-0.5796,-0.2955,0.06795,-0.36014999999999997,-0.7511749999999999,-0.49355,-0.056975,0.46585,0.08224999999999999,-0.37427499999999997,-0.56465,-0.32725,-0.34195,-0.6327,-0.427175,-0.33975,-0.37274999999999997,-0.327225,-0.26475,-0.48834999999999995,-0.620425,-0.37015,-0.493325,-0.2226,-0.4376,-0.738175,-0.574175,-0.23265000000000002,-0.1552,-0.485075,-0.56445,-0.6775,0.04535,-0.3972,-0.6066,-0.563225,-0.446375,0.0365,-0.36617500000000003,-0.6543749999999999,-0.89685,-0.6551,-0.350775,-0.6607000000000001,-0.44615000000000005,-0.5050749999999999,-0.361825,-0.468275,-0.18425,-0.709425,-0.6555249999999999,-0.69825,-0.809225,-0.309525,-0.459975,-0.6742,-0.6896249999999999,-0.55125,-0.51975,-0.501875,-0.8712,-1.19255,-0.28952500000000003,-0.362975,-0.46305,-0.74455,-0.7827000000000001,-0.406725,-0.457575,-0.671925,-1.0829,-0.896875,-0.5277000000000001,-0.7740750000000001,-0.63915,-0.8351500000000001,-0.832825,-0.7416750000000001,-0.414225,-0.8046,-0.7204,-0.94915,-1.020175,-0.5075500000000001,-0.50465,-0.71425,-0.873825,-0.984675,-1.0212750000000002,-0.58475,-0.9368749999999999,-1.343725,-0.949775,-0.726075,-0.4782,-0.8832249999999999,-0.89605,-0.944375,-1.044,-0.841175,-1.167075,-1.26565,-0.978525,-1.054625,-1.15415,-0.711975,-1.1498249999999999,-1.1272499999999999,-0.89975,-1.1011499999999999,-0.710225,-0.9998,-1.337925,-1.3909,-0.62955,-0.86415,-1.048825,-1.2816,-1.418475,-0.861725,-0.8652,-1.105825,-1.2019250000000001,-1.127875,-0.7357499999999999,-1.6396,-0.82255,-1.74955,-1.1910500000000002,-1.12855,-1.16115,-1.0489,-1.1001750000000001,-0.880475,-2.1808,0.0,0.0,0.0,0.0,0.0,0.0,0.0,0.0,0.0,0.0,0.0,0.0,0.0,0.0,0.0,0.0,0.0,0.0,0.0,0.0,0.0,0.0
0.0,0.0,0.0,0.0,0.0,0.0,0.0,0.0,0.0,0.0,0.0,0.0,0.0,0.0,0.0,0.0,0.0,0.0,0.0,0.0,0.0,0.0,2.1942,1.875175,1.149225,1.2235749999999999,2.0821500000000004,2.4457500000000003,1.404175,1.0758999999999999,1.0490499999999998,0.94455,1.6372499999999999,1.583025,1.114825,1.0002499999999999,1.36425,1.7576749999999999,1.3779,0.905425,0.633075,0.95435,1.7295500000000001,1.885075,1.176175,1.204675,1.15015,1.44315,1.5825,1.2382250000000001,0.5463,1.271775,1.73005,1.6061,1.014425,0.9347,1.0870250000000001,1.5502500000000001,1.0683500000000001,0.810225,0.8082750000000001,0.518225,1.2084,1.2857500000000002,0.965475,0.4678,0.6256,0.985475,1.108825,1.162375,0.2359,0.523225,1.0696750000000002,1.602225,1.10275,0.34390000000000004,0.462275,1.018175,1.5172249999999998,0.669225,0.473325,0.71105,1.138425,1.380775,0.81865,0.496675,0.573925,0.896775,0.7890499999999999,0.849175,0.45792499999999997,0.16874999999999998,0.835275,0.9502999999999999,0.955475,0.551425,0.14152499999999998,0.2572,0.8846499999999999,1.057575,0.2586,0.158675,0.46457499999999996,1.3543749999999999,1.0429249999999999,0.559275,0.05425,0.2773,1.198025,0.664775,0.496625,0.202325,0.6027,0.9837750000000001,0.9266,0.393125,0.023625,0.4133,0.353,0.9523250000000001,0.611925,0.157375,0.285725,0.3559,0.76795,0.4563,0.225375,-0.29435,0.36367499999999997,0.85825,0.49724999999999997,0.14485,-0.03155,0.512375,0.7432,0.706125,-0.196475,-0.016024999999999998,0.566425,0.5992,0.67775,0.050875000000000004,0.159775,0.310875,0.678625,0.248425,0.060725,0.30015,-0.024650000000000002,0.70155,0.39807499999999996,0.23775,-0.0378,0.05,0.305225,0.462825,0.23635,-0.32289999999999996,-0.008575,0.5078,0.851675,0.19977499999999998,-0.21715,-0.09905,0.30167499999999997,0.647,-0.15095,-0.105675,0.175125,0.49202500000000005,0.6536,0.2237,-0.15195,0.009999999999999998,0.5359,0.134625,0.27527500000000005,-0.05205,-0.2666,0.322425,0.42910000000000004,0.392325,0.0793,-0.26244999999999996,-0.15095,0.29855,0.3655,-0.2323,-0.19025,0.18822499999999998,0.7891,0.40097499999999997,-0.109,-0.477275,-0.2058,0.6289750000000001,0.152175,0.0538,-0.1717,0.121,0.388775,0.34155,-0.17307499999999998,-0.3512,-0.023975,-0.176975,0.2919,-0.049249999999999995,-0.21165,-0.253125,-0.00014999999999999996,0.08215,-0.24115,-0.2602,-0.668675,-0.169925,0.1951,-0.041550000000000004,-0.267425,-0.41385,0.109425,0.109725,-0.12535000000000002,-0.729425,-0.4467,0.1366,0.11155,-0.047925,-0.23552499999999998,-0.1753,-0.067825,0.2217,-0.31265,-0.28974999999999995,-0.2404,-0.407525,0.172475,0.06887499999999999,-0.183525,-0.327225,-0.3139,-0.15057500000000001,-0.04745,-0.23700000000000002,-0.767125,-0.4844,-0.02265,0.19435000000000002,-0.3899,-0.631375,-0.410975,-0.08259999999999999,0.307775,-0.60955,-0.732675,-0.3076,0.02565,-0.08272499999999999,-0.371775,-0.66595,-0.6621,0.10085,-0.29495000000000005,-0.33025000000000004,-0.364475,-0.586275,-0.20035,-0.1537,-0.26680000000000004,-0.542225,-0.7884,-0.707875,-0.063075,-0.096175,-0.59155,-0.652175,-0.34345,0.295325,-0.2419,-0.5897749999999999,-0.905,-0.7420500000000001,-0.0263,-0.65795,-0.523125,-0.5757,-0.38185,-0.284775,-0.25825,-0.52605,-0.719225,-0.437925,-0.7418,-0.376425,-0.402875,-0.65725,-0.684075,-0.564225,-0.46392500000000003,-0.5989500000000001,-0.57805,-1.06345,-0.56185,-0.419475,-0.414775,-0.92325,-0.953975,-0.46455,-0.4666,-0.5616749999999999,-1.1296249999999999,-0.8476,-0.201825,-0.51575,-0.71625,-0.873,-0.776775,-0.856725,-0.47595,-0.95025,-0.7520249999999999,-0.64725,-0.898425,-0.336825,-0.6828000000000001,-0.83705,-1.056375,-0.9143749999999999,-0.8769,-0.70205,-0.8015249999999999,-0.920875,-0.8818250000000001,-0.8076249999999999,-0.38015,-0.748075,-0.982275,-0.862325,-0.82355,-0.6025,-1.176425,-1.0492,-0.52565,-0.685675,-1.17025,-0.9214249999999999,-1.1412,-1.425575,-0.597075,-1.126175,-0.8499,-1.038475,-1.295175,-1.0612499999999998,-0.7338749999999999,-1.128425,-0.943175,-1.3080500000000002,-1.2482,-0.79865,-1.13105,-1.1059,-1.32955,-1.10865,-0.25415,-1.047175,-0.685025,-1.603175,-1.53995,-0.6616,-1.13735,-2.2294,-1.3436000000000001,-1.6557499999999998,-1.97855,-0.18665,-1.212975,-1.5906,0.0,0.0,0.0,0.0,0.0,0.0,0.0,0.0,0.0,0.0,0.0,0.0,0.0,0.0,0.0,0.0,0.0,0.0,0.0,0.0,0.0,0.0
0.0,0.0,0.0,0.0,0.0,0.0,0.0,0.0,0.0,0.0,0.0,0.0,0.0,0.0,0.0,0.0,0.0,0.0,0.0,0.0,0.0,0.0,1.4477250000000002,1.8148,2.0068,1.4808999999999999,0.555375,1.5354999999999999,1.5452,1.6481,1.317225,0.96565,1.535425,1.428925,1.56745,1.37955,1.0740750000000001,0.90955,1.0058250000000002,1.7006000000000001,1.5013,1.1114,0.660425,1.12025,1.548675,1.4755,0.734775,0.28302499999999997,1.495025,1.683925,1.4625249999999999,1.029,0.8681749999999999,1.53485,1.7899,1.1088,0.45615,0.645225,0.7821,1.399375,1.3418999999999999,0.928925,0.8356250000000001,0.63925,1.468025,0.948125,0.93395,0.31775,0.719525,1.29405,1.5184250000000001,1.0894,0.401275,0.551775,1.02665,1.63195,0.72085,0.24630000000000002,0.587325,1.1555499999999999,1.63415,0.830975,0.38139999999999996,0.500575,1.083,1.117075,0.64465,0.58025,0.31715000000000004,1.0688,0.9059,0.71155,0.27665,0.1862,0.53445,0.7057,1.0469249999999999,0.3507,0.2507,0.5326500000000001,1.1296,0.8306,0.373525,0.10592499999999999,0.356925,1.3155,0.71895,0.3825,0.27825,0.5615,1.2077,0.896625,0.26585000000000003,-0.09004999999999999,0.6681250000000001,0.65405,0.72065,0.353275,0.146775,0.66615,0.68735,0.7967,0.19674999999999998,0.112625,0.045775,0.218525,0.938975,0.535625,0.2621,0.15134999999999998,0.72225,0.73095,0.43047500000000005,-0.13440000000000002,-0.1462,0.867675,0.7699750000000001,0.5563250000000001,-0.009575,0.058225,0.48595,0.780775,0.2628,-0.23197500000000001,0.22597499999999998,0.294525,0.8702,0.499025,0.12125,0.012425,0.16745,0.474675,0.154925,0.28140000000000004,-0.23320000000000002,0.02505,0.6088,0.683075,0.2244,-0.168675,-0.030675,0.266075,0.7499,-0.13825,-0.3877,0.1441,0.428175,0.664325,0.0601,-0.197825,-0.131025,0.492375,0.26365,0.048075,0.12925,0.0012000000000000001,0.49705,0.357325,0.08745,-0.24705,-0.09705,-0.003975,0.062625,0.31445,0.0173,-0.187025,0.12225,0.5658,0.15487499999999998,-0.17454999999999998,-0.314825,-0.170425,0.771375,0.1376,-0.163975,-0.20045000000000002,0.161225,0.5069,0.2954,-0.2851,-0.4938,0.23115,0.210675,0.1089,-0.190875,-0.2582,0.132625,0.09215,0.1503,-0.3408,-0.22745,-0.420025,-0.156175,0.18564999999999998,0.0752,-0.36285,-0.449575,0.1549,-0.021124999999999998,-0.022775,-0.560975,-0.654025,0.303375,0.1607,0.03905,-0.44735,-0.3885,0.0075,0.29475,-0.272125,-0.557225,-0.198025,-0.14755000000000001,0.267225,-0.14395,-0.255525,-0.368725,-0.196225,-0.029849999999999998,-0.17135,-0.032825,-0.4241,-0.4042,0.1768,0.23985,-0.2057,-0.48734999999999995,-0.52,-0.3048,-0.041975,-0.569375,-0.521825,-0.1927,-0.0156,-0.2369,-0.60185,-0.648325,-0.645175,-0.0604,-0.477125,-0.50685,-0.44132499999999997,-0.3956,0.0020499999999999997,-0.13142500000000001,-0.255975,-0.51345,-0.425025,-0.59665,-0.40885,-0.218775,-0.563075,-0.464975,-0.34285,0.205825,-0.316,-0.5279499999999999,-0.787775,-0.692525,0.265525,-0.488275,-0.6421749999999999,-0.61615,-0.40815,-0.344025,-0.37875000000000003,-0.680025,-0.86825,-0.23625000000000002,-0.354325,-0.295275,-0.60015,-0.68705,-0.53885,-0.47857500000000003,-0.50595,-0.74685,-0.5072,-0.82145,-0.597375,-0.28305,-0.43537499999999996,-0.8109000000000001,-0.9346,-0.267925,-0.75365,-0.64,-1.1315,-1.1369500000000001,-0.16444999999999999,-0.330075,-0.519925,-0.8368500000000001,-0.8577250000000001,-0.6288750000000001,-0.4162,-0.93035,-1.0359,-0.7238,-0.780725,-0.4403,-0.759375,-0.834625,-0.893975,-0.750175,-0.6949,-0.9381999999999999,-0.5989249999999999,-1.0804749999999999,-0.917525,-0.74875,-0.292975,-0.872725,-1.1019,-1.071175,-0.91875,-0.3116,-0.9885499999999999,-1.01025,-0.8694999999999999,-0.47355,-0.919325,-1.0712,-1.0982750000000001,-1.3575,-0.897025,-1.08125,-1.0789499999999999,-0.987475,-1.2677749999999999,-0.9102,-0.842625,-0.91015,-1.231725,-1.11785,-1.2076500000000001,-0.9556,-0.577,-1.1888,-1.2301,-0.80965,-0.6494,-0.929475,-1.007325,-1.511775,-1.001125,-0.35087500000000005,-0.8667,-1.26425,-1.10825,-0.9313,-1.4070749999999999,-1.2180499999999999,-1.5957000000000001,-2.0123499999999996,-0.382325,-0.09085,-2.182125,0.0,0.0,0.0,0.0,0.0,0.0,0.0,0.0,0.0,0.0,0.0,0.0,0.0,0.0,0.0,0.0,0.0,0.0,0.0,0.0,0.0,0.0
0.0,0.0,0.0,0.0,0.0,0.0,0.0,0.0,0.0,0.0,0.0,0.0,0.0,0.0,0.0,0.0,0.0,0.0,0.0,0.0,0.0,0.0,1.4622000000000002,1.342025,1.418,2.192025,1.613025,1.409825,0.651775,1.585375,1.4933,1.923875,1.22915,0.73185,0.7249749999999999,1.148725,1.940425,1.1320999999999999,1.0774249999999999,0.76655,1.5371,1.4402,1.525325,0.652425,0.38287499999999997,1.29665,1.5231,1.3615249999999999,0.781525,0.823925,1.50015,1.7993999999999999,1.3318999999999999,0.5168,0.94285,1.008025,1.79095,1.25665,0.7851,0.93515,1.072875,1.3588,0.8887499999999999,0.8552,0.545825,0.713175,1.3501500000000002,1.41825,1.1167,0.698825,0.8274,1.04875,1.2897750000000001,0.6642250000000001,0.133825,0.791775,1.05015,1.618125,0.9093249999999999,0.26985,0.365825,1.2257,1.39085,0.43495,0.369225,0.56725,1.427875,1.3014999999999999,0.6653,0.229125,0.381475,0.919375,0.57985,0.79115,0.36955000000000005,0.41265,1.003575,1.140675,0.6967,0.299775,0.2242,0.325825,1.2808,0.8651249999999999,0.365375,0.327875,0.7091500000000001,1.3839249999999998,1.0942500000000002,0.290925,-0.157225,0.470675,0.9418500000000001,0.699525,0.5140250000000001,0.178975,0.734225,0.8083750000000001,0.7195750000000001,0.117825,0.146375,0.361125,0.345275,0.9057999999999999,0.38595,0.319275,0.35245,0.666875,0.557975,0.438125,0.042525,-0.24830000000000002,0.683025,0.77855,0.4941,0.036074999999999996,0.033125,0.633425,0.687975,0.259575,-0.365375,0.13795,0.5882,0.8626750000000001,0.3623,0.0302,0.2388,0.326625,0.6743250000000001,-0.023674999999999998,0.120175,-0.0101,0.134275,0.722925,0.501925,0.1923,-0.06125,0.14395000000000002,0.322,0.58195,-0.07055,-0.328225,0.176975,0.38542499999999996,0.7481249999999999,0.014125,-0.250025,-0.120875,0.480775,0.42695,-0.162925,-0.000825,0.23265,0.8843,0.4884,-0.008175,-0.27475000000000005,-0.036175,0.36425,-0.05095,0.3222,-0.12487499999999999,-0.086075,0.2979,0.47895,0.14582499999999998,-0.15407500000000002,-0.284275,-0.1417,0.680025,0.2074,-0.121175,-0.20785,0.167475,0.58245,0.19494999999999998,-0.311075,-0.6355999999999999,0.079875,0.3986,0.2356,-0.081675,-0.188125,0.236125,0.148725,0.06597499999999999,-0.468575,-0.32125,-0.0996,-0.188375,0.2994,-0.1485,-0.255925,-0.31320000000000003,0.00595,-0.192625,-0.1643,-0.55565,-0.590125,0.16695,0.23097499999999999,0.03435,-0.4162,-0.3011,0.0593,0.1695,-0.263,-0.756625,-0.268675,0.1734,0.338575,-0.101275,-0.249075,-0.2035,-0.112475,0.12664999999999998,-0.396225,-0.242,-0.27142499999999997,-0.2384,0.27625,0.07544999999999999,-0.2788,-0.366525,-0.1076,-0.312325,0.16394999999999998,-0.531175,-0.89415,-0.3845,-0.10869999999999999,0.067325,-0.440275,-0.6042,-0.559075,-0.2924,-0.4349,-0.633375,-0.571675,-0.366925,0.1115,-0.2218,-0.34065,-0.60045,-0.2913,-0.161325,-0.492925,-0.22164999999999999,-0.5394749999999999,-0.5313,-0.41759999999999997,0.030875,-0.17665,-0.384575,-0.674,-0.65325,0.152125,-0.448075,-0.653675,-0.781975,-0.40490000000000004,-0.09605,-0.442025,-0.7204999999999999,-1.111,-0.48545,-0.280175,-0.434825,-0.544075,-0.52895,-0.21137499999999998,-0.27945000000000003,-0.515075,-1.011225,-0.667175,-0.4516,-0.6745,-0.3053,-0.4772,-0.632525,-0.67095,-0.29385,-0.7485,-0.461125,-0.812975,-1.023675,-0.21825,-0.38029999999999997,-0.611575,-0.9157249999999999,-0.839475,-0.595125,-0.420825,-0.77755,-1.183275,-0.76355,-0.660625,-0.42875,-0.8356750000000001,-0.7923,-0.666825,-0.5409,-0.58805,-0.91,-0.668875,-0.74145,-0.861375,-0.748675,-0.7715000000000001,-0.919275,-1.0816,-0.9021,-0.833975,-0.6231,-1.048825,-1.2679,-0.6105499999999999,-0.6108,-0.31095,-0.8961749999999999,-0.81845,-0.9865,-0.8729750000000001,-1.069,-1.25505,-1.11795,-0.5574,-0.646775,-1.263075,-1.203425,-1.4215,-1.019025,-0.7601,-1.08135,-0.757275,-1.0774,-0.932275,-1.083325,-0.71155,-1.20335,-1.134525,-1.0924749999999999,-1.412775,-0.693275,-0.949175,-0.92265,-1.2207,-1.098125,-0.679975,-0.957,-0.965225,-1.5850499999999998,-1.244875,-1.1683000000000001,-1.2882500000000001,-2.020725,-0.8276249999999999,-1.431375,0.0,0.0,0.0,0.0,0.0,0.0,0.0,0.0,0.0,0.0,0.0,0.0,0.0,0.0,0.0,0.0,0.0,0.0,0.0,0.0,0.0,0.0
0.0,0.0,0.0,0.0,0.0,0.0,0.0,0.0,0.0,0.0,0.0,0.0,0.0,0.0,0.0,0.0,0.0,0.0,0.0,0.0,0.0,0.0,2.3485,1.894475,1.60745,1.23285,1.707925,2.176975,2.0653750000000004,0.8953,0.665025,1.327725,1.48015,1.64715,0.90165,0.717775,1.304725,1.3691499999999999,1.662125,0.982225,1.010525,0.67365,1.53585,1.6722,1.5246,0.828025,0.9181999999999999,1.66555,1.703675,1.582325,0.461525,0.713775,1.6554,1.988025,1.6241750000000001,0.687775,0.7639499999999999,1.318025,1.5633249999999999,0.8455,0.6432,0.6756,0.84075,1.4001000000000001,1.17115,0.8033250000000001,0.711275,0.941025,0.99205,1.3482500000000002,1.068025,0.272625,0.769325,1.145575,1.42475,0.720625,0.24445,0.5191250000000001,1.077475,1.235825,0.350325,0.443475,0.807525,1.452375,1.36365,0.6076,0.1991,0.45035,1.2329999999999999,0.6995,0.5448999999999999,0.402825,0.46135,0.9912,0.9279999999999999,0.7409,0.422675,0.407,0.44365,0.9911,0.583275,0.20274999999999999,0.3468,0.566725,1.1712500000000001,0.7401249999999999,0.3075,-0.042124999999999996,0.519225,1.205825,0.5783499999999999,0.29722499999999996,0.1743,0.8267,0.984125,0.7446250000000001,-0.016524999999999998,0.06155,0.829025,0.6407,0.6856249999999999,0.2389,0.1873,0.536625,0.680675,0.5772,0.266675,0.238,-0.10575,0.7749250000000001,0.726025,0.40437500000000004,0.1369,0.050499999999999996,0.766,0.613925,0.41645,-0.399775,0.0309,0.8083750000000001,0.8787,0.5484749999999999,0.0531,0.210675,0.5837,0.870275,-0.058225,-0.084225,0.1111,0.2999,0.92895,0.223375,0.0509,0.016225,0.22849999999999998,0.203975,0.339725,0.16035,-0.256175,0.16105,0.431425,0.69085,-0.113675,-0.2127,-0.064425,0.37435,0.585275,-0.192125,-0.091525,0.1872,0.7319,0.467025,0.0538,-0.174975,-0.04155,0.649525,0.056175,-0.04505,-0.10735,-0.005975,0.459075,0.256675,-0.05395,-0.189725,-0.00625,-0.001925,0.38615,0.0023,-0.1533,-0.0598,0.165425,0.6574249999999999,0.103875,-0.158075,-0.49525,0.051325,0.615975,0.0242,-0.219175,-0.1095,0.3533,0.403375,0.3019,-0.49325,-0.304825,0.281425,0.115925,0.21405,-0.197325,-0.0878,-0.096775,0.16252499999999998,-0.26637500000000003,-0.364425,-0.296825,-0.486025,0.12380000000000001,0.061825,-0.044449999999999996,-0.34325,-0.357525,0.098825,0.003675,-0.097275,-0.741625,-0.417225,0.30025,0.315225,-0.073925,-0.411275,-0.203,0.113625,0.39189999999999997,-0.485075,-0.376825,-0.25849999999999995,-0.11335,0.190425,-0.03235,-0.2918,-0.335325,-0.102175,-0.319675,-0.14855000000000002,-0.2371,-0.4496,-0.105825,0.03805,-0.10205,-0.51545,-0.6644749999999999,-0.61455,-0.19505,0.041275,-0.8362750000000001,-0.7604,-0.419125,0.17885,-0.2883,-0.584575,-0.69885,-0.39905,0.06025,-0.367275,-0.17,-0.237875,-0.194775,-0.16265,-0.26947499999999996,-0.571325,-0.65285,-0.392025,-0.4556,-0.03545,-0.44885,-0.58575,-0.5941500000000001,-0.2872,-0.0578,-0.58385,-0.588975,-0.9382,-0.5367500000000001,-0.195925,-0.4227,-0.7007749999999999,-0.5573,-0.203675,-0.294175,-0.264125,-0.82655,-0.5736749999999999,-0.27415,-0.5946750000000001,-0.30095,-0.568475,-0.645625,-0.5598,-0.433975,-0.664025,-0.467525,-0.73485,-0.93905,-0.43325,-0.57595,-0.655125,-0.926375,-0.8391000000000001,-0.4783,-0.455525,-0.589675,-1.1216750000000002,-0.854425,-0.329325,-0.375475,-0.7891250000000001,-0.96245,-0.977725,-0.67985,-0.36845,-1.028675,-0.859875,-0.7512249999999999,-0.6538999999999999,-0.302875,-0.8694500000000001,-0.946525,-1.1442,-0.8573,-0.955675,-0.715525,-0.753825,-0.9762,-0.899475,-0.773325,-0.560275,-0.9318,-0.876425,-1.027975,-0.74465,-0.72265,-1.198475,-1.039475,-0.84065,-0.66605,-1.11145,-0.9719500000000001,-1.18415,-1.38225,-0.797725,-1.514175,-1.055975,-0.843375,-1.2071,-1.22335,-1.2836750000000001,-0.982075,-1.249325,-0.9632000000000001,-1.20145,-0.601825,-0.766225,-1.2159,-1.2319499999999999,-0.972675,-0.559225,-0.90225,-0.66225,-1.048825,-1.59565,-0.73065,-1.3170250000000001,-1.259575,-1.29615,-1.0205,-1.414225,-1.0093,-1.4215,0.0,0.0,0.0,0.0,0.0,0.0,0.0,0.0,0.0,0.0,0.0,0.0,0.0,0.0,0.0,0.0,0.0,0.0,0.0,0.0,0.0,0.0
0.0,0.0,0.0,0.0,0.0,0.0,0.0,0.0,0.0,0.0,0.0,0.0,0.0,0.0,0.0,0.0,0.0,0.0,0.0,0.0,0.0,0.0,1.844075,1.88905,2.2933499999999998,2.1281,1.231375,0.5311750000000001,1.557975,1.488875,1.9281,1.1771,1.0984500000000001,1.424575,1.68065,1.708675,0.722925,1.221375,0.817425,1.4859,1.6563500000000002,1.423575,1.0649,0.946775,1.5215750000000001,1.3088250000000001,1.27345,0.568875,0.589075,1.66005,1.902425,1.6527500000000002,0.7175750000000001,0.7812250000000001,1.2625,1.785725,0.8115749999999999,0.386125,1.083275,1.20275,1.830525,0.989425,0.6947,0.7454,1.114325,1.3638249999999998,0.839125,0.896225,0.561625,1.121775,1.48065,1.270975,0.797675,0.4926,0.678275,1.0401,1.33885,0.505525,0.3964,0.8309,1.3642500000000002,1.459525,0.6524,0.333,0.57605,1.4422,0.800425,0.39607499999999995,0.42685,0.730975,1.371,0.9247500000000001,0.39137500000000003,-0.018375000000000002,0.589725,0.7049,0.8228,0.74585,0.288225,0.455975,0.831425,1.0887,0.5458999999999999,0.41365,-0.034475000000000006,0.4402,1.360675,0.7719750000000001,0.430025,0.23807499999999998,0.7876,0.9552750000000001,0.7448,0.070375,-0.106675,0.8110250000000001,0.91475,0.781725,0.2542,0.11512499999999999,0.57005,0.741225,0.5021,0.046200000000000005,0.3614,0.32345,0.8246,0.6147750000000001,0.3686,0.255775,0.131275,0.7041,0.369575,0.442525,-0.207475,0.00255,0.80385,0.6887,0.522675,0.043025,0.21962500000000001,0.49260000000000004,0.833275,0.013175000000000001,-0.176325,0.309575,0.47750000000000004,0.811175,0.153525,-0.015799999999999998,0.000675,0.49915,0.23249999999999998,0.0102,0.064025,-0.02185,0.359025,0.610175,0.3612,-0.06715,-0.148875,0.14495,0.24052500000000002,0.626075,-0.171875,-0.05305,0.3669,0.7410749999999999,0.5881000000000001,-0.00215,-0.2838,0.067425,0.7904,0.17525,-0.16485,-0.159525,0.267325,0.7317250000000001,0.286775,-0.152525,-0.3469,0.15655,0.111375,0.1789,0.098775,-0.084275,-0.056325,0.221225,0.524575,-0.0277,-0.104025,-0.43217500000000003,-0.022949999999999998,0.6345,0.034575,-0.1369,-0.13965,0.1951,0.28209999999999996,-0.037175,-0.40205,-0.430875,0.314825,0.2425,0.16447499999999998,-0.242875,-0.105225,0.123875,0.19385,-0.1753,-0.480775,-0.249175,-0.37825,0.02695,-0.047225,-0.013325,-0.201575,-0.173675,0.138975,-0.081925,-0.05045,-0.68615,-0.403,0.35357500000000003,0.243875,-0.13972500000000002,-0.5628249999999999,-0.338475,0.046875,0.332625,-0.35914999999999997,-0.48775,-0.050075,0.003975,0.20965,-0.37577499999999997,-0.356925,-0.35875,0.136425,-0.191575,-0.34265,-0.20099999999999998,-0.3247,-0.03685,0.1027,0.07465,-0.3783,-0.327,-0.2439,-0.444525,-0.028,-0.73525,-0.46445000000000003,-0.040575,-0.01975,-0.340375,-0.6026,-0.810375,-0.387675,0.1902,-0.3256,-0.466275,-0.5765,-0.2317,0.2612,-0.02105,-0.377325,-0.748475,-0.277475,-0.556225,-0.31575,-0.23872500000000002,-0.340525,-0.393675,-0.335425,-0.124,-0.6567500000000001,-0.691325,-1.1608749999999999,-0.671925,0.159275,-0.426675,-0.6163000000000001,-0.759325,-0.27649999999999997,-0.3009,-0.590425,-0.931275,-0.793275,-0.03035,-0.25815,-0.42255,-0.7246250000000001,-0.6227750000000001,-0.45305,-0.4927,-0.6816,-0.91675,-0.518025,-0.535975,-0.50095,-0.47102499999999997,-0.45635,-0.91405,-0.721675,-0.5724750000000001,-0.80055,-0.537175,-1.11015,-0.877275,-0.3319,-0.44435,-0.7511,-0.8647750000000001,-0.865725,-0.7902,-0.565125,-1.11675,-0.878475,-0.629775,-0.4332,-0.378225,-0.87765,-0.87885,-0.82475,-0.5375,-1.00835,-0.940825,-0.88215,-0.917925,-0.750575,-0.6268,-0.7796,-1.1092499999999998,-0.97355,-1.04115,-0.589225,-0.24485,-1.002475,-1.0683500000000001,-0.68855,-0.50815,-0.9081,-1.079,-1.225025,-0.89375,-0.67625,-1.341975,-1.29875,-1.443675,-1.07755,-0.797825,-0.8985,-1.125075,-1.2677500000000002,-0.89845,-0.973325,-0.813825,-0.8079000000000001,-0.738875,-0.97005,-0.9666250000000001,-1.0334750000000001,-1.299775,-1.14695,-1.4438,-1.3934,-0.904025,-1.0608499999999998,-1.3284,-1.2947250000000001,-0.98115,-0.68225,-1.227875,-1.437325,-1.8384,-0.11382500000000001,-1.95465,0.0,0.0,0.0,0.0,0.0,0.0,0.0,0.0,0.0,0.0,0.0,0.0,0.0,0.0,0.0,0.0,0.0,0.0,0.0,0.0,0.0,0.0
0.0,0.0,0.0,0.0,0.0,0.0,0.0,0.0,0.0,0.0,0.0,0.0,0.0,0.0,0.0,0.0,0.0,0.0,0.0,0.0,0.0,0.0,2.2014,1.123875,0.8155,1.7412,1.98515,2.1309,1.3255,1.34365,2.03845,1.847225,1.15665,0.44257500000000005,0.655775,1.3011249999999999,1.641025,1.6970750000000001,1.1224500000000002,1.13635,1.18435,1.63995,1.361875,1.336575,0.784125,0.890625,2.0147250000000003,1.6076000000000001,1.339675,0.898125,0.8679250000000001,1.399575,1.6399,0.79945,0.26139999999999997,0.9497500000000001,1.37245,2.0020499999999997,1.139,0.6428,0.778025,1.274025,1.425,0.659725,0.614075,0.69905,1.2590249999999998,1.573025,1.1657,0.7959750000000001,0.731925,1.0744250000000002,0.935875,1.1846999999999999,0.6619250000000001,0.32489999999999997,0.910625,1.3428,1.35355,0.568975,0.32405,0.4377,1.2467249999999999,1.112475,0.48035,0.47445000000000004,0.7105,1.5428,0.9629,0.50725,0.2097,0.6263,0.965175,0.664925,0.49695,0.41217499999999996,0.79735,0.873675,0.9410499999999999,0.32875,0.2917,0.40245,0.45355,1.1963,0.545525,0.469725,0.3477,0.8678750000000001,1.102725,0.7216750000000001,0.101875,-0.181625,0.6401,0.898625,0.6809499999999999,0.2884,0.260075,1.002775,1.024025,0.38015,-0.2078,0.19544999999999998,0.662725,0.7968999999999999,0.70895,0.24157499999999998,0.27995,0.509875,0.632925,0.252,0.3424,-0.023225000000000003,0.0846,0.9443250000000001,0.55895,0.387475,-0.127725,0.14605,0.5346,0.7256,0.243,-0.27445,0.323625,0.8547,0.9577249999999999,0.15905000000000002,-0.01515,0.128575,0.627425,0.631075,-0.22612500000000002,0.03255,0.048425,0.51425,0.475175,0.25497499999999995,-0.090875,0.0058000000000000005,0.34954999999999997,0.099775,0.426025,-0.034625,-0.1378,0.44420000000000004,0.58045,0.49792499999999995,-0.07250000000000001,-0.142075,0.0030499999999999998,0.664525,0.233825,-0.22970000000000002,-0.08215,0.30275,0.842,0.30735,-0.161175,-0.427075,0.076925,0.410025,0.0626,0.06384999999999999,-0.077475,0.2227,0.3349,0.3254,-0.19505,-0.055125,-0.04165,0.072375,0.676925,-0.035475,-0.159075,-0.145475,0.27494999999999997,0.32689999999999997,0.00645,-0.41625,-0.474825,0.234675,0.310125,0.047125,-0.2763,-0.15097500000000003,0.4009,0.26744999999999997,0.026625,-0.603425,-0.014075,0.13824999999999998,0.171275,-0.1053,-0.268625,-0.2492,-0.07405,0.118075,-0.26375,-0.1175,-0.3527,-0.28737500000000005,0.43815,0.029925,-0.148125,-0.50995,-0.239075,-0.0044,0.134,-0.37405,-0.71675,-0.160725,0.27955,0.36975,-0.400575,-0.436775,-0.37467500000000004,0.009399999999999999,0.011625,-0.57965,-0.298475,-0.25565000000000004,-0.039825,-0.04475,-0.26565000000000005,-0.55305,-0.345175,-0.007575,-0.19095,0.0017499999999999998,-0.426025,-0.621175,-0.36014999999999997,-0.081675,0.006125,-0.45515,-0.70545,-0.73295,-0.045899999999999996,-0.26365,-0.500975,-0.5572,-0.089475,0.164,-0.249425,-0.46192500000000003,-0.726275,-0.0486,-0.0268,-0.48745,-0.4189,-0.452725,-0.196625,-0.070875,-0.033100000000000004,-0.652075,-0.5601750000000001,-0.593625,-0.6107,-0.082925,-0.50005,-0.5617749999999999,-0.640775,-0.17170000000000002,-0.196875,-0.4152,-0.942625,-0.9448749999999999,-0.257475,-0.231325,-0.29810000000000003,-0.615775,-0.45552499999999996,-0.249025,-0.2865,-0.54035,-1.0721500000000002,-0.6679999999999999,-0.3655,-0.31145,-0.5373749999999999,-0.50815,-0.5947,-0.6539999999999999,-0.3311,-0.949425,-0.49655,-0.895875,-0.75575,-0.32205,-0.4704,-0.7007249999999999,-0.8957,-0.7428,-0.72845,-0.4935,-0.9026749999999999,-1.127775,-0.816325,-0.632525,-0.2842,-0.899775,-0.92955,-0.85375,-0.43705,-0.5657749999999999,-1.0505499999999999,-0.83995,-0.73585,-0.5928249999999999,-1.0683500000000001,-0.799075,-0.9289499999999999,-0.987625,-0.849675,-0.9188,-0.463125,-0.796975,-0.973425,-0.714,-0.44585,-0.7673249999999999,-0.71835,-1.066775,-0.93765,-0.711175,-0.8820749999999999,-1.198725,-0.986875,-0.805975,-0.822775,-1.265925,-1.196525,-1.381875,-0.693525,-0.7638,-1.1843,-1.116725,-0.87675,-0.883325,-1.0323,-0.77465,-1.1141,-1.1653,-1.2677749999999999,-1.116575,-0.6406499999999999,-0.961425,-1.2226249999999999,-0.92045,-0.67845,-1.22685,-0.7532749999999999,-2.1332,-1.19905,-0.7348250000000001,-1.3746,-1.1502750000000002,-1.38295,-0.25927500000000003,0.0,0.0,0.0,0.0,0.0,0.0,0.0,0.0,0.0,0.0,0.0,0.0,0.0,0.0,0.0,0.0,0.0,0.0,0.0,0.0,0.0,0.0
0.0,0.0,0.0,0.0,0.0,0.0,0.0,0.0,0.0,0.0,0.0,0.0,0.0,0.0,0.0,0.0,0.0,0.0,0.0,0.0,0.0,0.7859,1.6096249999999999,2.225775,1.978075,1.827525,0.66005,1.4466999999999999,2.0064,1.669425,0.37485,0.72565,1.332625,1.940475,1.3507250000000002,0.610725,0.94275,1.32345,1.7539,1.1365,1.014075,0.905075,1.04995,1.7126,1.2998750000000001,1.13245,0.9081,1.3836249999999999,1.64125,1.23035,1.1342,0.194075,1.07975,1.68905,1.919775,1.08965,0.49215,0.8773249999999999,1.2842500000000001,1.4447,0.6854750000000001,0.46959999999999996,0.91325,1.4805,1.6931250000000002,0.748375,0.475075,0.8631249999999999,1.262325,1.095,0.90925,0.598825,0.7645,1.377125,1.300325,1.1882000000000001,0.3668,0.414425,0.7255,1.1441249999999998,1.062525,0.2575,0.59765,1.03255,1.6538,1.0597750000000001,0.47204999999999997,0.046275,0.659825,1.4562249999999999,0.745075,0.477275,0.22999999999999998,0.836875,1.341125,0.93165,0.13442500000000002,0.1273,0.6178250000000001,0.6207,0.8669,0.434175,0.36285,0.5616,0.8785999999999999,0.90795,0.5182249999999999,0.27249999999999996,-0.0543,0.8300000000000001,1.023175,0.5816250000000001,0.21025,0.245,0.88185,0.88135,0.583325,-0.12555,0.23835,0.7942,0.83285,0.5628,0.099775,0.407425,0.756,0.949075,0.039525,-0.013875,0.25585,0.269975,0.92645,0.4635,0.37375,0.0867,0.361525,0.506375,0.43832499999999996,0.1744,-0.28445,0.34395000000000003,0.822125,0.934775,0.154425,-0.118425,0.19595,0.646875,0.8377,-0.140625,0.10147500000000001,0.261825,0.653775,0.6387499999999999,0.068625,-0.13525,0.018099999999999998,0.550675,0.1395,0.17705,-0.08495,0.103575,0.599125,0.4738,0.3216,-0.1205,0.017325,0.03485,0.467525,0.380175,-0.20582499999999998,0.0046,0.48285,0.86525,0.18775,-0.21215,-0.39095,0.298925,0.80865,0.018375000000000002,-0.0786,-0.25435,0.418825,0.56115,0.35505,-0.33825,-0.26034999999999997,0.185925,0.0585,0.43135,-0.013224999999999999,-0.055725,0.021374999999999998,0.26944999999999997,0.12832500000000002,-0.16194999999999998,-0.145925,-0.48865000000000003,0.2218,0.413725,0.049025,-0.2994,-0.134675,0.264675,0.22645,0.109775,-0.541175,-0.08255000000000001,0.414025,0.254625,0.048924999999999996,-0.281675,-0.11149999999999999,-0.0055,0.14102499999999998,-0.46142500000000003,-0.4447,-0.26635000000000003,-0.05595,0.340725,-0.20575,-0.0827,-0.311,-0.17720000000000002,-0.059825,-0.090425,-0.19037500000000002,-0.6567500000000001,-0.2418,0.16125,0.2129,-0.36295,-0.4481,-0.2478,0.147325,0.054525000000000004,-0.6619,-0.353375,-0.07135,0.18235,-0.006875,-0.32189999999999996,-0.49534999999999996,-0.28697500000000004,0.0087,-0.35005,-0.10975,-0.278,-0.05035,0.2727,-0.05655,-0.34775,-0.7086250000000001,-0.51535,-0.43955,-0.019049999999999997,-0.18332500000000002,-0.615075,-0.677375,-0.24322500000000002,0.18745,-0.348475,-0.57595,-0.913475,-0.225925,0.21475,-0.317575,-0.105575,-0.423675,-0.037475,-0.099675,-0.3338,-0.687075,-0.577225,-0.1254,-0.48275,-0.31575,-0.6586749999999999,-0.5637,-0.848,-0.48907500000000004,-0.22010000000000002,-0.40080000000000005,-0.482675,-0.8966000000000001,-0.487175,-0.32730000000000004,-0.53815,-0.650675,-0.5648249999999999,-0.23295000000000002,-0.2212,-0.4928,-1.04565,-0.5604,-0.106925,-0.37517500000000004,-0.6754,-0.765075,-0.508625,-0.50285,-0.37905,-0.8037,-0.780725,-0.7859,-0.6402,-0.322475,-0.751325,-0.70395,-0.7985,-0.5644,-0.5753,-0.590675,-0.70415,-1.0181499999999999,-0.7723249999999999,-0.5966,-0.495275,-0.945675,-0.95105,-0.822875,-0.5173749999999999,-0.299125,-1.177575,-0.61075,-0.501775,-0.315325,-0.58295,-1.0646749999999998,-1.01185,-0.9579,-0.725325,-1.0655000000000001,-0.6637,-0.88265,-0.9058,-0.667575,-0.501775,-0.6831,-1.1865,-0.900325,-0.984625,-0.5727,-0.7343500000000001,-1.0652,-1.1953,-0.818475,-0.40747500000000003,-1.0263499999999999,-0.93655,-1.427475,-1.0395750000000001,-0.512,-1.2362000000000002,-1.249775,-0.928525,-0.91825,-1.1021,-1.0557750000000001,-1.300075,-0.89295,-1.013625,-1.226525,-0.378625,-0.851475,-0.981375,-1.290425,-1.197925,-1.0704,-0.926175,-1.2052,-1.2147000000000001,-1.299975,-0.6574249999999999,-0.381475,-2.107075,-1.4678749999999998,-0.8137749999999999,-0.32545,-0.385275,-1.694525,0.0,0.0,0.0,0.0,0.0,0.0,0.0,0.0,0.0,0.0,0.0,0.0,0.0,0.0,0.0,0.0,0.0,0.0,0.0,0.0,0.0
0.0,0.0,0.0,0.0,0.0,0.0,0.0,0.0,0.0,0.0,0.0,0.0,0.0,0.0,0.0,0.0,0.0,0.0,0.0,0.0,0.0,1.6551,1.3513249999999999,1.114975,2.240275,1.7243,1.8934,0.800925,1.05045,1.921875,1.687725,1.211975,0.972375,0.8874249999999999,1.4501,1.633725,1.0363499999999999,0.224875,1.09685,1.5930250000000001,1.9370749999999999,1.2514750000000001,1.0934,0.9393499999999999,1.2286,1.9314,1.421475,1.2023,0.73715,0.95045,1.709025,1.528275,1.265725,0.591775,1.1444,1.3558000000000001,1.795525,0.42852500000000004,0.27092499999999997,0.98685,1.5573,1.6158000000000001,0.924675,0.671375,0.894225,1.3621500000000002,1.0183,0.749625,0.6655,0.718925,1.511825,1.20485,1.1054499999999998,0.45399999999999996,0.7077249999999999,0.8133,0.780075,1.13035,0.4432,0.616525,1.0115249999999998,1.372825,1.092425,0.594325,0.3456,0.5951249999999999,1.3844,0.6164499999999999,0.42175,0.229425,0.8598,1.4515500000000001,0.92185,0.1337,0.127125,0.8654,0.888,0.6229750000000001,0.21935,0.387425,0.7592,0.9301250000000001,0.937825,0.2247,0.4313,0.27985,0.758525,1.011675,0.5046999999999999,0.389,0.39180000000000004,0.879525,0.85825,0.558125,-0.1594,0.2091,1.100325,0.9733,0.7214499999999999,0.000575,0.3604,0.8530500000000001,0.868175,0.21245,-0.19885,0.382025,0.633675,0.91095,0.3683,0.1792,0.32182499999999997,0.602225,0.6972499999999999,0.243325,0.3458,-0.12104999999999999,0.32465,0.81325,0.6012,0.244925,0.0238,0.296,0.617875,0.7404999999999999,-0.122475,-0.0551,0.305475,0.74975,0.722975,0.041275,-0.150475,-0.016900000000000002,0.5852250000000001,0.11257500000000001,-0.032775,0.036175,0.22105000000000002,0.6722,0.4156,0.06725,-0.17149999999999999,0.177975,0.260225,0.32330000000000003,0.465775,-0.07545,0.063525,0.31072500000000003,0.534275,0.16247499999999998,-0.09715,-0.22007500000000002,0.14895,0.7896,0.038849999999999996,-0.087325,-0.101525,0.3871,0.579575,0.07152499999999999,-0.31170000000000003,-0.330175,0.44634999999999997,0.1563,0.080625,-0.13985,0.08705,0.36282499999999995,0.409675,0.21557500000000002,-0.29715,-0.166825,-0.16235,0.0897,0.372425,0.02155,-0.159025,-0.02285,0.325675,0.08975,-0.04245,-0.622925,-0.149175,0.35265,0.25655,0.1755,-0.399225,-0.06705,0.24359999999999998,0.40707499999999996,-0.45987500000000003,-0.6266,-0.0357,0.011425000000000001,0.336275,-0.2671,-0.2198,-0.273175,0.08285000000000001,0.0516,-0.299175,-0.142575,-0.53915,0.037575,0.332675,0.257525,-0.321375,-0.5313749999999999,-0.21839999999999998,0.06655,0.29895,-0.490375,-0.451875,-0.28397500000000003,0.150175,0.01815,-0.44175000000000003,-0.516775,-0.443825,0.152975,-0.2859,-0.5096750000000001,-0.329075,-0.19940000000000002,0.173975,-0.098,-0.137425,-0.4101,-0.151125,-0.2682,-0.28752500000000003,-0.114325,-0.4516,-0.46825,-0.273875,-0.045375,-0.364475,-0.511675,-0.77315,-0.30235,0.07865,-0.46155,-0.3645,-0.444025,0.128625,0.3051,-0.126725,-0.733425,-0.59365,-0.17145,-0.360675,-0.405825,-0.66795,-0.444,-0.425475,-0.447675,-0.490775,-0.7780499999999999,-0.405025,-0.546225,-0.1369,-0.028024999999999998,-0.476,-0.700225,-0.628825,-0.19195,-0.489275,-0.425425,-0.972475,-0.5159,0.00305,-0.2864,-0.4654,-0.9653,-0.705475,-0.416625,-0.377575,-0.8135,-0.91245,-0.638075,-0.38017500000000004,-0.492875,-0.75115,-0.719325,-0.8180000000000001,-0.47767499999999996,-0.46077500000000005,-0.704525,-0.56465,-0.9503,-0.6362,-0.40295000000000003,-0.256225,-0.93345,-0.89705,-0.85165,-0.667025,-0.411575,-1.1346500000000002,-0.9839,-0.6012500000000001,-0.5349,-0.47,-0.932075,-0.8787,-0.887075,-0.578875,-0.980925,-0.983475,-0.874375,-0.7908000000000001,-0.657175,-0.7977749999999999,-0.6048250000000001,-0.933875,-0.55575,-0.933175,-0.8357249999999999,-0.550175,-0.87905,-1.0397750000000001,-0.7464500000000001,-0.902975,-1.197175,-0.780025,-1.48755,-0.7717499999999999,-0.454575,-1.265425,-1.33895,-1.3925,-1.063675,-1.0593000000000001,-0.94085,-1.4937749999999999,-1.482875,-0.974,-1.2317,-0.857475,-1.21245,-0.776575,-1.0624500000000001,-1.197375,-0.7055,-1.478175,-0.823875,-1.331175,-1.334575,-0.7823249999999999,-1.5818,-1.342375,-1.1643000000000001,-1.2674750000000001,-1.43805,-1.016675,-1.848525,-1.7452999999999999,-0.841025,-0.4396,0.0,0.0,0.0,0.0,0.0,0.0,0.0,0.0,0.0,0.0,0.0,0.0,0.0,0.0,0.0,0.0,0.0,0.0,0.0,0.0,0.0
0.0,0.0,0.0,0.0,0.0,0.0,0.0,0.0,0.0,0.0,0.0,0.0,0.0,0.0,0.0,0.0,0.0,0.0,0.0,0.0,0.0,2.0187749999999998,2.7026,1.9735,0.73875,0.65635,2.025925,1.4663,1.530525,1.042975,0.9695499999999999,1.7832249999999998,1.8768500000000001,1.16245,0.30100000000000005,0.911575,1.502,1.573025,1.0886,1.060675,1.096275,1.591425,1.6348,0.877325,1.102125,0.815425,1.249075,1.695075,1.4914,1.25105,0.835975,1.207275,1.4361000000000002,1.333175,0.527975,0.473425,1.1063,1.6587,1.559225,0.822475,0.7085999999999999,0.86255,1.5260250000000002,1.44565,0.5585,0.60125,0.96415,1.8688500000000001,1.4176,0.7545,0.48397500000000004,0.9985,1.25685,0.7721,0.915525,0.430725,0.865525,1.3468499999999999,1.131125,0.64715,0.6045,0.61625,0.825,1.4747249999999998,0.8011,0.38515,0.4233,1.1539,1.4637,0.7138249999999999,0.196975,-0.08232500000000001,1.018575,0.998575,0.682525,0.419775,0.374225,0.96895,1.018225,0.728,-0.013975000000000001,0.335275,0.598375,0.74385,1.0797249999999998,0.411425,0.558675,0.54955,0.8638,0.623175,0.4278,0.02365,0.0736,0.970925,0.806125,0.66765,0.077425,0.46105,0.9531,0.8000750000000001,0.1757,-0.27255,0.3696,0.8239,0.928625,0.36135,0.06975,0.286575,0.728475,0.8381,0.130475,0.35515,0.19605,0.6611250000000001,0.936525,0.340125,0.198975,0.035699999999999996,0.347275,0.467725,0.6312,0.03225,-0.057575,0.4767,0.857475,0.8027249999999999,-0.08625000000000001,-0.0337,0.16265,0.769425,0.3299,-0.240375,0.106825,0.398925,0.901125,0.4537,0.06912499999999999,-0.25255,0.28459999999999996,0.563725,0.16394999999999998,0.21585,-0.08712500000000001,0.3267,0.6965250000000001,0.48305,0.0407,-0.169125,-0.0545,0.2319,0.5520750000000001,0.029225,-0.098675,-0.09332499999999999,0.449975,0.759875,0.044125,-0.40812499999999996,-0.5986,0.435875,0.579575,0.090675,-0.13065,-0.09482499999999999,0.331075,0.44834999999999997,0.14305,-0.312275,0.030025,0.1113,0.205275,0.345625,-0.111225,-0.06684999999999999,-0.012175,0.179525,-0.119725,-0.00585,-0.37912500000000005,-0.224475,0.35550000000000004,0.14085,-0.02425,-0.334925,-0.017325,0.2797,0.3557,-0.215775,-0.5714,0.04535,0.38232499999999997,0.23202499999999998,-0.3745,-0.237525,-0.149875,0.224575,0.047675,-0.50575,-0.181675,-0.205925,0.009725,0.19415,-0.106525,-0.2094,-0.315075,-0.10915,-0.201925,0.061,-0.430425,-0.382275,0.030375,0.38525,0.16599999999999998,-0.5222249999999999,-0.49424999999999997,-0.360525,0.19805,-0.20385,-0.57215,-0.364025,0.07200000000000001,0.027725,-0.29995,-0.43375,-0.548575,-0.075075,0.11315,-0.142325,0.009475,-0.5391250000000001,-0.24162499999999998,-0.127475,-0.06407500000000001,-0.397025,-0.44855,-0.609125,-0.36775,0.057425,-0.274875,-0.47367499999999996,-0.53245,0.058249999999999996,0.25815,-0.2772,-0.521875,-0.6997500000000001,0.23677499999999999,-0.07592499999999999,-0.497125,-0.666125,-0.6102,-0.1706,-0.278725,-0.621075,-1.025075,-0.560575,-0.6026,-0.35455000000000003,-0.0605,-0.2761,-0.383975,-0.603475,-0.488325,-0.749425,-0.416025,-0.83425,-0.693775,-0.0882,-0.3136,-0.41925,-0.7297750000000001,-0.5626249999999999,-0.340375,-0.268825,-0.707025,-1.13035,-0.472675,-0.196,-0.29125,-0.8195749999999999,-0.68915,-0.74975,-0.382525,-0.6272,-0.998175,-0.48595,-0.8222,-0.487525,-0.524575,-0.5450999999999999,-0.928125,-0.820125,-0.79115,-0.96265,-0.61955,-1.01545,-1.0233500000000002,-0.49367500000000003,-0.48919999999999997,-0.462025,-0.991875,-0.8508249999999999,-0.80535,-0.3261,-0.668775,-1.103275,-0.946075,-0.5938000000000001,-0.460075,-0.9518249999999999,-0.962175,-1.1138750000000002,-0.60495,-0.5091,-1.048825,-0.532975,-0.9133,-0.847325,-0.671675,-0.6292,-1.024675,-0.892125,-1.163125,-1.0055,-0.6939,-1.042575,-1.0422500000000001,-1.3344,-0.89735,-0.844225,-1.3825,-1.299125,-1.609925,-0.9156,-0.77745,-1.27465,-1.171325,-1.04995,-0.6615,-0.8623500000000001,-1.0964,-1.0716,-0.934975,-0.976375,-1.0486,-0.60465,-1.331625,-1.06155,-1.63245,-1.28725,-1.1994500000000001,-0.8203,-1.904625,-1.4442249999999999,-0.733475,-1.68255,-1.2271750000000001,-1.40915,-2.35715,0.0,0.0,0.0,0.0,0.0,0.0,0.0,0.0,0.0,0.0,0.0,0.0,0.0,0.0,0.0,0.0,0.0,0.0,0.0,0.0,0.0
0.0,0.0,0.0,0.0,0.0,0.0,0.0,0.0,0.0,0.0,0.0,0.0,0.0,0.0,0.0,0.0,0.0,0.0,0.0,0.0,0.0,1.883225,1.592075,2.28545,1.6706,1.7089500000000002,1.2096,1.3503749999999999,2.0410500000000003,1.7194,1.495525,0.20847500000000002,0.95085,1.2661,1.6903249999999999,1.472975,0.66825,1.09795,1.56585,1.7947250000000001,1.191375,0.8371999999999999,0.8996,1.768075,1.8636499999999998,1.220225,1.33555,1.103775,1.7992,1.7326,1.2959,0.7893749999999999,0.60045,1.107425,1.68155,1.6602999999999999,0.862075,0.50095,0.8325,1.5559,1.528525,0.5440750000000001,0.54855,1.071925,1.6869,1.6192,0.547775,0.588025,0.889525,1.5037500000000001,0.81925,0.7619750000000001,0.540925,1.029425,1.560975,1.084325,0.6615,0.368375,0.70805,0.75205,1.02655,0.823875,0.647675,0.798675,1.1123500000000002,1.2991,0.58535,0.29527499999999995,0.121775,1.0348,1.2933999999999999,0.6772,0.326,0.354075,1.1092,1.300725,0.722975,-0.11382500000000001,0.26837500000000003,0.893975,0.714525,0.72105,0.17745,0.56945,0.8238,0.925475,0.5992,0.24282499999999999,0.29474999999999996,0.40602499999999997,0.9001,0.67415,0.523525,0.22157500000000002,0.55665,0.929625,0.7894249999999999,0.518375,-0.24725,0.521525,0.9668,0.842075,0.44095,-0.038825,0.508,0.92035,0.83875,-0.13317500000000002,0.02735,0.37985,0.8627,1.0704500000000001,0.25115,0.196575,0.092525,0.561475,0.3508,0.409475,0.018175,-0.0057,0.52305,0.7376,0.6901250000000001,0.09525,0.035975,0.18585,0.654525,0.47535,-0.224975,-0.058124999999999996,0.29557500000000003,0.84505,0.5038750000000001,-0.09,-0.128325,0.2645,0.7178249999999999,-0.0241,0.0893,-0.09342500000000001,0.3778,0.62615,0.2809,-0.061724999999999995,-0.039025,0.1855,0.027825,0.39764999999999995,0.215225,0.075375,0.049875,0.485,0.5621,-0.10242499999999999,-0.18730000000000002,-0.346775,0.32895,0.474375,-0.012475,-0.04385,0.0605,0.50545,0.39544999999999997,-0.07277499999999999,-0.578475,-0.014025000000000001,0.49075,0.2966,0.28385,-0.217775,0.10339999999999999,0.27195,0.305125,-0.150125,-0.1864,-0.13169999999999998,-0.10495,0.292425,0.0843,0.03305,-0.3467,0.088475,0.26505,0.083775,-0.0097,-0.658875,0.10555,0.55945,0.3422,-0.16397499999999998,-0.381575,-0.154175,0.273125,0.13290000000000002,-0.54015,-0.2853,-0.0496,0.295925,0.178925,-0.32795,-0.366875,-0.36545,0.00485,-0.1179,-0.081875,-0.19074999999999998,-0.37345,0.017275,0.1756,0.080375,-0.382625,-0.40715,-0.41855000000000003,0.07200000000000001,-0.029825,-0.63415,-0.3579,-0.08095,0.221225,-0.32425,-0.44835,-0.617,-0.274025,0.05735,-0.409425,-0.203725,-0.38595,0.001275,0.1183,-0.20265,-0.6341,-0.484375,-0.28335,-0.325325,-0.13315,-0.326625,-0.43220000000000003,-0.4517,0.004175,0.05645,-0.47552500000000003,-0.496625,-0.798575,-0.108225,0.3358,-0.24417499999999998,-0.5573,-0.475575,-0.10115,-0.291825,-0.667125,-1.0728499999999999,-0.595525,-0.2399,-0.26990000000000003,-0.4166,-0.580325,-0.292675,-0.16110000000000002,-0.22025,-0.758725,-0.5838,-0.5711,-0.629425,-0.258525,-0.3181,-0.348875,-0.794375,-0.358325,-0.3102,-0.27645000000000003,-0.52495,-1.11245,-0.44455,-0.015125,-0.33285,-0.599425,-0.72705,-0.692975,-0.33515,-0.466675,-1.010275,-0.716575,-0.7827000000000001,-0.27102499999999996,-0.43832499999999996,-0.69185,-0.822075,-0.762975,-0.391475,-0.755825,-0.6818,-0.87205,-0.9984000000000001,-0.8472,-0.5757749999999999,-0.5221,-1.0090750000000002,-0.8558,-0.8946500000000001,-0.486625,-0.352275,-1.00935,-0.8472999999999999,-0.5123500000000001,-0.5483,-0.938075,-1.0705,-1.268,-0.68875,-0.4802,-1.1027,-0.685975,-1.021625,-0.50135,-0.71895,-0.81975,-1.04615,-0.89545,-0.8457250000000001,-0.5353249999999999,-0.584375,-1.02465,-0.914925,-1.09545,-0.916525,-0.9121250000000001,-1.0912000000000002,-1.1827750000000001,-1.361375,-0.925,-0.768,-0.9704,-1.033875,-1.2360250000000002,-0.8861749999999999,-0.62795,-1.154375,-1.4752,-1.1041500000000002,-0.6485000000000001,-1.0602749999999999,-0.85795,-1.13205,-0.7120249999999999,-1.145175,-0.9581000000000001,-1.40805,-1.655775,-1.249275,-1.115925,-1.006525,-0.616,-0.891,-1.2193,-1.1335250000000001,-1.6087,-0.81705,0.040075,0.0,0.0,0.0,0.0,0.0,0.0,0.0,0.0,0.0,0.0,0.0,0.0,0.0,0.0,0.0,0.0,0.0,0.0,0.0,0.0,0.0
0.0,0.0,0.0,0.0,0.0,0.0,0.0,0.0,0.0,0.0,0.0,0.0,0.0,0.0,0.0,0.0,0.0,0.0,0.0,0.0,0.0,2.098325,1.787675,1.579325,1.6287500000000001,1.72855,1.752975,0.9989250000000001,0.5804,1.41795,1.94955,1.98485,1.4776,0.410975,0.9514750000000001,1.298,1.6289,0.6211249999999999,0.63765,1.17205,1.562125,1.820025,1.20465,0.981125,1.2177,1.82905,1.7147999999999999,1.13735,0.98755,0.897275,1.6795,1.698525,1.32585,0.80985,0.9320499999999999,1.239625,1.3774000000000002,1.41485,0.37877500000000003,0.67675,1.3739,1.5796000000000001,1.3949,0.830175,0.76825,1.2070750000000001,1.664975,0.8585750000000001,0.7141,0.6530750000000001,1.13715,1.6582,1.034525,0.56535,0.379025,0.932175,1.16925,1.0289,0.586225,0.46,1.057525,1.5272,1.3011249999999999,0.602875,0.500575,0.226525,0.8972,1.30485,0.642225,0.49739999999999995,0.27954999999999997,1.143125,1.2116,0.6455249999999999,0.0376,0.1251,1.022775,0.987725,0.672625,0.160775,0.5512999999999999,1.02105,1.0551,0.36222499999999996,0.056775,0.491975,0.5009250000000001,1.0807250000000002,0.68095,0.324825,0.39437500000000003,0.628125,0.783925,0.5220250000000001,0.5269,-0.03805,0.474075,1.12745,0.664325,0.360075,-0.035500000000000004,0.44265,0.6464,0.81845,-0.01375,-0.0569,0.496425,0.8793500000000001,0.8705750000000001,0.1611,0.2483,0.40547500000000003,0.895175,0.4078,0.058975,0.259725,0.19585,0.745575,0.665925,0.490325,0.02955,0.256375,0.4284,0.578425,0.553825,-0.23265,0.125775,0.4919,0.68365,0.467725,-0.197075,-0.16317500000000001,0.30255,0.79355,0.042775,-0.164775,0.052925,0.637575,0.8821,0.198575,-0.113775,-0.21257500000000001,0.487925,0.358525,0.247525,0.1016,-0.034875,0.29652500000000004,0.5526,0.371675,-0.116125,-0.012425,-0.29295000000000004,0.3817,0.75215,0.041325,-0.10292499999999999,-0.18845,0.42085,0.41262499999999996,0.076125,-0.5185249999999999,-0.261525,0.433825,0.26605,0.023625,-0.24782500000000002,0.07415,0.416175,0.247725,-0.237825,-0.422175,-0.039599999999999996,0.0571,0.318425,0.0942,-0.0577,-0.088725,0.0954,0.196775,-0.0241,0.07105,-0.49929999999999997,0.136375,0.493025,0.28665,-0.03265,-0.276875,0.08760000000000001,0.2579,0.2432,-0.56055,-0.5034749999999999,-0.008275,0.3628,0.090475,-0.39885,-0.31572500000000003,-0.24580000000000002,0.359875,-0.2601,-0.39375,-0.20595,-0.138625,0.253875,0.18445,-0.08605,-0.454175,-0.14400000000000002,-0.09242500000000001,0.0855,0.068275,-0.6243749999999999,-0.328525,0.0177,0.15284999999999999,-0.089425,-0.54025,-0.5766249999999999,-0.195125,0.129875,-0.4279,-0.5758749999999999,-0.38939999999999997,0.314225,0.32745,-0.180075,-0.426025,-0.6022500000000001,-0.03735,-0.210175,-0.185175,-0.300975,-0.24985000000000002,-0.1568,-0.181025,-0.11425,-0.48160000000000003,-0.47709999999999997,-0.584275,-0.14727500000000002,0.268325,-0.251275,-0.5703499999999999,-0.40895,-0.110125,-0.12445,-0.425925,-0.895,-0.8154250000000001,-0.232375,-0.364675,-0.508775,-0.635875,-0.233875,-0.038925,-0.3139,-0.71495,-0.80705,-0.43375,-0.5675749999999999,-0.47152499999999997,-0.54625,-0.29235,-0.41885,-0.27945000000000003,-0.482225,-0.567075,-0.417025,-0.8836,-0.320975,-0.019175,-0.439275,-0.683925,-0.8527750000000001,-0.687325,-0.42800000000000005,-0.3655,-0.9681,-0.953475,-0.4633,-0.2564,-0.41402500000000003,-0.93435,-0.862275,-0.794475,-0.267775,-0.5898249999999999,-0.749625,-0.403125,-0.55115,-0.57665,-0.59135,-0.795275,-1.0927499999999999,-0.8645,-0.805275,-0.57395,-0.53345,-0.9997,-0.79725,-0.5076499999999999,-0.335675,-0.6158,-0.72505,-1.038,-0.547275,-0.4919,-0.8841749999999999,-1.0676999999999999,-1.0201,-0.48219999999999996,-0.57225,-0.9267,-1.071525,-1.014325,-0.544075,-0.9148499999999999,-0.6841,-0.8266249999999999,-0.6718,-0.98625,-0.60065,-0.8676,-1.1076249999999999,-0.95635,-1.5107499999999998,-1.16315,-0.7144250000000001,-1.037825,-0.971275,-1.2817,-0.764925,-0.709975,-0.9304749999999999,-1.44945,-1.177375,-0.77725,-0.7481500000000001,-1.083175,-1.24015,-0.778425,-0.8926,-0.882625,-1.2679749999999999,-0.89605,-0.943525,-1.6248,-1.430425,-1.19895,-1.4221,-1.076825,-0.510075,-1.13285,-0.66125,-1.11515,-1.425175,-0.584525,-0.40875,0.0,0.0,0.0,0.0,0.0,0.0,0.0,0.0,0.0,0.0,0.0,0.0,0.0,0.0,0.0,0.0,0.0,0.0,0.0,0.0,0.0
0.0,0.0,0.0,0.0,0.0,0.0,0.0,0.0,0.0,0.0,0.0,0.0,0.0,0.0,0.0,0.0,0.0,0.0,0.0,0.0,0.0,1.47355,2.41555,1.6291,1.3046,0.81375,1.513625,2.432,1.5484,1.549575,0.9597,1.054325,1.944225,1.5016749999999999,0.986975,0.2984,0.9429,1.8435,1.5917999999999999,0.981275,0.736275,1.3296,1.77955,1.31975,0.771625,1.132175,1.290125,2.02405,1.7741500000000001,1.147575,0.741075,0.9989250000000001,1.372025,1.042075,1.2372,0.6687000000000001,0.960225,1.2559,1.5590000000000002,1.095125,0.58975,0.39237500000000003,0.89185,1.668175,1.1508,0.6345999999999999,0.7403249999999999,1.4986000000000002,1.822,1.039875,0.47985,0.315525,1.0624500000000001,1.299575,0.7471,0.62285,0.38182499999999997,1.1068500000000001,1.209125,0.97215,0.49024999999999996,0.66425,0.7234499999999999,0.953225,1.2546249999999999,0.399725,0.650575,0.636925,1.14195,1.149725,0.70655,0.18595,0.161025,1.083825,1.1072250000000001,0.6249750000000001,0.25215,0.52225,1.09885,1.033175,0.4121,-0.070175,0.6365,0.89535,1.008725,0.6728,0.221175,0.5868,0.9113,0.863025,0.174975,0.3291,0.13072499999999998,0.6357,1.06145,0.6668999999999999,0.431125,0.082775,0.49165,0.656325,0.6541750000000001,0.03805,-0.2711,0.558975,1.094325,0.8190500000000001,0.05425,0.02365,0.316025,0.91055,0.69645,0.005925,0.275575,0.33245,0.884225,0.602325,0.187625,0.09475,0.37424999999999997,0.4952,0.2849,0.5076499999999999,-0.027825000000000003,0.30375,0.523075,0.585025,0.343075,-0.10705,-0.051250000000000004,0.112775,0.781675,0.12125,-0.161025,0.0843,0.56325,0.74945,0.144525,-0.267175,-0.2521,0.5646,0.5828,0.15812500000000002,0.17495,0.07505,0.531475,0.56185,0.202025,-0.2179,0.151575,0.193225,0.136775,0.499575,-0.131975,0.101975,0.150425,0.464175,0.233725,-0.08047499999999999,-0.310125,-0.173075,0.573625,0.2725,-0.0014500000000000001,-0.330525,0.19422499999999998,0.54885,0.37655,-0.0654,-0.49012500000000003,0.277375,0.5202,0.266125,0.0274,-0.198275,0.131325,0.339975,0.20677500000000001,-0.281,-0.1092,-0.23617500000000002,0.150475,0.474825,0.301375,-0.19365000000000002,-0.401,0.186925,0.262475,0.27025,-0.315925,-0.502875,0.15302500000000002,0.5875750000000001,0.208075,-0.44947499999999996,-0.33745,-0.252275,0.4177,-0.1799,-0.54435,-0.17145,-0.07542499999999999,0.197775,-0.064925,-0.109375,-0.24939999999999998,-0.123675,-0.13835,-0.306675,-0.024149999999999998,-0.339175,-0.198275,0.070375,0.057975,-0.118325,-0.522775,-0.46555,-0.40007499999999996,0.032125,-0.258175,-0.55585,-0.34395000000000003,0.053899999999999997,0.10339999999999999,-0.4204,-0.5689500000000001,-0.5462,0.2066,0.10095,-0.30400000000000005,-0.30915,-0.4212,0.10097500000000001,0.023575,-0.22495,-0.595525,-0.23085,-0.37817500000000004,-0.0609,-0.01815,-0.5447500000000001,-0.342875,-0.327275,-0.010875,-0.3112,-0.409825,-0.849975,-0.7218249999999999,-0.147825,-0.246225,-0.5298,-0.8491500000000001,-0.3522,-0.058425,0.050499999999999996,-0.5543750000000001,-0.8514,-0.110425,-0.199575,-0.393275,-0.6903250000000001,-0.7559,-0.339475,-0.1553,-0.362975,-0.74485,-0.47254999999999997,-0.627775,-0.2553,-0.10285,-0.45795,-0.5273,-0.75395,-0.490175,-0.519975,-0.3373,-0.74625,-1.001575,-0.46145,-0.04475,-0.4212,-0.879175,-0.6546749999999999,-0.7062999999999999,-0.356,-0.696775,-1.01535,-0.629425,-0.530725,-0.28725,-0.54635,-0.6967,-0.89035,-0.61855,-0.720275,-0.8894249999999999,-0.721875,-0.955175,-0.8542,-0.436875,-0.48205,-0.7947,-0.9397249999999999,-0.89815,-0.94295,-0.44932500000000003,-0.8457749999999999,-0.971275,-0.783775,-0.7590749999999999,-0.6515249999999999,-1.0134,-1.084825,-1.257825,-0.435875,-0.72555,-0.9351499999999999,-0.73,-0.8254,-0.658525,-0.628325,-0.742775,-1.0012,-0.6476999999999999,-1.2073,-0.9926,-0.7822,-0.957625,-0.9941,-1.160225,-0.76715,-1.20495,-1.2509249999999998,-1.38195,-0.9938750000000001,-0.861375,-0.640475,-1.0446499999999999,-1.4939,-0.832425,-0.877875,-0.680275,-1.148075,-1.554775,-0.689225,-0.49595,-0.9938,-0.920425,-1.197975,-1.17685,-1.2576749999999999,-1.416375,-1.055,-0.99115,-1.442925,-1.4371,-1.8244,-1.4193,-0.6362000000000001,-1.04835,0.0,0.0,0.0,0.0,0.0,0.0,0.0,0.0,0.0,0.0,0.0,0.0,0.0,0.0,0.0,0.0,0.0,0.0,0.0,0.0,0.0
0.0,0.0,0.0,0.0,0.0,0.0,0.0,0.0,0.0,0.0,0.0,0.0,0.0,0.0,0.0,0.0,0.0,0.0,0.0,0.0,0.0,1.234725,0.861325,1.6563999999999999,1.799375,1.4764000000000002,1.2493750000000001,1.055375,1.9843250000000001,2.0556,1.507825,0.638825,0.84935,1.78585,1.74845,1.5586250000000001,0.946525,0.761475,1.2190750000000001,1.79365,1.5092750000000001,0.55215,0.7158,1.3459500000000002,1.9742250000000001,2.0791500000000003,1.2574750000000001,0.7892250000000001,1.267575,1.8032499999999998,1.06825,1.0433999999999999,0.7091999999999999,1.24065,1.45455,1.4134,1.106425,0.7529,0.93625,0.968,1.2426,0.953075,0.535275,0.9241,1.440725,1.8813,1.2112500000000002,0.60335,0.41157499999999997,1.38455,1.583225,0.59265,0.518875,0.461925,1.348125,1.55085,0.808175,0.342375,0.5192749999999999,1.03895,1.07125,1.1314,0.5508000000000001,0.637425,0.980125,1.228425,0.9997,0.388475,0.350525,0.33647499999999997,1.2024,1.1714250000000002,0.539075,0.42885,0.5176,1.1783,0.858725,0.465775,-0.11215,0.45642499999999997,1.06365,0.994425,0.6347,0.13319999999999999,0.593775,1.00665,0.93135,0.131775,0.25195,0.319875,0.67445,0.987225,0.48995,0.49735,0.3842,0.8050250000000001,0.5951,0.554,0.246475,-0.14325000000000002,0.69895,0.873575,0.702825,0.24395,0.12667499999999998,0.401775,0.9075249999999999,0.5986,-0.27005,0.1981,0.5885750000000001,1.145525,0.7248,0.019624999999999997,0.0599,0.293775,0.623425,0.216325,0.242625,0.09325,0.518775,0.8429,0.57745,0.2838,-0.09815,0.381775,0.1749,0.6351249999999999,0.303175,-0.07377500000000001,0.27735,0.7234499999999999,0.782475,0.22767500000000002,-0.0875,-0.32725,0.610625,0.646125,0.02945,-0.050775,-0.050775,0.74015,0.700475,0.119425,-0.277575,-0.049575,0.41297500000000004,0.2752,0.386625,-0.09812499999999999,0.11855,0.17265,0.43010000000000004,0.25632499999999997,-0.01075,-0.058325,-0.276025,0.52005,0.456675,0.12235,-0.06899999999999999,0.0814,0.325325,0.19755,-0.1911,-0.6110249999999999,0.188125,0.51685,0.34467499999999995,-0.04145,-0.30657500000000004,0.10175000000000001,0.33425,0.194525,-0.475025,-0.207875,0.074725,0.33935000000000004,0.301675,-0.178925,-0.0573,-0.249525,0.338325,-0.158675,-0.0457,-0.025825,-0.43667500000000004,0.258325,0.5013,0.1558,-0.28997500000000004,-0.255,-0.13545000000000001,0.3316,-0.096175,-0.6461749999999999,-0.1956,0.12695,0.26265,-0.024875,-0.371475,-0.421025,-0.0994,0.13382500000000003,-0.1898,-0.21845,-0.32930000000000004,0.141175,0.09140000000000001,-0.025849999999999998,-0.115075,-0.357425,-0.1054,-0.19615,0.02315,-0.1006,-0.488325,-0.4472,0.23962499999999998,0.13525,-0.372575,-0.630225,-0.761625,0.10715,0.03945,-0.329025,-0.30225,-0.261875,0.1138,0.0846,-0.330625,-0.6338250000000001,-0.28247500000000003,0.21525,-0.2369,-0.17505,-0.443525,0.004525,-0.1221,-0.28315,-0.30555,-0.3978,-0.505475,-0.8113999999999999,-0.196475,-0.166175,-0.623875,-0.811775,-0.520375,-0.28547500000000003,-0.25575,-0.4142,-0.755325,0.01055,0.074,-0.22317499999999998,-0.695325,-0.82595,-0.7390249999999999,-0.22749999999999998,-0.28425,-0.826975,-0.5741,-0.405175,-0.423575,-0.5062,-0.6424,-0.337125,-0.598775,-0.41697500000000004,-0.625675,-0.4597,-0.59455,-1.0463749999999998,-0.5847,-0.21200000000000002,-0.404025,-0.8974,-0.663775,-0.733525,-0.240325,-0.6148,-1.0951499999999998,-0.524825,-0.46190000000000003,-0.2274,-0.590875,-0.818225,-0.8324,-0.46147499999999997,-0.429725,-0.8767499999999999,-0.7238,-0.7844249999999999,-0.51385,-0.61715,-0.658925,-0.89305,-1.016375,-0.660425,-0.91615,-0.5755250000000001,-0.63715,-0.9142,-0.718225,-0.291925,-0.693025,-0.94265,-0.9358500000000001,-1.304425,-0.5296000000000001,-0.5168,-1.1135,-0.74605,-0.7703,-0.350075,-0.563225,-1.114425,-1.3492250000000001,-1.0311000000000001,-0.819925,-0.654075,-0.80755,-1.0861,-1.1138,-1.351975,-0.946325,-1.0119500000000001,-1.136325,-1.0491,-1.60885,-0.998225,-0.9455749999999999,-1.0271,-1.05485,-0.98905,-1.1972749999999999,-0.957025,-1.019025,-1.3269,-0.69875,-0.78395,-1.2825,-1.16385,-1.053225,-1.10215,-0.849275,-1.39495,-1.6307,-1.23565,-0.9073,-1.521025,-1.3125749999999998,-0.986325,-0.74935,-1.750675,0.15307500000000002,-0.38792499999999996,-0.963375,0.0,0.0,0.0,0.0,0.0,0.0,0.0,0.0,0.0,0.0,0.0,0.0,0.0,0.0,0.0,0.0,0.0,0.0,0.0,0.0,0.0
0.0,0.0,0.0,0.0,0.0,0.0,0.0,0.0,0.0,0.0,0.0,0.0,0.0,0.0,0.0,0.0,0.0,0.0,0.0,0.0,0.0,2.3838999999999997,1.341275,1.7962500000000001,1.209125,2.1059,1.59735,1.377825,1.33935,0.704,1.70035,1.7569249999999998,1.68805,1.286275,0.781875,1.24245,1.3515,1.3350499999999998,0.6863250000000001,0.64505,1.530825,2.145025,1.8638249999999998,0.7119500000000001,0.958675,1.059675,1.980375,1.19815,0.716075,0.69835,1.3009499999999998,2.007225,1.34365,0.760025,0.9277,1.218525,1.374125,1.3223500000000001,1.1094,0.503275,1.0515249999999998,1.4041,1.51425,0.9787250000000001,0.8883749999999999,0.525875,1.2711999999999999,1.574875,0.6774,0.489225,0.632075,1.406425,1.524725,0.666625,0.312225,0.40125,1.23055,1.035225,0.77135,0.602175,0.9001250000000001,1.225,1.3955250000000001,0.801175,0.346625,0.6282,0.51695,1.0592249999999999,1.098675,0.514175,0.65505,0.71445,1.054575,0.876025,0.518775,-0.1076,0.5278750000000001,1.188675,0.734275,0.501675,0.119675,0.933475,1.125225,0.893175,0.1077,-0.052175,0.699975,1.0437,0.9491999999999999,0.34492500000000004,0.290025,0.462075,1.03545,0.711125,0.406,0.278925,0.18122500000000002,0.8515250000000001,1.029175,0.5462750000000001,0.2747,0.12685000000000002,0.492,0.71755,0.7129749999999999,-0.096525,0.077225,0.53645,0.9960249999999999,0.67805,0.0738,0.193575,0.4138,0.96845,0.1956,-0.053775,0.1635,0.6046750000000001,0.868725,0.5203249999999999,0.134125,0.030824999999999998,0.6056250000000001,0.36860000000000004,0.391225,0.346675,-0.05615,0.29165,0.5322250000000001,0.5141249999999999,0.12135,0.057300000000000004,-0.1273,0.479,0.55775,-0.11655,-0.11209999999999999,-0.012175,0.73885,0.7456,0.099925,-0.318575,-0.1828,0.6495249999999999,0.33915,0.1568,-0.10072500000000001,0.291925,0.5108,0.577425,-0.043575,-0.23405,0.2349,0.084375,0.571075,0.387575,-0.08107500000000001,-0.021449999999999997,0.253425,0.5032749999999999,0.212225,-0.07255,-0.55725,0.11705,0.48414999999999997,0.30877499999999997,0.021175,-0.20575000000000002,0.21534999999999999,0.48575,0.256225,-0.3704,-0.45599999999999996,0.289,0.53805,0.29512499999999997,-0.052825,-0.119725,0.044825000000000004,0.577125,0.02255,-0.172625,0.048625,-0.127375,0.34485,0.345025,0.074625,-0.25070000000000003,-0.22295,-0.024475,0.15952499999999997,0.17465,-0.5472250000000001,-0.298775,0.0666,0.36872499999999997,-0.010700000000000001,-0.45842499999999997,-0.42955,-0.25215,0.2968,-0.34435,-0.4899,-0.245925,0.2233,0.24895,-0.038075,-0.28852500000000003,-0.5417000000000001,0.046125,-0.1733,0.0434,0.003,-0.36924999999999997,-0.14025,-0.0707,-0.094975,-0.511525,-0.41502500000000003,-0.5065500000000001,0.018775,0.043975,-0.45225000000000004,-0.57965,-0.419275,0.358075,0.11234999999999999,-0.391,-0.7653749999999999,-0.52025,0.2265,-0.002075,-0.2653,-0.516975,-0.1017,0.050025,0.09284999999999999,-0.40137500000000004,-0.7254750000000001,-0.131025,-0.32495,-0.0847,-0.21895,-0.518675,-0.534625,-0.381325,-0.332075,-0.5291,-0.49425,-0.865175,-0.1984,0.07875,0.015525,-0.38605,-0.811625,-0.51595,-0.4153,-0.465425,-0.91185,-0.9002,-0.005350000000000001,0.18284999999999998,-0.32405,-0.882125,-0.60335,-0.6362,-0.04815,-0.514,-0.60275,-0.462825,-0.810125,-0.318525,-0.363275,-0.515075,-0.82425,-0.7342500000000001,-0.589525,-0.31775,-0.327125,-1.004875,-0.7142000000000001,-0.562725,-0.15237499999999998,-0.567075,-0.911975,-0.98185,-0.64465,-0.23709999999999998,-0.69625,-0.763775,-0.59605,-0.517575,-0.653,-0.8202,-0.813075,-0.934075,-0.5838249999999999,-0.9605250000000001,-0.581275,-0.585175,-0.974775,-0.8140000000000001,-0.4102,-0.47645,-0.709,-0.817225,-1.104225,-0.54645,-0.567075,-1.084775,-1.0773249999999999,-1.081075,-0.4731,-0.5727249999999999,-1.01095,-1.180825,-0.992375,-0.510575,-0.53895,-0.90505,-0.893825,-0.660725,-0.657625,-0.755375,-1.02075,-1.112575,-0.80745,-1.226525,-0.7438750000000001,-0.5603499999999999,-1.03225,-1.26845,-0.92755,-1.012075,-0.8491000000000001,-0.972775,-1.5901,-0.6556000000000001,-0.3423,-1.008225,-1.28415,-1.128225,-1.2558500000000001,-0.9704,-1.09145,-1.3654,-1.56755,-0.6569,-0.5727249999999999,-1.743625,-1.2997,-1.40595,-1.546275,-0.79085,-1.6227,-1.38085,-1.0877000000000001,-2.025525,0.36114999999999997,0.0,0.0,0.0,0.0,0.0,0.0,0.0,0.0,0.0,0.0,0.0,0.0,0.0,0.0,0.0,0.0,0.0,0.0,0.0,0.0,0.0
0.0,0.0,0.0,0.0,0.0,0.0,0.0,0.0,0.0,0.0,0.0,0.0,0.0,0.0,0.0,0.0,0.0,0.0,0.0,0.0,0.0,1.8578999999999999,1.883275,1.344,1.7083249999999999,1.301375,1.29115,1.547225,1.9947249999999999,1.2986,1.575625,0.929725,1.640975,1.38215,1.3989250000000002,0.45792499999999997,0.863625,1.514775,1.693075,1.2158250000000002,1.03525,1.2584,1.285525,1.861225,1.5425,0.7301,1.06855,1.73625,1.895925,1.573025,0.696825,0.741825,1.3939,1.4776500000000001,1.01275,0.915925,0.687375,1.28355,1.329075,1.114675,0.82955,0.659675,0.803725,1.19095,1.4413,0.9941,0.6682750000000001,0.9202,1.595925,1.677925,0.7883,0.260275,0.198475,1.393975,1.41235,0.7238249999999999,0.654275,0.694075,1.639775,1.395575,0.8244,0.211975,0.7585,0.881425,1.104875,0.89985,0.30625,0.6437999999999999,0.828975,0.9445,0.62225,0.63885,0.29095,0.5925,1.1609500000000001,0.8224,0.5514,0.24895,0.6712,0.8274,0.89985,0.123425,-0.167725,0.7994249999999999,1.119975,0.916825,0.47962499999999997,0.2837,0.59285,1.093325,0.637975,0.0968,0.4129,0.43424999999999997,1.0753249999999999,0.8771,0.34265,0.355775,0.3226,0.6691,0.5139750000000001,0.6132,-0.027925,0.182025,0.739375,1.04535,0.517875,-0.02725,0.12115000000000001,0.47535,0.94705,0.352425,-0.1137,0.365275,0.731875,0.867075,0.313075,-0.010575,0.047275,0.8328,0.679875,0.34975,0.224225,0.007025,0.68995,0.746375,0.487775,0.047099999999999996,-0.05005,0.017025,0.34504999999999997,0.655475,0.09090000000000001,-0.013325,0.07289999999999999,0.842425,0.49995,-0.0087,-0.30910000000000004,-0.1688,0.90465,0.5791,0.145525,-0.045575,0.1967,0.7301249999999999,0.519725,-0.0114,-0.34275,0.2984,0.27125,0.426575,0.34709999999999996,0.08255,0.2324,0.247325,0.1626,-0.077125,-0.046825,-0.30625,0.1049,0.518825,0.111525,-0.077175,-0.2742,0.2836,0.2296,0.335325,-0.369675,-0.552025,0.321025,0.5245249999999999,0.20955000000000001,-0.205125,-0.0264,0.110675,0.578625,-0.08299999999999999,-0.4967,0.014375,0.0502,0.51855,0.320125,-0.1346,-0.143575,-0.069,0.048475,-0.024425,0.031575,-0.352525,-0.13855,0.27215,0.365425,0.039349999999999996,-0.44215,-0.2503,-0.120425,0.3503,-0.251275,-0.613625,-0.03,0.37545,0.2558,-0.225075,-0.360375,-0.376575,0.326875,0.075875,-0.3276,-0.3254,-0.371675,0.21225,0.31975,-0.018075,-0.40925,-0.345325,-0.372975,-0.12140000000000001,0.0046,-0.306075,-0.47035,-0.40025,0.10595,-0.004325000000000001,-0.3352,-0.635825,-0.6655,0.24682500000000002,0.02595,-0.386075,-0.5260750000000001,-0.15175,0.22325,0.083175,-0.5848500000000001,-0.716,0.0538,-0.113025,-0.17285,-0.138825,-0.4546,-0.3558,-0.46325,-0.437875,-0.653475,-0.44125000000000003,-0.6943250000000001,-0.528175,-0.245125,-0.091575,-0.358675,-0.49157500000000004,-0.089175,-0.23285,-0.43022499999999997,-0.95875,-1.058475,-0.190925,0.237525,0.054974999999999996,-0.7085,-0.778025,-0.71535,-0.2162,-0.6544,-0.784675,-0.319275,-0.37172499999999997,-0.3517,-0.323175,-0.5495749999999999,-0.7495499999999999,-0.760475,-0.64185,-0.6885,-0.445125,-0.8203,-0.639575,-0.43917500000000004,-0.24164999999999998,-0.58845,-0.975225,-0.7614500000000001,-0.75995,-0.2958,-0.7777000000000001,-0.959475,-0.5752499999999999,-0.1782,-0.42962500000000003,-0.65525,-0.8838,-0.99975,-0.23354999999999998,-0.7707999999999999,-0.84425,-0.777325,-0.92105,-0.683275,-0.529175,-0.730575,-0.91245,-0.7439749999999999,-0.9269,-0.584475,-0.546225,-0.8254,-0.97095,-0.946025,-0.583275,-0.5929,-0.8506750000000001,-1.2709249999999999,-1.2211750000000001,-0.26232500000000003,-0.4734,-0.8765499999999999,-0.898,-0.6927,-0.6905749999999999,-0.6662750000000001,-0.8792249999999999,-1.342,-0.756525,-1.00695,-0.929125,-0.8629,-0.96685,-1.245275,-0.8952249999999999,-1.0207,-1.08325,-0.8659250000000001,-0.8878,-1.057725,-0.98915,-0.97445,-1.0651,-1.274525,-0.6193500000000001,-1.00415,-0.85455,-1.076725,-1.51365,-0.932075,-0.6352249999999999,-0.8834,-1.1605750000000001,-1.681775,-1.4302000000000001,-1.0079,-0.7659750000000001,-1.02895,-0.646175,-1.0804749999999999,-0.816225,-1.4549750000000001,-0.596325,-2.0298499999999997,0.0,0.0,0.0,0.0,0.0,0.0,0.0,0.0,0.0,0.0,0.0,0.0,0.0,0.0,0.0,0.0,0.0,0.0,0.0,0.0,0.0
0.0,0.0,0.0,0.0,0.0,0.0,0.0,0.0,0.0,0.0,0.0,0.0,0.0,0.0,0.0,0.0,0.0,0.0,0.0,0.0,0.0,1.273125,1.542175,1.5111249999999998,2.6807,2.428925,1.14635,1.028925,1.430925,1.86595,1.6452499999999999,1.29105,0.6285000000000001,1.0782,1.805875,1.54875,1.498775,0.9254,0.8347749999999999,1.17025,1.5681,1.343075,0.8337,0.87885,1.551775,2.076775,1.689575,0.8865,0.74265,1.65545,1.606625,0.821825,1.138525,0.76715,1.692375,1.677375,1.026225,0.7812250000000001,0.649325,1.06205,1.09545,1.19095,0.806475,0.8573,1.14985,1.638325,1.3431,0.98275,0.594825,0.410725,1.47565,1.248875,0.53605,0.5648,0.7415750000000001,1.471675,1.407975,0.5802750000000001,0.11595,0.690175,1.2286,1.1802,0.86885,0.1741,0.89935,1.17765,1.077675,0.331925,0.33640000000000003,0.511525,0.6437499999999999,1.2217,0.67715,0.6240749999999999,0.437425,1.0264,0.8446750000000001,0.781375,0.271875,-0.13385,0.89255,1.2462,0.964075,0.36265000000000003,0.1344,0.7482,1.1292,0.847775,-0.14195,0.20145,0.65645,1.3742750000000001,1.0763500000000001,0.27447499999999997,0.301375,0.5228,0.9019250000000001,0.399075,0.366625,0.37115,0.292775,0.8881,0.8873,0.5632,0.072875,0.286625,0.407525,0.836075,0.3127,-0.061649999999999996,0.36175,0.71885,1.0094500000000002,0.41969999999999996,-0.04755,-0.1476,0.453625,0.7399249999999999,0.0536,0.22342499999999998,0.2616,0.942625,0.702825,0.27775,-0.0294,0.1079,0.4361,0.344125,0.461425,0.074725,0.032924999999999996,0.326475,0.808975,0.43655,-0.02675,-0.11,-0.22762500000000002,0.7239,0.60835,0.09935,0.07605,0.24282499999999999,0.7397,0.6016250000000001,0.08047499999999999,-0.497,0.2891,0.409225,0.384625,0.052875,-0.192225,0.456725,0.45225,0.48860000000000003,-0.156325,-0.072775,0.07302499999999999,0.18967499999999998,0.5189750000000001,0.057225,0.038125,-0.1627,0.369275,0.228775,0.1031,-0.1864,-0.51565,0.44434999999999997,0.513725,0.140125,-0.16672499999999998,-0.276275,0.210375,0.507225,0.111875,-0.47415,-0.124075,0.2576,0.60215,0.237025,-0.214875,-0.10237500000000001,-0.10167499999999999,0.322175,-0.10450000000000001,-0.062675,-0.167575,-0.150225,0.270025,0.32515,0.00945,-0.368325,-0.042975,-0.2063,0.369925,-0.1674,-0.49995,-0.02825,0.18617499999999998,0.301625,-0.0877,-0.39485000000000003,-0.5292,0.157975,0.043525,-0.4317,-0.26417500000000005,-0.1558,0.36465,0.007075,-0.256775,-0.46215,-0.251425,0.09345,-0.203275,-0.058575,-0.1968,-0.231125,-0.144125,0.223125,-0.218525,-0.45285000000000003,-0.416375,-0.683675,0.33937500000000004,-0.037775,-0.3378,-0.50295,-0.1367,-0.003775,0.14332499999999998,-0.33355,-0.739275,0.025974999999999998,0.0165,-0.052,-0.452525,-0.5875,-0.149275,-0.033100000000000004,-0.33805,-0.769725,-0.6160749999999999,-0.380625,-0.41485,-0.15535000000000002,-0.24755,-0.34375,-0.5695250000000001,0.07302499999999999,-0.141975,-0.256675,-0.5565,-0.9674,-0.24630000000000002,-0.120925,-0.2639,-0.40080000000000005,-0.53765,-0.5890249999999999,-0.26639999999999997,-0.449875,-1.0246499999999998,-0.77805,-0.26695,0.10170000000000001,-0.39392499999999997,-0.6519999999999999,-0.5563750000000001,-0.5192,-0.31945,-0.790225,-0.589175,-0.7288,-0.620675,-0.3974,-0.13635,-0.48785,-0.782,-0.7605000000000001,-0.75015,-0.2817,-0.634325,-1.0844,-0.89715,-0.40602499999999997,-0.15869999999999998,-0.5781,-0.6975,-0.9053249999999999,-0.294725,-0.624625,-0.94435,-0.7329,-0.7838750000000001,-0.4725,-0.6311,-0.899825,-1.02945,-0.711875,-0.6866749999999999,-0.69765,-0.4718,-0.737275,-0.72185,-0.918025,-0.47602500000000003,-0.8819,-0.907025,-0.80555,-1.3000500000000001,-0.447675,-0.462475,-0.8693249999999999,-0.61595,-0.7755500000000001,-0.64775,-0.6976249999999999,-0.9457,-1.305075,-0.5703,-0.7857,-0.929125,-1.048375,-1.17565,-0.946225,-1.135375,-1.063825,-1.0957000000000001,-0.915875,-0.68345,-0.8098000000000001,-1.031775,-0.86605,-1.04795,-1.047425,-0.5740999999999999,-0.868925,-0.8942,-0.7407,-1.56115,-1.137725,-0.5829,-0.980275,-1.342825,-1.133475,-0.9649,-0.81245,-1.391,-1.32815,-1.3868,-1.106975,-1.1143999999999998,-1.003825,-1.20265,-1.3496000000000001,-1.903225,-2.137325,-1.43445,0.0,0.0,0.0,0.0,0.0,0.0,0.0,0.0,0.0,0.0,0.0,0.0,0.0,0.0,0.0,0.0,0.0,0.0,0.0,0.0,0.0
0.0,0.0,0.0,0.0,0.0,0.0,0.0,0.0,0.0,0.0,0.0,0.0,0.0,0.0,0.0,0.0,0.0,0.0,0.0,0.0,0.0,2.329075,2.5099,0.929625,1.150625,1.6291,2.073775,1.4481000000000002,1.1707,0.7952,0.986425,1.689525,1.57265,1.13705,0.9419500000000001,1.389,1.528,1.47995,0.98365,0.57275,0.835225,1.617,2.0017,1.6048,0.6882250000000001,0.814325,1.3872499999999999,1.73425,0.860975,0.8154750000000001,0.805725,1.927275,2.079325,1.3018,0.651975,0.700325,1.5639999999999998,1.240825,1.024425,0.53645,0.8182750000000001,1.3877,1.740825,1.31305,0.799375,0.76745,0.6997,1.406875,1.3099,0.6716500000000001,0.5408499999999999,0.781,1.5336,1.1556,0.674075,0.10477500000000001,0.7414,1.52585,1.229025,0.747125,0.34765,1.0113,1.48215,1.0805,0.20224999999999999,0.090075,0.7609,0.796525,1.009225,0.6339,0.6088250000000001,0.736925,1.018575,0.790225,0.501125,0.401725,-0.0727,0.851675,1.096875,0.76725,0.5231750000000001,0.280325,0.726075,0.9019,0.73235,-0.177775,0.1625,0.8258749999999999,1.262975,0.817425,0.20042500000000002,0.474975,0.7201249999999999,1.302325,0.44715,0.135825,0.411975,0.5824750000000001,0.919775,0.666425,0.48092500000000005,0.16635,0.6311,0.465075,0.714575,0.44437499999999996,-0.10955000000000001,0.388525,0.80515,0.8369,0.36987499999999995,-0.053125000000000006,0.049025,0.634525,0.709375,-0.001725,-0.075475,0.23552499999999998,1.1428500000000001,0.938825,0.38825,-0.08827499999999999,-0.00285,0.8161,0.38505,0.4164,0.1775,0.234425,0.65005,0.594475,0.3182,-0.0596,0.167425,0.047825,0.64365,0.35255,-0.06332499999999999,-0.038224999999999995,0.146075,0.7152499999999999,0.5225500000000001,0.07047500000000001,-0.460975,0.000325,0.73805,0.428375,0.026500000000000003,-0.154025,0.38039999999999996,0.4976,0.38134999999999997,-0.27095,-0.1892,0.39705,0.3582,0.39642499999999997,0.111275,0.03645,0.161725,0.47172499999999995,0.016050000000000002,-0.283675,0.04565,-0.474175,0.314225,0.430775,0.145675,-0.115675,-0.264575,0.17375,0.2532,0.106625,-0.522025,-0.2179,0.4252,0.6943250000000001,0.1742,-0.399875,-0.07702500000000001,0.141025,0.49887499999999996,-0.24107499999999998,-0.256725,0.044075,0.21334999999999998,0.384125,0.155525,-0.085575,-0.2738,0.09162500000000001,-0.09405,0.119225,-0.08095,-0.41995,0.0075,0.146225,0.30932499999999996,-0.1949,-0.47385,-0.43220000000000003,0.1604,0.2647,-0.371225,-0.5261,-0.22715000000000002,0.475375,0.203875,-0.13185,-0.561525,-0.5072,0.215425,-0.17085,-0.025025,-0.10972499999999999,-0.0258,0.1401,0.283225,-0.29155000000000003,-0.399575,-0.21025,-0.41705000000000003,0.30015,-0.16975,-0.51315,-0.494125,-0.4064,0.10725,-0.0856,-0.42910000000000004,-0.865475,-0.321525,0.177475,0.054650000000000004,-0.48655,-0.596025,-0.093725,-0.12890000000000001,-0.128575,-0.7745,-0.59265,-0.2637,-0.23299999999999998,-0.26539999999999997,-0.372,-0.347975,-0.34340000000000004,0.04965,-0.368825,-0.448125,-0.36929999999999996,-0.775375,-0.191425,-0.19030000000000002,-0.483125,-0.63885,-0.593475,-0.29557500000000003,-0.185425,-0.2313,-1.0296750000000001,-0.823975,-0.551875,0.20887499999999998,-0.3009,-0.776775,-0.684225,-0.366425,0.017625000000000002,-0.6474500000000001,-0.6852499999999999,-0.263975,-0.45845,-0.355125,-0.597275,-0.6908749999999999,-0.7704,-0.33775,-0.6241749999999999,-0.4207,-0.52155,-1.045325,-0.621675,-0.4351,-0.340775,-0.70765,-0.8306749999999999,-0.881375,-0.409325,-0.3516,-0.75515,-0.8785499999999999,-0.57795,-0.243925,-0.6363500000000001,-0.6986,-1.155575,-0.897625,-0.21175,-0.660425,-0.830125,-0.5256000000000001,-0.522825,-0.64185,-0.33140000000000003,-0.857525,-0.8693249999999999,-0.79855,-1.181375,-0.5357,-0.67665,-0.96265,-1.0427499999999998,-0.88475,-0.4943,-0.7893,-0.648525,-1.2469000000000001,-0.716675,-0.5918749999999999,-0.761225,-1.0783749999999999,-0.94895,-0.88165,-0.958725,-0.546675,-1.7093,-1.151825,-0.7229,-0.963125,-0.7159,-1.083175,-0.9712000000000001,-0.84185,-0.9386,-1.0329249999999999,-1.0009000000000001,-0.951875,-1.4020249999999999,-0.697075,-0.923575,-1.08035,-0.999325,-1.4848249999999998,-1.44695,-0.79,-1.1986,-1.320575,-1.131925,-0.96955,-0.6831,-1.89535,-0.5640499999999999,-1.5247,-1.21365,-0.788975,-1.6402999999999999,-0.7971250000000001,-0.863425,-2.3331999999999997,0.0,0.0,0.0,0.0,0.0,0.0,0.0,0.0,0.0,0.0,0.0,0.0,0.0,0.0,0.0,0.0,0.0,0.0,0.0,0.0,0.0
0.0,0.0,0.0,0.0,0.0,0.0,0.0,0.0,0.0,0.0,0.0,0.0,0.0,0.0,0.0,0.0,0.0,0.0,0.0,0.0,0.0,0.9472,1.67425,2.782375,1.4956749999999999,0.920675,0.70555,2.0732999999999997,2.0212,2.101375,0.9964,1.164525,1.377125,1.3971749999999998,1.1584999999999999,1.224475,0.42905,1.2047500000000002,1.7173,1.568575,1.254375,0.7511,1.015975,1.3345500000000001,2.3709749999999996,1.155675,0.969425,0.932775,1.8642999999999998,1.79315,1.294325,0.73155,0.642775,1.74455,1.3806500000000002,0.84665,0.8655499999999999,0.878,1.574175,1.461525,1.0896,0.49372499999999997,1.0515,0.913825,1.23055,1.1246,0.68345,1.016125,1.1622249999999998,1.5762,1.2322250000000001,0.65075,0.468525,0.64045,1.4423,1.11315,0.7125250000000001,0.459175,1.113275,1.51475,1.228375,0.35862499999999997,-0.0361,1.10725,1.1281500000000002,1.179975,0.6755,0.362325,0.9383250000000001,1.1363249999999998,0.979,0.365,0.513,0.410375,0.973025,0.9847250000000001,0.425675,0.4803,0.303725,0.906025,0.784875,0.74825,0.10097500000000001,0.1636,0.95885,1.2193,0.7549,0.2257,0.225325,0.6474,1.308075,0.609875,0.09555,0.4612,0.814225,1.215325,0.6137,0.23602499999999998,0.202075,0.66815,0.621575,0.29095,0.465,0.0066,0.579975,0.694725,0.614925,0.21645,-0.109575,0.20565,0.39165000000000005,0.9113,0.1475,-0.017325,0.335725,0.8054250000000001,0.6551,0.277,-0.0741,0.110925,1.031575,0.495025,0.052074999999999996,0.128775,0.18614999999999998,0.86935,0.6776249999999999,0.077975,-0.1148,0.32275,0.325875,0.454275,0.40585000000000004,0.039925,0.33305,0.268775,0.654825,0.22505,0.0584,-0.1608,0.1078,0.9011,0.4286,0.000225,-0.000875,0.5805250000000001,0.528,0.366325,-0.34035000000000004,-0.30075,0.57645,0.64515,0.5180750000000001,0.06455,0.001675,0.381425,0.64995,0.1926,-0.30595,-0.063,-0.030425,0.48045,0.30165,-0.1628,-0.245675,-0.20777500000000002,0.31555,0.1908,0.1218,-0.3713,-0.422875,0.4012,0.4989,0.222575,-0.20037500000000003,-0.048325,0.17425,0.6694249999999999,-0.21352500000000002,-0.39235000000000003,-0.047425,0.203,0.5368999999999999,0.11205,-0.177825,-0.26335000000000003,0.20655,0.022525,-0.191125,-0.02095,-0.25517500000000004,0.08814999999999999,0.174825,0.176425,-0.184175,-0.307775,-0.296875,-0.176,0.22615,-0.314925,-0.386075,-0.11887500000000001,0.393425,0.0615,-0.309925,-0.6613,-0.34665,0.583075,-0.007,-0.2882,-0.4339,-0.18945,0.189525,0.09282499999999999,-0.3872,-0.5358,0.015375,-0.18125,-0.137325,-0.1519,-0.33540000000000003,-0.1987,-0.20645000000000002,-0.00042500000000000003,-0.3382,-0.40355,-0.557725,-0.314775,0.28404999999999997,0.00955,-0.475775,-0.416925,0.079925,-0.16575,-0.110725,-0.7453749999999999,-0.70445,0.059525,-0.0505,-0.1656,-0.64125,-0.627175,-0.267975,0.02425,-0.2844,-0.6447750000000001,-0.199175,-0.2994,-0.10175000000000001,-0.37715,-0.46125,-0.727975,-0.5129,-0.190775,-0.41855,-0.282375,-0.73825,-0.85105,-0.42915000000000003,-0.11702499999999999,-0.3064,-0.50025,-0.6797,-0.6540250000000001,-0.045774999999999996,-0.621975,-0.746875,-0.35710000000000003,-0.1653,-0.164625,-0.4511,-0.597825,-0.8180499999999999,-0.620125,-0.7681,-0.5869,-0.5113,-0.7328250000000001,-0.543075,-0.6056,-0.493525,-0.763825,-0.9074,-0.7795500000000001,-0.72355,-0.34885,-0.733725,-0.8289249999999999,-0.56405,-0.024399999999999998,-0.5412,-0.7588,-0.96655,-0.990675,-0.24895,-0.876525,-0.8130999999999999,-0.8625999999999999,-0.466625,-0.428125,-0.61025,-0.77395,-0.776125,-0.713575,-0.776475,-0.685475,-0.6654249999999999,-0.87965,-0.813375,-0.9076500000000001,-0.7359249999999999,-0.800675,-0.939375,-1.191575,-0.9292,-0.35025,-0.532825,-1.1456,-1.0201250000000002,-0.34305,-0.748075,-0.6261,-1.2736999999999998,-1.2964,-0.543925,-0.86315,-0.9681,-1.0366250000000001,-1.11455,-0.9602,-0.8321000000000001,-0.93025,-1.0589,-1.04155,-1.049375,-0.611525,-1.19675,-0.965325,-1.26585,-1.47,-1.25315,-1.2291,-0.617525,-1.129075,-1.653075,-1.3673,-0.7716,-1.348175,-1.0146249999999999,-1.3240750000000001,-1.3827500000000001,-0.817875,-1.3078,-0.7511749999999999,-1.3486,-0.145225,-1.36855,-0.610825,-1.5010750000000002,0.0,0.0,0.0,0.0,0.0,0.0,0.0,0.0,0.0,0.0,0.0,0.0,0.0,0.0,0.0,0.0,0.0,0.0,0.0,0.0,0.0
0.0,0.0,0.0,0.0,0.0,0.0,0.0,0.0,0.0,0.0,0.0,0.0,0.0,0.0,0.0,0.0,0.0,0.0,0.0,0.0,0.0,1.396675,0.94225,1.303075,1.894825,2.035175,1.50935,1.0547,0.5863,1.9738,1.785375,1.3396,1.1708500000000002,1.05855,1.527525,1.416275,1.378775,0.87235,0.6979,1.129725,1.2673999999999999,1.4205,1.168075,1.216575,1.48915,2.1045249999999998,1.9822250000000001,1.3091,0.84245,1.1401249999999998,2.055475,1.4395,0.846775,0.6312,0.8264,1.832225,1.55315,1.003725,0.45935,0.78205,1.3788749999999999,1.198275,1.226675,0.7479,1.235025,1.4588999999999999,1.58375,0.932725,0.466325,0.7472,0.734575,1.6313250000000001,1.049925,0.85705,0.629675,0.971925,1.217375,0.987675,0.5978249999999999,0.17822500000000002,1.147,1.2539500000000001,1.07485,0.53015,0.33087500000000003,0.9429,1.146775,0.820675,0.0758,0.447025,0.70415,1.219375,0.98765,0.569825,0.52145,0.5765,0.9155249999999999,0.463225,0.46099999999999997,0.330925,0.3603,1.006375,1.108975,0.669425,0.23175,0.399175,0.6270249999999999,1.066275,0.396375,-0.06025,0.431,0.9483250000000001,1.392975,0.684175,0.0322,0.2566,0.6884750000000001,0.840525,0.167675,0.28307499999999997,0.364475,0.89195,0.8657,0.554475,0.1653,0.0665,0.5740999999999999,0.42765,0.634325,0.18165,0.039474999999999996,0.578,0.849325,0.5479,0.113,-0.12417500000000001,0.0125,1.0112999999999999,0.6324,0.082675,0.008650000000000001,0.2752,1.035025,0.58755,0.09872500000000001,-0.20020000000000002,0.257525,0.74415,0.43462500000000004,0.3162,0.01985,0.47485,0.497525,0.718925,-0.035699999999999996,-0.0501,0.008275000000000001,0.039975,0.7046,0.40505,0.16435,0.00785,0.342825,0.37439999999999996,0.31615,-0.18655,-0.3668,0.393725,0.5089,0.402825,-0.00025,-0.0686,0.325025,0.586225,0.26242499999999996,-0.43585,0.09565,0.246025,0.456175,0.176675,-0.159675,-0.10529999999999999,0.0658,0.322325,-0.20249999999999999,-0.001825,-0.14884999999999998,-0.2007,0.42272499999999996,0.3402,0.035525,-0.20265,-0.08,0.2096,0.578175,-0.134025,-0.393075,0.0048000000000000004,0.46615,0.5831,-0.009899999999999999,-0.332475,-0.1901,0.24985,0.2466,-0.2063,-0.18032499999999999,-0.108425,0.42575,0.3237,-0.048875,-0.24664999999999998,-0.2218,0.06592500000000001,-0.09295,0.19924999999999998,-0.2532,-0.377425,0.051750000000000004,0.3891,0.0639,-0.310175,-0.419325,-0.33792500000000003,0.56145,-0.09027500000000001,-0.425575,-0.39695,0.001675,0.4793,0.10035,-0.3245,-0.73735,-0.155875,0.120775,-0.15302500000000002,-0.18945,-0.30284999999999995,0.0334,-0.130375,0.07617499999999999,-0.51105,-0.4139,-0.387725,-0.421425,0.25722500000000004,-0.19542500000000002,-0.296925,-0.498025,0.0374,-0.0824,-0.182775,-0.529925,-0.8005,-0.105125,-0.05515,-0.17577500000000001,-0.519075,-0.426775,-0.1534,0.023399999999999997,-0.3339,-0.6613,-0.347425,-0.14652500000000002,-0.042050000000000004,-0.2455,-0.518525,-0.63365,-0.6243749999999999,-0.264775,-0.45415,-0.28445,-0.46885,-0.5278,-0.118775,-0.372,-0.614425,-0.555725,-0.48812500000000003,-0.428825,-0.16055,-0.527925,-1.074625,-0.6323,-0.178525,0.1247,-0.49945,-0.799875,-0.50495,-0.209675,-0.36650000000000005,-1.0202499999999999,-0.6426,-0.681225,-0.1035,-0.44310000000000005,-0.5488000000000001,-0.80125,-0.770375,-0.422175,-0.7951,-0.491925,-0.793075,-0.840275,-0.567275,-0.21147500000000002,-0.474075,-0.6656,-0.8485750000000001,-0.92145,-0.048375,-0.60975,-0.821525,-1.0112,-0.77675,-0.46485,-0.543775,-0.8496,-1.0506,-0.48612500000000003,-0.442375,-0.7902,-0.8815000000000001,-0.7521749999999999,-0.742775,-0.828975,-0.713,-1.06385,-0.9285749999999999,-1.1122750000000001,-0.952875,-0.706375,-0.334175,-0.75275,-0.98125,-0.608475,-0.87705,-0.72475,-1.1645,-1.1685,-0.6649,-0.7895,-1.0092750000000001,-1.193575,-1.0883500000000002,-0.93835,-0.525625,-0.91285,-1.216225,-0.9476249999999999,-0.70375,-0.730375,-0.916925,-0.9849,-0.9227749999999999,-0.907725,-1.07345,-1.154125,-0.77035,-1.36595,-1.0992,-0.9396249999999999,-0.8194750000000001,-1.234475,-1.383775,-1.14695,-1.155025,-0.750675,-1.429325,-1.141475,-1.3728,-0.4902,-1.386025,-0.263475,-1.887725,-0.5343,-1.7183000000000002,0.17985,0.0,0.0,0.0,0.0,0.0,0.0,0.0,0.0,0.0,0.0,0.0,0.0,0.0,0.0,0.0,0.0,0.0,0.0,0.0,0.0,0.0
0.0,0.0,0.0,0.0,0.0,0.0,0.0,0.0,0.0,0.0,0.0,0.0,0.0,0.0,0.0,0.0,0.0,0.0,0.0,0.0,0.0,2.021375,1.962425,1.9759,0.560825,0.994825,1.642975,1.931325,1.237625,1.05055,1.26545,1.542075,2.037325,1.5097,0.962175,1.064675,1.550525,1.249575,1.37225,1.14495,0.75325,1.2931,1.57995,1.78435,1.29065,0.842225,0.8927,1.4442,1.4957250000000002,0.86595,1.0051,1.039725,2.126725,1.6240999999999999,0.94505,0.31495,0.843475,1.5157,1.2576,0.7821250000000001,0.7226250000000001,1.1136,1.6340249999999998,1.6392250000000002,0.64515,0.468375,1.125225,0.9501,1.3801999999999999,0.8491500000000001,0.648725,0.8092250000000001,1.1553499999999999,1.2134,0.97925,0.48905,0.2459,1.0936249999999998,1.3941,1.002975,0.630725,0.475275,1.2072,1.208175,0.8734,0.001875,0.2197,0.994125,1.23825,1.067425,0.499125,0.5462,0.850175,1.38735,0.49335,0.27135,0.34545,0.3779,1.295375,0.906,0.56655,0.34137500000000004,0.38737499999999997,0.7924,0.868,0.41722499999999996,-0.047975000000000004,0.4651,0.864525,1.206175,0.741475,0.18760000000000002,0.250025,0.8466,1.1010499999999999,0.21034999999999998,0.1446,0.4764,0.984925,1.02495,0.402325,0.104275,0.0954,0.9757,0.39599999999999996,0.5120750000000001,0.1922,0.1583,0.685125,0.65465,0.490725,0.0532,0.12145,0.06520000000000001,0.595475,0.503225,0.10255,0.078625,0.438725,1.0747,0.5258750000000001,0.125625,-0.23347500000000002,0.296425,0.932875,0.414225,0.14705000000000001,0.09805,0.5522,0.711525,0.57575,-0.105425,-0.027025,0.387775,0.351,0.600825,0.156025,0.02985,0.185925,0.5099750000000001,0.378825,0.15795,-0.06559999999999999,-0.326,0.445675,0.530125,0.3643,-0.125075,-0.22447499999999998,0.57075,0.513375,0.3724,-0.409875,-0.046925,0.59485,0.71665,0.40412499999999996,-0.18735000000000002,0.04675,0.165125,0.633525,-0.2154,-0.3211,0.036625,-0.08505,0.5113,0.1997,-0.0475,-0.2202,-0.0066,-0.019975,0.25415,0.046025,-0.464875,0.009925,0.445725,0.6751,-0.014975,-0.347775,-0.17367500000000002,0.212625,0.561025,-0.276875,-0.18837500000000001,-0.00065,0.546075,0.335625,-0.029475,-0.2272,-0.22947499999999998,0.413025,-0.051375,0.029275000000000002,-0.153375,-0.13385,0.0954,0.11795,-0.22712500000000002,-0.419025,-0.24645,-0.364075,0.211025,-0.073725,-0.2144,-0.243225,-0.1555,0.38744999999999996,-0.00415,-0.362975,-0.62965,-0.160825,0.404675,-0.224925,-0.427775,-0.41515,-0.078075,-0.07105,-0.064975,-0.51925,-0.4696,-0.033025,-0.30505,-0.052375,-0.21602500000000002,-0.32725000000000004,-0.25087499999999996,-0.074475,-0.30215,-0.2404,-0.37915,-0.669725,0.004200000000000001,0.06995,-0.14355,-0.64005,-0.670875,-0.10400000000000001,0.0835,-0.048049999999999995,-0.6829500000000001,-0.36435,0.24559999999999998,0.26225,-0.19190000000000002,-0.515525,-0.4695,-0.39790000000000003,0.000625,-0.6898500000000001,-0.6352500000000001,-0.4341,-0.438325,0.30872499999999997,-0.134125,-0.6533249999999999,-0.83425,-0.561425,-0.445725,-0.3078,-0.27305,-0.849375,-0.7436,-0.614475,0.151575,-0.52005,-0.672275,-0.835925,-0.207475,-0.1501,-0.7124250000000001,-0.7231749999999999,-0.37365,-0.22590000000000002,-0.499575,-0.563075,-0.8102,-0.7066,-0.3695,-0.820025,-0.4921,-0.6026,-0.674725,-0.63915,-0.491725,-0.69325,-0.711,-0.653675,-0.917725,-0.3802,-0.44,-0.78355,-0.8771,-0.768475,-0.24209999999999998,-0.64105,-0.85255,-1.2312750000000001,-0.781925,-0.237425,-0.5958,-0.71595,-0.5089250000000001,-0.50745,-0.5424,-0.7024250000000001,-1.14725,-0.8224,-0.580625,-0.91325,-0.557075,-0.69045,-0.90715,-0.7791750000000001,-0.5738,-0.928925,-0.8066,-0.844275,-1.050575,-0.534975,-0.7208000000000001,-0.841075,-1.282775,-1.201975,-0.886875,-0.90035,-0.820925,-1.329675,-1.2118,-0.5836,-0.562075,-0.855075,-0.93065,-0.933125,-0.84075,-0.6747000000000001,-1.1847750000000001,-0.633675,-0.904725,-1.142225,-0.6033000000000001,-0.8795000000000001,-1.61685,-1.32335,-1.1752,-1.281425,-0.705525,-1.1836499999999999,-1.3954499999999999,-1.6136499999999998,-0.859675,-0.6205499999999999,-1.036525,-0.9268500000000001,-1.102975,-0.829875,-0.5271,-1.0359,-1.24405,-0.455275,0.0,0.0,0.0,0.0,0.0,0.0,0.0,0.0,0.0,0.0,0.0,0.0,0.0,0.0,0.0,0.0,0.0,0.0,0.0,0.0,0.0
0.0,0.0,0.0,0.0,0.0,0.0,0.0,0.0,0.0,0.0,0.0,0.0,0.0,0.0,0.0,0.0,0.0,0.0,0.0,0.0,0.0,2.010525,1.655725,1.172875,2.496125,1.5280749999999999,1.1452,1.3769,1.6222,2.131,1.538075,1.0218,1.155725,1.7945250000000001,1.4320249999999999,0.9850749999999999,0.9133249999999999,0.672625,2.003225,1.85705,1.266275,0.8706,0.9201250000000001,1.312975,1.3380750000000001,1.68775,1.13595,1.0957249999999998,1.51285,2.0995,1.645175,0.8089500000000001,0.575975,0.765325,1.8677,1.186225,0.857275,0.64565,1.028625,1.6855,1.568925,0.68465,0.36060000000000003,1.227925,1.1515,1.758025,0.9889749999999999,0.4699,1.1773250000000002,1.303475,1.322325,0.639025,0.6599499999999999,0.3258,0.937125,1.24635,0.87245,0.73465,0.64425,1.1652,1.1502,1.1441249999999998,0.272425,0.14550000000000002,1.08475,1.2030750000000001,0.7767999999999999,0.37595,0.427725,0.9476749999999999,1.270575,0.5045,0.126775,0.6298750000000001,0.693575,1.2646,0.697775,0.420125,0.4567,0.68935,0.9539,0.54485,0.60125,0.108675,0.52955,1.050475,1.012125,0.5153749999999999,0.096525,0.49172499999999997,0.877425,1.263275,0.29475,-0.007825,0.6682750000000001,1.0236,1.0907499999999999,0.33675,0.190375,0.310125,1.15285,0.488025,0.1357,0.11175,0.368575,0.9847250000000001,0.735725,0.22469999999999998,0.015050000000000001,0.257625,0.37912500000000005,0.5149250000000001,0.45585,0.0748,0.204075,0.49495,1.0312999999999999,0.45875,0.126775,-0.17959999999999998,0.13747499999999999,1.1681,0.402075,0.17452499999999999,0.014525,0.5291,0.8228,0.542025,-0.09455,-0.20677500000000001,0.5382750000000001,0.46244999999999997,0.54375,0.121175,0.0287,0.44035,0.5466249999999999,0.308775,-0.08385000000000001,0.07515,-0.10944999999999999,0.384375,0.532725,0.23609999999999998,0.003325,0.015325,0.5025499999999999,0.25217500000000004,0.285975,-0.32,-0.1794,0.66595,0.5691499999999999,0.40202499999999997,-0.126975,0.10085,0.3213,0.66315,-0.1846,-0.362475,0.05495,0.238525,0.538625,-0.067325,-0.390725,-0.078275,0.1617,0.2356,-0.07072500000000001,0.051750000000000004,-0.13620000000000002,0.127225,0.376375,0.524525,-0.001225,-0.156275,0.013525,0.154875,0.5926250000000001,-0.30962500000000004,-0.360875,0.28545,0.53915,0.4516,-0.09847500000000001,-0.2525,-0.148675,0.532825,-0.0004,-0.2159,-0.19355,0.043550000000000005,0.482225,0.123875,-0.1927,-0.454475,-0.0689,-0.136575,0.0568,-0.023825,-0.258475,-0.219525,0.046599999999999996,0.47614999999999996,-0.09045,-0.27475,-0.7301,-0.31410000000000005,0.49624999999999997,0.004399999999999999,-0.0944,-0.173375,0.11777499999999999,0.222125,-0.1602,-0.64185,-0.7049000000000001,0.069075,-0.10919999999999999,-0.0013750000000000001,-0.40340000000000004,-0.31005,-0.246975,-0.012075,-0.236325,-0.440525,-0.24785000000000001,-0.5064,-0.26205,-0.049775,-0.123525,-0.4301,-0.630625,0.041275,-0.314075,-0.197275,-0.8668,-0.459,0.376625,0.27065,-0.2138,-0.539275,-0.349275,-0.401175,-0.031425,-0.59805,-0.788225,-0.4202,-0.2752,0.01555,-0.298025,-0.422275,-0.62475,-0.43015,-0.6020749999999999,-0.6682,-0.524775,-0.547175,-0.337225,-0.264625,-0.48577499999999996,-0.5859,-0.5837,-0.5003,-0.665175,-0.0361,-0.7533749999999999,-0.700175,-0.15252500000000002,0.042675000000000005,-0.169075,-0.7246250000000001,-0.7937,-0.764075,-0.038375,-0.646575,-0.7574500000000001,-0.7467999999999999,-0.495,-0.1621,-0.502775,-0.698725,-0.8316,-0.6705749999999999,-0.7006749999999999,-0.55515,-0.5509000000000001,-0.699275,-0.7549250000000001,-0.543175,-0.245625,-0.6948749999999999,-0.7066250000000001,-1.1435250000000001,-0.7922,-0.20595,-0.675775,-0.79665,-0.836275,-0.52015,-0.429425,-0.640025,-0.9460500000000001,-0.97975,-0.4819,-0.8965,-0.704275,-0.8478749999999999,-0.834075,-0.97055,-0.6923,-0.8087,-1.0235750000000001,-0.67655,-0.9869,-0.8440749999999999,-0.654525,-0.7188749999999999,-0.864325,-1.2352500000000002,-0.592025,-0.938525,-0.6543,-1.221725,-1.188825,-0.648675,-0.70505,-1.2945,-1.1919,-0.83745,-0.900875,-0.517975,-1.17475,-1.12155,-0.7965249999999999,-1.1304750000000001,-0.48019999999999996,-1.037225,-0.9221999999999999,-1.299375,-1.1560000000000001,-1.3654000000000002,-1.0645,-1.0892249999999999,-1.505275,-1.302775,-1.08175,-0.14952500000000002,-1.030975,-0.8174,-1.531825,-1.335125,-0.366275,-1.227525,-0.75915,-1.20025,-0.136325,-1.2234500000000001,-1.0121499999999999,0.0,0.0,0.0,0.0,0.0,0.0,0.0,0.0,0.0,0.0,0.0,0.0,0.0,0.0,0.0,0.0,0.0,0.0,0.0,0.0,0.0
0.0,0.0,0.0,0.0,0.0,0.0,0.0,0.0,0.0,0.0,0.0,0.0,0.0,0.0,0.0,0.0,0.0,0.0,0.0,0.0,0.0,2.1178999999999997,1.10005,0.765075,1.4948,2.245025,2.211125,1.476175,1.2375250000000002,0.932075,2.012975,1.520325,1.0697999999999999,1.172275,0.95865,2.0012749999999997,2.11275,1.369275,0.5573250000000001,0.824175,1.133425,1.3271,1.4978250000000002,0.6129249999999999,1.26995,1.246475,1.614225,1.445575,1.1787,0.7275,0.8116,1.6051,1.334975,0.869175,0.832875,1.25445,1.722525,1.1956,0.66015,0.185825,1.19355,1.1628749999999999,1.371425,0.92005,0.7136,1.342225,1.6042999999999998,1.344775,0.51055,0.52955,0.963025,1.1177,1.391875,0.808925,0.6753250000000001,0.84075,1.2705,0.98055,0.842225,0.341725,0.35315,1.421225,1.07815,0.923075,0.377325,0.457275,1.0865,1.1779249999999999,0.6545,-0.0014750000000000002,0.656275,1.090725,1.584725,0.7582,0.19545,0.529625,0.798425,1.0106,0.3283,0.460625,0.33392499999999997,0.656525,1.1352,0.777325,0.377025,0.2745,0.5571250000000001,0.6884250000000001,0.966925,0.30677499999999996,0.10535,0.6391,0.96195,1.229675,0.39835,0.17725,0.191125,1.0511499999999998,0.738675,0.25882499999999997,0.214225,0.45075,1.1266500000000002,0.67665,0.278625,-0.021249999999999998,0.3211,0.724925,0.43645,0.419375,0.278525,0.4754,0.64015,0.74275,0.223475,0.149,0.1285,0.209625,1.0025249999999999,0.36924999999999997,0.129025,0.099425,0.48517499999999997,0.88315,0.37725,-0.063,-0.279975,0.593275,0.7341249999999999,0.39402499999999996,0.035750000000000004,0.110975,0.7237250000000001,0.6056,0.460025,-0.25317500000000004,0.12845,0.347325,0.483125,0.483125,0.190525,0.141875,0.238875,0.54925,0.188575,0.237325,-0.28237500000000004,-0.21150000000000002,0.6029,0.4737,0.3763,-0.2156,-0.04245,0.4971,0.701025,0.103325,-0.440575,0.107525,0.501425,0.6789499999999999,0.0875,-0.2493,-0.083275,0.124125,0.26165,-0.254875,0.018349999999999998,-0.127675,0.19375,0.463775,0.3195,-0.028175000000000002,-0.06055,0.177925,0.095775,0.39492499999999997,-0.14500000000000002,-0.27545000000000003,0.098,0.399425,0.33315,-0.17254999999999998,-0.246,-0.1436,0.46155,0.133025,-0.31665,-0.11652499999999999,0.050949999999999995,0.57305,0.06862499999999999,-0.3173,-0.45142499999999997,-0.054975,0.19722499999999998,-0.12065000000000001,-0.04335,-0.14677500000000002,-0.0436,-0.0309,0.32465,-0.29242500000000005,-0.216,-0.41025,-0.19590000000000002,0.5205249999999999,-0.0325,-0.42805,-0.4034,-0.007350000000000001,0.297125,0.050600000000000006,-0.389325,-0.535275,0.13545,0.09899999999999999,-0.139,-0.482025,-0.32380000000000003,0.106825,-0.10445,-0.31975,-0.642625,-0.2178,-0.12782500000000002,0.006975,-0.06459999999999999,-0.235525,-0.4145,-0.332,0.20042500000000002,-0.15855,-0.0036500000000000005,-0.695325,-0.5868249999999999,0.367775,0.12735000000000002,0.09335,-0.58245,-0.441475,-0.25075000000000003,-0.024575,-0.442875,-0.8145749999999999,-0.393,-0.1301,0.10785,-0.29257500000000003,-0.381125,-0.49212500000000003,-0.297775,-0.271425,-0.70525,-0.476275,-0.70435,-0.3698,-0.161375,-0.1081,-0.723475,-0.59595,-0.3422,-0.6157,-0.2044,-0.55915,-0.8084,-0.8164,0.0528,-0.14750000000000002,-0.5851000000000001,-0.8020499999999999,-0.547275,-0.2545,-0.3926,-0.9204,-0.7410749999999999,-0.4163,-0.10619999999999999,-0.6867000000000001,-0.7148749999999999,-0.9514,-0.5880000000000001,-0.461725,-0.8205749999999999,-0.57445,-0.5883750000000001,-0.687475,-0.447275,-0.3719,-0.6846,-0.621125,-0.763375,-0.761125,-0.18195,-0.6494500000000001,-0.765125,-0.980525,-0.561475,-0.418125,-0.58795,-0.89775,-1.07775,-0.272475,-0.33962499999999995,-0.618625,-0.89715,-0.92195,-0.643625,-0.803775,-0.7515000000000001,-1.3009499999999998,-0.780875,-0.5193,-0.6412749999999999,-0.866,-0.81685,-0.822775,-0.9348000000000001,-0.429025,-0.91195,-0.45525000000000004,-1.2104,-1.28225,-0.694875,-0.748375,-1.04065,-1.1346749999999999,-1.22145,-1.243425,-0.5773,-0.954575,-1.285275,-1.084825,-0.834725,-0.760125,-1.19275,-0.93945,-0.917925,-0.9144749999999999,-0.884525,-1.318975,-0.656475,-0.9205,-1.522675,-0.720125,-0.859425,-0.8435250000000001,-1.194125,-1.03655,-1.31585,-0.5926,-1.2849750000000002,-1.274425,-1.505275,-1.312125,-1.3439,-1.184625,-0.4734,-1.04515,-0.9511499999999999,0.0,0.0,0.0,0.0,0.0,0.0,0.0,0.0,0.0,0.0,0.0,0.0,0.0,0.0,0.0,0.0,0.0,0.0,0.0,0.0,0.0
0.0,0.0,0.0,0.0,0.0,0.0,0.0,0.0,0.0,0.0,0.0,0.0,0.0,0.0,0.0,0.0,0.0,0.0,0.0,0.0,0.0,1.630125,1.402525,2.181775,1.661175,1.2504,0.9376249999999999,1.90485,1.8996250000000001,1.1,1.0998999999999999,1.7039250000000001,2.121525,1.64175,1.41245,0.5872,1.142175,1.7332750000000001,1.360925,1.284025,0.8932249999999999,1.475975,1.9476,1.741975,1.1339000000000001,0.79465,1.101875,1.29075,1.620525,1.1632,0.72715,0.926825,1.1845750000000002,1.8403500000000002,1.2320250000000001,0.8324750000000001,0.275675,1.17095,1.56145,1.0006249999999999,0.6718999999999999,0.6077250000000001,1.476125,1.53355,1.4824249999999999,0.545,0.60565,1.2684,1.3103500000000001,1.2015,0.7133,0.7367250000000001,1.040125,1.345375,0.876075,0.62385,0.6245999999999999,0.47154999999999997,1.2314,1.2513,0.9739249999999999,0.508225,0.59295,0.8628750000000001,1.0232750000000002,0.685025,-0.061225,0.502425,1.1744750000000002,1.302875,0.8656250000000001,0.3692,0.49565,0.971925,1.3262,0.221225,0.300375,0.492925,0.994025,1.1753500000000001,0.6295499999999999,0.31372500000000003,0.40085000000000004,0.8577250000000001,0.5422750000000001,0.60645,0.296775,0.27749999999999997,0.7978000000000001,0.931575,0.959325,0.34945000000000004,0.20265,0.376225,0.9766250000000001,0.9546250000000001,0.1004,0.15935,0.69785,1.359675,0.74665,0.27915,-0.13487500000000002,0.3379,1.11765,0.4708,0.280675,0.063775,0.508725,0.8687,0.651025,0.254775,0.017625000000000002,0.3168,0.3282,0.777225,0.38780000000000003,0.16774999999999998,0.231975,0.5261250000000001,0.8382499999999999,0.315925,0.13672499999999999,-0.27205,0.5636,0.91205,0.4545,0.123725,0.058875,0.680375,0.64455,0.37815,-0.24985000000000002,0.0375,0.571275,0.5126999999999999,0.433675,0.025825,0.18277500000000002,0.333825,0.5108250000000001,-0.008,0.00995,0.01755,-0.065625,0.5124,0.28945,0.292725,-0.0538,0.11845,0.4233,0.44805,0.05745,-0.472,0.123625,0.7564249999999999,0.721025,0.070925,-0.21657500000000002,0.0213,0.3036,0.506075,-0.397525,-0.3006,0.09955,0.337575,0.5254,0.016175,-0.19537500000000002,-0.089275,0.431525,-0.016375,0.19335000000000002,-0.09182499999999999,-0.17577500000000001,0.41825,0.330475,0.33065,-0.20605,-0.24395,-0.0757,0.386775,0.311425,-0.29345,-0.158725,0.3906,0.664875,0.13879999999999998,-0.248575,-0.44067500000000004,0.033975,0.7172999999999999,-0.09737499999999999,-0.10075,-0.28785000000000005,0.1875,0.242375,0.21480000000000002,-0.397525,-0.463525,-0.201,-0.049199999999999994,0.3568,-0.27395,-0.273225,-0.227025,0.1257,0.209375,-0.114125,-0.4477,-0.730075,0.089725,0.53775,-0.00285,-0.334325,-0.269025,0.19325,0.067675,-0.277625,-0.83435,-0.28254999999999997,0.005775000000000001,-0.002225,-0.055475,-0.428425,-0.301475,-0.23695,-0.09257499999999999,-0.5809500000000001,-0.358775,-0.3179,-0.412925,0.16825,-0.176875,-0.28212499999999996,-0.54895,-0.30200000000000005,-0.123775,-0.012875000000000001,-0.421825,-0.8336,-0.445425,0.051225,-0.05035,-0.45842499999999997,-0.437875,-0.2009,-0.27115,-0.040725,-0.871075,-0.57665,-0.2327,-0.22462500000000002,-0.163775,-0.3325,-0.7147,-0.6805749999999999,-0.27865,-0.403675,-0.3968,-0.472875,-0.578375,-0.501875,-0.65475,-0.1058,-0.48715,-0.7460500000000001,-0.719425,-0.009125,-0.37415,-0.8531249999999999,-0.6959500000000001,-0.506,-0.16715,-0.59005,-0.824975,-0.9911749999999999,-0.46637500000000004,-0.142425,-0.63435,-0.5859000000000001,-0.67155,-0.5016,-0.456325,-0.50325,-0.8160000000000001,-0.823225,-0.565425,-0.705125,-0.354125,-0.5373,-0.5690000000000001,-0.9100250000000001,-0.538925,-0.43475,-0.732425,-0.841675,-1.02875,-0.76325,-0.158,-0.5467500000000001,-0.818825,-0.5743750000000001,-0.415775,-0.8174250000000001,-0.93785,-1.315825,-0.848625,-0.585175,-0.79015,-0.8536,-0.8654499999999999,-0.781225,-0.9809249999999999,-0.6062000000000001,-1.1757,-0.6088,-0.81235,-0.760875,-0.83735,-0.768725,-0.867075,-1.205475,-1.15335,-1.0252000000000001,-0.7375499999999999,-0.994975,-1.119425,-0.9777,-0.7037249999999999,-0.7303,-0.9368,-1.0005249999999999,-0.984875,-0.6223000000000001,-0.680725,-1.313175,-0.8082,-0.8596,-0.903725,-1.3423,-0.6905249999999999,-1.3550499999999999,-1.444775,-1.3394750000000002,-1.345725,-0.5766249999999999,-1.1837749999999998,-1.5621749999999999,-1.2021249999999999,-0.80715,-1.1976749999999998,-1.067075,-2.3932,-1.4450500000000002,-0.8447,-1.15645,-1.162525,-2.1083499999999997,0.0,0.0,0.0,0.0,0.0,0.0,0.0,0.0,0.0,0.0,0.0,0.0,0.0,0.0,0.0,0.0,0.0,0.0,0.0,0.0,0.0
0.0,0.0,0.0,0.0,0.0,0.0,0.0,0.0,0.0,0.0,0.0,0.0,0.0,0.0,0.0,0.0,0.0,0.0,0.0,0.0,0.0,1.6025,0.8659749999999999,1.973875,1.74835,2.24535,1.579975,0.8528749999999999,1.564325,1.884425,1.7498,1.111125,0.72285,0.757075,2.278175,1.270575,1.16775,0.8936,1.3299249999999998,2.417275,1.5044,0.88475,0.82135,1.2850000000000001,1.3645999999999998,1.431375,1.17245,0.7539,1.3482500000000002,1.6075499999999998,1.7933249999999998,1.0917999999999999,0.6076,0.7237250000000001,1.10765,1.674125,0.97865,0.69865,0.5944499999999999,1.299275,1.4935,1.316525,0.40102499999999996,0.448275,1.607175,1.733,1.4382,0.686875,0.68835,1.2483499999999998,1.411425,0.7874,0.469425,0.720575,0.872325,1.391025,1.02635,0.8018,0.7163999999999999,0.82465,1.332325,0.83425,0.6381,0.1244,0.5528249999999999,1.336725,1.192925,0.79375,0.282875,0.59745,1.03725,1.39225,0.26725,0.06434999999999999,0.593675,1.06895,1.452075,0.44955,0.25482499999999997,0.3964,1.0632249999999999,0.701775,0.354675,0.4004,0.3341,0.9082250000000001,0.877775,0.726775,0.23477499999999998,0.208575,0.5,0.755125,0.8491,0.294525,0.3233,0.671125,1.1016499999999998,0.797825,0.2706,0.0322,0.4155,1.2154500000000001,0.572875,0.20984999999999998,0.052199999999999996,0.503825,1.118225,0.58665,0.036325,-0.21665,0.572675,0.5925750000000001,0.52535,0.166675,0.26105,0.47152499999999997,0.71285,0.7743,0.11975,0.145625,0.022975,0.48875,0.912475,0.3628,0.066025,0.18365,0.73705,0.6352,0.359925,-0.2705,-0.09635,0.8297749999999999,0.6145,0.4909,-0.15615,0.209625,0.6165499999999999,0.75235,0.104,-0.257425,0.12885,0.284675,0.712075,0.201475,0.006,-0.006,0.13690000000000002,0.5067,0.1153,0.24167499999999997,-0.4256,0.12867499999999998,0.78095,0.5228999999999999,0.1596,-0.276175,0.10289999999999999,0.46044999999999997,0.6438250000000001,-0.366575,-0.351025,0.1487,0.441175,0.457725,-0.177325,-0.21225,-0.17527500000000001,0.525375,0.01155,-0.03605,0.00315,0.01435,0.39849999999999997,0.2435,0.271675,-0.273475,0.054150000000000004,0.0321,0.13505,0.199925,-0.199925,-0.141325,0.246275,0.528125,0.09834999999999999,-0.18132500000000001,-0.398175,-0.08115,0.6786,-0.14282499999999998,-0.1943,-0.213325,0.182225,0.433075,0.027,-0.40015,-0.47605,0.1701,-0.106325,-0.035325,-0.3296,-0.196975,-0.0758,0.089975,0.03785,-0.38115,-0.13679999999999998,-0.310675,-0.047850000000000004,0.3619,-0.164225,-0.3319,-0.271675,0.13235,0.13572499999999998,-0.05725,-0.65115,-0.3252,0.457,-0.0265,-0.220075,-0.640075,-0.285125,0.0803,0.1713,-0.46915,-0.68435,-0.18215,-0.223275,0.12940000000000002,-0.194675,-0.200825,-0.42145,-0.2703,-0.05835,-0.290475,-0.156,-0.73615,-0.3473,0.043524999999999994,0.002,-0.36850000000000005,-0.5401750000000001,-0.282875,-0.083975,0.142725,-0.7779,-0.7004,-0.366525,-0.335175,-0.14329999999999998,-0.430775,-0.439425,-0.62275,-0.241875,-0.6739,-0.5474749999999999,-0.6093,-0.36065,-0.12485,-0.4092,-0.58375,-0.648475,-0.5276749999999999,-0.8197749999999999,-0.48164999999999997,-0.13770000000000002,-0.5306,-0.7145999999999999,-0.046,-0.22972499999999998,-0.44077500000000003,-0.816275,-1.00645,-0.6404749999999999,0.0358,-0.57265,-0.77705,-0.899625,-0.44237499999999996,-0.202075,-0.5866,-0.9337,-0.833625,-0.400625,-0.600425,-0.63595,-0.696225,-0.5827,-0.5820000000000001,-0.579975,-0.5604,-0.8920250000000001,-0.693275,-0.967975,-0.659775,-0.411625,-0.6188,-0.9755499999999999,-0.68045,-0.282675,-0.735375,-0.51915,-1.1001750000000001,-0.9395,-0.40540000000000004,-0.60285,-0.806625,-1.2101000000000002,-0.813675,-0.801825,-0.569025,-1.132025,-1.1905000000000001,-0.817125,-0.69945,-0.59705,-0.659475,-0.8245499999999999,-1.087625,-0.812225,-0.8186,-1.0961500000000002,-0.622475,-1.301325,-1.031825,-0.87295,-0.510025,-1.194975,-1.327625,-1.224375,-0.6631,-0.498175,-1.31555,-1.123025,-0.7483249999999999,-0.43905,-0.75875,-1.16905,-1.0465,-1.0339,-1.099375,-1.084325,-1.0318749999999999,-0.962575,-1.041175,-1.00955,-0.908175,-0.9993,-0.9443250000000001,-1.408,-1.2919749999999999,-1.1469,-1.325925,-1.113475,-2.6980250000000003,-0.62575,-1.2710000000000001,-0.986575,0.0,0.0,0.0,0.0,0.0,0.0,0.0,0.0,0.0,0.0,0.0,0.0,0.0,0.0,0.0,0.0,0.0,0.0,0.0,0.0,0.0
0.0,0.0,0.0,0.0,0.0,0.0,0.0,0.0,0.0,0.0,0.0,0.0,0.0,0.0,0.0,0.0,0.0,0.0,0.0,0.0,0.0,1.693175,1.483625,2.20385,1.6270250000000002,1.68005,2.327975,1.775175,1.174375,0.5721499999999999,1.0408,1.887225,1.538225,0.8098,1.01185,1.5412,2.0651,1.407225,0.562725,0.392125,1.7395,1.8887,1.496875,1.455175,1.0008,1.3317,1.71885,1.234,0.78105,0.75585,0.8726,1.117025,1.844325,1.104475,1.2529249999999998,0.901425,1.3356249999999998,1.31175,0.917575,0.356525,0.34604999999999997,1.401375,1.609225,1.30545,0.966375,0.907025,1.36405,1.5130249999999998,1.0045250000000001,0.24235,0.558025,1.08615,1.41995,1.10355,0.679225,0.6364000000000001,1.049125,1.178825,0.6691,0.7910250000000001,0.398475,0.70425,1.309375,1.0744250000000002,0.951,0.37820000000000004,0.6658499999999999,0.939025,1.0288249999999999,0.345775,0.109475,0.781075,1.105325,1.348125,0.403775,0.21134999999999998,0.464175,1.16205,0.8948750000000001,0.225025,0.32865,0.6255,1.1431499999999999,1.01635,0.579225,0.168125,0.60305,0.910575,0.61915,0.77985,0.19824999999999998,0.52275,0.8779,0.94915,0.729025,0.2109,0.123275,0.4234,1.1497,0.4864,0.084325,0.11925,0.755525,1.17375,0.50515,0.08115,-0.21035,0.6008249999999999,0.8806499999999999,0.415575,0.228775,0.190725,0.73975,0.67345,0.61565,-0.003325,0.21587499999999998,0.29015,0.49429999999999996,0.8721,0.13505,0.1694,0.20655,0.6537,0.482225,0.365925,-0.16105,-0.069375,0.6799499999999999,0.6367499999999999,0.38087499999999996,-0.035500000000000004,0.27447499999999997,0.57705,0.696625,0.054325,-0.281775,0.2354,0.5844,0.58315,0.138625,-0.014125,0.094375,0.36405,0.4685,-0.12365000000000001,0.028425,-0.111775,0.16772499999999999,0.828125,0.396475,0.1376,-0.129175,0.18537499999999998,0.3071,0.553375,-0.149375,-0.199825,0.21095,0.449525,0.516125,-0.29407500000000003,-0.23955,-0.130025,0.45587500000000003,0.1869,-0.327575,-0.03025,0.24527500000000002,0.578625,0.324475,0.11535000000000001,-0.12177500000000001,0.1108,0.3437,0.03705,0.2422,-0.206,0.044575,0.3699,0.38942499999999997,0.10935,-0.108,-0.261675,-0.008875,0.57045,-0.05235,-0.25367500000000004,-0.266275,0.2921,0.707675,0.008125,-0.36970000000000003,-0.626725,0.18455,0.21825,0.021775,-0.274225,-0.26475,0.15282500000000002,0.220175,-0.07385,-0.479225,-0.11505,-0.268,-0.13245,0.10477500000000001,-0.198475,-0.21585,-0.19755,0.18285,-0.078425,-0.07975,-0.607075,-0.629375,0.214325,0.179025,0.006575,-0.566375,-0.18575,-0.0098,0.07719999999999999,-0.354825,-0.7443,-0.128025,0.012725,0.10590000000000001,-0.349825,-0.3756,-0.41497500000000004,-0.28117499999999995,-0.135625,-0.6251,-0.22795,-0.527775,-0.447,0.13455,-0.22857499999999997,-0.2652,-0.499975,-0.2388,-0.152475,0.1731,-0.6670750000000001,-0.725475,-0.257575,-0.192325,-0.341825,-0.768625,-0.5632,-0.450075,0.034225,-0.354375,-0.768825,-0.7018249999999999,-0.28185000000000004,-0.1435,-0.141575,-0.387625,-0.764725,-0.42015,-0.37395,-0.7986249999999999,-0.26184999999999997,-0.695325,-0.36460000000000004,-0.32484999999999997,0.0049,-0.5414,-0.55645,-0.7073,-0.5275,-0.054925,-0.6573,-0.5819749999999999,-0.791825,-0.178475,0.04075,-0.6294249999999999,-0.824325,-1.033875,-0.419875,-0.394875,-0.752275,-0.5607,-0.588875,-0.41012499999999996,-0.48834999999999995,-0.429925,-0.908675,-0.530675,-0.846875,-0.78935,-0.395625,-0.634975,-0.758575,-0.97645,-0.691875,-0.834,-0.7524249999999999,-1.2165750000000002,-0.73995,-0.350775,-0.57175,-0.566125,-1.1302750000000001,-0.73685,-0.607675,-0.612625,-0.9944,-1.1904,-0.683,-0.483425,-0.802025,-0.859925,-0.7953749999999999,-0.9290750000000001,-0.679275,-0.74465,-1.173175,-0.694625,-1.017375,-0.98275,-0.6173500000000001,-0.571025,-1.421375,-1.2474,-0.807975,-1.1956499999999999,-0.67535,-1.4177499999999998,-1.26725,-1.08015,-1.00055,-0.597125,-1.218925,-1.1741,-1.12405,-0.34947500000000004,-1.04745,-1.722775,-0.9997,-0.9117,-0.91815,-1.013725,-1.155,-1.411525,-0.91535,-0.9899,-1.3899499999999998,-0.624625,-1.87205,-1.809125,-1.0019749999999998,-0.824725,-1.3895250000000001,-2.191675,-1.608775,-2.0342000000000002,0.0,0.0,0.0,0.0,0.0,0.0,0.0,0.0,0.0,0.0,0.0,0.0,0.0,0.0,0.0,0.0,0.0,0.0,0.0,0.0,0.0
0.0,0.0,0.0,0.0,0.0,0.0,0.0,0.0,0.0,0.0,0.0,0.0,0.0,0.0,0.0,0.0,0.0,0.0,0.0,0.0,0.0,1.6028499999999999,2.0443249999999997,1.8558,2.37115,1.0643500000000001,1.16295,1.408225,1.822175,1.389675,0.8796999999999999,1.12835,1.476675,2.037475,1.5276999999999998,1.4898,0.626875,1.7922,1.72045,1.5808,0.8579749999999999,1.1047,1.57925,1.990475,1.43815,0.6549499999999999,0.646,1.6183750000000001,1.2141,1.6746750000000001,0.8412,1.0098,1.2801500000000001,1.42455,1.505,1.0298,0.5782,0.552175,1.19025,1.678725,1.16575,0.868275,0.7665,1.53015,1.382725,1.07935,0.16995,0.72975,1.521575,1.3921999999999999,1.033125,0.277325,0.82085,1.309625,1.625375,0.439625,0.3702,0.63105,0.97365,1.503875,0.82245,0.854175,0.6043499999999999,0.96865,1.0747,0.949525,0.49672499999999997,-0.029125,0.745325,1.272075,1.29765,0.5199,0.23065000000000002,0.474725,1.04695,1.167475,0.09267500000000001,0.385825,0.7116,1.0894,1.012025,0.4969,0.154775,0.5378499999999999,1.0401,0.46337500000000004,0.55765,0.31785,0.5174,1.056,0.8317,0.691325,0.213175,0.40055,0.42012499999999997,0.900625,0.733,0.214575,0.38415,0.9076249999999999,1.067625,0.34145,-0.010425,-0.05375,0.673,1.171125,0.349725,0.27375000000000005,0.247225,0.849225,0.857875,0.455075,-0.195925,0.091125,0.632325,0.572025,0.670775,0.10817500000000001,0.2021,0.351275,0.655525,0.3601,0.13565,0.127,-0.019975,0.781925,0.6358,0.37195,0.0603,0.3807,0.742325,0.601875,0.1815,-0.384075,0.305775,0.8609249999999999,0.688925,0.30822499999999997,-0.129175,0.122825,0.54355,0.6412249999999999,-0.2107,-0.1325,0.01525,0.440025,0.698,0.102075,0.113275,-0.02655,0.28285000000000005,0.3343,0.32484999999999997,-0.08865,-0.308575,0.28755,0.63555,0.4623,-0.136925,-0.16317500000000001,-0.170825,0.379825,0.327425,-0.394975,-0.18485000000000001,0.11272499999999999,0.6019749999999999,0.2666,-0.03005,-0.285225,0.17005,0.5143,-0.06595000000000001,0.13672499999999999,-0.0633,0.124775,0.41295,0.25229999999999997,-0.1244,-0.178775,-0.0196,-0.08785000000000001,0.32245,0.1049,-0.11055000000000001,-0.174525,0.323925,0.597375,-0.10885,-0.255475,-0.5025,0.175225,0.46465,-0.167325,-0.291225,-0.07345,0.16917500000000002,0.29200000000000004,-0.11555,-0.46747500000000003,-0.265825,0.08422500000000001,-0.1504,-0.047174999999999995,-0.275975,-0.060775,-0.042175,0.0606,-0.14995,-0.21032499999999998,-0.14955000000000002,-0.26317500000000005,0.253,-0.098775,-0.15925,-0.49717500000000003,-0.17377499999999999,0.17145,-0.019825000000000002,-0.219375,-0.89095,-0.13415,0.436625,0.119425,-0.15985,-0.208075,-0.40132500000000004,0.05375,-0.017575,-0.5969,-0.5709,-0.355225,-0.137625,0.026275,-0.361675,-0.2244,-0.4244,0.04675,-0.309775,-0.2425,-0.474725,-0.43165000000000003,-0.241825,0.04265,-0.231075,-0.793675,-0.6124750000000001,-0.5292,-0.1336,-0.04945,-0.773975,-0.3748,-0.28755000000000003,-0.22192499999999998,-0.411675,-0.370325,-0.614975,-0.46692500000000003,-0.22405,-0.413575,-0.483525,-0.499375,-0.42385,-0.461175,-0.471425,-0.528125,-0.690825,-0.61525,-0.4318,-0.331675,-0.40705,-0.7334,-0.6637000000000001,-0.491525,-0.160975,-0.541,-0.69315,-0.947775,-0.3359,-0.162075,-0.66025,-0.736425,-0.607775,-0.2663,-0.333,-0.56125,-1.062525,-0.572525,-0.40405,-0.475475,-0.554875,-0.8592500000000001,-0.676275,-0.66835,-0.461675,-0.816225,-0.8514,-0.90495,-0.9306,-0.35,-0.49155000000000004,-0.543775,-1.1031499999999999,-0.40750000000000003,-0.439975,-0.675125,-0.804225,-1.47925,-0.6937500000000001,-0.3135,-0.633275,-0.9792749999999999,-1.0231000000000001,-0.8919,-0.549075,-0.511675,-1.1363500000000002,-0.697425,-0.852575,-0.9881,-0.597475,-1.1059,-0.9267,-1.2624499999999999,-0.9594750000000001,-0.975575,-0.6714249999999999,-1.1392,-0.8614999999999999,-1.0665749999999998,-0.83695,-0.624825,-1.145625,-1.027825,-1.1546,-0.40107499999999996,-0.893725,-1.204725,-1.0536,-0.773925,-0.5472,-1.188675,-1.327425,-1.0393000000000001,-1.12725,-1.006875,-0.92425,-0.717025,-0.772825,-0.657075,-1.230925,-1.497825,-1.162275,-1.3808500000000001,-1.388175,-1.90485,-1.0456750000000001,-0.6668000000000001,-0.7515000000000001,0.0,0.0,0.0,0.0,0.0,0.0,0.0,0.0,0.0,0.0,0.0,0.0,0.0,0.0,0.0,0.0,0.0,0.0,0.0,0.0,0.0
0.0,0.0,0.0,0.0,0.0,0.0,0.0,0.0,0.0,0.0,0.0,0.0,0.0,0.0,0.0,0.0,0.0,0.0,0.0,0.0,0.0,1.9016,1.8261500000000002,1.410075,1.9320249999999999,1.692825,2.007775,1.187125,1.585925,1.5912250000000001,2.021525,1.3248,1.022875,0.7154750000000001,1.4817,2.074925,1.1298499999999998,1.05065,0.926075,1.444525,2.243425,1.570275,0.89145,0.4235,1.60365,1.4324750000000002,1.4828,0.9838250000000001,0.923775,1.419975,1.735975,1.367675,0.7697499999999999,0.9511,0.89845,1.5634,1.3959,0.9606250000000001,1.0881500000000002,1.023075,1.42095,1.314675,1.0888499999999999,0.42335,0.6421749999999999,1.56715,1.410875,1.11175,0.514425,0.637675,1.384,1.538025,0.441225,0.419575,0.8313,1.3115,1.5382,0.8665,0.5937,0.7642249999999999,1.185975,1.0789,0.6376,0.702575,0.4497,1.013975,1.34305,0.962375,0.5498,0.369475,0.819025,1.0063499999999999,1.092875,0.07635,0.275675,0.9207000000000001,1.329075,1.0975,0.26832500000000004,0.144475,0.41752500000000003,1.243525,0.49777499999999997,0.208675,0.29717499999999997,0.78765,1.2695500000000002,0.7088749999999999,0.30722499999999997,0.15557500000000002,0.5930500000000001,0.693125,0.7363999999999999,0.5814250000000001,0.2032,0.6229250000000001,1.04175,1.03025,0.539825,0.32505,0.0739,0.600525,1.2112500000000002,0.4352,0.169825,0.037125,0.847225,0.88955,0.41855,-0.176075,-0.166675,0.81765,0.606625,0.43270000000000003,0.1182,0.311,0.62795,0.70585,0.3554,-0.1191,0.19015,0.17504999999999998,0.590725,0.7975,0.2672,0.19815,0.334275,0.5875250000000001,0.359725,0.28465,-0.33455,0.161075,0.81855,0.562825,0.331325,-0.14597500000000002,0.30235,0.52075,0.5346249999999999,-0.255425,-0.294475,0.2866,0.69725,0.609475,-0.00855,0.014125,0.10195,0.46499999999999997,0.387825,0.011825,0.150375,-0.0068000000000000005,0.5413250000000001,0.6401,0.336875,-0.20950000000000002,-0.0328,0.1459,0.32287499999999997,0.33215,-0.444275,-0.167175,0.261075,0.48755000000000004,0.251475,-0.237825,-0.342425,0.11095000000000001,0.60805,0.001525,-0.21955,-0.09989999999999999,0.4088,0.6691,0.233825,-0.2177,-0.379375,0.1628,0.22697499999999998,0.197375,0.1412,-0.12105,0.00305,0.465425,0.423125,-0.183475,-0.09095,-0.46015,0.32265,0.608225,-0.199225,-0.202575,-0.3029,0.2339,0.3024,-0.209625,-0.537175,-0.46005,0.29155,0.112325,-0.16765,-0.284275,-0.22367499999999998,0.0611,0.160775,-0.14600000000000002,-0.5873999999999999,-0.275175,-0.42475,0.163675,0.25185,0.112425,-0.15915,-0.023475000000000003,0.049375,-0.143375,-0.156075,-0.779175,-0.21205000000000002,0.202625,0.0584,-0.28002499999999997,-0.507375,-0.2028,0.21737499999999998,0.500525,-0.73345,-0.600575,-0.327925,0.16185,0.0908,-0.52595,-0.466025,-0.329175,0.14065,-0.3264,-0.271425,-0.1936,-0.232675,-0.064325,0.01985,-0.208125,-0.60975,-0.474475,-0.214475,-0.11235,-0.09140000000000001,-0.9136500000000001,-0.4028,-0.04585,-0.011775,-0.517375,-0.716525,-0.616525,-0.478675,-0.17345,-0.356125,-0.659225,-0.5159750000000001,-0.18359999999999999,-0.042975,-0.507225,-0.692875,-0.772825,-0.2111,-0.7350749999999999,-0.0986,-0.57075,-0.38565000000000005,-0.524175,-0.319775,-0.269025,-0.746525,-0.5712999999999999,-1.0202749999999998,-0.28517499999999996,-0.053225,-0.6672750000000001,-0.79845,-0.843375,-0.17157499999999998,-0.435775,-0.54605,-1.100025,-0.804225,-0.21737499999999998,-0.355375,-0.5644,-0.77565,-0.55355,-0.479125,-0.5475,-0.821075,-0.8334,-0.46715,-0.7293999999999999,-0.61365,-0.5629500000000001,-0.620825,-0.99465,-0.7375,-0.5055000000000001,-0.73965,-0.6568,-1.051175,-0.651525,-0.37235,-0.682025,-0.709925,-1.050875,-0.9296,-0.7634,-0.49107500000000004,-1.269775,-1.016625,-0.697325,-0.700175,-0.610925,-0.84235,-0.67505,-1.0658,-0.907025,-1.23145,-1.13735,-0.8731249999999999,-1.0599750000000001,-0.923475,-1.0190000000000001,-0.980225,-1.178225,-0.90845,-0.782975,-0.581075,-0.63015,-0.787975,-1.0033,-0.54095,-0.815675,-1.021325,-0.9253,-1.2805250000000001,-1.2526,-0.59095,-1.41655,-1.116,-1.338125,-0.93435,-0.569475,-1.12195,-1.2284,-1.8725749999999999,-1.0969250000000001,-1.3075999999999999,-1.6844000000000001,-0.8088,-2.15315,-1.52935,-2.036225,-0.29327499999999995,0.0,0.0,0.0,0.0,0.0,0.0,0.0,0.0,0.0,0.0,0.0,0.0,0.0,0.0,0.0,0.0,0.0,0.0,0.0,0.0,0.0
0.0,0.0,0.0,0.0,0.0,0.0,0.0,0.0,0.0,0.0,0.0,0.0,0.0,0.0,0.0,0.0,0.0,0.0,0.0,0.0,0.0,1.67015,1.533925,1.10525,1.58335,1.9093,2.3551,1.963,1.57655,1.282675,1.0427,1.402025,1.785725,1.225475,1.0521,1.135175,1.98025,1.709825,1.358425,0.74525,0.76465,1.750425,1.838925,1.934725,0.91435,1.23645,1.6289,2.079625,1.39615,0.4929,0.99715,1.426475,1.6572500000000001,1.402175,0.7887,0.88925,1.29,1.4317,1.11715,0.937875,0.576125,1.022325,1.537725,1.5208249999999999,1.2106000000000001,0.71,0.649525,1.26085,1.49675,0.537325,0.12412499999999999,0.873075,1.45045,1.3406,0.7601,0.573725,0.8536,1.40965,1.159125,0.452525,0.596325,0.5587,1.2547,1.506525,0.952275,0.522675,0.5132,0.796,0.6456500000000001,1.102325,0.32005,0.43832499999999996,0.9364,1.2614,1.146325,0.30895,0.24280000000000002,0.486875,1.175275,0.499375,0.05505,0.322325,0.887075,1.2335250000000002,0.5290250000000001,0.28462499999999996,0.17049999999999998,0.76905,0.998575,0.452325,0.5625,0.316625,0.7705000000000001,1.066125,0.683875,0.25085,0.3636,0.3381,0.7216750000000001,1.08975,0.30095,0.270575,0.3072,0.81945,0.865575,0.406725,-0.09335,-0.066225,0.8653,0.843,0.45365,0.09025,0.33325,0.8476,0.777925,0.34005,-0.223475,0.3205,0.53695,0.65865,0.6774,0.1949,0.29727499999999996,0.5428999999999999,0.770525,0.2188,0.28605,-0.12095,0.28595,0.8397,0.46097499999999997,0.264025,-0.25305,0.344125,0.59775,0.5682750000000001,0.006525,-0.47892500000000005,0.38695,0.7374750000000001,0.6069,0.003525,-0.0408,0.06522499999999999,0.6466,0.26755,-0.200175,-0.015275,0.18914999999999998,0.6124750000000001,0.62095,0.2495,0.074375,0.022150000000000003,0.2755,0.09415000000000001,0.358575,-0.2855,-0.134675,0.2539,0.35762499999999997,0.250575,-0.289925,-0.221275,-0.146425,0.526525,0.060575000000000004,-0.31462500000000004,0.0258,0.4215,0.7986,0.025599999999999998,-0.176375,-0.25882499999999997,0.365125,0.260225,-0.09285,0.09480000000000001,0.022625,0.3049,0.449075,0.1592,-0.23220000000000002,0.00535,-0.12575,0.023875,0.4718,-0.1817,-0.166225,-0.137025,0.33175,0.225275,-0.061450000000000005,-0.453425,-0.5857,0.348375,0.08295,-0.12385,-0.25754999999999995,0.07492499999999999,0.35777499999999995,0.15895,-0.131975,-0.65925,0.00865,0.09052500000000001,0.18045,0.22925,-0.1272,-0.02855,0.1048,0.1485,-0.29107500000000003,-0.103075,-0.409775,-0.0057,0.372925,0.05795,-0.23220000000000002,-0.68095,-0.36712500000000003,0.031175,0.06235,-0.44145,-0.842625,-0.211475,0.23202499999999998,0.04325,-0.427375,-0.29505000000000003,-0.353275,0.186375,-0.34185,-0.6187750000000001,-0.24375,-0.07705,0.17335,0.01345,-0.40974999999999995,-0.6361249999999999,-0.56345,-0.2412,-0.191025,-0.072675,-0.64945,-0.44830000000000003,-0.20745,-0.09795,-0.47285,-0.86295,-0.53895,-0.3911,-0.1229,-0.6965749999999999,-0.7006249999999999,-0.700925,-0.182575,-0.13505,-0.28835,-0.5582,-0.748975,-0.33395,-0.295475,-0.6517,-0.31465,-0.510775,-0.31762500000000005,-0.13422499999999998,-0.46214999999999995,-0.7295750000000001,-0.4617,-0.56205,-0.651975,-0.052475,-0.68585,-0.4586,-0.7252500000000001,-0.429675,-0.245875,-0.632525,-0.965425,-1.021125,-0.24515,-0.42372499999999996,-0.5482499999999999,-0.776575,-0.310925,-0.27735,-0.36855,-0.698075,-1.1584500000000002,-0.396,-0.497625,-0.55335,-0.6854750000000001,-0.667925,-0.64475,-0.452025,-0.6329750000000001,-0.826975,-0.557875,-1.0589,-0.590625,-0.233775,-0.5989500000000001,-0.8862749999999999,-1.146725,-0.8903,-0.70215,-0.609,-1.045825,-1.1602000000000001,-0.716325,-0.541175,-0.579825,-1.0554000000000001,-0.9167500000000001,-0.9402,-0.426675,-0.8627,-1.241825,-0.567225,-0.9021,-0.845125,-0.81795,-1.139,-1.233125,-1.1750500000000001,-1.1596250000000001,-1.1646,-0.63875,-1.20615,-0.71365,-0.8823749999999999,-0.78695,-0.7841750000000001,-0.98245,-1.1858499999999998,-1.520725,-0.5743,-1.0890499999999999,-1.3824,-1.4794749999999999,-0.39585000000000004,-0.77295,-1.20575,-0.827425,-1.5316750000000001,-0.864925,-1.10335,-0.923175,-0.44599999999999995,-1.2117,-1.031225,-0.4212,-1.764525,-2.012025,-1.000075,-1.1158000000000001,0.0,0.0,0.0,0.0,0.0,0.0,0.0,0.0,0.0,0.0,0.0,0.0,0.0,0.0,0.0,0.0,0.0,0.0,0.0,0.0,0.0
0.0,0.0,0.0,0.0,0.0,0.0,0.0,0.0,0.0,0.0,0.0,0.0,0.0,0.0,0.0,0.0,0.0,0.0,0.0,0.0,0.0,1.4495,1.580375,2.03735,1.7558500000000001,1.3281,1.4448249999999998,1.298475,0.9751,1.5286,1.2732750000000002,0.676925,1.199425,1.4768,2.0372500000000002,1.314075,1.0162499999999999,0.755725,1.689175,1.8426,1.3267,1.15665,0.9690000000000001,2.027325,2.415225,1.4190749999999999,0.5748,0.813125,1.9038,1.36535,1.3499249999999998,0.915875,1.013,1.524325,1.30675,0.9967250000000001,0.828225,0.8398,0.9806,1.595375,1.1967,0.9149,0.9884,1.225725,1.3984750000000001,1.120225,0.879225,0.193475,0.9961,1.4125750000000001,1.3491,0.697775,0.462025,0.7375,1.3264,1.2745,0.172925,0.406625,0.8605499999999999,1.3602750000000001,1.2862,0.6997249999999999,0.4854,0.7782250000000001,1.146175,0.8488,0.814425,0.307125,0.45645,1.112025,1.198775,0.8877999999999999,0.2446,0.4467,0.5461,1.143325,0.842625,0.157975,0.451125,0.98475,1.130925,0.59695,0.2643,0.030449999999999998,0.969525,1.1023999999999998,0.43205,0.447725,0.1792,0.954825,1.2132,0.7726500000000001,0.158875,0.135775,0.605475,0.653375,0.796775,0.37239999999999995,0.37182499999999996,0.499975,0.959225,0.779625,0.186725,0.19,-0.143075,0.912625,0.920575,0.417225,0.18532500000000002,0.254975,0.89295,0.764575,0.322625,-0.245625,0.204475,0.7951,0.6662250000000001,0.45235,-0.11080000000000001,0.344325,0.548575,0.582325,0.1242,0.229325,0.259,0.435475,0.72085,0.30755,0.33675,0.013399999999999999,0.538625,0.38305,0.41385,0.080325,-0.294875,0.4988,0.83205,0.51645,-0.0216,-0.114475,0.168125,0.6053999999999999,0.436625,-0.42362500000000003,0.003525,0.34355,0.6889,0.5540750000000001,0.01745,-0.05165,0.301475,0.659225,0.0907,0.170825,-0.0639,0.13865,0.352225,0.387625,0.12719999999999998,-0.22325,-0.04575,-0.041475,0.437325,0.142625,-0.473225,0.021075,0.565625,0.59425,0.1494,-0.252325,-0.3259,0.50875,0.648475,-0.11622500000000001,-0.08852499999999999,-0.19665000000000002,0.48672499999999996,0.501375,0.18764999999999998,-0.31257500000000005,-0.127575,0.1132,0.05215,0.28459999999999996,-0.1558,-0.054125,-0.004525,0.389175,0.21425,-0.18932500000000002,-0.24505,-0.5419,0.340175,0.35375,-0.22125,-0.302675,-0.34497500000000003,0.34859999999999997,0.2076,-0.098575,-0.695925,-0.2121,0.30435,0.082525,0.0457,-0.38580000000000003,-0.072575,-0.0146,0.081,-0.46487500000000004,-0.2644,-0.282325,-0.125525,0.07832499999999999,-0.2374,-0.179225,-0.372525,-0.013925,-0.004475,-0.19030000000000002,-0.22405,-0.80505,0.06895,0.18935000000000002,0.01405,-0.420375,-0.41405000000000003,-0.311475,0.259975,-0.2004,-0.8212,-0.41165,-0.0769,0.17435,-0.00355,-0.5336500000000001,-0.5886750000000001,-0.350475,0.08764999999999999,-0.609,-0.26245,-0.44435,-0.0665,0.0591,0.049975,-0.457975,-0.883325,-0.57065,-0.269425,0.0468,-0.395675,-0.728075,-0.474275,-0.0875,-0.146175,-0.4561,-0.682875,-0.9239,-0.09335,-0.036875,-0.5115,-0.5855,-0.6346499999999999,-0.073475,-0.3783,-0.26637500000000003,-0.808725,-0.5719,-0.37705,-0.299025,-0.49815,-0.5043,-0.549025,-0.76,-0.2284,-0.4676,-0.474175,-0.735075,-1.097975,-0.430425,-0.18215,-0.62715,-0.846975,-0.6258250000000001,-0.38384999999999997,-0.29910000000000003,-0.6496999999999999,-0.9945,-0.488275,-0.359175,-0.6348,-0.65845,-0.9496,-0.6789999999999999,-0.69815,-0.5274,-0.95115,-0.7603249999999999,-0.6345500000000001,-0.6986,-0.581725,-0.77895,-0.7766249999999999,-0.8820749999999999,-0.492575,-0.7912,-0.618,-0.729425,-1.1973,-0.63075,-0.42347500000000005,-0.7948,-0.99075,-0.7421,-1.01165,-0.348025,-0.65535,-1.2010750000000001,-0.6774249999999999,-0.770425,-0.904425,-1.076775,-1.0063499999999999,-1.099875,-1.1759249999999999,-0.761825,-1.1662000000000001,-0.9778,-1.29265,-0.838275,-0.8604,-0.7297,-0.7601,-1.0455,-0.797425,-0.9893000000000001,-0.7293000000000001,-0.66585,-1.106925,-1.102925,-0.88835,-0.8638,-0.949475,-1.10095,-1.513675,-0.34292500000000004,-0.16872499999999999,-0.5067,-1.203225,-1.69055,-0.709075,-0.83675,-1.30755,-1.0234999999999999,-1.355,-1.088825,-0.689775,-2.2670250000000003,-0.363025,0.0,0.0,0.0,0.0,0.0,0.0,0.0,0.0,0.0,0.0,0.0,0.0,0.0,0.0,0.0,0.0,0.0,0.0,0.0,0.0,0.0
0.0,0.0,0.0,0.0,0.0,0.0,0.0,0.0,0.0,0.0,0.0,0.0,0.0,0.0,0.0,0.0,0.0,0.0,0.0,0.0,0.0,1.44155,1.523125,0.862375,1.364175,2.3484499999999997,2.02245,1.83545,1.5229750000000002,1.936475,1.827575,1.56715,0.92835,0.741125,1.0515999999999999,1.55495,1.96095,1.3643,1.232575,0.958225,1.829275,1.7719,1.41615,0.6486,1.2162,1.97755,1.855225,1.471425,0.6193500000000001,1.22945,1.79535,2.066575,1.024375,0.665925,1.116325,1.3488250000000002,1.65455,1.05715,0.84185,0.864725,1.549,1.427525,1.1062500000000002,0.847825,0.45657499999999995,1.024075,1.673025,1.2500499999999999,0.825075,0.3273,0.882475,1.227725,1.33765,0.278625,0.308275,0.979275,1.568375,1.3962500000000002,0.6966749999999999,0.4797,0.80405,1.4381,0.8667,0.58205,0.5811999999999999,0.8185250000000001,1.250675,1.129675,0.654375,0.38844999999999996,0.75475,0.7966249999999999,0.8638250000000001,0.919775,0.1997,0.583975,0.84765,0.98685,0.69375,0.2341,0.2552,0.627725,1.1363500000000002,0.324625,0.2642,0.312875,1.198275,1.245475,0.5506249999999999,0.229225,0.245625,0.91375,0.85635,0.644,0.391025,0.4646,0.876125,1.044525,0.6931499999999999,0.10830000000000001,0.395125,0.1356,0.764525,0.8630249999999999,0.28425,0.303575,0.4343,0.72965,0.7347,0.227075,-0.273675,0.24565,0.93555,0.6519250000000001,0.422225,-0.11335,0.5643,0.8851249999999999,0.756575,-0.036525,-0.18675,0.510425,0.576,0.831125,0.361575,0.2026,0.238325,0.63855,0.5015499999999999,0.167925,0.102725,-0.217675,0.52265,0.8216749999999999,0.5266,0.265625,-0.102225,0.32355,0.5731250000000001,0.35724999999999996,-0.4151,-0.21165,0.339325,0.815825,0.49,-0.14,-0.1134,0.052225,0.7914,0.067675,-0.04075,0.1042,0.349525,0.558625,0.300825,0.1194,-0.293725,0.1648,0.053625000000000006,0.20650000000000002,0.30025,-0.28805,0.056325,0.2899,0.39185,-0.0388,-0.217825,-0.24725,0.24910000000000002,0.49522499999999997,-0.14197500000000002,-0.098875,-0.05985,0.53405,0.528275,-0.016075,-0.4456,-0.30110000000000003,0.4284,0.17459999999999998,0.06870000000000001,-0.09485,0.038425,0.221225,0.535375,0.137,-0.420475,-0.001925,-0.12745,0.2632,0.42667499999999997,-0.159575,-0.1825,0.034875,0.254925,-0.054474999999999996,-0.1375,-0.694175,-0.082625,0.42719999999999997,0.2687,-0.0454,-0.565275,0.06245,0.17195,0.208675,-0.62,-0.43867500000000004,0.053500000000000006,0.395425,0.444625,-0.09375,-0.169175,-0.257325,0.14325,-0.15134999999999998,-0.2937,-0.1522,-0.494775,0.0709,0.26935,-0.08082500000000001,-0.276,-0.5883,-0.28305,-0.10885,0.035075,-0.62405,-0.441125,-0.048625,0.1745,-0.3548,-0.7822,-0.611775,-0.38875000000000004,0.280375,-0.2842,-0.6727500000000001,-0.3073,-0.106975,0.089425,-0.1201,-0.367875,-0.71605,-0.372025,-0.41335,-0.196425,-0.136125,-0.7187,-0.1901,-0.04375,-0.17475000000000002,-0.687625,-0.67945,-0.6786,-0.340275,-0.10164999999999999,-0.5164,-0.7353500000000001,-0.565075,-0.0806,-0.127,-0.7054,-0.8667,-0.755175,-0.071875,-0.274275,-0.4415,-0.49465000000000003,-0.440875,-0.275,-0.460275,-0.54915,-0.785075,-0.4312,-0.700825,-0.33935000000000004,-0.27415,-0.7298,-0.604175,-0.607725,-0.406025,-0.46005,-0.5567,-1.16855,-0.425075,-0.06369999999999999,-0.4158,-0.59035,-0.9479249999999999,-0.601925,-0.537925,-0.618125,-0.98445,-0.92695,-0.3575,-0.382375,-0.5433749999999999,-0.73965,-0.72745,-0.911625,-0.488025,-0.64815,-0.782575,-0.702875,-1.180925,-0.7670250000000001,-0.27140000000000003,-0.63085,-1.00335,-1.083425,-0.77005,-0.598525,-0.794225,-1.22275,-1.0833499999999998,-0.774575,-0.49379999999999996,-0.927325,-1.095075,-1.107875,-1.072625,-0.63085,-0.894525,-1.093375,-0.959625,-0.833075,-1.017725,-0.773575,-0.7345,-1.2262,-0.770825,-1.1549,-0.6734,-0.52085,-1.0211999999999999,-0.8240000000000001,-0.667575,-0.714825,-1.13,-1.179,-1.7662499999999999,-0.76185,-0.429025,-0.929275,-1.0673000000000001,-1.2968,-0.83725,-0.818525,-0.958525,-1.27795,-1.661225,-1.39435,-0.42835,-1.145,-1.075975,-0.891775,-0.5988500000000001,-3.5258249999999998,0.0,0.0,0.0,0.0,0.0,0.0,0.0,0.0,0.0,0.0,0.0,0.0,0.0,0.0,0.0,0.0,0.0,0.0,0.0,0.0,0.0
0.0,0.0,0.0,0.0,0.0,0.0,0.0,0.0,0.0,0.0,0.0,0.0,0.0,0.0,0.0,0.0,0.0,0.0,0.0,0.0,0.0,2.0266,1.974575,1.6322999999999999,1.297175,0.8484,2.2654,2.131625,1.9893999999999998,1.116475,0.9755,1.42065,1.667025,1.546525,1.092225,1.2017250000000002,1.42515,1.95475,1.7274,1.414625,0.5063,0.707875,1.6315,1.8995250000000001,1.296875,0.8633500000000001,1.1151,1.560375,1.575275,0.983,0.571025,1.3514249999999999,1.87975,1.62485,1.010975,0.9243250000000001,1.0949499999999999,1.56595,1.3879,0.880425,1.0639500000000002,0.553675,1.11835,1.421775,0.975,1.0408499999999998,0.7758750000000001,1.1856499999999999,1.220625,1.135125,0.3175,0.353875,0.96915,1.548775,1.243325,0.479425,0.5229250000000001,0.8476,1.627,0.87815,0.2981,0.5519,1.04765,1.5692249999999999,1.211,0.6003499999999999,0.41635,1.01955,1.02465,0.667675,0.6998,0.38425,0.810875,1.1247500000000001,0.96055,0.6732750000000001,0.383025,0.47515,0.635525,1.03715,0.359325,0.177875,0.46945,1.2594249999999998,1.176575,0.590125,0.0344,-0.0092,1.14445,1.03865,0.5722,0.33352499999999996,0.377125,0.992,1.0441500000000001,0.61775,0.021625,0.48765,0.53265,0.628,0.766375,0.10875,0.319775,0.2763,0.8671249999999999,0.529,0.298075,-0.011575,0.035925,0.925125,0.667025,0.357825,-0.026475,0.4841,0.798675,0.8193250000000001,0.035750000000000004,-0.2691,0.429925,0.74495,0.7024,0.102125,0.19085000000000002,0.46265,0.7259249999999999,0.6073999999999999,-0.08185,0.25445,0.144575,0.5485,0.72925,0.2203,0.186225,0.00295,0.4411,0.4566,0.46547499999999997,-0.129,-0.13240000000000002,0.46325000000000005,0.761475,0.267725,-0.211575,0.013975,0.179225,0.8045500000000001,0.1734,-0.19167499999999998,0.2325,0.5166499999999999,0.726175,0.44855,0.017725,-0.037125,0.5293,0.3611,-0.0183,0.05535,-0.207725,0.276225,0.522725,0.291825,-0.075225,-0.266275,-0.144975,0.21739999999999998,0.5340750000000001,-0.049075,-0.268625,-0.16967500000000002,0.74305,0.467275,-0.06292500000000001,-0.371425,-0.33020000000000005,0.6734249999999999,0.32455,-0.105575,-0.140875,0.0518,0.45405,0.422625,-0.01115,-0.460325,0.02065,-0.014725,0.38645,0.251525,-0.083475,0.015,0.09045,0.11885,-0.033775,-0.1568,-0.5444,-0.271975,0.260175,0.093625,-0.01145,-0.41607500000000003,0.131125,0.02275,0.21205,-0.5715,-0.581275,0.24860000000000002,0.425325,0.12817499999999998,-0.23745,-0.289625,-0.09440000000000001,0.1619,-0.1847,-0.65035,-0.14115,-0.2898,0.04375,0.040275,-0.303625,-0.304225,-0.311025,-0.13785,-0.25975000000000004,-0.045774999999999996,-0.57505,-0.5116,-0.002125,0.113175,-0.0928,-0.66445,-0.38995,-0.43920000000000003,0.220025,-0.366475,-0.621575,-0.22725,0.24145,0.226375,-0.213325,-0.412925,-0.647575,-0.037675,-0.17157499999999998,-0.2627,-0.354525,-0.5204249999999999,-0.18209999999999998,0.0907,-0.157325,-0.59705,-0.6562250000000001,-0.54165,-0.283875,-0.27135,-0.541425,-0.6478,-0.6641,-0.005275,-0.065125,-0.517725,-0.817225,-1.015325,-0.023975,-0.31155,-0.4266,-0.588125,-0.36402500000000004,-0.32565,-0.15665,-0.676375,-0.822225,-0.477275,-0.529075,-0.3052,-0.49255,-0.5445249999999999,-0.60045,-0.6202749999999999,-0.445075,-0.6687000000000001,-0.5485500000000001,-0.9619,-0.7055,-0.3505,-0.41085,-0.68405,-0.812875,-0.456075,-0.42427499999999996,-0.453025,-0.936975,-1.235,-0.393575,-0.418475,-0.5253,-0.7367,-0.6367,-0.67305,-0.41647500000000004,-0.709975,-0.9777750000000001,-0.535175,-0.883675,-0.7381,-0.4881,-0.7895,-0.8605,-0.986775,-0.84245,-0.901675,-0.626975,-1.1047500000000001,-0.951275,-0.614325,-0.5633,-0.8165749999999999,-1.1047,-0.984775,-1.110375,-0.6154,-1.057175,-1.388225,-0.98415,-0.7636499999999999,-0.903625,-1.170525,-1.1101,-1.059775,-0.5577,-0.99035,-0.7552249999999999,-0.8035249999999999,-0.967175,-0.954625,-0.89075,-0.9807250000000001,-1.0542,-1.33445,-1.1188500000000001,-0.985375,-1.094325,-1.02035,-1.5467499999999998,-1.253825,-0.4147,-0.863475,-1.0278749999999999,-1.72865,-1.4991,-0.543275,-1.2484,-1.1608999999999998,-1.084725,-0.95255,-1.4977,-1.336725,-1.1156000000000001,-0.754025,-1.6881249999999999,0.0,0.0,0.0,0.0,0.0,0.0,0.0,0.0,0.0,0.0,0.0,0.0,0.0,0.0,0.0,0.0,0.0,0.0,0.0,0.0,0.0
0.0,0.0,0.0,0.0,0.0,0.0,0.0,0.0,0.0,0.0,0.0,0.0,0.0,0.0,0.0,0.0,0.0,0.0,0.0,0.0,0.0,1.6704,2.03335,1.9012,1.8902999999999999,2.0648,0.91615,1.358225,1.5366499999999998,2.10985,1.6681499999999998,1.1895250000000002,1.36035,1.465025,1.8544749999999999,1.0550249999999999,0.9879,0.9357500000000001,1.376825,1.9133499999999999,1.943075,1.4148,0.89215,1.3763,1.8017750000000001,1.6025,1.1256,0.20074999999999998,1.1910500000000002,1.664825,1.8252,1.2384249999999999,0.553175,1.321975,1.9642,1.367425,0.578,0.56985,0.987375,1.585775,1.6132499999999999,0.979475,1.0230000000000001,0.771625,1.352475,1.217775,1.0629,0.492325,0.400425,1.2900500000000001,1.395375,1.1005,0.42745,0.767525,0.831875,1.3908,1.0838750000000001,0.23455,0.703425,0.975225,1.4999,1.1635,0.6717,0.4202,1.03845,1.334575,0.658675,0.665925,0.44165,1.0779999999999998,1.202475,0.761575,0.623675,0.22269999999999998,0.639325,0.6001000000000001,0.9181999999999999,0.5362250000000001,0.27854999999999996,0.6412249999999999,0.93335,0.90245,0.455475,0.24485,0.21865,1.1897,1.052075,0.406575,0.319475,0.48602500000000004,1.12585,1.1432250000000002,0.4934,-0.16385,0.43827499999999997,0.887475,0.83495,0.72915,0.22175,0.699425,0.71495,0.8581000000000001,0.3458,0.2162,0.324525,0.352025,0.8477750000000001,0.6297250000000001,0.380725,0.250075,0.58295,0.751625,0.53495,0.16125,-0.28785,0.6539,0.929325,0.740125,0.220225,-0.0263,0.45165,0.846475,0.6275499999999999,-0.172675,0.096475,0.38315,0.847925,0.603025,0.117725,0.12815,0.125175,0.551925,0.321875,0.365125,0.0608,-0.03155,0.7054750000000001,0.8596250000000001,0.3748,-0.07980000000000001,0.0674,0.10525,0.65265,0.241875,-0.384,0.04485,0.34304999999999997,0.81585,0.443225,-0.0711,-0.2009,0.47814999999999996,0.5536749999999999,-0.08524999999999999,0.076525,-0.081175,0.430375,0.370525,0.19385,-0.058575,-0.188825,0.053599999999999995,0.066775,0.27597499999999997,0.092575,-0.078775,0.091325,0.519275,0.2424,-0.088175,-0.214275,-0.39742500000000003,0.479975,0.349525,-0.041525,-0.1081,-0.011325,0.44675,0.45539999999999997,-0.02015,-0.359775,0.120625,0.3134,0.24080000000000001,0.071875,-0.27095,0.1921,0.3109,0.371475,-0.027549999999999998,-0.138675,-0.13195,-0.1505,0.21157499999999999,-0.051275,-0.15947499999999998,-0.312975,0.30422499999999997,-0.030475,0.124225,-0.3814,-0.585375,0.30567500000000003,0.450775,-0.066675,-0.4341,-0.4661,-0.04965,0.32952499999999996,0.062125,-0.6570499999999999,-0.2484,0.046125,0.5080250000000001,0.24982500000000002,-0.24527500000000002,-0.22767500000000002,-0.229775,0.086025,-0.316575,-0.07917500000000001,-0.282725,-0.38687499999999997,-0.1428,0.062875,-0.190075,-0.345875,-0.20482499999999998,-0.3086,0.24735000000000001,-0.32885,-0.6955,-0.27094999999999997,0.11195,0.433175,-0.2107,-0.673575,-0.76185,-0.2919,0.03875,-0.50405,-0.28475,-0.493,0.0356,-0.0916,-0.31930000000000003,-0.67585,-0.6102749999999999,-0.26015,-0.26605,-0.0049,-0.4762,-0.5039750000000001,-0.5715250000000001,-0.116875,-0.4485,-0.486525,-0.64935,-0.8638250000000001,0.15025,-0.053200000000000004,-0.754375,-0.3896,-0.486175,-0.08915000000000001,-0.161825,-0.626775,-0.7403,-0.22955,-0.1741,-0.545075,-0.45925,-0.7745,-0.2978,-0.34115,-0.423075,-0.6616500000000001,-0.6799000000000001,-0.5107,-0.776875,-0.4206,-0.45182500000000003,-0.6,-0.7694500000000001,-0.271575,-0.417125,-0.376425,-0.7098500000000001,-1.0926,-0.337775,-0.1915,-0.6409750000000001,-0.9259000000000001,-0.9274,-0.737725,-0.3429,-0.5788,-1.0395,-0.67865,-0.519225,-0.1848,-0.48919999999999997,-0.808975,-0.8606,-0.8043,-0.64295,-0.942975,-0.75635,-0.812325,-1.13005,-0.729525,-0.53405,-0.7176750000000001,-0.834325,-0.8217,-1.1316000000000002,-0.43574999999999997,-0.8267249999999999,-1.338975,-1.084325,-0.8599,-0.97975,-1.187575,-1.18205,-0.9677,-0.7619750000000001,-0.842875,-1.108725,-1.015625,-1.1114249999999999,-1.1345,-1.20625,-0.77815,-0.9848,-1.062425,-1.048775,-1.10385,-0.643675,-0.9762,-1.2426,-1.2616,-0.651625,-0.970475,-0.75155,-1.3094999999999999,-1.6161,-1.0416249999999998,-0.858375,-1.27225,-1.1551,-1.5636999999999999,-0.532425,-0.88685,-1.1907,-0.63565,-0.3556,-1.401975,0.054425,-0.789075,0.0,0.0,0.0,0.0,0.0,0.0,0.0,0.0,0.0,0.0,0.0,0.0,0.0,0.0,0.0,0.0,0.0,0.0,0.0,0.0,0.0
0.0,0.0,0.0,0.0,0.0,0.0,0.0,0.0,0.0,0.0,0.0,0.0,0.0,0.0,0.0,0.0,0.0,0.0,0.0,0.0,0.0,0.0,1.274625,0.522775,0.8791,2.204725,1.817425,1.155775,1.150175,1.891025,2.0162999999999998,1.85975,1.280725,0.77,0.67115,0.90405,1.92985,2.163625,1.41675,1.4942,1.197925,1.88445,1.5436999999999999,1.4897,0.67265,1.227425,1.8054999999999999,1.6347,1.1855,0.841325,1.153925,1.6643999999999999,1.6395,0.39964999999999995,0.40555,1.15245,1.404375,1.4817,0.69485,0.9232750000000001,0.90045,1.7327249999999998,0.9916499999999999,0.67015,0.71655,0.7738,1.399225,1.402625,1.005775,0.565475,0.66205,0.898875,1.193175,0.95705,0.11425,0.595,1.125425,1.5297,1.181175,0.5710999999999999,0.4587,0.9941,1.434775,0.68065,0.42517499999999997,0.5773,1.2750249999999999,1.3115750000000002,0.8860250000000001,0.41364999999999996,0.390825,1.161925,0.817875,0.7941750000000001,0.568525,0.2848,0.960725,1.0639,0.81785,0.35872499999999996,0.341075,0.1789,1.055075,1.004375,0.48160000000000003,0.270275,0.40065,1.2497500000000001,1.080325,0.47667499999999996,0.033525,0.338075,1.0624,0.8358,0.548875,0.29005000000000003,0.7191,1.0052500000000002,1.0315500000000002,0.2857,-0.017825,0.494125,0.4652,0.926375,0.6706,0.27815,0.3959,0.5992999999999999,0.6587999999999999,0.417325,0.258,-0.18027500000000002,0.57505,0.84815,0.614075,0.27655,-0.028475,0.54355,0.56445,0.47967499999999996,-0.32447499999999996,0.01725,0.613175,0.8455,0.61965,0.01785,0.251725,0.290475,0.8094,0.176375,0.037075,0.28132500000000005,0.225925,0.62415,0.70095,0.32287499999999997,0.036175,0.32735,0.2355,0.4393,0.210625,-0.32135,0.16365,0.4984,0.6869000000000001,0.272,-0.24635,-0.09775,0.3845,0.7647499999999999,-0.1206,-0.19055,0.186925,0.8003750000000001,0.6117250000000001,0.135,-0.262025,-0.160375,0.46755,0.2227,0.15999999999999998,0.011349999999999999,-0.049875,0.322175,0.54225,0.12630000000000002,-0.181125,-0.15487499999999998,-0.239,0.462125,0.445275,-0.1401,-0.166175,0.0046,0.52295,0.1681,-0.06815,-0.5281750000000001,-0.172625,0.56065,0.36422499999999997,-0.044075,-0.13787500000000003,0.18485000000000001,0.24764999999999998,0.33375,-0.289875,-0.2262,0.111125,-0.029124999999999998,0.480325,0.14015,-0.031575,-0.15360000000000001,0.042675,-0.02265,-0.16285,-0.259475,-0.5457000000000001,0.141275,0.391175,0.059025,-0.29007499999999997,-0.4562,-0.037225,0.252225,-0.07755000000000001,-0.5439750000000001,-0.3179,0.286725,0.40325,-0.080275,-0.5345249999999999,-0.25025000000000003,-0.187275,0.260975,-0.378575,-0.397475,-0.16845,-0.142125,0.1565,0.162675,-0.290225,-0.42519999999999997,-0.314075,-0.328675,-0.123475,-0.065875,-0.688025,-0.22105,0.034975,0.074225,-0.3552,-0.6390750000000001,-0.6086,-0.0668,0.2267,-0.47419999999999995,-0.5938749999999999,-0.36455000000000004,0.42735,0.16720000000000002,-0.27325,-0.653925,-0.701525,-0.041025000000000006,-0.263375,-0.13065000000000002,-0.5027,-0.3604,-0.221475,-0.01785,-0.3874,-0.67755,-0.435,-0.8844,-0.1011,-0.17757499999999998,-0.597725,-0.62815,-0.54525,-0.060399999999999995,-0.37244999999999995,-0.50385,-0.895125,-0.54865,-0.0063999999999999994,-0.246,-0.60985,-0.7178,-0.386425,-0.4182,-0.27690000000000003,-0.8976000000000001,-0.754025,-0.46105,-0.57155,-0.235975,-0.46252499999999996,-0.651275,-0.694475,-0.483175,-0.589275,-0.5936250000000001,-0.59335,-1.0070000000000001,-0.40447500000000003,-0.2329,-0.504575,-0.82385,-0.947125,-0.6183000000000001,-0.739475,-0.799375,-1.1851500000000001,-0.927975,-0.43545,-0.203725,-0.67715,-0.6938500000000001,-0.7579,-0.6871750000000001,-0.36819999999999997,-0.89335,-0.796025,-0.5876,-0.838325,-0.70765,-0.6493,-0.7994749999999999,-0.9527749999999999,-0.75125,-0.926,-0.60945,-0.72315,-1.1006,-1.025525,-0.899625,-0.7492,-0.966075,-1.30145,-1.0550249999999999,-1.082925,-0.845475,-0.928275,-1.3017500000000002,-1.0464499999999999,-0.37465000000000004,-0.95605,-0.982575,-1.394525,-1.1664,-0.527875,-1.0702,-0.862425,-0.949275,-1.342025,-0.998225,-0.6659,-0.823575,-1.1796250000000001,-1.0018500000000001,-1.2530000000000001,-0.411225,-0.80425,-1.2738749999999999,-1.2554,-1.30315,-1.2479,-0.9772000000000001,-1.0877000000000001,-1.69295,-1.06265,-0.95485,-0.29515,-0.856975,-1.2539500000000001,-1.1913,0.0,0.0,0.0,0.0,0.0,0.0,0.0,0.0,0.0,0.0,0.0,0.0,0.0,0.0,0.0,0.0,0.0,0.0,0.0,0.0,0.0,0.0
0.0,0.0,0.0,0.0,0.0,0.0,0.0,0.0,0.0,0.0,0.0,0.0,0.0,0.0,0.0,0.0,0.0,0.0,0.0,0.0,0.0,0.0,1.87485,2.1715,1.63365,1.2638,1.3927,1.6536,2.263025,1.5759,0.8782,1.509975,1.799625,1.5476999999999999,1.2406,0.7898499999999999,1.48435,1.4458000000000002,1.6186500000000001,1.34315,1.0902,0.94485,1.5487250000000001,1.838975,1.27915,0.898325,0.7464500000000001,1.6292499999999999,1.490125,1.6121500000000002,0.8436,0.6336999999999999,1.4138249999999999,1.67145,1.5772,0.805475,0.609425,1.0524,1.804825,1.2236500000000001,0.6378499999999999,0.982,0.9986,1.66455,1.419,0.908875,0.70495,1.054625,1.13935,0.89655,0.9928,0.3833,0.819075,1.087075,1.354225,0.8679250000000001,0.37807500000000005,0.541825,0.9817,1.592025,0.709425,0.389175,0.77465,1.185675,1.397125,0.8443750000000001,0.443975,0.274425,1.461675,0.953325,0.686975,0.537725,0.38880000000000003,1.00085,1.147475,0.5595749999999999,0.2323,0.44084999999999996,0.49005,0.79005,0.89505,0.272275,0.50805,0.50605,1.23405,0.753525,0.41922499999999996,0.0823,0.21505,1.2251750000000001,0.952725,0.54275,0.23115,0.7075750000000001,0.962,0.9934000000000001,0.2597,-0.00755,0.6878,0.8152,0.84985,0.47602500000000003,0.055375,0.70525,0.86805,0.743025,0.121575,0.25915,0.05985,0.6456,0.8715999999999999,0.45887500000000003,0.316525,0.0347,0.71575,0.7024,0.651,-0.18895,-0.21655000000000002,0.75735,1.0223499999999999,0.725625,0.12767499999999998,0.221575,0.533925,1.0241500000000001,0.2721,-0.19755,0.1863,0.30325,0.801425,0.462625,0.11805,0.1135,0.329325,0.398825,0.310125,0.2812,-0.10765000000000001,0.1915,0.47325,0.5624,0.0332,-0.22390000000000002,-0.009775,0.153425,0.722,-0.051449999999999996,-0.1471,0.262175,0.7108,0.706225,0.0066749999999999995,-0.182725,-0.1077,0.6709499999999999,0.200375,-0.1227,-0.040625,0.026125,0.4699,0.407225,0.140875,-0.257475,0.075725,-0.03825,0.276375,0.221275,-0.1158,-0.03325,0.11887500000000001,0.586125,0.148675,-0.182375,-0.34009999999999996,-0.163825,0.5700999999999999,0.3527,0.022325,-0.2146,0.36485,0.46975,0.38245,-0.32882500000000003,-0.5276749999999999,0.27435,0.20320000000000002,0.26365,-0.013675,-0.14715,0.16225,0.36612500000000003,0.070075,-0.3266,-0.1291,-0.33740000000000003,0.12675,0.238825,-0.0575,-0.21610000000000001,-0.44185,0.1945,0.14942499999999997,-0.047275,-0.43324999999999997,-0.547525,0.28002499999999997,0.42925,-0.116575,-0.47365,-0.31072500000000003,-0.11555,0.51015,-0.31720000000000004,-0.3456,-0.05685,-0.049525,0.2848,-0.119725,-0.292325,-0.459375,0.00695,-0.066525,-0.3052,-0.1609,-0.44070000000000004,-0.183375,-0.08995,-0.066,-0.5327000000000001,-0.6487,-0.4852,-0.18735,0.25129999999999997,-0.4028,-0.5908249999999999,-0.3457,0.28242500000000004,-0.01,-0.3,-0.6547499999999999,-0.70965,0.116425,-0.28895000000000004,-0.49665,-0.5105500000000001,-0.31467500000000004,0.053725,-0.029475,-0.46149999999999997,-0.7182,-0.37795,-0.548375,-0.4929,-0.45305,-0.5727249999999999,-0.5988,-0.47645000000000004,-0.1776,-0.340725,-0.580525,-0.8569249999999999,-0.61305,0.09192499999999999,-0.172625,-0.5988249999999999,-0.5730500000000001,-0.0889,-0.13335,-0.35025,-0.8486,-0.9513499999999999,-0.088225,-0.2474,-0.39075,-0.4501,-0.6317,-0.529,-0.27497499999999997,-0.64125,-0.87165,-0.5367500000000001,-0.818875,-0.40505,-0.28905,-0.42275,-0.728125,-0.9050750000000001,-0.32887500000000003,-0.49855,-0.486975,-1.1386,-1.0023499999999999,-0.31872500000000004,-0.222775,-0.5321750000000001,-0.743,-0.9434750000000001,-0.573475,-0.10605,-0.9130750000000001,-0.95635,-0.621175,-0.631475,-0.46,-0.75805,-0.884775,-1.055475,-0.75345,-0.9253750000000001,-0.824025,-0.6511,-0.9752,-0.709325,-0.973775,-0.73625,-0.81865,-1.060075,-1.1065,-0.917725,-0.470175,-0.87545,-1.380425,-1.0427250000000001,-0.5394749999999999,-0.72525,-0.751925,-1.17125,-1.0320749999999999,-0.464,-1.0034750000000001,-1.155725,-0.7993,-0.911375,-0.747775,-0.8695,-1.1976749999999998,-1.154625,-1.09595,-1.2959999999999998,-0.61385,-1.0894499999999998,-1.1830500000000002,-0.725625,-1.0633,-1.2811,-0.6946,-0.807775,-1.591275,-1.621675,-1.055075,-0.8966000000000001,-1.281775,-0.972975,0.0525,-0.829825,-0.591125,-1.721525,0.0,0.0,0.0,0.0,0.0,0.0,0.0,0.0,0.0,0.0,0.0,0.0,0.0,0.0,0.0,0.0,0.0,0.0,0.0,0.0,0.0,0.0
0.0,0.0,0.0,0.0,0.0,0.0,0.0,0.0,0.0,0.0,0.0,0.0,0.0,0.0,0.0,0.0,0.0,0.0,0.0,0.0,0.0,0.0,0.9529,1.31615,1.882875,2.09295,1.27225,1.286275,1.355475,2.10495,1.637975,1.53475,0.97975,1.4368750000000001,1.545875,1.312475,0.5744,1.081525,1.053375,1.793025,2.2496,1.319925,1.1815499999999999,0.94925,1.918825,1.449525,1.3613,0.809725,0.8928499999999999,1.3705,1.820025,1.6695,0.7183,0.6514,1.134325,1.711325,1.265475,0.2702,0.77525,1.188475,1.953875,1.470275,0.8125749999999999,0.7007749999999999,1.11535,1.540525,0.89175,0.767725,0.631275,1.092025,1.262025,1.2784499999999999,0.870125,0.35619999999999996,1.022825,0.965375,1.395975,0.8592,0.3577,0.9091,1.328425,1.470675,0.776375,0.239925,0.2963,1.5784250000000002,1.2208999999999999,0.522325,0.48765,0.5783,1.530025,1.205025,0.533425,0.07245,0.378125,0.927625,0.7966,0.820225,0.3379,0.68275,0.76455,1.1241500000000002,0.656675,0.326375,0.291625,0.1738,1.2415,0.849,0.505325,0.29567499999999997,0.7013750000000001,1.11785,0.9647,0.261275,-0.10542499999999999,0.6838,0.9655,0.83995,0.4494,0.19495,0.6359,0.8212,0.6364,0.123175,0.247075,0.3769,0.7238249999999999,0.75715,0.34925,0.3262,0.260475,0.8850250000000001,0.539775,0.51065,0.115825,-0.019025,0.822425,0.819975,0.48095,-0.064925,0.075425,0.4459,0.96695,0.430425,-0.28235,0.20135,0.5232,0.98465,0.3706,-0.136025,0.0228,0.4168,0.68265,0.14292500000000002,0.17915,0.088225,0.5391250000000001,0.701125,0.486725,0.0702,-0.127275,0.289,0.19492500000000001,0.53,0.046700000000000005,-0.14650000000000002,0.29545,0.647425,0.6837,0.177175,-0.092125,-0.080125,0.803075,0.32985,-0.1283,-0.15157500000000002,0.043800000000000006,0.8540749999999999,0.403375,-0.0843,-0.338725,0.072025,0.440325,0.309925,0.154275,-0.138525,0.056425,0.309825,0.45985,0.0335,-0.179875,-0.19840000000000002,-0.26765,0.6714,0.190225,-0.087925,-0.201725,0.121175,0.39449999999999996,0.2414,-0.2532,-0.5091749999999999,0.28907499999999997,0.44494999999999996,0.2871,-0.118225,-0.2072,0.19865,0.3433,0.085325,-0.4242,-0.15842499999999998,0.026175,0.200075,0.148275,-0.097125,-0.11305000000000001,-0.334075,0.15152500000000002,-0.09615,-0.15389999999999998,-0.247375,-0.49974999999999997,0.3534,0.131975,-0.103725,-0.440525,-0.028525000000000002,0.00665,0.29025,-0.205075,-0.5379,-0.08835,0.172825,0.549525,-0.121575,-0.451125,-0.36160000000000003,-0.09972500000000001,-0.119675,-0.51,-0.2385,-0.324125,0.09507499999999999,-0.010025,0.05575,-0.3892,-0.43324999999999997,-0.0093,-0.3951,0.0726,-0.39465,-0.543875,-0.13735,0.24745,0.1274,-0.310875,-0.65735,-0.74725,0.259575,-0.12865000000000001,-0.222725,-0.6243000000000001,-0.262275,0.12767499999999998,-0.025724999999999998,-0.41802500000000004,-0.78345,-0.4769,-0.07047500000000001,-0.30625,-0.40137500000000004,-0.6219250000000001,-0.4177,-0.4639,-0.18059999999999998,-0.476925,-0.532225,-0.762675,-0.798575,0.07085,-0.131125,-0.56885,-0.697875,-0.14100000000000001,-0.223025,-0.206075,-0.7610250000000001,-0.9309000000000001,-0.339675,-0.348525,-0.19505,-0.7138,-0.52835,-0.449425,-0.41335,-0.46945,-0.909925,-0.669975,-0.46095,-0.59475,-0.49107500000000004,-0.537725,-0.6230249999999999,-0.5690000000000001,-0.39465,-0.703925,-0.518375,-0.831175,-0.8576999999999999,-0.356875,-0.28615,-0.64495,-0.8965500000000001,-0.808125,-0.70605,-0.17985,-0.709,-1.129475,-0.6945,-0.39490000000000003,-0.3749,-0.8889,-0.955825,-0.909375,-0.7107,-0.7092499999999999,-0.97145,-0.6974750000000001,-0.681425,-0.484325,-0.6542,-0.562875,-0.8067,-0.9734499999999999,-0.8427749999999999,-1.2046,-0.37385,-0.6287,-1.218225,-0.835725,-0.611275,-0.9392499999999999,-0.6744749999999999,-1.202775,-1.1629749999999999,-0.314775,-0.993725,-1.0728,-1.05135,-1.01885,-0.73175,-0.735175,-0.9713,-1.1376249999999999,-0.811525,-0.900425,-0.9902500000000001,-1.064675,-1.0318,-1.0396750000000001,-0.86945,-0.449675,-1.11295,-0.857425,-1.066425,-1.5313750000000002,-0.84265,-1.0038,-0.480475,-0.938025,-1.3550499999999999,-0.9897750000000001,-1.0262499999999999,-1.706275,-2.092025,-0.173175,-1.283425,0.0,0.0,0.0,0.0,0.0,0.0,0.0,0.0,0.0,0.0,0.0,0.0,0.0,0.0,0.0,0.0,0.0,0.0,0.0,0.0,0.0,0.0
0.0,0.0,0.0,0.0,0.0,0.0,0.0,0.0,0.0,0.0,0.0,0.0,0.0,0.0,0.0,0.0,0.0,0.0,0.0,0.0,0.0,0.0,2.308225,1.55885,0.28135,1.114525,1.8702999999999999,1.9098,0.961175,0.884825,1.9307,1.73395,2.3299499999999997,0.7336,0.620575,1.3478249999999998,1.273875,1.6220249999999998,0.75685,1.0595249999999998,1.517275,2.0022249999999997,1.516075,0.876,1.171575,0.832825,1.611625,1.513325,1.569325,0.9999,0.942125,1.451525,1.553525,1.054075,0.170475,0.65875,1.33835,1.7078250000000001,1.3404500000000001,0.47735,0.7311,1.2078,1.6453,0.9338000000000001,0.7809999999999999,0.5897,1.370225,1.5462,1.044025,0.68825,0.6108750000000001,1.13235,1.00485,1.1254499999999998,0.88595,0.4688,1.0815000000000001,1.2302499999999998,1.4708999999999999,0.7904,0.45477500000000004,0.481275,1.183775,1.305475,0.502375,0.39815,0.5999749999999999,1.6301750000000002,1.1939,0.69865,0.18462499999999998,0.49634999999999996,1.2055500000000001,0.592075,0.546025,0.29315,0.762275,1.201875,1.0981,0.49885,0.08495,0.656525,0.517925,1.090725,0.7291,0.187625,0.433875,0.725525,1.0399500000000002,0.6595,0.42025,-0.09035,0.7149,1.03755,0.7644,0.34709999999999996,0.3395,0.97345,1.034025,0.7296,-0.182175,0.049325,0.57115,0.8094250000000001,0.867425,0.269675,0.27890000000000004,0.5165,0.9860500000000001,0.385625,0.17062500000000003,0.23322500000000002,0.08802499999999999,0.9847,0.8654499999999999,0.542875,0.16165000000000002,0.08755,0.459225,0.741125,0.354525,-0.1905,0.200125,0.6986749999999999,1.0294,0.4367,-0.11785000000000001,0.013049999999999999,0.43465,0.736075,-0.07957499999999999,0.044175,0.2056,0.6967,0.83505,0.373825,0.059825,-0.01925,0.46995,0.142675,0.3912,0.12935000000000002,-0.17845,0.20882499999999998,0.53305,0.4113,0.13785,-0.049375,-0.007325,0.5675250000000001,0.48645,-0.017375,-0.1619,0.24125,0.8645,0.35467499999999996,-0.074375,-0.47275,-0.073075,0.5765,0.243025,0.1274,-0.007925,0.31094999999999995,0.44532499999999997,0.438125,-0.2004,-0.254675,0.094,-0.083925,0.469425,0.183125,-0.059825,0.0298,0.207775,0.28290000000000004,0.047075,-0.18915,-0.384875,0.199175,0.5630999999999999,0.2697,-0.10505,-0.31182499999999996,0.415925,0.415625,0.278975,-0.51285,-0.2087,0.293525,0.4417,0.16069999999999998,-0.093625,-0.06495000000000001,0.097875,0.49415,-0.19592500000000002,-0.222875,-0.134875,-0.33275,0.543425,0.12555,-0.11245,-0.32172500000000004,-0.13527499999999998,-0.051500000000000004,0.254625,-0.21095,-0.53425,-0.24515,0.154475,0.3632,-0.2673,-0.4882,-0.3781,-0.00885,0.336875,-0.513225,-0.410275,-0.1542,0.19722499999999998,0.11065,-0.07215,-0.34697500000000003,-0.34455,-0.00125,-0.35245000000000004,-0.15255000000000002,-0.2953,-0.53105,-0.2063,-0.0143,-0.06325,-0.5036,-0.575175,-0.6681,-0.02065,-0.074825,-0.469875,-0.469775,-0.192475,0.277925,0.021249999999999998,-0.6199250000000001,-0.92955,-0.58995,0.25122500000000003,-0.24455,-0.33787500000000004,-0.442275,-0.110375,-0.241,-0.32089999999999996,-0.7433000000000001,-0.57485,-0.365575,-0.69895,-0.21425,-0.341675,-0.5524,-0.55735,-0.360425,-0.25635,-0.4225,-0.5867,-0.8790749999999999,-0.3286,-0.103525,-0.2946,-0.7116,-0.821175,-0.2218,-0.25865,-0.483425,-0.9803000000000001,-0.512425,-0.1619,-0.19965,-0.5412,-0.770925,-0.631025,-0.5732,-0.02495,-0.72045,-0.565125,-0.573525,-0.9772000000000001,-0.278225,-0.400475,-0.610575,-0.8863749999999999,-0.8398,-0.71105,-0.52015,-0.788975,-1.0352000000000001,-0.788025,-0.550125,-0.21457500000000002,-0.6452,-0.921775,-0.993425,-0.745775,-0.454175,-1.0754249999999999,-0.89405,-0.66635,-0.62805,-0.6986,-0.714025,-0.94385,-1.03165,-0.571425,-0.977575,-0.678175,-0.785825,-1.114225,-1.0224,-0.738575,-0.802475,-1.04765,-1.03605,-1.2908499999999998,-0.90365,-0.8931,-1.014,-1.140075,-0.88535,-0.7582,-0.900875,-1.017125,-1.07975,-1.0599750000000001,-0.467775,-0.7230500000000001,-1.185375,-0.87515,-0.9363750000000001,-0.950925,-0.668125,-1.1532499999999999,-0.90255,-0.896925,-0.95485,-0.5767249999999999,-0.87435,-0.830575,-1.653125,-1.806425,-0.951025,-0.8933249999999999,-1.2242,-0.738225,-1.803575,-0.536025,-0.39585000000000004,-1.140325,-0.856825,0.0,0.0,0.0,0.0,0.0,0.0,0.0,0.0,0.0,0.0,0.0,0.0,0.0,0.0,0.0,0.0,0.0,0.0,0.0,0.0,0.0,0.0
0.0,0.0,0.0,0.0,0.0,0.0,0.0,0.0,0.0,0.0,0.0,0.0,0.0,0.0,0.0,0.0,0.0,0.0,0.0,0.0,0.0,0.0,1.5164,2.3009250000000003,1.976875,1.2435749999999999,0.7594749999999999,1.5834000000000001,2.14335,2.0713999999999997,1.1180999999999999,0.8461500000000001,2.15045,1.8703,2.3735749999999998,1.3403,0.7762749999999999,1.34745,2.17875,1.5482,1.193325,1.19895,0.8377,2.1856,1.683925,1.44765,0.7232000000000001,1.24585,1.4945499999999998,1.345575,1.4650500000000002,0.5464249999999999,0.8309,1.349675,1.4611999999999998,1.4152,0.69835,0.8871,1.1865999999999999,1.8344,0.902025,0.47957500000000003,1.1367500000000001,1.44615,1.7583,1.203325,0.68595,0.57535,1.4266750000000001,1.17985,0.7463249999999999,0.6251,0.505675,1.4276499999999999,1.4529999999999998,1.1497,0.63505,0.522575,0.786675,0.995675,1.247575,0.605775,0.533975,1.014425,1.564075,1.326325,0.61745,0.197125,0.5522750000000001,1.785975,1.0245250000000001,0.5461750000000001,0.3014,0.58355,1.252125,0.942075,0.48917499999999997,0.09390000000000001,0.750725,0.715025,1.016925,0.7495999999999999,0.29085,0.660375,0.760675,0.9719249999999999,0.44484999999999997,0.40804999999999997,0.243025,0.5126499999999999,1.170825,0.746525,0.44999999999999996,0.23212500000000003,0.83475,0.927225,0.80775,-0.052325,0.051925,0.82445,0.76665,0.6282749999999999,0.2768,0.255775,0.6197250000000001,1.0715249999999998,0.248325,-0.057225,0.28895,0.32942499999999997,0.9407,0.61105,0.40097499999999997,0.335625,0.42562500000000003,0.6434,0.441775,0.294075,-0.148975,0.27097499999999997,0.81265,0.9607749999999999,0.34125,-0.0022500000000000003,0.264875,0.5413749999999999,0.9244,-0.044524999999999995,-0.216175,0.2749,0.6553,0.8737,0.33802499999999996,-0.069825,0.1495,0.8368,0.3101,0.1382,0.062525,0.0776,0.6376999999999999,0.467425,0.2549,-0.100475,-0.024225,0.08205,0.39392499999999997,0.557675,0.0675,-0.039875,0.4189,0.891,0.40437500000000004,-0.050925,-0.386475,-0.024,0.9457,0.2335,-0.036175,-0.16060000000000002,0.24905,0.6367750000000001,0.464925,-0.1397,-0.28975,0.326225,0.1632,0.270725,-0.045175,-0.152425,0.1035,0.227825,0.218175,-0.014925,-0.1513,-0.47045000000000003,0.029075,0.46555,0.265425,-0.11197499999999999,-0.0984,0.38925,0.33965,0.35667499999999996,-0.430025,-0.3546,0.49305,0.54775,0.21805000000000002,-0.259475,-0.09495,0.08215,0.426025,-0.25775,-0.3771,-0.042325,-0.128525,0.3744,0.029025,-0.19515,-0.392425,-0.10147500000000001,0.045975,-0.019074999999999998,-0.1453,-0.495,-0.23915,0.265375,0.28985,-0.25534999999999997,-0.388225,-0.1613,0.08574999999999999,0.34209999999999996,-0.4024,-0.4847,0.080525,0.2349,0.1564,-0.31015000000000004,-0.44532499999999997,-0.35285,0.30695,-0.2825,-0.182475,-0.244925,-0.173125,0.22195,-0.11207500000000001,-0.33740000000000003,-0.6148,-0.461725,-0.431375,0.018250000000000002,0.016525,-0.344725,-0.5401,-0.13724999999999998,0.372125,-0.15357500000000002,-0.49015000000000003,-0.8588749999999999,-0.50375,0.400925,-0.221675,-0.40515,-0.541875,-0.033875,0.004675,-0.13840000000000002,-0.6836500000000001,-0.7623,-0.212075,-0.5497000000000001,-0.260375,-0.517575,-0.493575,-0.48495,-0.5951,-0.28395,-0.660925,-0.34795,-0.81175,-0.38465,-0.19987500000000002,-0.20700000000000002,-0.6344,-0.7161500000000001,-0.2518,-0.41657500000000003,-0.4402,-0.9388749999999999,-0.764825,-0.09975,-0.20585,-0.477775,-0.639675,-0.6896749999999999,-0.45755,-0.185675,-0.822075,-0.7957749999999999,-0.3519,-0.5562,-0.2277,-0.5804,-0.5488500000000001,-0.808175,-0.763,-0.5839,-0.7012750000000001,-0.65655,-0.8859750000000001,-0.7205250000000001,-0.584025,-0.29515,-0.6953,-0.934025,-0.7238,-0.49045,-0.155375,-1.0292750000000002,-1.044575,-0.34245000000000003,-0.4028,-0.82565,-0.7702749999999999,-0.9299,-0.873325,-0.4408,-0.85745,-0.76465,-0.816375,-0.774675,-0.650475,-0.861575,-0.8132,-0.9732,-0.748325,-0.6714,-0.8751,-0.906875,-1.0149,-1.2767,-0.86785,-0.5736000000000001,-0.985125,-0.9608,-1.360675,-0.854375,-0.292875,-0.54635,-1.02745,-1.0453000000000001,-0.886625,-0.6051500000000001,-0.839475,-1.236375,-0.9725,-0.7609,-0.9939749999999999,-0.8945,-1.0454,-0.788925,-1.0979,-1.3819249999999998,-0.9927999999999999,-1.1128,-1.080175,-0.546875,-1.24485,-1.2020749999999998,0.28725,-1.9631500000000002,-1.8012000000000001,-0.203625,-1.599075,0.6812,0.0,0.0,0.0,0.0,0.0,0.0,0.0,0.0,0.0,0.0,0.0,0.0,0.0,0.0,0.0,0.0,0.0,0.0,0.0,0.0,0.0,0.0
0.0,0.0,0.0,0.0,0.0,0.0,0.0,0.0,0.0,0.0,0.0,0.0,0.0,0.0,0.0,0.0,0.0,0.0,0.0,0.0,0.0,0.0,1.421525,1.2549249999999998,1.6951,1.8204500000000001,1.708,1.013475,0.8812,1.4956,1.914525,1.924725,1.404025,0.979375,1.95055,2.0879000000000003,1.345725,0.810675,0.82315,1.6822249999999999,2.2040249999999997,1.316775,1.2355,1.5074750000000001,1.2285249999999999,2.0757499999999998,1.0436,1.1159999999999999,0.8301000000000001,1.029125,1.6592500000000001,1.7324,1.24125,0.630425,0.8598,1.211875,1.540175,0.8136,0.3665,0.9594499999999999,1.569825,1.7085249999999998,1.154,0.597825,0.75285,1.435525,1.202975,0.5571499999999999,0.758875,0.678925,1.395975,1.3423500000000002,0.95555,0.5942,0.78095,1.032775,0.99275,1.07815,0.65655,0.57895,1.02075,1.3440249999999998,1.113975,0.637875,0.5003,0.57855,1.5689,0.97165,0.6319,0.498775,0.87215,1.3890500000000001,0.989425,0.133775,-0.039,0.8014,1.078475,0.893025,0.5864,0.35575,0.89505,1.07015,0.9786,0.240375,0.274775,0.50295,0.6254249999999999,1.029925,0.61015,0.45547499999999996,0.5503250000000001,0.95385,0.79935,0.583825,0.20224999999999999,-0.00405,1.124,1.0711499999999998,0.7992,0.15895,0.1328,0.789525,1.05045,0.4238,-0.191475,0.279475,0.6588,1.04115,0.6500250000000001,0.0917,0.241925,0.50935,0.90415,0.35864999999999997,0.37255,0.052,0.26325,0.9059,0.758625,0.309875,0.0987,0.291425,0.472725,0.849025,0.134825,-0.2009,0.321025,0.614575,0.84675,0.1371,-0.07919999999999999,-0.032025,0.6776,0.5307999999999999,-0.0022,0.147375,0.26444999999999996,0.74485,0.5026999999999999,0.180375,-0.152775,0.027975,0.34847500000000003,0.0446,0.36495,0.013325,0.19167499999999998,0.426825,0.67355,0.27632500000000004,0.000725,-0.0868,-0.044625,0.85295,0.256625,-0.015975,-0.289,0.15985,0.585725,0.27625,-0.1459,-0.29595,0.39145,0.483,0.19927499999999998,0.025025000000000002,-0.048125,0.419075,0.2552,0.18159999999999998,-0.28564999999999996,-0.105575,0.014875,0.01215,0.424075,0.0742,-0.05035,-0.02255,0.422975,0.25634999999999997,0.253,-0.31835,-0.307125,0.766575,0.40337500000000004,0.319825,-0.329125,-0.199175,0.32484999999999997,0.428375,-0.100475,-0.561275,-0.065625,0.258925,0.475425,-0.06995,-0.2106,-0.265975,0.013375,0.241425,-0.2184,-0.13125,-0.25527500000000003,-0.23595,0.20445,0.1237,-0.18769999999999998,-0.3244,0.002125,0.015774999999999997,0.39744999999999997,-0.253475,-0.5807249999999999,0.0823,0.123025,0.328125,-0.2502,-0.48445,-0.40605,0.158375,-0.0111,-0.44115,-0.260075,-0.168975,0.2384,-0.10575000000000001,-0.2157,-0.5588,-0.127475,-0.1363,-0.146875,-0.148125,-0.28859999999999997,-0.243525,-0.08415,0.217775,-0.346075,-0.5709249999999999,-0.654675,-0.53995,0.23622500000000002,-0.2228,-0.43015000000000003,-0.61885,-0.18117499999999997,0.094725,-0.201875,-0.600675,-0.715375,-0.06025,-0.17235,-0.455425,-0.7028,-0.4251,-0.07092499999999999,-0.30557500000000004,-0.303925,-0.7998,-0.55485,-0.604775,-0.5459750000000001,-0.2061,-0.33145,-0.465475,-0.384675,-0.0851,-0.42245,-0.491,-0.795025,-0.8436250000000001,-0.15957500000000002,-0.264725,-0.33415,-0.7833749999999999,-0.465275,-0.38734999999999997,-0.18775,-0.606725,-1.0444499999999999,-0.7176,-0.29425,-0.22365,-0.613875,-0.584,-0.7096,-0.51595,-0.381825,-0.796875,-0.536,-0.7805500000000001,-0.704525,-0.36825,-0.323425,-0.78025,-1.002375,-0.784125,-0.6692,-0.343875,-0.7585500000000001,-0.993425,-0.710375,-0.469125,-0.578525,-0.9926,-0.85395,-0.9721,-0.48795,-0.8269,-1.049025,-0.961,-0.778,-0.366075,-0.7885,-0.7712749999999999,-1.1489,-0.9112750000000001,-0.913275,-0.9770000000000001,-0.7619750000000001,-0.72665,-0.9616,-1.171325,-0.9044000000000001,-1.0224000000000002,-0.8416,-1.383575,-1.0861750000000001,-0.29695,-0.902125,-1.15395,-1.173775,-0.84095,-0.6411,-0.92235,-1.271025,-1.24345,-0.3949,-0.8825000000000001,-0.950225,-1.1117750000000002,-1.161175,-1.024,-0.73375,-0.99395,-1.5693000000000001,-0.6967249999999999,-1.1615,-0.896,-1.081325,-0.8075749999999999,-1.16135,-1.30115,-1.1376,-1.1200999999999999,-0.15542499999999998,-1.901775,-2.435175,0.50425,0.0,0.0,0.0,0.0,0.0,0.0,0.0,0.0,0.0,0.0,0.0,0.0,0.0,0.0,0.0,0.0,0.0,0.0,0.0,0.0,0.0,0.0
0.0,0.0,0.0,0.0,0.0,0.0,0.0,0.0,0.0,0.0,0.0,0.0,0.0,0.0,0.0,0.0,0.0,0.0,0.0,0.0,0.0,0.0,2.643625,2.676875,1.033075,1.3832,2.05835,1.76855,1.6365500000000002,1.129475,0.926425,1.908825,1.849275,2.4539,0.45115,0.7592,1.665925,1.97235,1.2607,1.021775,1.153025,1.520725,1.97075,1.221475,1.011225,0.7776,1.0356750000000001,2.100075,1.54505,1.04155,1.1449500000000001,1.2584,1.20425,1.382925,0.9751,0.439975,0.9244,1.4981,1.698125,0.899025,0.552775,0.72075,1.2883499999999999,1.4221249999999999,0.6409,0.5853250000000001,0.9987,1.7228249999999998,1.54385,0.9626,0.485425,0.68375,1.53855,0.895575,0.8575999999999999,0.741175,0.902825,1.5199,1.32335,0.9715,0.490425,0.606225,0.62505,1.3724750000000001,0.98195,0.507325,0.48575,0.8872249999999999,1.75465,1.019175,0.349225,-0.069425,0.678325,1.183725,0.6890999999999999,0.5701,0.40247499999999997,0.951525,1.2861500000000001,0.93385,0.168525,0.27435,0.806725,0.7785,1.171525,0.39095,0.486275,0.564575,1.033275,0.657825,0.5378,0.300875,0.053125000000000006,0.9066,0.9115,0.6659999999999999,0.23775000000000002,0.394525,0.823175,0.811825,0.6197250000000001,-0.289975,0.23535,0.791675,1.05435,0.4904,0.021125,0.3028,0.65195,0.95735,0.12145,0.202525,0.34125,0.677475,0.92655,0.59415,0.187975,0.22075,0.463275,0.356575,0.5431999999999999,0.2471,-0.09295,0.5019,0.6694249999999999,0.8154,0.073025,-0.030100000000000002,0.0959,0.542925,0.660675,-0.11925,-0.0058,0.39492499999999997,0.9237,0.61355,0.164875,-0.10745,0.173075,0.872775,0.156375,0.17807499999999998,-0.05835,0.1507,0.5381750000000001,0.5634750000000001,0.1482,0.09004999999999999,0.0331,0.114625,0.7470749999999999,0.34255,-0.01345,-0.00995,0.35645,0.728775,0.1501,-0.251125,-0.5366500000000001,0.0964,0.5560750000000001,0.19342499999999999,-0.0729,-0.01405,0.4596,0.5426,0.326525,-0.39265000000000005,-0.254325,0.2157,0.1345,0.298475,-0.062875,0.031225,0.004675,0.275,0.06445000000000001,-0.07795,-0.113175,-0.299075,0.34985,0.206225,0.33055,-0.20965,-0.071425,0.42935,0.258625,-0.004,-0.5571,-0.111025,0.4727,0.4932,-0.11875,-0.302925,-0.042675,0.108425,0.30575,-0.4799,-0.313975,-0.0125,0.2014,0.32495,-0.14600000000000002,-0.26932500000000004,-0.2903,0.1197,-0.118725,0.205625,-0.15385000000000001,-0.399975,0.109125,0.2524,0.21657500000000002,-0.34507499999999997,-0.45482500000000003,-0.485325,0.12137500000000001,0.1426,-0.56345,-0.5281750000000001,0.025924999999999997,0.5148,0.018224999999999998,-0.18309999999999998,-0.59635,-0.04875,0.24355,-0.352175,-0.29622499999999996,-0.3991,-0.2039,0.026175,0.073025,-0.359425,-0.5990249999999999,-0.3889,-0.564875,0.1328,-0.0587,-0.4983,-0.63985,-0.1513,0.20945,-0.37377499999999997,-0.5424249999999999,-0.98215,-0.122775,0.1794,-0.1904,-0.5745499999999999,-0.404375,-0.136025,-0.34085,-0.31895,-0.863775,-0.63795,-0.2861,-0.378325,-0.25265000000000004,-0.6109,-0.429375,-0.645275,-0.13090000000000002,-0.5186,-0.38535,-0.5639749999999999,-0.786725,-0.261475,-0.35255000000000003,-0.3288,-0.905675,-0.6111,-0.40597500000000003,-0.147775,-0.422,-0.9759249999999999,-0.577175,-0.23385,-0.07425000000000001,-0.709325,-0.778175,-0.58565,-0.362675,-0.148325,-0.873775,-0.49145000000000005,-0.516675,-0.37717500000000004,-0.39385000000000003,-0.624725,-0.784475,-0.891525,-0.54895,-0.759475,-0.5246000000000001,-0.6464749999999999,-1.07855,-0.480775,-0.468925,-0.3388,-0.93035,-0.9952,-0.9355249999999999,-0.551825,-0.543225,-1.064475,-0.9329500000000001,-0.4991,-0.413175,-0.8215749999999999,-0.849375,-1.098725,-0.628875,-0.43537499999999996,-0.96685,-0.7434,-0.917775,-0.82615,-0.8229249999999999,-0.7657,-1.06855,-0.938475,-1.3645,-1.1473499999999999,-0.7918,-0.9692000000000001,-1.1222750000000001,-1.1437499999999998,-0.95965,-0.90815,-1.14385,-0.94045,-1.367475,-0.87275,-0.4611,-1.076375,-0.903775,-1.078425,-0.87775,-0.883675,-0.725175,-1.268275,-1.16225,-1.10915,-1.3139,-0.696575,-1.18365,-1.3966,-1.091825,-1.2993999999999999,-0.97865,-1.302525,-1.4423249999999999,-1.2949000000000002,-1.0965,-0.401775,-1.193175,-0.170375,0.0,0.0,0.0,0.0,0.0,0.0,0.0,0.0,0.0,0.0,0.0,0.0,0.0,0.0,0.0,0.0,0.0,0.0,0.0,0.0,0.0,0.0
0.0,0.0,0.0,0.0,0.0,0.0,0.0,0.0,0.0,0.0,0.0,0.0,0.0,0.0,0.0,0.0,0.0,0.0,0.0,0.0,0.0,0.0,1.3186,2.2569,1.93355,1.424675,0.92255,1.26295,1.78315,1.7536999999999998,1.123825,1.04125,1.102725,2.1349,1.8367499999999999,1.2315,0.858425,0.6602,1.4515500000000001,1.88105,1.067825,0.79905,1.110575,1.48385,2.004075,1.4518,1.1670250000000002,0.9824499999999999,1.563075,1.46885,1.277425,0.86835,0.678275,1.395975,1.5304250000000001,1.5292999999999999,0.9384250000000001,0.5386249999999999,0.7068,1.1847750000000001,1.68855,0.599475,0.6241,0.9124749999999999,1.561725,1.7768249999999999,0.9553,0.39665,0.71475,1.808875,1.0462,0.675325,0.5912499999999999,0.9640500000000001,1.626875,1.3504500000000002,0.8946,0.3794,0.63605,0.8170999999999999,1.00915,0.982075,0.47412499999999996,0.767825,1.046975,1.2997750000000001,0.8045749999999999,0.731525,0.28895,0.711025,1.532425,0.7585500000000001,0.2941,0.294625,1.08335,1.27245,0.9851000000000001,0.213775,0.114425,1.0799999999999998,0.9606,0.940475,0.308475,0.448775,0.8671,1.029325,0.5818,0.1606,0.393725,0.5206999999999999,1.024925,0.7749250000000001,0.5464249999999999,0.350125,0.49432499999999996,0.994425,0.7761750000000001,0.6053,-0.16485,0.1629,1.0153249999999998,0.9565,0.5926,0.086325,0.325825,0.764475,1.094975,0.034824999999999995,-0.095025,0.363,0.735525,1.086325,0.5442,0.197775,0.177925,0.602875,0.4853,0.26392499999999997,0.22469999999999998,-0.0152,0.66675,0.784025,0.7328749999999999,0.237175,0.023325,0.19645,0.43465,0.728425,-0.0393,-0.0032749999999999997,0.43505000000000005,0.8690249999999999,0.6372,0.12195,-0.069975,0.15694999999999998,0.9666,0.2614,0.08235,0.063675,0.24155,0.725275,0.38139999999999996,-0.089175,-0.16412500000000002,0.24445,0.162725,0.48255,0.29335,0.178875,0.2355,0.519725,0.70975,0.1335,-0.074975,-0.254825,0.175275,0.6803250000000001,0.067825,-0.132,-0.066275,0.42445,0.5112,0.2691,-0.38770000000000004,-0.127775,0.609975,0.244275,0.31565,-0.14497500000000002,-0.023425,0.3028,0.36155,0.02455,-0.266725,0.104725,0.0040750000000000005,0.445975,0.17145,0.031799999999999995,-0.176825,-0.0751,0.40762499999999996,0.26335,0.14432499999999998,-0.577475,-0.10387500000000001,0.730325,0.4946,0.034824999999999995,-0.13845000000000002,-0.184175,0.229425,0.500625,-0.346975,-0.520675,-0.04265,0.13475,0.492525,-0.2264,-0.351375,-0.36912500000000004,0.16547499999999998,-0.134575,-0.159325,-0.1282,-0.233675,0.02815,0.187775,0.024925,-0.412725,-0.1911,-0.20807499999999998,-0.018825,0.25022500000000003,-0.49677499999999997,-0.424825,-0.124875,0.294725,-0.07379999999999999,-0.39995,-0.45305,-0.22344999999999998,0.410075,-0.297975,-0.31975,-0.233875,-0.1603,0.141425,-0.21225,-0.5376500000000001,-0.65615,0.07092499999999999,-0.21559999999999999,-0.07385,-0.2495,-0.3552,-0.300875,-0.2848,0.036275,-0.585225,-0.4857,-0.8268249999999999,-0.258875,0.33065,-0.25084999999999996,-0.42860000000000004,-0.30655,0.1056,-0.1355,-0.24325,-0.8107,-0.721575,-0.14445000000000002,-0.30465,-0.23604999999999998,-0.7353500000000001,-0.4896,-0.4465,-0.36817500000000003,-0.6627500000000001,-0.637975,-0.39975,-0.371975,-0.1049,-0.309875,-0.446275,-0.5747,-0.571075,-0.287125,-0.4975,-0.38055,-1.022425,-0.648725,0.039075,-0.09355,-0.5597749999999999,-0.7575,-0.7393000000000001,-0.36815,-0.12175,-0.981175,-0.8005249999999999,-0.55825,-0.23205,-0.3163,-0.57895,-0.7576,-0.86215,-0.572825,-0.7885249999999999,-0.6714,-0.6701,-0.6928749999999999,-0.651875,-0.6565749999999999,-0.3588,-0.924125,-0.7099249999999999,-0.91135,-0.672275,-0.4447,-0.951775,-0.781,-0.67945,-0.340875,-0.841775,-0.999925,-1.119425,-0.94645,-0.32365,-0.932875,-0.78235,-0.86,-0.7965,-0.562175,-0.875925,-0.87165,-1.1957,-0.851925,-1.215225,-0.80295,-1.183675,-0.911475,-1.0592000000000001,-0.751125,-0.691075,-1.019775,-0.8038,-1.257575,-0.862825,-0.49824999999999997,-0.8896000000000001,-1.13555,-0.89235,-0.764875,-0.8987,-0.6759000000000001,-1.301875,-0.981375,-0.919025,-1.0631,-1.283925,-1.233225,-0.8137,-1.078925,-1.29455,-1.323925,-1.149575,-1.231425,-1.5878999999999999,-0.9688,-1.149825,-0.816325,-1.4027,-0.630975,-1.5321,-2.128225,0.0,0.0,0.0,0.0,0.0,0.0,0.0,0.0,0.0,0.0,0.0,0.0,0.0,0.0,0.0,0.0,0.0,0.0,0.0,0.0,0.0,0.0
0.0,0.0,0.0,0.0,0.0,0.0,0.0,0.0,0.0,0.0,0.0,0.0,0.0,0.0,0.0,0.0,0.0,0.0,0.0,0.0,0.0,0.0,2.1136749999999997,1.904,1.8440249999999998,1.9472,1.717325,1.2891249999999999,0.91845,1.1640000000000001,2.106825,1.7429000000000001,1.543475,1.083425,1.107475,1.744325,1.784675,0.8071,0.47940000000000005,1.4107,1.65705,2.3613,1.1426500000000002,0.778225,1.0614999999999999,1.7921,1.61445,1.013625,1.038675,0.866075,1.746275,1.8562,1.41925,0.782725,1.019925,1.3181,1.07335,1.336225,0.573175,0.56315,1.16715,1.53415,1.554525,0.740175,0.534,0.6299,1.79465,1.1182750000000001,0.4298,0.556725,0.9539,1.747975,1.2430999999999999,0.786475,0.32284999999999997,0.9744999999999999,1.3394249999999999,1.0532499999999998,1.012325,0.669775,0.9024749999999999,1.195425,1.161275,0.6984,0.46485,0.563,0.820075,1.46035,0.7865,0.74025,0.481875,0.916525,1.0769,0.7823249999999999,0.28395000000000004,-0.0005499999999999999,1.096325,1.0816249999999998,0.7844249999999999,0.3257,0.4124,0.963375,1.09665,0.6688000000000001,-0.04115,0.4474,0.6140749999999999,0.9652000000000001,0.873275,0.550925,0.5983750000000001,0.587475,0.940175,0.2904,0.6561750000000001,0.261825,0.340875,1.270625,0.745375,0.488425,0.037399999999999996,0.323625,0.6554249999999999,0.99175,0.1596,-0.14085,0.48115,0.9029,1.0857999999999999,0.33365,0.110125,0.33752499999999996,0.9148,0.75285,0.102075,0.2723,0.3677,0.7733749999999999,0.6934750000000001,0.392075,0.13972500000000002,0.24565,0.59545,0.35725,0.6159,-0.016025,0.002425,0.55965,0.662425,0.53795,-0.012625,-0.0748,0.17335,0.918275,0.4284,-0.04985,-0.00945,0.5229750000000001,1.07295,0.457125,-0.073875,-0.41047500000000003,0.27695,0.4694,0.338025,0.18787500000000001,0.0356,0.39885,0.5774,0.6427499999999999,0.10519999999999999,0.022,-0.037475,0.1905,0.73895,0.04325,0.014624999999999999,-0.17485,0.29769999999999996,0.4129,0.18535,-0.33665,-0.43015000000000003,0.479425,0.51125,0.21015,-0.104325,-0.01125,0.43620000000000003,0.3439,-0.0359,-0.547925,0.0125,0.276175,0.44584999999999997,0.13997500000000002,0.085425,0.03445,0.099075,0.40385000000000004,-0.1859,0.0628,-0.29917499999999997,-0.13545000000000001,0.423975,0.26134999999999997,0.058225,-0.295075,0.039225,0.233925,0.435725,-0.230925,-0.511925,0.08800000000000001,0.43179999999999996,0.3971,-0.268175,-0.29610000000000003,-0.222625,0.40707499999999996,0.066525,-0.377325,-0.22385,-0.007625,0.220975,0.239875,-0.059375,-0.3093,-0.039475,0.080525,-0.156675,0.202575,-0.30920000000000003,-0.27225,0.118075,0.10395,-0.12919999999999998,-0.371625,-0.52615,-0.230325,0.44955,-0.104675,-0.5044249999999999,-0.341725,0.12765,0.501025,-0.1892,-0.3067,-0.663,0.012750000000000001,0.09912499999999999,-0.272525,-0.28097500000000003,-0.313825,-0.0318,-0.071975,0.02965,-0.5925750000000001,-0.57575,-0.5587500000000001,-0.25655,0.058124999999999996,-0.493425,-0.45255,-0.582575,-0.06920000000000001,-0.143975,-0.135775,-0.6107,-0.67125,-0.239375,-0.24155,-0.397825,-0.817475,-0.520925,-0.20379999999999998,-0.22762500000000002,-0.62005,-0.921125,-0.4284,-0.52575,-0.3571,-0.3902,-0.254625,-0.415325,-0.37775000000000003,-0.2204,-0.76275,-0.420775,-0.6858500000000001,-0.724025,-0.249075,-0.299025,-0.553275,-0.6891499999999999,-0.5544,-0.61985,-0.24922499999999997,-0.733425,-0.942775,-0.6082500000000001,-0.2454,-0.136725,-0.853775,-0.5241,-0.683925,-0.17779999999999999,-0.567425,-0.9842249999999999,-0.672325,-0.65585,-0.432525,-0.67315,-0.5445,-0.782625,-0.647075,-0.646325,-0.6804,-0.3526,-0.909,-0.87375,-0.533825,-0.395475,-0.775,-0.856,-0.9565,-0.95355,-0.38375,-0.8572,-1.0551,-0.9387,-0.6152,-0.21757500000000002,-0.8132,-0.9228000000000001,-1.283,-0.622225,-0.6824,-0.999375,-0.8166,-0.7912,-0.94975,-0.8254,-1.124975,-1.15455,-0.8517250000000001,-1.2736,-0.96895,-0.40875,-0.94835,-1.133,-1.0644,-0.510475,-0.91225,-0.9440000000000001,-0.767125,-1.1279750000000002,-0.57675,-0.9407,-0.956225,-1.463125,-1.014575,-0.85625,-1.081475,-1.1511,-1.3582,-0.91865,-0.71665,-0.910875,-1.70835,-0.603775,-1.543275,-1.334825,-1.05935,-1.5913249999999999,-1.1934500000000001,-0.75405,-0.8456999999999999,0.0,0.0,0.0,0.0,0.0,0.0,0.0,0.0,0.0,0.0,0.0,0.0,0.0,0.0,0.0,0.0,0.0,0.0,0.0,0.0,0.0,0.0
0.0,0.0,0.0,0.0,0.0,0.0,0.0,0.0,0.0,0.0,0.0,0.0,0.0,0.0,0.0,0.0,0.0,0.0,0.0,0.0,0.0,0.0,2.289325,2.04355,1.486325,1.231425,1.075775,1.92835,1.2676749999999999,1.8171,1.2942500000000001,0.9921,1.6761,1.9436499999999999,1.5169,0.63615,1.035275,1.670725,1.763725,1.2994750000000002,1.22505,1.17415,1.648325,2.047825,1.16105,0.71245,1.2264,1.795525,1.859375,1.336125,0.9104,1.117025,1.509075,1.185575,1.425125,0.86825,0.7343,1.38855,1.4625499999999998,1.352725,0.85075,0.581025,0.9078250000000001,1.4313,1.338125,0.684825,0.7175750000000001,1.250275,1.800025,1.013825,0.491375,0.32742499999999997,0.9674750000000001,1.6020999999999999,0.98355,0.822225,0.529175,1.3280750000000001,1.6138,1.178675,0.4692,0.42762500000000003,0.972875,0.9879,1.3594249999999999,0.621575,0.699525,0.82755,1.078725,1.322875,0.60695,0.282525,0.219225,0.9396,1.175325,0.8194,0.360925,0.532475,1.154775,1.0729250000000001,0.8385,-0.04285,0.300475,1.154175,1.042225,0.7745,0.3338,0.5541,0.95075,1.1224500000000002,0.36117499999999997,0.111375,0.32242499999999996,0.45205,0.929575,0.653675,0.6070249999999999,0.27459999999999996,0.572225,0.7749,0.69235,0.27554999999999996,-0.20027499999999998,0.403125,1.0255999999999998,1.004675,0.3538,0.00755,0.2903,0.8261,0.8505,0.041825,0.28345,0.478475,0.98715,0.87425,0.341125,0.063375,0.1981,0.6575249999999999,0.2878,0.41335,0.1469,0.2276,0.671875,0.5693250000000001,0.454525,-0.007325,0.0354,-0.089975,0.640375,0.4245,-0.015375,0.185275,0.5201,0.8999999999999999,0.3807,0.07825,-0.228125,0.42735,0.8685999999999999,0.1183,0.084025,-0.00245,0.53815,0.6294,0.29769999999999996,-0.16365000000000002,0.00745,0.47225,0.339075,0.628325,0.013225,0.06509999999999999,0.14597500000000002,0.39625,0.29300000000000004,-0.0485,-0.1305,-0.280575,0.42419999999999997,0.55375,0.144175,-0.242125,0.040775,0.645425,0.49285,0.14275,-0.64305,-0.015050000000000001,0.555075,0.2989,0.15525,-0.1172,-0.007175,0.38145,0.44655,-0.231925,-0.08299999999999999,-0.09192499999999999,0.055675,0.533375,0.08135,-0.078525,-0.2644,0.081025,0.24135,0.254325,-0.1335,-0.520675,-0.018175,0.4941,0.46692500000000003,-0.21055000000000001,-0.3672,-0.23785,0.23925000000000002,0.308925,-0.489475,-0.2585,0.07552500000000001,0.255425,0.0648,-0.19519999999999998,-0.359725,-0.14732499999999998,0.171075,-0.213725,0.069575,-0.2596,-0.13587500000000002,0.151975,0.054325,-0.139,-0.49112500000000003,-0.36415,-0.35212499999999997,0.0921,-0.077675,-0.401925,-0.464125,0.011,0.3764,-0.18775,-0.46735,-0.686025,-0.0885,0.254525,-0.36155000000000004,-0.315475,-0.2342,0.068075,0.015125000000000001,-0.153625,-0.76015,-0.387975,-0.08695,-0.152825,-0.0352,-0.45137499999999997,-0.424275,-0.39794999999999997,-0.280925,-0.268725,-0.417475,-0.415175,-0.663675,0.033575,-0.07755,-0.26055,-0.788975,-0.345025,-0.1154,-0.311475,-0.461125,-1.1282,-0.3484,0.02265,-0.265,-0.405975,-0.5967250000000001,-0.518625,-0.1027,-0.0862,-0.82865,-0.502875,-0.5592,-0.30510000000000004,-0.1875,-0.456325,-0.503175,-0.8863000000000001,-0.504175,-0.44265,-0.259275,-0.59485,-0.939075,-0.6574249999999999,-0.161875,-0.0751,-0.7924,-0.8546,-0.634675,-0.41555000000000003,-0.198925,-0.93985,-0.56685,-0.41769999999999996,-0.423925,-0.665575,-0.91335,-1.0311750000000002,-0.62465,-0.434,-0.8207249999999999,-0.49974999999999997,-0.775025,-0.6222000000000001,-0.6013,-0.57955,-0.7218249999999999,-0.7843249999999999,-0.8988,-1.064725,-0.60085,-0.8270000000000001,-0.954425,-0.785075,-0.560875,-0.321,-1.010125,-0.92235,-1.17055,-0.587075,-0.32925,-0.9262,-0.8392000000000001,-0.920725,-0.74955,-0.834075,-0.8957999999999999,-1.173575,-0.884175,-0.7735,-1.07185,-0.7684500000000001,-1.0526499999999999,-0.7881750000000001,-1.013425,-0.626225,-1.04765,-1.0289249999999999,-1.180975,-1.045925,-0.44627500000000003,-0.715575,-0.707775,-1.247675,-1.070725,-0.747425,-0.7641749999999999,-0.804925,-1.4559,-0.8666,-0.7905,-0.5185,-0.6705749999999999,-1.108975,-1.5920750000000001,-1.2925499999999999,-0.5426,-1.4644,-0.6421250000000001,-1.1381000000000001,-1.17845,-0.928225,-2.415375,-0.4422,0.0,0.0,0.0,0.0,0.0,0.0,0.0,0.0,0.0,0.0,0.0,0.0,0.0,0.0,0.0,0.0,0.0,0.0,0.0,0.0,0.0,0.0
0.0,0.0,0.0,0.0,0.0,0.0,0.0,0.0,0.0,0.0,0.0,0.0,0.0,0.0,0.0,0.0,0.0,0.0,0.0,0.0,0.0,0.0,0.0,1.860325,2.3530499999999996,2.175575,1.234525,1.381575,1.372975,1.8502999999999998,1.5748,1.24215,0.813825,1.4321,1.7298,1.415775,0.894825,0.8107,1.078525,1.55955,1.63095,0.9865,0.8327,1.3608500000000001,1.785275,2.09875,0.9922,0.7537,1.2879,1.94775,1.3749500000000001,0.905675,0.865,1.2044,1.746475,1.5352,1.11795,0.6241749999999999,0.9418,1.053825,1.269675,1.3250250000000001,0.6880999999999999,0.962075,1.2725,1.757925,1.250375,0.7805,0.36202500000000004,0.981325,1.6528,0.9119,0.61625,0.40902499999999997,1.30185,1.8726500000000001,1.3252,0.45015,0.298,1.0554,1.1429749999999999,1.1288,0.67525,0.634125,1.01095,1.200675,1.07685,0.569725,0.62585,0.289825,0.930775,1.135625,0.71685,0.5654,0.4451,0.937775,0.9513499999999999,0.7708999999999999,0.02895,0.4575,1.0974249999999999,0.951125,0.657475,0.112175,0.425775,0.865575,0.9855,0.326825,0.025325,0.460075,0.54755,1.210175,0.555275,0.44634999999999997,0.4788,0.5607249999999999,0.809175,0.37645,0.33525000000000005,-0.024575,0.5565,0.919975,0.875275,0.367,0.21135,0.45142499999999997,0.6960999999999999,0.876925,-0.197075,0.094,0.5836,1.0661,1.0253999999999999,0.25195,0.083125,0.30460000000000004,0.969375,0.2399,0.1325,0.233475,0.494225,1.071,0.629725,0.276775,-0.037625000000000006,0.300325,0.4161,0.38680000000000003,0.476,-0.127975,0.1819,0.6014499999999999,0.83675,0.42112499999999997,0.028275,-0.223225,0.32965,0.970225,0.1824,-0.02075,-0.0726,0.61165,0.782975,0.37555,-0.33355,-0.259525,0.613625,0.428475,0.484425,0.106975,0.1486,0.416525,0.46515,0.31,-0.178275,0.096175,-0.09775,0.25212500000000004,0.46952499999999997,0.21,-0.038650000000000004,0.04405,0.39125,0.324125,0.1102,-0.369325,-0.055874999999999994,0.6739250000000001,0.330025,0.12465,-0.33285,0.015850000000000003,0.248725,0.337225,-0.289975,-0.32315000000000005,0.20732499999999998,0.413425,0.531725,-0.03315,-0.06955,-0.13625,0.156625,0.2144,0.111375,-0.028475,-0.341425,0.178525,0.4405,0.318925,-0.20627500000000001,-0.193825,0.03075,0.18612499999999998,0.29872499999999996,-0.4814,-0.252625,0.152625,0.44005,0.29575,-0.37885,-0.4051,-0.1284,0.49005,-0.18482500000000002,-0.218775,-0.1776,0.192,0.39544999999999997,-0.086575,-0.197575,-0.5385,-0.18935,-0.018175,-0.051825,0.02765,-0.2659,-0.20532499999999998,0.21555000000000002,0.295575,-0.369875,-0.39915,-0.6076,0.152225,0.575825,-0.183525,-0.4139,-0.51215,-0.053575,0.180375,-0.1781,-0.519575,-0.540875,0.1797,-0.297875,-0.21975,-0.492975,-0.30435,-0.197475,-0.17755,-0.360425,-0.611675,-0.294875,-0.60205,-0.246375,-0.145675,-0.195975,-0.459625,-0.3518,-0.2751,-0.446175,-0.311975,-0.957375,-0.50435,0.000175,-0.295425,-0.396725,-0.7497750000000001,-0.4834,-0.318075,-0.17065,-0.44105,-0.772775,-0.273375,-0.22390000000000002,-0.1668,-0.54895,-0.57625,-0.60035,-0.3444,-0.548275,-0.52145,-0.405675,-0.70625,-0.427075,-0.07475,-0.216975,-0.837,-0.7090000000000001,-0.75165,-0.318,-0.324,-0.933875,-0.666725,-0.226725,-0.159275,-0.49712500000000004,-0.804625,-0.888225,-0.74485,-0.34004999999999996,-0.8377249999999999,-0.697775,-0.7208,-0.5461,-0.421375,-0.563475,-0.62115,-0.96955,-0.64295,-0.7350749999999999,-0.725575,-0.5726249999999999,-0.836125,-0.947875,-0.560525,-0.43927499999999997,-0.97175,-1.043425,-1.10065,-0.7460249999999999,-0.387475,-0.827775,-0.8757,-0.969525,-0.6742,-0.54015,-0.938125,-1.1550500000000001,-1.147025,-0.697425,-0.9609749999999999,-0.833875,-1.120975,-0.813425,-1.022775,-0.8424,-0.806775,-1.272475,-0.7181500000000001,-0.933825,-0.829325,-0.6762,-0.80725,-1.190425,-0.792475,-0.6079249999999999,-1.0727,-0.45137499999999997,-1.475275,-0.938175,-0.7771,-0.584375,-0.752,-1.1324750000000001,-0.9928750000000001,-1.43585,-0.32235,-1.6494,-0.88905,-1.19815,-1.859325,-1.069575,-1.249025,0.5648,-1.5247,-0.40245,0.0,0.0,0.0,0.0,0.0,0.0,0.0,0.0,0.0,0.0,0.0,0.0,0.0,0.0,0.0,0.0,0.0,0.0,0.0,0.0,0.0,0.0,0.0
0.0,0.0,0.0,0.0,0.0,0.0,0.0,0.0,0.0,0.0,0.0,0.0,0.0,0.0,0.0,0.0,0.0,0.0,0.0,0.0,0.0,0.0,0.0,0.8188249999999999,1.56125,2.198,1.921475,1.452725,1.1924000000000001,0.835775,1.3966749999999999,1.500125,1.36625,1.497675,1.3264,1.435075,1.462075,1.8364500000000001,0.857325,0.7477750000000001,1.31985,2.03155,2.1578,1.023875,0.5621,1.2338,1.88005,1.1102999999999998,0.924025,0.706025,1.0746,1.849125,1.6227749999999999,0.987125,0.7365250000000001,1.21705,1.2766250000000001,0.97545,1.3096750000000001,0.7204499999999999,1.183225,1.319175,1.467375,1.228075,0.90625,0.7757499999999999,0.918175,1.6441999999999999,0.8983,0.8146,0.63165,1.086025,1.6632500000000001,1.097275,0.35297500000000004,0.235,1.267825,1.499125,1.065,0.50815,0.699225,1.13335,1.385875,0.968175,0.27,0.647,0.84535,1.1392,1.2490999999999999,0.578025,0.5864,0.785275,1.101775,0.57385,0.6338250000000001,0.1718,0.345125,1.4654500000000001,0.9777499999999999,0.842325,0.246375,0.55735,0.905975,1.0969,0.331275,-0.177475,0.660925,1.17625,1.165125,0.44,0.32685,0.37532499999999996,0.96875,1.124225,0.383475,0.45782500000000004,0.260525,0.73095,1.1192,0.5199,0.248575,0.184475,0.42910000000000004,0.63335,0.8693,0.12204999999999999,-0.0147,0.501375,0.8492999999999999,0.855325,0.17855,0.13929999999999998,0.19947499999999999,1.1116249999999999,0.5727249999999999,-0.0121,0.2362,0.583475,1.0481,0.6309250000000001,0.31555,-0.0722,0.5124,0.66025,0.305675,0.4055,0.1011,0.323025,0.5473,0.4428,-0.010275,0.1001,0.0164,0.363275,0.83165,0.20450000000000002,-0.00015000000000000001,0.0439,0.5788,0.799275,0.294225,-0.1983,-0.34645000000000004,0.685775,0.61755,0.19105,-0.031375,0.279275,0.65365,0.7319,0.265675,-0.34655,0.2586,0.27275,0.346975,0.48212499999999997,0.019875,0.001325,0.115425,0.34559999999999996,0.158975,0.2021,-0.2899,-0.040925,0.75045,0.356825,0.19205,-0.239425,0.1158,0.360325,0.3744,-0.204175,-0.5759,0.10925,0.6822,0.49995,-0.0125,-0.070625,0.009000000000000001,0.43274999999999997,0.3027,-0.30467500000000003,-0.010525,-0.1036,0.26727500000000004,0.602875,0.11182500000000001,-0.14600000000000002,-0.205225,-0.02215,-0.047125,0.2775,-0.3024,-0.396625,0.09187500000000001,0.41455,0.2802,-0.377075,-0.421125,-0.18525,0.4578,-0.218775,-0.559,-0.26195,0.1851,0.450275,-0.040525,-0.225025,-0.397675,0.159225,-0.0137,-0.254375,-0.023425,-0.305975,-0.066275,0.033225000000000005,0.0665,-0.3451,-0.269625,-0.400025,-0.217775,0.22855,-0.2626,-0.2614,-0.3526,0.161275,0.20115,-0.276375,-0.735725,-0.718225,0.10475,0.042025,-0.3001,-0.48085,-0.148925,0.108,-0.0524,-0.330975,-0.7822749999999999,-0.21502500000000002,-0.26177500000000004,-0.282375,-0.146975,-0.4727,-0.423725,-0.2644,-0.083075,-0.28415,-0.28465,-0.7504500000000001,-0.59255,-0.0023,-0.23807499999999998,-0.48224999999999996,-0.90615,-0.4122,-0.18955,-0.3514,-0.567125,-1.0232,-0.313975,0.1185,-0.0368,-0.55685,-0.4534,-0.533425,-0.126175,-0.362675,-0.928525,-0.36150000000000004,-0.634,-0.36412500000000003,-0.2682,-0.31555,-0.617775,-0.49895,-0.463,-0.6604,-0.30970000000000003,-0.6937500000000001,-0.58425,-0.49202500000000005,-0.321275,-0.31985,-0.5949249999999999,-0.6589,-0.720225,-0.282275,-0.76865,-1.0037,-0.6712,-0.437375,-0.331625,-0.5649000000000001,-0.6593,-0.9896,-0.35835,-0.412175,-0.781875,-0.519975,-0.8623000000000001,-0.70305,-0.685675,-0.73955,-0.998425,-0.88675,-0.98305,-0.9748749999999999,-0.42322499999999996,-0.940975,-0.94655,-0.9457249999999999,-0.713425,-0.486875,-0.752425,-1.122225,-1.236375,-0.6927249999999999,-0.74685,-1.0446,-1.14695,-0.552975,-0.917925,-0.64295,-0.806325,-1.252875,-0.861475,-0.939075,-1.062125,-0.6130249999999999,-0.75455,-0.9506,-0.98845,-0.905,-0.962575,-0.8798,-1.2248999999999999,-1.023725,-0.512,-0.756275,-1.09455,-1.503475,-1.217525,-0.884425,-0.520525,-1.298675,-1.4884,-1.35955,-1.0561,-0.67455,-1.4878749999999998,-0.6174999999999999,-1.591075,-0.3218,-0.50085,-1.69865,-1.804475,0.0,0.0,0.0,0.0,0.0,0.0,0.0,0.0,0.0,0.0,0.0,0.0,0.0,0.0,0.0,0.0,0.0,0.0,0.0,0.0,0.0,0.0,0.0
0.0,0.0,0.0,0.0,0.0,0.0,0.0,0.0,0.0,0.0,0.0,0.0,0.0,0.0,0.0,0.0,0.0,0.0,0.0,0.0,0.0,0.0,0.0,2.1596,1.37455,0.6821999999999999,1.27845,1.2516,1.9672749999999999,1.329675,1.237475,1.1255249999999999,1.847175,1.6796250000000001,1.703675,0.87885,0.9078250000000001,1.388625,1.455425,1.9388,1.191425,1.2854750000000001,1.044675,1.9872999999999998,1.502675,0.6037250000000001,0.8078,1.66875,1.7424,1.661625,1.0682,0.681925,1.2262,1.589,0.98325,0.695575,0.69755,1.2257250000000002,1.7276500000000001,1.62025,1.127,0.5177,0.7237250000000001,0.833475,1.518675,0.83185,0.78265,0.902275,1.55195,1.5519749999999999,0.975125,0.499275,0.18235,1.2764250000000001,1.587625,0.955775,0.633,0.6159250000000001,1.56195,1.437575,0.873875,0.07805000000000001,0.410825,1.2145000000000001,1.1888750000000001,1.178975,0.49105,0.88305,0.9928,1.108875,0.6945749999999999,0.462025,0.328175,0.4247,1.115,0.8921,0.6098,0.301825,0.770625,1.1018999999999999,0.8483750000000001,0.37185,-0.188025,0.5834250000000001,0.997525,1.04915,0.5585249999999999,0.19592500000000002,0.6121,1.088675,0.930775,-0.240175,0.36645,0.476925,0.770725,1.0053999999999998,0.4274,0.2568,0.353775,0.656475,0.42925,0.549625,0.118925,0.132875,0.7927249999999999,1.0573249999999998,0.8136,0.028025,0.151575,0.296475,0.921625,0.64525,0.030350000000000002,0.32839999999999997,0.7320249999999999,1.127,0.646525,0.0079,-0.07815,0.617,0.9332,0.24795,0.234025,0.1283,0.6590499999999999,0.96185,0.42785,-0.045725,-0.070625,0.13442500000000002,0.26195,0.6595500000000001,0.188025,0.169475,0.21395,0.779925,0.7676499999999999,0.21230000000000002,-0.080575,-0.36157500000000004,0.5241,0.711625,0.181675,0.084675,0.10575,0.7387,0.564675,0.263525,-0.35875,0.07967500000000001,0.637375,0.42495000000000005,0.368675,-0.0919,0.175825,0.310925,0.395675,-0.185,-0.042874999999999996,-0.09035,-0.12985,0.486575,0.34965,0.233,-0.122175,0.292975,0.28252499999999997,0.17959999999999998,-0.13375,-0.66405,0.15195,0.60085,0.338075,-0.086775,-0.110125,0.084025,0.48335,0.38005,-0.4454,-0.129525,0.06684999999999999,0.30905,0.48982499999999995,-0.106175,-0.0843,-0.15639999999999998,0.34845,-0.027475,0.0063,-0.3137,-0.125925,0.2983,0.15864999999999999,0.2016,-0.34337500000000004,-0.12025,-0.14775,0.286025,0.15415,-0.505575,-0.261875,0.2352,0.354,-0.061849999999999995,-0.39045,-0.50185,0.19075,0.389575,-0.28315,-0.0936,-0.3429,0.163125,0.25485,0.000975,-0.3965,-0.51385,-0.225875,-0.18165,0.10025,-0.311825,-0.22215000000000001,-0.321,0.25225,0.27815,-0.292275,-0.3752,-0.8057749999999999,0.22005,0.317125,-0.200525,-0.411675,-0.2999,0.024125,0.03105,-0.285025,-0.766,-0.2414,-0.11424999999999999,-0.206925,-0.196325,-0.707,-0.231225,-0.3345,-0.1906,-0.545125,-0.36855000000000004,-0.49005,-0.4911,-0.011,-0.422475,-0.375525,-0.81085,-0.332275,-0.361975,-0.261475,-0.598725,-0.9875750000000001,-0.4844,-0.079125,-0.03505,-0.5953,-0.5762,-0.396575,0.062975,-0.33565,-0.8311000000000001,-0.492625,-0.4239,0.503875,-0.33514999999999995,-0.599575,-0.481525,-0.4739,-0.268125,-0.51845,-0.417925,-0.67955,-0.44070000000000004,-0.4693,-0.33804999999999996,-0.36495,-0.87405,-0.669775,-0.78305,-0.291225,-0.486975,-0.967425,-0.69655,-0.398075,-0.380775,-0.7551,-0.84855,-1.008475,-0.39545,-0.327025,-0.8922249999999999,-0.5035000000000001,-0.882575,-0.435775,-0.5954999999999999,-0.767525,-1.05005,-0.9807999999999999,-0.792075,-0.7804249999999999,-0.800475,-0.705425,-0.7486250000000001,-1.043425,-0.532575,-0.5286,-0.8547,-0.976675,-1.3183500000000001,-0.6212500000000001,-0.527725,-0.807725,-0.987325,-0.9349000000000001,-0.8619,-0.7071,-1.0379749999999999,-1.33895,-0.889875,-0.9292,-0.7819750000000001,-0.7077,-0.933075,-0.859575,-0.8949,-0.668075,-0.802475,-0.6841,-1.1542000000000001,-1.21715,-0.6823,-0.7716000000000001,-1.1075,-1.2170750000000001,-0.96585,-0.972025,-1.243225,-0.70375,-1.64605,-1.03505,-0.437525,-1.361225,-1.4367,-0.922975,-1.3831250000000002,-1.2399,-0.425075,-2.2194000000000003,-0.31985,-1.12075,-0.480625,-1.913,0.0,0.0,0.0,0.0,0.0,0.0,0.0,0.0,0.0,0.0,0.0,0.0,0.0,0.0,0.0,0.0,0.0,0.0,0.0,0.0,0.0,0.0,0.0
0.0,0.0,0.0,0.0,0.0,0.0,0.0,0.0,0.0,0.0,0.0,0.0,0.0,0.0,0.0,0.0,0.0,0.0,0.0,0.0,0.0,0.0,0.0,1.29125,1.925775,2.26125,1.8561750000000001,1.28635,1.20635,1.5612249999999999,1.5663,1.25605,0.5180499999999999,0.987125,1.7115,2.22885,1.701975,1.197625,0.650425,1.482225,1.801675,1.80755,0.768925,1.154325,1.276325,2.16155,1.694475,0.786525,0.6171500000000001,1.0685250000000002,1.896725,1.05605,0.70285,0.829325,1.343525,1.847225,1.031625,0.7344250000000001,0.7334,1.2422,1.3171499999999998,1.332875,1.250375,0.6815,1.08895,1.7726,1.430175,0.8445750000000001,0.63045,0.563825,1.2319,1.4443249999999999,0.8615999999999999,0.717525,0.733625,1.3826,1.480125,1.2007500000000002,0.096275,0.47314999999999996,1.3889749999999998,1.24,0.964875,0.4303,0.86325,1.3057,1.208425,0.833875,0.258925,0.72925,0.8523,1.0762,0.7793,0.597575,0.52835,0.963375,1.04325,0.7769,0.6613249999999999,-0.050175,0.7728250000000001,1.364075,1.03125,0.669725,0.07395,0.533425,1.16175,0.9724,0.14665,0.12869999999999998,0.5971500000000001,1.159875,1.141625,0.20055,0.40754999999999997,0.45747499999999997,0.9948750000000001,0.540975,0.1745,0.178275,0.23995,0.85605,0.790575,0.638125,0.21814999999999998,0.356425,0.45662499999999995,0.7204,0.7153,-0.16025,0.192775,0.61275,0.9564,0.600225,0.08704999999999999,0.01455,0.4602,0.88855,0.18205,0.145125,0.32277500000000003,0.78825,1.001275,0.46047499999999997,-0.058,-0.09267500000000001,0.4688,0.35507500000000003,0.29007499999999997,0.15139999999999998,0.20965,0.41759999999999997,0.7464999999999999,0.5811499999999999,0.117825,0.14100000000000001,-0.052875000000000005,0.5633250000000001,0.7973750000000001,0.013675,0.08447500000000001,0.093925,0.6412,0.592,0.209475,-0.3008,0.121325,0.820225,0.415425,0.32175,-0.1236,0.4411,0.699,0.48675,-0.11325,-0.203,0.142625,0.08745,0.47985,0.168125,0.056375,-0.001075,0.400525,0.440725,0.24755,0.057475,-0.50945,0.31105,0.6272,0.273525,-0.16042499999999998,-0.35067499999999996,0.12840000000000001,0.386325,0.31,-0.39655,-0.404175,0.18145,0.62485,0.387625,-0.2348,-0.25282499999999997,-0.061075000000000004,0.48040000000000005,0.0023,-0.1188,-0.023675,0.018525,0.3023,0.27255,0.08410000000000001,-0.369625,-0.1546,-0.08739999999999999,0.162975,0.28747500000000004,-0.38197499999999995,-0.0914,0.24004999999999999,0.2797,-0.04185,-0.319975,-0.483175,0.015575,0.445025,-0.27242500000000003,-0.27249999999999996,-0.191225,0.4487,0.368375,-0.09949999999999999,-0.518,-0.4652,0.187875,-0.10300000000000001,-0.135475,-0.25685,-0.06962499999999999,-0.127075,0.024275,-0.06895,-0.373275,-0.2585,-0.38965,0.1175,0.256275,-0.31815000000000004,-0.36629999999999996,-0.27735,0.18485,0.043550000000000005,-0.287675,-0.9379500000000001,-0.36767500000000003,0.093225,-0.05375,-0.2836,-0.595675,-0.0998,-0.027775,-0.1824,-0.6789,-0.717,-0.197175,-0.3022,-0.120475,-0.3204,-0.24785,-0.57205,-0.20565,-0.3606,-0.48202500000000004,-0.5104,-0.966175,-0.4323,0.14565,-0.3032,-0.49985,-0.8505,-0.35025,-0.164,-0.102175,-0.627375,-0.7048,-0.200525,0.040650000000000006,-0.30625,-0.76475,-0.564375,-0.529975,-0.1462,-0.5454749999999999,-0.51875,-0.2935,-0.5010249999999999,-0.44045,-0.336175,-0.4996,-0.849125,-0.5837,-0.799525,-0.3564,-0.28099999999999997,-0.806675,-0.65085,-0.33365,-0.44575,-0.790975,-0.80935,-1.0812,-0.5264500000000001,-0.3558,-0.973325,-0.7635,-0.728775,-0.263825,-0.4543,-0.709025,-0.967175,-0.910575,-0.615,-0.838125,-0.723975,-0.633725,-0.744725,-0.693775,-0.748525,-0.6341,-0.76905,-0.7700750000000001,-1.1328,-0.515925,-0.46882500000000005,-0.73935,-1.0685,-0.7915,-0.689975,-0.7241500000000001,-0.921,-1.356225,-0.80355,-0.7639750000000001,-0.80465,-0.9731500000000001,-1.4112,-0.62115,-0.7399249999999999,-0.7744,-1.1004,-1.195625,-0.7202,-0.846475,-0.82055,-1.011875,-0.7060500000000001,-1.3079,-0.867225,-0.664175,-1.0389249999999999,-0.841175,-1.504925,-0.9464999999999999,-0.45895,-0.253675,-1.11995,-1.25515,-1.288475,-1.0109,-1.225975,-1.618425,-1.279475,-1.41155,-0.542875,-1.08525,-1.60075,-1.303925,-1.4028749999999999,0.0,0.0,0.0,0.0,0.0,0.0,0.0,0.0,0.0,0.0,0.0,0.0,0.0,0.0,0.0,0.0,0.0,0.0,0.0,0.0,0.0,0.0,0.0
0.0,0.0,0.0,0.0,0.0,0.0,0.0,0.0,0.0,0.0,0.0,0.0,0.0,0.0,0.0,0.0,0.0,0.0,0.0,0.0,0.0,0.0,0.0,1.738075,1.40845,1.49985,1.507275,1.7518,0.828175,1.1877,1.45455,2.11045,1.85305,1.321275,0.60325,1.5635999999999999,1.3198999999999999,1.2743,1.51205,0.781325,1.414275,1.5671,2.04345,2.02095,0.879225,0.855325,1.3419750000000001,1.845425,1.3011249999999999,0.8091,1.136625,1.894025,2.114875,1.259075,0.581175,0.3961,1.345475,1.5900999999999998,1.13105,1.189175,0.8344,1.42855,1.749275,1.5100500000000001,0.592425,0.6791750000000001,0.87005,1.24905,1.4711500000000002,0.80305,0.6683,0.82445,1.25975,1.405975,0.7382249999999999,0.4526,0.36460000000000004,1.434325,1.3109,0.989225,0.44135,0.815075,1.348025,1.3046,0.721925,0.10740000000000001,0.9501,1.240775,1.268325,0.97715,0.378575,0.7107,1.02945,0.9873,0.414725,0.572425,0.263075,0.7438750000000001,1.257425,0.776775,0.557825,0.35625,0.72425,0.907975,0.92285,0.065925,0.0728,0.7720250000000001,1.2064249999999999,1.1007,0.197175,0.285725,0.59635,1.2205249999999999,0.7458750000000001,0.11750000000000001,0.454825,0.59015,1.0860750000000001,0.7457,0.334375,0.1047,0.6360750000000001,0.694825,0.55165,0.5270250000000001,0.051675,0.414925,0.8031250000000001,0.7416,0.53725,0.114425,0.157075,0.5061249999999999,0.91125,0.34772499999999995,0.051225,0.276475,0.965,0.968025,0.44689999999999996,-0.0365,-0.04655,0.853275,0.8186,0.22515,0.0959,0.14847500000000002,0.57865,0.577925,0.37465000000000004,-0.12615,0.24430000000000002,0.200025,0.61695,0.700275,0.1334,0.17882499999999998,0.101275,0.3938,0.5404249999999999,0.10525,-0.198625,-0.111925,0.906875,0.6737249999999999,0.16895,-0.07325000000000001,0.366375,0.6852,0.5691499999999999,0.030525,-0.37525000000000003,0.3553,0.481925,0.3147,0.12419999999999999,-0.06715,0.049174999999999996,0.208825,0.2154,-0.09784999999999999,0.17425000000000002,-0.1669,0.303175,0.607175,0.11510000000000001,0.08760000000000001,-0.296225,0.08075,0.1394,0.195175,-0.26949999999999996,-0.39265,0.392175,0.56795,0.2955,-0.26735000000000003,-0.20429999999999998,-0.030125000000000002,0.56325,0.05665,-0.3609,0.061399999999999996,0.19540000000000002,0.5531250000000001,0.166925,-0.0996,-0.278375,0.2332,0.154175,0.00865,0.04065,-0.339675,-0.009075,0.349675,0.271775,0.035324999999999995,-0.35585,-0.27807499999999996,-0.11515,0.357875,-0.15565,-0.48429999999999995,-0.26535000000000003,0.5595,0.458025,-0.13572499999999998,-0.437825,-0.484525,0.491525,0.20332499999999998,-0.15885,-0.233125,-0.1544,0.057999999999999996,0.038375,-0.221275,-0.530625,-0.259725,-0.35619999999999996,-0.024849999999999997,0.12772499999999998,-0.23275,-0.3114,-0.3452,0.07619999999999999,-0.105475,-0.332725,-0.632825,-0.610425,0.247075,0.2052,-0.304,-0.5474749999999999,-0.11295,0.0046,-0.008624999999999999,-0.545275,-0.86595,-0.050175,-0.15735000000000002,-0.16485,-0.28205,-0.3073,-0.4028,-0.13505,-0.282125,-0.722775,-0.40685,-0.74075,-0.341275,-0.325925,-0.35035,-0.49155,-0.7332749999999999,-0.5433,-0.419625,-0.103225,-0.804475,-0.73925,-0.251575,0.2652,-0.17135,-0.702225,-0.609575,-0.525475,-0.08385000000000001,-0.46514999999999995,-0.83145,-0.280125,-0.118575,-0.0319,-0.394075,-0.500975,-0.73885,-0.277975,-0.5730500000000001,-0.61315,-0.286025,-0.840175,-0.6693749999999999,-0.1476,-0.290825,-0.53515,-0.746275,-0.6906749999999999,-0.7353500000000001,-0.30937499999999996,-0.790025,-0.95245,-0.7712749999999999,-0.171575,-0.315425,-0.651975,-0.883625,-0.96175,-0.258375,-0.26795,-0.8998,-0.756175,-0.7124250000000001,-0.673975,-0.566325,-0.7722249999999999,-1.121775,-0.512675,-0.92305,-0.630825,-0.43225,-0.731675,-0.786775,-0.9328,-0.50025,-0.740275,-0.826925,-1.27145,-1.11745,-0.58735,-0.7334750000000001,-0.926775,-1.286675,-0.7374,-0.8423,-0.80105,-1.1271499999999999,-1.5232,-0.72655,-0.800875,-0.6949,-0.847975,-1.112875,-0.952475,-0.617575,-0.873975,-1.04645,-0.856425,-1.042525,-0.827075,-0.9447,-1.17245,-0.91785,-1.631875,-1.007225,-1.01735,-0.7614,-1.4213,-1.3406,-1.021525,-0.8939,-1.565275,-1.313475,-1.84975,-2.068325,0.023825000000000002,-0.76505,-1.902525,0.0,0.0,0.0,0.0,0.0,0.0,0.0,0.0,0.0,0.0,0.0,0.0,0.0,0.0,0.0,0.0,0.0,0.0,0.0,0.0,0.0,0.0,0.0
0.0,0.0,0.0,0.0,0.0,0.0,0.0,0.0,0.0,0.0,0.0,0.0,0.0,0.0,0.0,0.0,0.0,0.0,0.0,0.0,0.0,0.0,0.0,2.86925,1.86195,0.5152749999999999,0.70565,1.299825,1.828025,1.87335,1.386825,1.552025,1.5793,1.822825,1.3855,1.5889,0.8323499999999999,1.0568,1.45065,2.18225,1.4205750000000001,1.12675,1.28995,1.0269249999999999,2.063375,1.4303249999999998,0.8952249999999999,1.1213000000000002,1.4672,1.786225,1.3655,0.90655,0.5614,1.485975,1.697825,0.9484,0.705325,0.856975,1.508025,1.6852,1.27925,0.5665250000000001,0.960025,1.138825,1.108125,1.287175,0.6401249999999999,1.049125,1.10515,1.3731,1.22445,0.67945,0.46082500000000004,0.541425,1.4301249999999999,1.4892750000000001,0.9023749999999999,0.671125,1.0342500000000001,1.5226,1.2459,0.547625,0.0399,0.8918250000000001,1.434425,1.2518,0.8425750000000001,0.2545,0.893325,1.3249499999999999,1.1665750000000001,0.12780000000000002,0.2358,0.5487,1.048075,1.255875,0.6837,0.6972,0.47052499999999997,0.868975,0.873575,0.86755,0.372525,0.030449999999999998,0.8826,1.2049999999999998,0.98215,0.409775,0.33465,0.623775,1.1696,0.64375,0.018750000000000003,0.31277499999999997,0.7249749999999999,1.183925,0.87975,0.355875,0.055749999999999994,0.582775,0.8496,0.34645,0.41154999999999997,0.27240000000000003,0.6315999999999999,0.95235,0.8093,0.57955,0.055975,0.299375,0.268025,0.731225,0.45935,0.121675,0.41245,0.873575,0.85625,0.354375,0.046525,-0.0675,0.780125,0.81595,0.292025,0.170525,0.255075,0.820075,0.7184,0.17622500000000002,-0.32885000000000003,0.015025,0.515775,0.5142,0.5385,0.131625,0.33799999999999997,0.4288,0.678075,0.35912499999999997,0.031575,-0.082875,-0.13885,0.6687,0.5502750000000001,0.19017499999999998,0.11905,0.47005,0.6441250000000001,0.5424,-0.01935,-0.413825,0.45289999999999997,0.81035,0.541975,0.1902,-0.143025,0.21952500000000003,0.45445,0.27255,-0.3876,-0.041375,0.125225,0.507425,0.6205,0.1216,0.01995,-0.18905,0.30884999999999996,0.23985,0.0598,-0.078375,-0.4959,0.293525,0.480025,0.435975,-0.1968,-0.10752500000000001,0.03125,0.5791,0.07835,-0.48105,-0.1497,0.24125,0.548825,0.26297499999999996,-0.14595,-0.29225,0.142625,0.32225,-0.266125,-0.09154999999999999,-0.17002499999999998,0.223975,0.35172499999999995,0.19544999999999998,-0.07037500000000001,-0.40149999999999997,-0.065775,-0.15565,0.31275,0.013,-0.379625,-0.164525,0.40902499999999997,0.2142,-0.23445,-0.41547500000000004,-0.42000000000000004,0.42,0.32842499999999997,-0.218775,-0.269425,-0.278525,0.264175,0.186925,-0.22,-0.6865749999999999,-0.1837,0.041675000000000004,-0.08829999999999999,-0.19245,-0.4641,0.008725,-0.033225000000000005,0.12229999999999999,-0.3024,-0.39105,-0.25275000000000003,-0.32115,0.19165,0.0711,-0.289675,-0.430775,-0.03395,-0.024325,-0.20095000000000002,-0.533975,-0.80925,-0.05615,0.157475,-0.173675,-0.3855,-0.5505,-0.33530000000000004,0.038650000000000004,-0.236675,-0.781425,-0.429925,-0.321675,-0.11835,-0.079675,-0.375425,-0.4291,-0.784975,-0.4334,-0.3733,-0.4618,-0.7231,-0.793275,-0.325525,0.012625,-0.20895,-0.5906,-0.514575,-0.3536,-0.014075,-0.37745,-0.93225,-0.3469,-0.374425,-0.132575,-0.336075,-0.602675,-0.62845,-0.2718,-0.323275,-0.7406,-0.511525,-0.6632,-0.477925,-0.359175,-0.507725,-0.61645,-0.7728,-0.53165,-0.7213750000000001,-0.307925,-0.5734,-0.86195,-0.8085249999999999,-0.3219,-0.46435,-0.66325,-0.8506,-1.0555750000000002,-0.27985,-0.32972500000000005,-0.9555499999999999,-0.6686,-0.6234500000000001,-0.45085000000000003,-0.73245,-0.7874749999999999,-1.0414750000000002,-0.82675,-0.8334,-0.817975,-0.8054,-0.8283750000000001,-0.697125,-0.607525,-0.526725,-0.756775,-0.885275,-0.7178249999999999,-0.920075,-0.64655,-0.6819500000000001,-0.99465,-1.09585,-0.66465,-0.918025,-0.85075,-1.10185,-1.4261000000000001,-0.6544,-0.64155,-0.65715,-1.0782,-1.098375,-0.8356,-0.86225,-0.7682,-1.280825,-1.046275,-1.1446,-0.588975,-0.7731,-0.9184,-1.387175,-1.38635,-1.0873,-0.8919250000000001,-1.027025,-0.7117749999999999,-1.3986,-0.9768,-0.555975,-1.127575,-0.916025,-0.9537249999999999,-1.6519750000000002,-0.3423,-0.6039,-0.743725,-1.19755,-0.89765,0.7015,0.0,0.0,0.0,0.0,0.0,0.0,0.0,0.0,0.0,0.0,0.0,0.0,0.0,0.0,0.0,0.0,0.0,0.0,0.0,0.0,0.0,0.0,0.0
0.0,0.0,0.0,0.0,0.0,0.0,0.0,0.0,0.0,0.0,0.0,0.0,0.0,0.0,0.0,0.0,0.0,0.0,0.0,0.0,0.0,0.0,0.0,1.041325,1.23855,2.4783,1.675725,1.27915,0.85785,1.4197250000000001,2.23605,1.4821499999999999,0.9047,1.0566499999999999,1.70875,1.9722,1.662125,1.1527500000000002,0.764025,1.56175,1.44435,1.600425,1.4363,1.1144500000000002,1.2079,1.5595,2.012525,1.43295,0.91235,0.692625,1.4354,1.7627249999999999,0.935825,0.690225,0.638575,1.4733,1.784125,1.22445,0.5889,0.745475,1.6182500000000002,1.4519250000000001,1.3110249999999999,0.79525,0.822975,1.324625,1.729475,1.15735,0.47235000000000005,0.778275,0.7093,1.337625,1.2596500000000002,0.7722749999999999,0.78135,1.087075,1.37945,1.2430249999999998,0.738125,0.16405,0.768625,1.4454500000000001,1.25115,0.809075,0.3823,0.970375,1.2703,1.227825,0.34750000000000003,0.310875,0.89585,0.991225,1.0826500000000001,0.475075,0.66605,0.752575,1.297375,0.836875,0.481025,0.582325,0.35764999999999997,1.126925,1.140025,0.8007249999999999,0.377075,0.342125,0.63715,0.9035500000000001,0.8534250000000001,0.00265,0.380625,0.8493999999999999,1.179875,0.94435,0.144325,0.194525,0.6713,1.096525,0.2309,0.2338,0.226125,0.87595,1.03935,0.6447750000000001,0.45135000000000003,0.111875,0.6915,0.5846,0.5254,0.4299,0.008924999999999999,0.652425,0.934525,0.75775,0.27535,0.1073,0.060125,0.819175,0.902425,0.1464,0.0945,0.18315,0.9896,0.8404,0.289625,-0.25005,0.020075,0.73275,0.38765,0.318025,-0.081575,0.430275,0.567775,0.843475,0.21005,-0.097825,0.264075,0.025500000000000002,0.62795,0.5198499999999999,0.083825,0.06575,0.167675,0.4769,0.3379,0.18819999999999998,-0.413625,0.292925,0.663625,0.580075,0.20565,-0.197625,0.301875,0.539875,0.40475,-0.373175,-0.23777500000000001,0.191825,0.448125,0.377725,0.04505,0.0655,0.14252499999999999,0.688825,0.145175,-0.0829,0.157725,-0.21102500000000002,0.405125,0.3888,0.127625,-0.189975,0.0029,0.09042499999999999,0.42855,0.235475,-0.529575,-0.042475,0.35705,0.6998,0.18719999999999998,-0.357275,-0.2611,0.1528,0.46025,-0.21297500000000003,-0.243775,-0.01395,0.485625,0.403275,0.148425,-0.16807499999999997,-0.310425,0.290325,0.071175,0.08965000000000001,-0.005875,-0.3091,0.102275,0.5455749999999999,0.1709,-0.290675,-0.2736,-0.56255,0.3362,0.36477499999999996,-0.27945,-0.17595,-0.153,0.53905,0.231325,-0.19665,-0.524025,-0.42479999999999996,0.29564999999999997,-0.096275,-0.121875,-0.412075,0.032350000000000004,-0.054025,0.12245,-0.33075,-0.430225,-0.089225,-0.3416,0.15485,0.0028,-0.23925000000000002,-0.319625,-0.024925,-0.09435,-0.22485,-0.272725,-0.7771,-0.1036,0.1942,-0.26380000000000003,-0.3634,-0.6429,-0.27665,-0.093125,-0.15435,-0.701825,-0.58345,-0.01375,0.16865,-0.1648,-0.5093,-0.32047499999999995,-0.43289999999999995,-0.09204999999999999,-0.495475,-0.477175,-0.367,-0.6170749999999999,-0.239375,-0.227975,-0.38482500000000003,-0.572975,-0.6044499999999999,-0.38077500000000003,-0.081125,-0.268825,-0.8907750000000001,-0.3644,-0.14032499999999998,-0.009725,-0.36760000000000004,-0.7350749999999999,-0.6293249999999999,-0.29325,-0.071525,-0.60675,-0.7823,-0.34450000000000003,-0.1641,-0.253625,-0.6481750000000001,-0.5841500000000001,-0.85945,-0.221125,-0.551075,-0.386925,-0.387125,-0.57065,-0.6231249999999999,-0.13135000000000002,-0.5252,-0.8317749999999999,-0.82565,-0.975175,-0.17805,-0.262675,-0.854975,-0.8497250000000001,-0.8397,-0.45835000000000004,-0.48555000000000004,-0.792725,-0.97835,-0.919325,-0.47767499999999996,-0.5314749999999999,-0.8623000000000001,-1.00485,-0.64805,-0.79845,-0.613275,-1.019775,-0.865775,-0.633,-0.98525,-0.47585,-0.585875,-0.877175,-1.045025,-0.960325,-1.02455,-1.078625,-0.8026500000000001,-1.4256,-0.86215,-0.529825,-0.8199000000000001,-0.994175,-1.2589000000000001,-1.10045,-0.897625,-1.0768499999999999,-1.15495,-1.1658499999999998,-0.462375,-0.544275,-0.958625,-1.056525,-0.9049,-1.0648,-0.615425,-1.226975,-0.8391500000000001,-0.998225,-0.9052,-0.8876000000000001,-0.632425,-0.788675,-1.02995,-1.110425,-1.65065,-1.1128,-0.709825,-1.6080999999999999,-1.888825,-0.73075,-0.563125,-0.721125,-1.072975,-1.861125,0.0,0.0,0.0,0.0,0.0,0.0,0.0,0.0,0.0,0.0,0.0,0.0,0.0,0.0,0.0,0.0,0.0,0.0,0.0,0.0,0.0,0.0,0.0
0.0,0.0,0.0,0.0,0.0,0.0,0.0,0.0,0.0,0.0,0.0,0.0,0.0,0.0,0.0,0.0,0.0,0.0,0.0,0.0,0.0,0.0,0.0,0.0,0.943025,1.456,0.9431750000000001,2.2281750000000002,1.4411999999999998,0.7037500000000001,1.46815,1.641975,1.9357250000000001,1.603475,1.1684999999999999,0.711975,1.7062249999999999,1.597975,1.1733500000000001,1.210675,1.177225,1.398625,1.5363250000000002,1.4209,1.345875,0.94835,0.96685,1.519225,1.7971,0.8986,0.80065,0.940275,1.977075,1.7687,1.0162,0.5892000000000001,0.646675,1.569,1.6263999999999998,1.057425,1.1596250000000001,0.965875,1.713075,1.676475,0.7126,0.407925,0.9898,1.24135,1.2421,1.085875,0.660875,0.899975,1.209875,1.3501500000000002,0.93315,0.764575,0.5397,0.856875,1.51245,1.198725,0.76495,0.48145000000000004,1.0263,1.2050750000000001,1.1494,0.47905,0.031925,1.210775,1.5868,1.4015,0.4405,0.417525,0.6938249999999999,1.37795,1.035525,0.32735000000000003,0.5362,0.510325,1.2373,1.22875,0.59985,0.4586,0.44284999999999997,0.70465,0.80925,0.701225,0.151475,0.33857499999999996,0.98895,1.35385,0.81665,0.234325,0.199725,0.693175,1.185125,0.439175,0.134275,0.37412500000000004,0.845175,1.0797999999999999,0.5077,0.160025,0.14595,0.907125,0.76615,0.46175,0.42969999999999997,0.152425,0.653375,0.666525,0.521775,0.166475,0.255625,0.122075,0.6461250000000001,0.74805,0.088775,0.15215,0.315875,1.01335,0.7827999999999999,0.296025,-0.2272,0.026850000000000002,0.9965250000000001,0.7087,0.18009999999999998,0.025725,0.40815,0.71165,0.566775,0.17225,-0.0972,0.59345,0.4758,0.5687249999999999,0.41984999999999995,0.108475,0.2975,0.5674250000000001,0.531825,0.12142499999999999,0.0686,-0.177225,0.316025,0.72315,0.45005,0.1096,-0.1137,0.556775,0.5595,0.55425,-0.2795,-0.25105,0.55535,0.6295999999999999,0.40502499999999997,-0.16,-0.041325,0.145275,0.75465,0.191525,-0.258075,0.13605,0.1074,0.580925,0.3799,-0.0967,-0.1363,-0.055224999999999996,0.129725,0.15412499999999998,0.194675,-0.236075,-0.05395,0.250225,0.480475,0.13955,-0.32945,-0.130875,0.02795,0.5681750000000001,-0.029875,-0.301475,0.0297,0.40105,0.4295,0.1023,-0.2846,-0.35325,0.384525,0.179675,-0.01465,-0.02135,-0.2095,0.22292499999999998,0.26089999999999997,0.020999999999999998,-0.2412,-0.195575,-0.2055,0.082625,0.177075,-0.27202499999999996,-0.33725000000000005,-0.1588,0.3905,0.135425,-0.2455,-0.549825,-0.503575,0.39015,0.14679999999999999,-0.19035,-0.237275,0.1475,0.140525,0.051949999999999996,-0.498325,-0.6017,0.0047,0.062125,0.083725,-0.109275,-0.356075,-0.006425,0.1129,0.037325,-0.39295,-0.17527500000000001,-0.6445749999999999,-0.069525,0.1449,-0.10385,-0.362,-0.5993,-0.087825,-0.16205,-0.07642499999999999,-0.820975,-0.848275,0.091475,0.38687499999999997,-0.08337499999999999,-0.45592499999999997,-0.45545,-0.3027,0.062349999999999996,-0.45,-0.7291,-0.3231,-0.5056,-0.026325,-0.21755,-0.5971249999999999,-0.611425,-0.4849,-0.6341749999999999,-0.476875,-0.107725,-0.714575,-0.53425,-0.430825,0.018075,-0.48519999999999996,-0.72065,-0.7536750000000001,-0.434525,-0.003425,-0.535325,-0.6752750000000001,-0.26865,-0.063225,-0.210575,-0.473825,-0.65105,-0.8632,-0.228225,-0.49010000000000004,-0.5284249999999999,-0.636325,-0.605675,-0.423275,-0.20595,-0.6031,-0.81215,-0.61985,-0.7642249999999999,-0.739325,-0.4936,-0.8423,-0.79715,-0.778875,-0.182175,-0.538725,-0.7815,-1.076575,-0.8040750000000001,-0.1906,-0.5534250000000001,-0.94425,-0.8605,-0.551225,-0.46647500000000003,-0.3456,-1.141925,-1.169,-0.457425,-0.8250500000000001,-0.5903750000000001,-0.729725,-0.751325,-0.906775,-0.84475,-0.8128249999999999,-0.8223,-0.8313,-1.0743,-0.820425,-0.808875,-0.605,-1.08285,-1.29515,-0.75915,-1.1129,-0.56595,-1.182375,-1.2792000000000001,-0.68315,-0.420075,-0.806175,-1.145475,-0.764625,-0.9725,-0.4547,-0.931325,-1.016375,-0.8096000000000001,-0.9736,-0.735425,-0.9894000000000001,-0.826275,-0.9083749999999999,-1.43415,-1.22315,-1.039675,-0.716925,-1.95205,-2.0309999999999997,-0.82675,0.21025,-1.0006499999999998,-1.3858000000000001,-1.482175,-1.7274,0.7648999999999999,0.0,0.0,0.0,0.0,0.0,0.0,0.0,0.0,0.0,0.0,0.0,0.0,0.0,0.0,0.0,0.0,0.0,0.0,0.0,0.0,0.0,0.0,0.0,0.0
0.0,0.0,0.0,0.0,0.0,0.0,0.0,0.0,0.0,0.0,0.0,0.0,0.0,0.0,0.0,0.0,0.0,0.0,0.0,0.0,0.0,0.0,0.0,0.0,2.0191749999999997,1.803075,0.60315,1.5633,1.4982,2.396425,1.8813,1.0218,1.20275,1.6730749999999999,1.9028,0.844175,0.92245,0.552925,1.85155,1.8401750000000001,1.50565,1.615025,0.9779,1.366525,1.6728,1.6980499999999998,0.922425,1.13265,1.301325,1.634725,1.809725,1.2503,0.751825,0.76415,1.500475,1.5775,0.99285,0.75945,0.8952749999999999,1.694025,1.8308499999999999,0.77095,0.30635,0.910525,1.350025,1.374925,0.955375,0.540725,1.0333999999999999,1.35135,1.3278,0.819825,0.556475,0.5483750000000001,0.8226249999999999,1.5336500000000002,1.218375,0.8022,0.601275,1.26585,1.2445,0.9757,0.53025,0.2354,0.9632,1.4108,1.243425,0.7357750000000001,0.5763750000000001,0.869225,1.3142,0.835225,-0.018224999999999998,0.4544,0.88615,1.356475,1.1583999999999999,0.35255000000000003,0.436825,0.66125,1.1035249999999999,0.6442,0.66215,0.357625,0.586575,0.905675,0.9698,0.655975,0.223275,0.57795,0.7091999999999999,1.178275,0.553225,0.0103,0.6118250000000001,0.92135,1.1089,0.610375,0.060725,0.068425,0.9122750000000001,0.8668750000000001,0.189475,0.32239999999999996,0.39875,1.1645500000000002,0.9945999999999999,0.49350000000000005,-0.029775,0.079225,0.6159250000000001,0.49834999999999996,0.782775,0.18612499999999998,0.257,0.638675,1.07575,0.547525,0.1466,0.0883,-0.032674999999999996,1.0273750000000001,0.7909999999999999,0.127025,0.113,0.37885,0.9047,0.593225,0.086,-0.33765,0.3383,0.6571750000000001,0.6113999999999999,0.33065,0.029574999999999997,0.47414999999999996,0.595175,0.423,-0.013850000000000001,0.07725,0.065275,0.241825,0.52245,0.23335,0.2329,0.021025,0.537275,0.303125,0.353525,-0.10705,-0.31575,0.557725,0.74735,0.414325,-0.046724999999999996,-0.10297500000000001,0.11125,0.572,0.16312500000000002,-0.40385,0.11395,0.32430000000000003,0.7137249999999999,0.40185,-0.0818,0.06955,0.056575,0.26165,-0.160475,-0.02615,-0.08954999999999999,0.213425,0.4335,0.49875,0.01285,-0.29895,0.12832500000000002,0.0944,0.457625,-0.0781,-0.345675,0.146125,0.4749,0.5358499999999999,0.02675,-0.344575,-0.35865,0.579175,0.34199999999999997,-0.20325,-0.1157,-0.046175,0.68315,0.45185,0.0088,-0.278775,-0.185825,0.10070000000000001,0.08925,0.11785,-0.208575,-0.2002,-0.112525,0.399275,-0.0736,-0.1974,-0.325975,-0.44475,0.5866750000000001,0.057225,-0.20365,-0.34235000000000004,-0.081925,0.298025,0.10055,-0.32825,-0.70965,0.08132500000000001,0.109,0.09225,-0.366,-0.32132499999999997,0.01115,-0.018,-0.11185,-0.511425,-0.24477500000000002,-0.142325,-0.05405,-0.007675,-0.1064,-0.40935,-0.414925,0.049025,-0.20185,-0.08745,-0.511625,-0.8247,0.041725,0.07775,-0.25295,-0.539,-0.3713,-0.28859999999999997,0.22915,-0.44895,-0.8042,-0.354675,-0.233275,0.045950000000000005,-0.309775,-0.6327,-0.5122,-0.32047499999999995,-0.276775,-0.72355,-0.468375,-0.625325,-0.28969999999999996,-0.30820000000000003,0.042425,-0.444925,-0.538825,-0.50045,-0.43610000000000004,-0.052125000000000005,-0.500425,-0.898525,-0.38985000000000003,-0.065875,0.051225,-0.429325,-0.622,-0.7736999999999999,0.032,-0.358525,-0.8101499999999999,-0.84165,-0.5970249999999999,-0.075175,-0.403975,-0.630875,-0.90155,-0.634725,-0.43572500000000003,-0.6028,-0.469725,-0.66505,-0.8244,-0.749025,-0.33287500000000003,-0.691025,-0.778025,-0.869875,-0.9699249999999999,-0.229625,-0.467,-0.854325,-0.761625,-0.6837,-0.427525,-0.4951,-0.87935,-1.1990750000000001,-0.43855,-0.6642250000000001,-0.6338,-0.8243,-0.8729,-0.7737750000000001,-0.7672249999999999,-0.9218000000000001,-0.9541999999999999,-0.8255250000000001,-0.72335,-0.8722749999999999,-0.857475,-0.769575,-0.711,-1.1744750000000002,-0.47650000000000003,-1.223425,-0.774375,-1.0329,-1.593675,-0.55025,-0.614325,-0.85045,-0.9128499999999999,-0.865,-1.0433,-0.673825,-1.172825,-0.92535,-0.9334,-0.7564500000000001,-0.5943750000000001,-0.9053,-1.05945,-0.90305,-1.11045,-0.640825,-1.124775,-0.744425,-0.876375,-0.88175,-1.4891999999999999,-0.438025,-1.2402,-1.0201,-0.9214,-1.58115,-0.6066,-1.066275,-0.921925,1.039675,0.0,0.0,0.0,0.0,0.0,0.0,0.0,0.0,0.0,0.0,0.0,0.0,0.0,0.0,0.0,0.0,0.0,0.0,0.0,0.0,0.0,0.0,0.0,0.0
0.0,0.0,0.0,0.0,0.0,0.0,0.0,0.0,0.0,0.0,0.0,0.0,0.0,0.0,0.0,0.0,0.0,0.0,0.0,0.0,0.0,0.0,0.0,0.0,0.75725,1.72825,2.135375,0.9861000000000001,0.41485,1.052175,1.5633499999999998,1.373,0.7658,1.16675,1.026125,2.384575,1.9122750000000002,1.19835,0.830975,1.24785,1.83025,1.445325,1.201975,1.3405749999999999,1.3539249999999998,1.5051,1.9124500000000002,1.57755,1.391825,0.8682,0.839425,1.604625,1.3928500000000001,1.042675,0.8695,0.88465,1.779,1.565925,0.8636,0.304475,1.205825,1.6735,1.475975,1.0803,0.60625,1.374525,1.6885,1.454225,0.307725,0.473975,1.08945,1.2739,1.2647499999999998,0.813925,0.65595,1.002025,1.531225,1.12325,0.9271750000000001,0.7788499999999999,0.291375,1.198025,1.321275,1.057075,0.664925,0.28052499999999997,1.215925,1.3802500000000002,1.026875,0.017599999999999998,0.277725,1.0388,1.4865,1.0027,0.358575,0.506525,0.7832,1.3993,0.590425,0.41985,0.43674999999999997,0.8200999999999999,1.370475,1.08635,0.48085,0.385725,0.7601249999999999,0.565125,0.8620749999999999,0.6645,0.13355,0.6172,0.94945,1.0574999999999999,0.6880999999999999,0.141375,0.084025,0.719175,0.8944,0.10305,0.093,0.340675,1.193425,0.9862,0.45915,0.10615,0.187225,0.803575,0.405825,0.42595,0.381525,0.418375,0.71345,0.948825,0.41505000000000003,0.1298,0.31905,0.113525,0.840225,0.5849249999999999,0.16735,0.28145,0.3788,0.846275,0.61675,0.143175,-0.24285,0.32445,0.766475,0.411,0.09245,0.008025000000000001,0.715275,0.7367250000000001,0.57465,-0.139,-0.13295,0.432475,0.46804999999999997,0.581625,0.25515,0.09534999999999999,0.14915,0.6294,0.16870000000000002,0.1373,0.08837500000000001,-0.2177,0.681875,0.707625,0.45944999999999997,0.02275,-0.0327,0.4905,0.5601,0.186275,-0.459675,-0.090125,0.379,0.7441,0.30035,-0.22035,-0.070525,0.2617,0.60475,-0.0377,-0.17305,0.010325,0.16397499999999998,0.4185,0.313675,0.043725,-0.13055,0.26680000000000004,0.022975,0.371525,0.15034999999999998,-0.36795,0.122,0.3028,0.3797,-0.0014,-0.31275000000000003,-0.265375,0.280425,0.412425,-0.2962,-0.1894,0.007424999999999999,0.63915,0.23295,-0.1243,-0.37525000000000003,-0.18335,0.5038,-0.0151,0.11295,-0.141525,0.123025,0.1301,0.3811,-0.27754999999999996,-0.39665,-0.06275,-0.29410000000000003,0.371625,0.143025,-0.2178,-0.23195,-0.062425,0.12029999999999999,0.072675,-0.281925,-0.58555,-0.0052250000000000005,0.292475,0.044975,-0.421475,-0.4154,0.155925,0.184975,0.0952,-0.667775,-0.4225,0.16815000000000002,0.181975,0.0628,-0.149125,-0.251425,-0.229225,0.111275,-0.23204999999999998,-0.232825,-0.27487500000000004,-0.66795,0.255825,-0.0528,-0.28915,-0.55525,-0.643875,-0.372425,-0.00225,-0.1608,-0.715075,-0.5536749999999999,-0.13955,0.16547499999999998,-0.3732,-0.5322,-0.473875,-0.30400000000000005,-0.09015,-0.59085,-0.5765,-0.3816,-0.28215,-0.278125,-0.30015000000000003,-0.531725,-0.6435500000000001,-0.402275,-0.48565,-0.25985,-0.300825,-0.762625,-0.52135,-0.354875,-0.197975,-0.419725,-0.63945,-0.835375,-0.1417,-0.28637500000000005,-0.6684,-0.75925,-0.5846,0.0252,-0.557525,-0.693525,-0.999825,-0.7605000000000001,-0.17475000000000002,-0.5583,-0.606725,-0.49167500000000003,-0.377325,-0.51475,-0.384,-0.87535,-0.7833749999999999,-0.6776249999999999,-0.861375,-0.249475,-0.5267000000000001,-0.6036,-0.737825,-0.5715,-0.515675,-0.760375,-0.828975,-1.11215,-0.568425,-0.41325,-0.5032,-1.0108249999999999,-0.978225,-0.599175,-0.5422,-0.54675,-1.16025,-0.885575,-0.5225249999999999,-0.777675,-0.6067,-0.77255,-0.8148249999999999,-1.1715499999999999,-0.654975,-1.071,-0.813375,-0.7463,-1.0726499999999999,-0.68845,-0.783325,-0.65885,-1.297975,-1.209575,-0.9748749999999999,-0.63405,-0.9401,-1.189175,-1.158725,-0.52525,-0.2952,-1.18075,-0.80265,-1.329475,-1.164675,-0.640175,-0.9053,-0.883275,-0.682925,-0.66145,-1.1188,-0.7096,-1.3544,-1.406925,-1.39945,-0.816925,-0.395675,-1.7889,-1.5984,-1.246475,-1.73,-1.16025,0.35305000000000003,0.0,0.0,0.0,0.0,0.0,0.0,0.0,0.0,0.0,0.0,0.0,0.0,0.0,0.0,0.0,0.0,0.0,0.0,0.0,0.0,0.0,0.0,0.0,0.0
0.0,0.0,0.0,0.0,0.0,0.0,0.0,0.0,0.0,0.0,0.0,0.0,0.0,0.0,0.0,0.0,0.0,0.0,0.0,0.0,0.0,0.0,0.0,0.0,2.13645,0.68475,1.243375,1.598925,1.672325,1.1751,0.913475,1.4301249999999999,1.52675,1.737425,1.5389,0.946325,0.68555,1.8242500000000001,2.0302499999999997,1.3008,1.056675,1.185325,2.006875,1.5735999999999999,1.278975,0.8614250000000001,1.074275,1.299775,1.5926500000000001,1.361375,0.8543999999999999,1.078875,1.3384500000000001,1.7356500000000001,1.3066499999999999,0.868325,0.60225,0.8809,1.6538,1.4048500000000002,0.947525,0.6933499999999999,1.2592750000000001,1.72395,1.7587,0.801025,0.22747499999999998,1.1365,1.343925,1.418375,0.75215,0.664875,0.9206,1.350275,0.8639,0.6931499999999999,0.835075,0.786775,1.4385,1.274,0.8609,0.71015,0.6068,0.988375,1.00575,0.94565,0.25495,0.3633,1.40045,1.377375,0.9270499999999999,0.23500000000000001,0.463775,0.840125,1.40625,0.5984499999999999,0.11120000000000001,0.720275,0.9591999999999999,1.408525,0.934375,0.40817499999999995,0.5046999999999999,1.0654,0.863625,0.599325,0.615825,0.240175,0.9745,1.0896,0.949425,0.4286,0.2322,0.454025,0.7061,1.12765,0.229925,0.159625,0.6533249999999999,1.205225,0.898425,0.32695,0.012450000000000001,0.298125,1.3109,0.833975,0.33895,0.278025,0.4235,0.962275,0.848275,0.32975,-0.0012,0.4958,0.459975,0.792975,0.466825,0.19765,0.37875000000000003,0.477125,0.8266,0.43,0.22397499999999998,-0.09675,0.153075,0.957425,0.536625,0.20625,0.0006749999999999999,0.60995,0.69095,0.601175,-0.0937,-0.16319999999999998,0.6392,0.598875,0.546675,0.1217,0.1498,0.423725,0.6528499999999999,0.09697499999999999,-0.1976,0.1724,0.03255,0.526275,0.44637499999999997,0.305925,0.08497500000000001,0.12555,0.469275,0.35972499999999996,0.376425,-0.19772499999999998,-0.1663,0.599675,0.589325,0.09784999999999999,-0.2644,-0.012074999999999999,0.34257499999999996,0.715875,-0.231025,-0.323525,0.229025,0.3985,0.47809999999999997,0.042775,-0.173925,-0.215025,0.377025,0.2114,0.05605,0.01235,-0.1622,0.30970000000000003,0.37725000000000003,0.453625,-0.136825,-0.236475,-0.150575,0.170925,0.4108,-0.124,-0.3313,0.17754999999999999,0.67395,0.24962499999999999,-0.1122,-0.42185,-0.186475,0.7954,0.156675,-0.103275,-0.11987500000000001,0.010950000000000001,0.3779,0.290625,-0.172575,-0.502925,-0.030875,-0.16010000000000002,0.1572,-0.041675,-0.11712499999999999,-0.21415,0.129775,0.174,-0.085275,-0.29,-0.52455,-0.26615,0.405875,0.146925,-0.298425,-0.3541,0.139475,0.11852499999999999,0.10015,-0.5729,-0.5919749999999999,0.345225,0.09962499999999999,-0.07955000000000001,-0.38139999999999996,-0.164775,-0.116325,0.25525000000000003,-0.290675,-0.51545,-0.217875,-0.483175,0.13905,-0.0332,-0.232375,-0.50675,-0.490075,-0.36970000000000003,-0.414475,-0.185925,-0.66715,-0.54465,-0.0257,0.36915,-0.31515000000000004,-0.53555,-0.39,-0.304,0.208725,-0.76745,-0.7300500000000001,-0.22510000000000002,-0.12185,-0.14055,-0.507875,-0.576225,-0.6296,-0.0542,-0.393125,-0.473475,-0.411975,-0.60285,-0.23015,-0.18275,-0.28585,-0.542925,-0.635375,-0.7101999999999999,-0.32277500000000003,-0.120375,-0.5205500000000001,-0.72395,-0.26095,0.203325,-0.41825,-0.6658000000000001,-0.86785,-0.7694749999999999,0.058025,-0.50825,-0.74425,-0.59535,-0.451025,-0.2293,-0.44305,-0.787725,-0.850425,-0.5059,-0.742175,-0.3839,-0.712275,-0.74385,-0.71835,-0.7009,-0.43135,-0.7175,-0.7288250000000001,-1.0436,-0.860475,-0.45982500000000004,-0.52,-0.9451750000000001,-0.830075,-0.403575,-0.6126,-0.57835,-1.06005,-1.023725,-0.21865,-0.4572,-0.849475,-0.803175,-0.7158749999999999,-1.051725,-0.4437,-1.1614499999999999,-0.9498249999999999,-0.731025,-1.16205,-0.641275,-0.791925,-0.7843,-1.016225,-0.87375,-1.00735,-0.849725,-0.6606000000000001,-1.2431999999999999,-0.95335,-0.5619000000000001,-0.21165,-0.9504,-1.2970249999999999,-0.764575,-0.8504,-0.087925,-0.83585,-1.294975,-0.6084,-0.53295,-0.8176749999999999,-0.859425,-0.95685,-1.510275,-0.68865,-1.7508249999999999,-1.144775,-1.014975,-1.7882,-1.0563500000000001,-1.1852749999999999,-0.9866,-1.6228500000000001,-0.837225,-1.789025,-1.0300500000000001,0.0,0.0,0.0,0.0,0.0,0.0,0.0,0.0,0.0,0.0,0.0,0.0,0.0,0.0,0.0,0.0,0.0,0.0,0.0,0.0,0.0,0.0,0.0,0.0
0.0,0.0,0.0,0.0,0.0,0.0,0.0,0.0,0.0,0.0,0.0,0.0,0.0,0.0,0.0,0.0,0.0,0.0,0.0,0.0,0.0,0.0,0.0,0.0,1.2227999999999999,2.669725,1.2432750000000001,0.96925,1.2944,1.9516499999999999,2.111475,1.57975,0.963925,0.8114,2.0159249999999997,1.92705,0.867425,1.097325,1.3745,2.107425,2.22315,1.179,0.790425,1.25885,1.541625,1.77485,1.33105,0.7393,1.439525,1.685575,1.688375,1.029275,0.97605,0.744775,0.9741,1.74885,1.5511,0.9676750000000001,0.9002749999999999,1.383225,1.6734499999999999,1.50425,0.629975,0.51065,1.47475,1.526375,1.411175,0.8177749999999999,0.42595,1.268175,1.369475,1.1756,0.465775,0.847925,0.940825,1.5163,1.441775,1.007075,0.6993750000000001,0.762375,1.415825,0.857975,0.885525,0.449425,0.4138,1.4593,1.370725,1.057325,0.447625,0.577475,0.8301,1.308975,0.69015,0.019700000000000002,0.5161,1.1185,1.506075,0.749925,0.20747500000000002,0.4518,1.0189249999999999,1.10025,0.50435,0.520025,0.46002499999999996,1.0414500000000002,1.0447,0.830925,0.418875,0.31735,0.6463,0.6107499999999999,0.899125,0.5283,0.3202,0.6917249999999999,1.069175,0.7379,0.24459999999999998,0.086125,0.176675,1.136775,0.74575,0.2267,0.284,0.589825,1.1166,0.7667,0.16925,-0.138175,0.353425,0.7276,0.513925,0.43025,0.19735,0.670825,0.7009,0.781725,0.06755,0.07865,0.24705,0.32487499999999997,0.970175,0.55185,0.23452499999999998,0.241925,0.66025,0.58705,0.420875,-0.0716,-0.1855,0.7912,0.776925,0.58195,0.12042499999999999,-0.04815,0.556575,0.764775,0.277575,-0.259475,-0.03195,0.336675,0.6159,0.424925,0.00014999999999999996,0.11035,0.1882,0.593425,0.318675,0.222325,-0.04755,0.064925,0.767925,0.7402249999999999,0.206875,-0.166075,-0.068825,0.161725,0.656875,-0.06722500000000001,-0.43305000000000005,0.1199,0.4689,0.66535,0.0072499999999999995,-0.23235,-0.18085,0.36017499999999997,0.22605,-0.0983,-0.060649999999999996,0.0031,0.50205,0.46187500000000004,0.27652499999999997,-0.1326,0.045450000000000004,0.113675,0.026750000000000003,0.41442500000000004,0.005124999999999999,-0.150175,0.1585,0.5168499999999999,0.104625,-0.20477499999999998,-0.46137500000000004,-0.1829,0.6761,0.112875,-0.12265000000000001,-0.100925,0.101925,0.516325,0.223225,-0.34595,-0.486075,0.0848,0.326125,0.034374999999999996,-0.10070000000000001,-0.1149,0.227475,0.028275,0.18665,-0.347975,-0.18845,-0.24625,-0.136025,0.365475,-0.025,-0.241825,-0.260775,0.1979,0.03235,0.10975,-0.49655,-0.597175,0.42225,0.289225,0.2042,-0.433925,-0.30117499999999997,0.08985,0.28525,-0.1721,-0.5903750000000001,-0.264925,0.0852,0.1646,-0.12545,-0.296675,-0.382,-0.24427500000000002,0.01975,-0.43065,-0.29947500000000005,-0.727325,-0.5955,-0.048975000000000005,0.13044999999999998,-0.319175,-0.537475,-0.41135,-0.32272500000000004,0.315475,-0.47452500000000003,-0.739425,-0.393725,-0.0281,0.0325,-0.5233,-0.662725,-0.675775,-0.16847499999999999,-0.408525,-0.5435749999999999,-0.438425,-0.351125,-0.01405,-0.30195,-0.271825,-0.7125999999999999,-0.553825,-0.496375,-0.56995,-0.30955,-0.507675,-0.600325,-0.273775,-0.0518,-0.4154,-0.43755,-0.804025,-0.774975,0.08852499999999999,-0.5547,-0.799875,-0.6626749999999999,-0.429025,-0.138375,-0.396775,-0.6954750000000001,-0.9510500000000001,-0.434475,-0.549275,-0.7434499999999999,-0.75255,-0.7293000000000001,-0.42915000000000003,-0.6673749999999999,-0.48815000000000003,-0.964475,-0.66445,-0.6567500000000001,-0.706275,-0.317725,-0.41207499999999997,-0.84075,-0.905225,-0.510475,-0.730225,-0.49555000000000005,-1.0595750000000002,-1.1135249999999999,-0.18155,-0.46905,-0.73395,-0.982775,-0.8384750000000001,-0.8029000000000001,-0.6096,-0.883075,-1.04005,-0.727025,-0.8911,-0.64485,-0.9185,-0.92735,-1.00455,-0.94205,-0.88635,-0.9969,-0.917675,-1.05235,-1.096025,-0.697975,-0.516975,-0.97045,-1.105575,-0.847425,-1.0096,-0.433275,-1.1841000000000002,-0.864075,-0.577125,-0.564125,-0.741725,-1.17595,-1.04085,-0.8671249999999999,-0.91255,-1.0667,-0.839025,-1.153275,-0.918625,-0.7694749999999999,-1.267875,-0.77825,-1.63755,-1.470425,-1.343475,-0.998975,-0.7877,0.189375,-1.31125,0.0,0.0,0.0,0.0,0.0,0.0,0.0,0.0,0.0,0.0,0.0,0.0,0.0,0.0,0.0,0.0,0.0,0.0,0.0,0.0,0.0,0.0,0.0,0.0
0.0,0.0,0.0,0.0,0.0,0.0,0.0,0.0,0.0,0.0,0.0,0.0,0.0,0.0,0.0,0.0,0.0,0.0,0.0,0.0,0.0,0.0,0.0,0.0,0.0,1.423875,2.2394249999999998,2.0479000000000003,1.1685999999999999,0.92955,1.513925,1.69085,1.73605,1.16885,0.98355,1.394075,2.355025,1.832025,1.608775,0.7463500000000001,1.18025,1.740275,1.72105,1.2469,1.0946500000000001,1.543825,1.903,1.704475,1.31715,0.5655,1.2496,1.088625,1.8543,1.35725,0.9828,1.0121250000000002,1.530325,1.3885,1.0625,0.6760999999999999,0.3988,1.2956,1.58965,1.3893,0.855525,0.626275,1.3095249999999998,1.55565,1.02005,0.174125,0.553925,1.0949,1.466875,1.170625,0.781175,0.83305,1.093,1.7057,0.767575,0.5217,0.671725,0.734775,1.5694,1.23475,0.881475,0.5549499999999999,0.7959,0.9806,1.189375,0.84015,0.145775,0.6416999999999999,1.0422250000000002,1.4272500000000001,0.7455499999999999,0.219725,0.51455,0.9960749999999999,1.2221250000000001,0.47625,0.32965,0.6996,1.364225,1.318525,0.649775,0.242925,0.33157499999999995,1.233325,0.643125,0.6939500000000001,0.41945,0.347975,0.9509,1.08285,0.820125,0.24822499999999997,0.249525,0.23525,0.9865,0.7113,0.25715,0.153975,0.58805,1.330925,0.85015,0.405025,-0.18855,0.3925,0.9251,0.5698000000000001,0.30065,0.13590000000000002,0.74125,0.976325,0.9087,0.07417499999999999,0.1125,0.48645,0.48055,0.90825,0.448525,0.22935,0.367675,0.6695249999999999,0.52795,0.441975,0.03835,-0.206125,0.5012,0.738975,0.5008250000000001,0.10400000000000001,0.0888,0.605875,0.659825,0.4535,-0.384325,0.036025,0.711425,0.668475,0.41865,-0.029324999999999997,0.10462500000000001,0.38835,0.72465,-0.03,0.061325,0.1753,0.134025,0.7397,0.491875,0.120025,0.01345,0.287125,0.25465,0.406925,-0.0017,-0.39840000000000003,0.09915,0.43679999999999997,0.628025,-0.01645,-0.17720000000000002,-0.04365,0.307275,0.372925,-0.32745,-0.135975,0.13495000000000001,0.629825,0.36495,0.09645000000000001,-0.263425,-0.058725,0.576325,0.03135,0.29565,-0.0622,-0.0097,0.436225,0.4992,0.17354999999999998,-0.167875,-0.196525,-0.206075,0.47835,0.145175,-0.139625,-0.290725,0.067425,0.7435,0.1617,-0.2176,-0.5867,0.0169,0.49572499999999997,0.066275,-0.135175,-0.1769,0.239675,0.229325,0.29425,-0.366325,-0.27375000000000005,-0.010025,-0.07135,0.3372,-0.0216,-0.26715,-0.219,0.152,-0.10195,-0.1623,-0.309675,-0.563825,0.08855,0.245975,-0.121375,-0.44572500000000004,-0.292675,0.15867499999999998,0.152275,-0.1245,-0.6339,-0.2311,0.22262500000000002,0.196825,-0.370525,-0.432425,-0.14715,-0.1487,0.0937,-0.49575,-0.27595000000000003,-0.22635,-0.253,-0.024300000000000002,-0.325525,-0.5298,-0.5755,-0.099325,-0.36567500000000003,-0.0025,-0.3875,-0.5851999999999999,-0.278725,0.0226,0.042275,-0.46435000000000004,-0.68105,-0.625425,-0.1837,-0.1457,-0.698075,-0.650175,-0.244375,0.135275,-0.182975,-0.45735,-0.690325,-0.426675,-0.002825,-0.579125,-0.362175,-0.6269,-0.5182249999999999,-0.2491,-0.086175,-0.5061,-0.641625,-0.549325,-0.6112500000000001,-0.071225,-0.393,-0.6626,-0.743975,-0.5098750000000001,-0.0141,-0.5105500000000001,-0.693875,-1.0403,-0.504675,-0.019375,-0.52675,-0.7393500000000001,-0.624425,-0.484875,-0.529,-0.550775,-1.0838750000000001,-0.78495,-0.572225,-0.661025,-0.33365,-0.556675,-0.6200749999999999,-0.78145,-0.581575,-0.7762249999999999,-0.5753,-0.8092,-1.1072000000000002,-0.526925,-0.5606,-0.637325,-0.9482250000000001,-0.8892,-0.587175,-0.641,-0.705275,-1.241575,-0.949675,-0.486175,-0.581875,-0.96675,-0.6980500000000001,-1.0524,-0.822425,-0.6937500000000001,-1.270875,-0.87845,-0.5759,-1.004025,-0.70305,-0.8379,-0.7752749999999999,-1.271725,-0.8636999999999999,-0.8712500000000001,-0.776075,-1.0138749999999999,-1.2681,-1.0169000000000001,-0.722425,-0.512225,-1.2556250000000002,-1.144525,-0.897825,-0.600525,-0.45835,-1.1939000000000002,-1.037525,-0.029275,-0.658475,-1.0811000000000002,-0.838425,-1.66855,-1.37615,-0.685975,-1.38995,-0.7795500000000001,-1.6953,-2.8221249999999998,-0.5033000000000001,-2.2279999999999998,0.0,0.0,0.0,0.0,0.0,0.0,0.0,0.0,0.0,0.0,0.0,0.0,0.0,0.0,0.0,0.0,0.0,0.0,0.0,0.0,0.0,0.0,0.0,0.0,0.0
0.0,0.0,0.0,0.0,0.0,0.0,0.0,0.0,0.0,0.0,0.0,0.0,0.0,0.0,0.0,0.0,0.0,0.0,0.0,0.0,0.0,0.0,0.0,0.0,0.0,1.2854999999999999,0.917725,1.2186249999999998,1.432525,1.148675,1.3746,1.11415,1.6234,2.0099,1.6985,0.905225,1.137775,0.875525,2.4629000000000003,1.74795,1.5699,1.0862,1.5899999999999999,2.0839499999999997,1.8955000000000002,1.04385,0.49145000000000005,1.619275,1.556275,1.470775,1.06775,0.693125,1.5007000000000001,1.5912,1.6454,0.8121,0.887875,0.750225,1.3048,1.5967500000000001,1.329675,0.9964500000000001,0.897675,1.592825,1.62325,1.096225,0.34685,0.559075,1.487025,1.5426,1.4073,0.50945,0.660625,1.2813999999999999,1.422825,0.7556750000000001,0.363325,0.7364,1.0435750000000001,1.77,1.032325,0.691175,0.5544,0.908075,1.045575,0.83665,0.63535,0.323475,0.7346,1.263275,1.447025,0.6977,0.20299999999999999,0.3573,0.904175,1.3999000000000001,0.397225,0.30767500000000003,0.6662250000000001,1.264975,1.411625,0.6326499999999999,0.31535,0.4931,1.32955,0.6641250000000001,0.4275,0.417425,0.459575,1.1855,1.042025,0.521675,0.20402499999999998,0.566725,0.440275,0.78965,0.6895,0.25577500000000003,0.3349,0.7367,1.1867750000000001,0.6250249999999999,0.2447,-0.091575,0.38870000000000005,1.17875,0.7161249999999999,0.254175,0.20375,0.64295,0.934775,0.596275,0.019325,0.053675,0.920875,0.7414,0.71755,0.2855,0.17585,0.57595,0.767775,0.52935,0.1269,0.2343,0.172675,0.657025,0.754975,0.388425,0.024175000000000002,0.109525,0.765325,0.56985,0.551025,-0.23785,-0.007425,0.8662,0.809725,0.478425,-0.0684,0.099075,0.406275,0.6528750000000001,-0.08745,-0.1663,0.20400000000000001,0.363825,0.850425,0.396875,0.1793,0.06035,0.3415,0.41012499999999996,0.21645,0.12125,-0.168325,0.10075,0.464225,0.4835,-0.1933,-0.2301,-0.121825,0.206075,0.63705,-0.235575,-0.215825,0.146925,0.543175,0.435975,-0.109425,-0.24165,-0.060024999999999995,0.678075,0.020925,-0.12090000000000001,-0.08925,0.117225,0.514575,0.3196,0.0683,-0.200525,0.034999999999999996,0.005575,0.200375,0.034925,-0.135175,-0.085575,0.12040000000000001,0.665625,0.006425,-0.10917500000000001,-0.48712500000000003,0.05695,0.6641,0.00315,-0.23372500000000002,-0.250375,0.3729,0.32615,0.128025,-0.53015,-0.42125,0.3085,0.232125,0.190225,-0.2003,-0.11272499999999999,0.12307499999999999,0.288175,-0.106375,-0.287975,-0.14295,-0.202125,0.11765,0.193275,0.001825,-0.3004,-0.290075,0.29652500000000004,-0.052625,-0.07500000000000001,-0.661875,-0.43384999999999996,0.514475,0.362725,0.011875,-0.390625,-0.34575,0.039599999999999996,0.23735,-0.49665,-0.4865,-0.209225,-0.019424999999999998,0.2588,-0.252925,-0.46875,-0.5337500000000001,-0.244325,-0.4594,-0.30085,-0.3618,-0.3745,-0.33140000000000003,-0.103025,0.18525,-0.457725,-0.5618000000000001,-0.470375,-0.1726,-0.0653,-0.6099749999999999,-0.6933499999999999,-0.41700000000000004,-0.06265,-0.35815,-0.47147500000000003,-0.6487750000000001,-0.43995,0.07050000000000001,-0.46340000000000003,-0.378075,-0.508225,-0.397775,-0.2181,-0.396925,-0.635975,-0.6273249999999999,-0.46475,-0.486075,-0.34187500000000004,-0.421475,-0.49307500000000004,-0.42512500000000003,-0.37755,-0.20074999999999998,-0.629925,-0.7392500000000001,-0.8409249999999999,-0.49374999999999997,0.00515,-0.530275,-0.83215,-0.627725,-0.373625,-0.40859999999999996,-0.5155,-1.1291,-0.973975,-0.3418,-0.5136,-0.5326249999999999,-0.7638,-0.585225,-0.624975,-0.40485000000000004,-0.6642,-0.829275,-0.67635,-0.666275,-0.553725,-0.451625,-0.58455,-1.116825,-0.8354,-0.4961,-0.744775,-0.647825,-1.1999499999999999,-0.9998,-0.24214999999999998,-0.4515,-0.955525,-0.881725,-0.948,-0.67555,-0.3237,-1.28585,-1.1726,-0.98795,-1.0353750000000002,-0.692475,-0.9143,-0.692525,-1.312425,-0.805175,-0.9807,-0.825425,-0.9362250000000001,-1.037725,-1.0358,-0.5241750000000001,-0.424375,-0.92485,-1.288775,-0.7943,-0.8430500000000001,-0.708225,-0.7697,-1.011725,-0.56585,-0.781775,-1.1596250000000001,-0.8556,-1.0798750000000001,-1.6709,-1.134225,-0.81445,-1.283725,-1.2904,-2.517175,0.305725,-1.0359500000000001,-0.876775,-1.0340500000000001,-0.827125,0.0,0.0,0.0,0.0,0.0,0.0,0.0,0.0,0.0,0.0,0.0,0.0,0.0,0.0,0.0,0.0,0.0,0.0,0.0,0.0,0.0,0.0,0.0,0.0,0.0
0.0,0.0,0.0,0.0,0.0,0.0,0.0,0.0,0.0,0.0,0.0,0.0,0.0,0.0,0.0,0.0,0.0,0.0,0.0,0.0,0.0,0.0,0.0,0.0,0.0,1.227725,1.427925,1.174075,1.2954249999999998,1.492375,2.088875,1.386625,0.8766,1.325825,1.5806,2.332625,1.5829499999999999,1.193675,1.1618499999999998,1.7550000000000001,2.1369499999999997,1.9836,1.1613,0.40985,1.3244,2.16595,1.615475,0.936575,0.893275,1.562775,1.8433249999999999,1.54495,0.803075,0.9897750000000001,0.9521,1.167425,1.4191500000000001,0.9485250000000001,1.09955,0.950375,1.605575,1.266875,1.1668749999999999,0.588175,0.50885,1.57175,1.5746,1.313175,0.4817,0.8443,1.282,1.5863,0.74895,0.235075,0.883625,1.1985999999999999,1.6444750000000001,0.9433750000000001,0.6189,0.703325,1.1019750000000001,1.362925,0.6474500000000001,0.6366999999999999,0.65055,1.0132999999999999,1.348625,1.15555,0.6934,0.5018499999999999,0.8261,0.87,1.06525,0.3417,0.18212499999999998,0.7904249999999999,1.336425,1.266675,0.599525,0.24595,0.4124,1.350525,0.9712999999999999,0.31475,0.31705,0.708175,1.5014500000000002,0.8601,0.4608,0.131475,0.54465,0.8596750000000001,0.58335,0.8114250000000001,0.3568,0.565275,0.91945,1.00295,0.52135,0.28442500000000004,0.1354,0.35400000000000004,1.113275,0.6024750000000001,0.37445,0.314425,0.610425,1.0746,0.589125,-0.033225000000000005,-0.211375,0.7686999999999999,0.8944,0.6618250000000001,0.3422,0.18175,0.7172,0.7499750000000001,0.52635,-0.10400000000000001,0.227125,0.399875,0.729625,0.667575,0.391025,0.3179,0.467825,0.6327750000000001,0.331975,0.380075,-0.10515000000000001,-0.11255,0.80875,0.713975,0.488225,-0.0341,0.228725,0.5068250000000001,0.7091,-0.043875,-0.4121,0.25244999999999995,0.53015,0.77885,0.20900000000000002,0.08502499999999999,0.1121,0.5309250000000001,0.53,0.034875,0.172125,0.23085,0.42562500000000003,0.567725,0.39189999999999997,-0.038525000000000004,-0.12095,0.2183,0.082875,0.5311,-0.23795,-0.285625,0.3861,0.6158250000000001,0.461525,-0.133375,-0.29315,-0.14452500000000001,0.683125,0.116125,-0.165575,-0.1562,0.198,0.7423,0.20915,-0.0946,-0.35105,0.11205,0.453175,0.1243,0.1227,-0.13745000000000002,0.035675,0.253325,0.25927500000000003,-0.172625,-0.17295,-0.243375,-0.09205,0.7433,0.0441,-0.1292,-0.18614999999999998,0.155275,0.3471,0.023025,-0.369475,-0.5948249999999999,0.21864999999999998,0.351125,0.0119,-0.330175,-0.181525,0.201825,0.21789999999999998,-0.13505,-0.4089,-0.07177499999999999,-0.03815,0.072325,0.07435,-0.10695,-0.185175,-0.1725,0.2245,-0.26182500000000003,0.033275,-0.557775,-0.46537500000000004,0.28135,0.143825,-0.082775,-0.46037500000000003,-0.174325,0.0663,0.24215,-0.5644,-0.6962,-0.231625,0.06525,0.29447500000000004,-0.402575,-0.351225,-0.3062,0.053025,-0.203825,-0.6271249999999999,-0.303725,-0.365375,-0.09265,-0.10405,-0.0682,-0.450475,-0.5178,-0.296625,-0.242125,0.03485,-0.4863,-0.56,-0.271625,-0.00805,-0.2356,-0.660625,-0.778675,-0.6962999999999999,0.1397,-0.354,-0.4928,-0.644725,-0.22475,0.245075,-0.327225,-0.543425,-0.85395,-0.350125,-0.17277499999999998,-0.48895,-0.320525,-0.4665,-0.381075,-0.12530000000000002,-0.011524999999999999,-0.6346,-0.46725,-0.678275,-0.67415,0.085575,-0.5081500000000001,-0.618475,-0.6484749999999999,-0.40195000000000003,-0.37775000000000003,-0.535525,-0.87385,-0.997875,-0.32037499999999997,-0.64085,-0.601425,-0.8197,-0.776375,-0.425825,-0.4617,-0.559275,-1.0436750000000001,-0.591425,-0.4696,-0.5821000000000001,-0.685275,-0.5501499999999999,-0.74125,-0.875,-0.5306,-0.882425,-0.47914999999999996,-1.1334499999999998,-0.94655,-0.46295000000000003,-0.493775,-0.69365,-0.979725,-0.94885,-0.636925,-0.5560750000000001,-1.0162250000000002,-1.041925,-1.0652000000000001,-0.7094,-0.69025,-0.8326749999999999,-1.12295,-0.90575,-0.6388,-0.737625,-1.050225,-0.6608,-0.52545,-0.7544,-0.6712,-0.46214999999999995,-1.1288,-1.181375,-0.9343999999999999,-1.189825,-0.67395,-1.36165,-1.23775,-1.034175,-1.014975,-0.8215,-1.258525,-1.3218,-0.9957,-0.8836,-0.8255,-0.596925,-1.444,-0.9304,-0.79525,-0.2222,-0.92665,-0.976275,-0.77595,-1.003225,-0.31065,-0.70365,0.0,0.0,0.0,0.0,0.0,0.0,0.0,0.0,0.0,0.0,0.0,0.0,0.0,0.0,0.0,0.0,0.0,0.0,0.0,0.0,0.0,0.0,0.0,0.0,0.0
0.0,0.0,0.0,0.0,0.0,0.0,0.0,0.0,0.0,0.0,0.0,0.0,0.0,0.0,0.0,0.0,0.0,0.0,0.0,0.0,0.0,0.0,0.0,0.0,0.0,1.5222,1.8243500000000001,2.610175,1.05555,0.6462749999999999,1.4591500000000002,1.363475,1.610675,1.5707,0.802225,1.128575,1.54915,2.5857,1.3682999999999998,1.254575,0.98215,1.2750249999999999,1.933225,1.7855249999999998,1.090725,1.435975,1.6258249999999999,1.891025,1.528975,0.736075,0.8146249999999999,1.6060999999999999,1.55925,1.570325,1.0349249999999999,0.93695,1.269975,1.650525,1.2142249999999999,1.051675,0.6995,0.849,1.5225,1.3455,1.2769249999999999,0.665825,0.8732249999999999,1.452325,1.369675,0.887125,0.1147,0.6855249999999999,1.540575,1.6492,1.012225,0.582225,0.746275,1.2736,1.5287,0.648775,0.5186999999999999,0.7707999999999999,1.18825,1.641725,1.121375,0.488175,0.5982,1.080975,0.854175,1.150925,0.5749,0.38232499999999997,0.816425,0.9937750000000001,1.197025,0.437025,0.424675,0.57585,1.08525,1.0167249999999999,0.30355,0.4563,0.8474250000000001,1.4484,1.1013249999999999,0.467525,0.020625,0.5349250000000001,1.160975,0.56315,0.5317999999999999,0.385825,0.8119999999999999,1.163875,0.8434,0.31227499999999997,0.2954,0.543075,0.485975,0.9093249999999999,0.4194,0.33015000000000005,0.42375,0.783475,1.012425,0.579325,0.1744,-0.042874999999999996,0.7202,0.8074250000000001,0.58155,0.107225,0.384575,0.981025,0.91315,0.665625,-0.215825,0.24814999999999998,0.8937999999999999,0.776025,0.722075,0.167525,0.3712,0.6184,0.8083,0.3718,0.2653,0.14015,0.13915,0.83965,0.5418499999999999,0.44475,0.056875,0.252,0.716375,0.705875,0.206425,-0.35395,0.19505,0.7637499999999999,0.747225,0.102725,-0.14937499999999998,0.08345,0.5457,0.765475,-0.14645,0.009850000000000001,0.1529,0.5902,0.6723250000000001,0.3088,-0.029575,0.064525,0.39035000000000003,0.0654,0.26034999999999997,-0.1464,-0.13217500000000001,0.19005,0.312225,0.24895,-0.173575,-0.079375,-0.0993,0.49524999999999997,0.353575,-0.227475,-0.1608,0.26345,0.7237750000000001,0.157325,-0.10565,-0.33752499999999996,0.14282499999999998,0.5360750000000001,0.046475,0.10932499999999999,0.051574999999999996,0.253825,0.554325,0.271575,-0.35114999999999996,-0.185025,-0.017425,-0.09675,0.36715,-0.046875,-0.11785,-0.03995,0.214675,0.38375000000000004,0.003325,-0.246375,-0.4341,0.2405,0.41985,-0.015149999999999999,-0.29535,-0.072075,0.39697499999999997,0.20382499999999998,0.15645,-0.585825,-0.137825,0.42922499999999997,0.22675,0.11147499999999999,-0.296825,-0.1122,0.052324999999999997,0.26475000000000004,-0.42065,-0.257475,-0.24830000000000002,-0.136475,0.36272499999999996,0.023825,-0.038225,-0.5135500000000001,-0.246875,-0.0346,0.146075,-0.152825,-0.6840999999999999,-0.24595,0.288275,0.34875,-0.39715,-0.36465000000000003,-0.3224,0.240675,0.3313,-0.646725,-0.345625,-0.3247,-0.054724999999999996,-0.155375,-0.347275,-0.39025,-0.471575,-0.16549999999999998,-0.5035499999999999,-0.0689,-0.455125,-0.526125,-0.188075,-0.067675,-0.109375,-0.6001,-0.56165,-0.778075,-0.2439,-0.37425,-0.763025,-0.6645,-0.20065,0.108225,-0.271175,-0.447225,-0.8223,-0.269475,0.012700000000000001,-0.442175,-0.42255,-0.428675,-0.2457,-0.298275,-0.3235,-0.604,-0.4295,-0.386925,-0.5700000000000001,-0.12232499999999999,-0.56155,-0.627725,-0.685075,-0.34550000000000003,-0.35905,-0.5556749999999999,-0.75915,-0.963975,-0.249025,-0.333,-0.57655,-0.91305,-0.60105,-0.308775,-0.5422,-0.733675,-1.2266000000000001,-0.598725,-0.15460000000000002,-0.3557,-0.5861500000000001,-0.67865,-0.681725,-0.542,-0.335175,-0.940825,-0.681525,-0.728025,-0.8180000000000001,-0.25567500000000004,-0.668875,-0.784875,-1.06825,-0.82345,-0.61055,-0.776275,-0.669875,-1.378025,-0.8595999999999999,-0.372975,-0.57065,-0.955625,-0.984525,-0.980925,-0.6222749999999999,-0.407625,-1.2627249999999999,-0.749475,-1.0294,-0.76215,-0.6761,-0.889675,-1.039425,-0.9431499999999999,-0.817225,-1.0242499999999999,-0.429875,-0.806475,-0.85695,-0.860525,-0.595575,-0.8458,-1.1073499999999998,-1.032925,-1.095825,-0.715525,-0.879,-1.159875,-1.159075,-0.8116,-0.496975,-1.346775,-0.27612499999999995,-1.6876,-0.8437250000000001,-1.1746750000000001,-0.631725,-0.102625,-1.143875,-0.079475,-1.266125,0.0,0.0,0.0,0.0,0.0,0.0,0.0,0.0,0.0,0.0,0.0,0.0,0.0,0.0,0.0,0.0,0.0,0.0,0.0,0.0,0.0,0.0,0.0,0.0,0.0
0.0,0.0,0.0,0.0,0.0,0.0,0.0,0.0,0.0,0.0,0.0,0.0,0.0,0.0,0.0,0.0,0.0,0.0,0.0,0.0,0.0,0.0,0.0,0.0,0.0,1.683875,1.2815999999999999,1.5672,1.9838500000000001,1.64865,1.6969750000000001,1.713525,1.599425,1.794425,1.959425,1.044075,1.165425,0.65365,1.466575,1.754725,1.364525,1.5612,0.9394,1.6167,1.808625,1.595875,0.839475,0.72965,1.8423500000000002,1.82675,1.610225,0.775275,1.000875,1.51265,1.484925,0.819575,0.5521499999999999,1.0294500000000002,0.937425,1.630625,1.5309249999999999,1.4950999999999999,0.9895499999999999,1.17675,1.518225,1.05395,1.0454249999999998,0.446775,0.8342750000000001,1.5664,1.429125,0.8584,0.515325,0.90035,1.15875,1.5934499999999998,0.52725,0.42325,1.028225,1.389475,1.72215,0.80625,0.565175,0.7640750000000001,1.3651,0.90645,0.7271,0.657,0.737625,1.205575,1.278625,1.053825,0.4283,0.44430000000000003,0.617425,0.99335,1.0643,0.272025,0.371925,0.962075,1.437125,0.9487749999999999,0.501425,0.125575,0.665675,1.5308,0.6285,0.36095,0.2676,0.8083,1.3273,0.781025,0.320175,0.007825,0.697525,0.73185,0.8984,0.477425,0.35755,0.569725,0.7431,0.839975,0.261575,0.310025,-0.090475,0.691575,1.129725,0.5711250000000001,0.26175,0.227825,0.8202,0.693125,0.6659,-0.1061,0.14725,0.861875,0.7901499999999999,0.6466999999999999,0.03925,0.357275,0.641925,0.773375,0.16902499999999998,-0.01205,0.37629999999999997,0.415975,0.9032,0.43825000000000003,0.288675,0.09872500000000001,0.277225,0.56225,0.34195,0.2571,-0.1347,0.29225,0.9753499999999999,0.7239,0.158225,-0.0335,0.15315,0.40602499999999997,0.72385,-0.18877500000000003,-0.10285,0.40425,0.797925,0.8717750000000001,0.07205,-0.023700000000000002,0.1347,0.62315,0.131075,0.0268,-0.001075,0.141425,0.545425,0.216375,0.18967499999999998,-0.2803,0.02065,0.052825,0.298775,0.414825,-0.17102499999999998,-0.068675,0.402825,0.701325,0.120525,-0.136525,-0.386425,0.08895,0.690825,-0.044075,-0.042075,-0.1479,0.488975,0.704675,0.25987499999999997,-0.23345000000000002,-0.219925,0.33714999999999995,0.14225,0.251575,-0.0837,-0.1609,0.083925,0.20695,0.23627499999999999,-0.22817500000000002,-0.180375,-0.393225,0.115275,0.3706,0.05355,-0.212175,-0.0923,0.288775,0.173725,0.096025,-0.6201749999999999,-0.29769999999999996,0.400625,0.19155,0.0729,-0.35445,-0.10414999999999999,0.145675,0.32104999999999995,-0.4235,-0.436325,-0.045774999999999996,-0.0742,0.21789999999999998,-0.102175,0.098825,-0.253675,-0.06255,-0.039,-0.2522,-0.17754999999999999,-0.4773,-0.091475,0.3844,0.310925,-0.38945,-0.454575,-0.32655,-0.104275,0.24155,-0.61045,-0.288475,0.089325,0.16685,0.1099,-0.4863,-0.479375,-0.4445,0.0469,-0.495375,-0.422425,-0.48150000000000004,-0.213375,0.03255,-0.15345,-0.21175,-0.582475,-0.2946,-0.40395000000000003,-0.241475,-0.152925,-0.6564749999999999,-0.63625,-0.410825,-0.047225,-0.46687500000000004,-0.5512,-0.770575,-0.201625,0.197425,-0.488775,-0.5752999999999999,-0.6703,-0.26595,-0.13775,-0.3326,-0.754175,-0.69085,-0.221275,-0.3373,-0.234575,-0.48585,-0.5217750000000001,-0.523025,-0.27742500000000003,-0.38235,-0.658975,-0.585825,-1.03185,-0.517425,-0.17455,-0.376075,-0.794,-0.5633250000000001,-0.379975,-0.546825,-0.556175,-1.104325,-0.829475,-0.24062499999999998,-0.332075,-0.611575,-0.7691749999999999,-0.602875,-0.655,-0.500125,-0.983975,-0.896425,-0.6514249999999999,-0.655875,-0.654725,-0.8028,-0.734575,-0.986475,-0.792975,-0.6422749999999999,-0.774975,-0.442875,-1.11775,-0.9989,-0.374475,-0.36475,-1.013675,-0.7181,-1.1249,-0.8026500000000001,-0.6354,-1.16195,-0.9691000000000001,-0.481325,-0.6025499999999999,-0.6634,-0.97235,-1.06145,-1.0343,-0.41335,-0.9392499999999999,-0.9668,-0.7983750000000001,-0.70835,-0.5265,-0.40245,-0.853675,-1.0767,-0.6846,-0.97155,-0.9072749999999999,-0.903125,-1.084125,-0.9328000000000001,-0.8869,-1.0114,-0.9707749999999999,-0.7268749999999999,-1.4256,-0.4014,-0.251925,-0.8394,-0.972375,-1.6231,-0.645975,-1.23975,-0.080525,-1.4524499999999998,-0.325925,0.0,0.0,0.0,0.0,0.0,0.0,0.0,0.0,0.0,0.0,0.0,0.0,0.0,0.0,0.0,0.0,0.0,0.0,0.0,0.0,0.0,0.0,0.0,0.0,0.0
0.0,0.0,0.0,0.0,0.0,0.0,0.0,0.0,0.0,0.0,0.0,0.0,0.0,0.0,0.0,0.0,0.0,0.0,0.0,0.0,0.0,0.0,0.0,0.0,0.0,0.0,2.0063500000000003,1.435975,1.3438999999999999,1.7165,1.94995,1.6752500000000001,1.294775,0.86035,1.52605,1.436075,1.828175,1.2381250000000001,1.521925,1.040975,1.960925,1.87835,1.772375,0.86375,0.75725,1.7515,1.908975,1.436975,1.066125,0.85015,1.747425,1.823875,1.203225,0.30310000000000004,0.8623,1.509825,1.5048249999999999,1.23295,1.0374750000000001,0.88935,1.3413,1.489125,0.992375,0.963625,0.421725,0.93685,1.760025,1.33335,1.036,0.474725,0.7684500000000001,1.27315,1.6558,0.5017,0.21434999999999998,0.93785,1.5294500000000002,1.8106499999999999,0.757525,0.46665,0.6448,1.35895,1.215525,0.5766,0.6079,0.8019499999999999,1.3916,1.405125,0.9873,0.552075,0.7782,0.999175,0.77505,0.90065,0.3685,0.4988,1.0258500000000002,1.2768249999999999,0.8062750000000001,0.32155,0.39749999999999996,0.6473249999999999,1.372625,0.6949,0.42725,0.412225,0.92985,1.38795,0.784225,0.1935,-0.06395,0.851175,1.0053750000000001,0.6641,0.52845,0.446125,0.938475,1.02435,0.75745,0.236825,0.42355,0.395275,0.586075,1.042125,0.385775,0.40795,0.477925,0.855475,0.637875,0.436375,-0.11585000000000001,0.02415,0.952875,0.84045,0.587025,0.09975,0.43657500000000005,0.8865,0.810125,0.23475,-0.281375,0.4366,0.8194,0.9066000000000001,0.477225,0.303,0.2378,0.736575,0.76885,0.092175,0.28115,-0.1048,0.29112499999999997,0.93335,0.694875,0.357875,-0.0352,0.297925,0.517875,0.5962,-0.1205,-0.3261,0.2082,0.694075,0.7182999999999999,-0.0007999999999999999,-0.0449,-0.00345,0.759475,0.193625,-0.15545,0.1004,0.24362499999999998,0.7444999999999999,0.434875,0.21585,-0.27625,0.035875000000000004,0.24357499999999999,0.001225,0.26942499999999997,-0.150125,-0.0263,0.301575,0.5803499999999999,0.156425,-0.1252,-0.22567500000000001,0.064325,0.55045,0.07202499999999999,-0.15935,-0.1432,0.447575,0.7131,0.104425,-0.27537500000000004,-0.373,0.310925,0.408225,0.173425,-0.021875,0.1295,0.3854,0.261725,0.10395,-0.44145,-0.002425,-0.193025,0.1024,0.373375,-0.059899999999999995,-0.147825,0.0188,0.308575,0.07454999999999999,0.009,-0.4566,-0.2629,0.577575,0.161225,0.10285,-0.4161,-0.034075,0.2973,0.41605,-0.307925,-0.6266750000000001,0.020675,0.220425,0.292225,0.002075,-0.165575,-0.052625,0.179725,0.184925,-0.32004999999999995,-0.1632,-0.5442,-0.066975,0.293625,0.058750000000000004,-0.166025,-0.374425,-0.08735000000000001,-0.061900000000000004,0.15462499999999998,-0.5183249999999999,-0.68025,-0.1817,0.34365,0.2072,-0.35675,-0.6002749999999999,-0.474125,0.00265,-0.15360000000000001,-0.49815,-0.36412500000000003,-0.130825,0.023825,-0.36155000000000004,-0.28502500000000003,-0.61775,-0.3103,-0.136175,-0.45535000000000003,-0.08837500000000001,-0.427275,-0.35309999999999997,-0.254925,-0.24335,-0.571025,-0.5704,-0.732725,-0.51685,0.11735,-0.5273249999999999,-0.46230000000000004,-0.6156,0.026725,0.0114,-0.37765000000000004,-0.8146249999999999,-0.8596,-0.141025,-0.11615,-0.43755,-0.5111,-0.30955,-0.12715,-0.14227499999999998,-0.39137500000000003,-0.860625,-0.33814999999999995,-0.5938749999999999,-0.46615,-0.14402500000000001,-0.4873,-0.6324,-0.41042500000000004,-0.400675,-0.55005,-0.5233,-0.9954500000000001,-0.7904,-0.3221,-0.4958,-0.5715749999999999,-0.9722000000000001,-0.699275,-0.43994999999999995,-0.290075,-0.8805000000000001,-1.1036000000000001,-0.6995,-0.459675,-0.442375,-0.78495,-0.7889,-0.949125,-0.480875,-0.54,-0.891275,-0.5278,-1.048775,-0.755725,-0.375675,-0.63895,-0.920125,-1.164625,-1.02485,-0.8958,-0.478225,-1.314225,-1.137,-0.966125,-0.8299,-0.4554,-1.25555,-1.1746,-1.1429,-0.7559,-0.8652,-1.154425,-0.7045250000000001,-0.3307,-0.49135,-0.835425,-0.8779250000000001,-1.00115,-0.79785,-0.83005,-0.99085,-0.5250250000000001,-1.01685,-0.57195,-0.845125,-0.637975,-0.7864,-1.128025,-1.484475,-0.94165,-0.34715,-0.9473499999999999,-0.8270500000000001,-1.2248,-0.832175,0.03175,-0.693875,-1.298325,-0.765325,-1.2841749999999998,0.54235,0.0,0.0,0.0,0.0,0.0,0.0,0.0,0.0,0.0,0.0,0.0,0.0,0.0,0.0,0.0,0.0,0.0,0.0,0.0,0.0,0.0,0.0,0.0,0.0,0.0,0.0
0.0,0.0,0.0,0.0,0.0,0.0,0.0,0.0,0.0,0.0,0.0,0.0,0.0,0.0,0.0,0.0,0.0,0.0,0.0,0.0,0.0,0.0,0.0,0.0,0.0,0.0,1.96995,2.6757999999999997,1.684625,1.416125,0.78645,1.49755,1.386875,1.7404,0.859875,1.31385,1.5744,1.627125,1.942475,1.087675,0.7662249999999999,0.694375,1.625175,2.0221999999999998,1.6072250000000001,1.052275,1.204775,1.772375,1.86565,1.484575,0.743125,0.858675,1.50205,1.599325,1.284425,0.437825,1.012,1.428325,1.6813,0.618,0.962575,0.906,1.2521499999999999,1.8804999999999998,1.004175,0.938175,0.5910500000000001,1.140925,1.14,1.1335250000000001,0.600975,0.36855000000000004,1.1868,1.44985,1.586425,0.63095,0.526725,0.936725,1.355175,1.369975,0.295875,0.554525,0.914675,1.661125,1.304025,0.7767499999999999,0.362025,1.0231249999999998,1.309175,0.837875,0.817925,0.304375,0.761625,1.327375,1.177225,0.928475,0.359375,0.5704,0.63365,1.164025,0.71085,0.305825,0.5426,1.173,1.4332,0.63395,0.25022500000000003,0.033125,0.9573,1.285275,0.49445,0.389525,0.33494999999999997,0.92845,1.100675,0.8257,0.03025,0.320075,0.71265,0.81735,0.971425,0.362,0.5240750000000001,0.55285,0.6846,0.669775,0.26695,0.251425,0.0478,0.77765,0.694025,0.52115,0.03215,0.28300000000000003,0.89185,0.78495,0.43395,-0.2234,0.384025,0.866375,0.8355250000000001,0.421075,0.18125,0.35167499999999996,0.880675,0.926525,-0.0197,0.16242499999999999,0.295925,0.5829249999999999,0.8648,0.267025,0.212175,0.136575,0.47152499999999997,0.4517,0.39805,0.082125,-0.1042,0.434025,0.6965250000000001,0.6017250000000001,-0.16875,-0.050699999999999995,0.09125,0.720825,0.6367,-0.1827,0.119325,0.545675,0.6876249999999999,0.375,0.127975,-0.200075,0.3114,0.7032999999999999,-0.11259999999999999,0.044300000000000006,-0.16355,0.2478,0.486375,0.209275,-0.05925,-0.235275,-0.03375,0.05145,0.46540000000000004,0.17757499999999998,-0.131575,-0.03845,0.4354,0.579925,0.012825,-0.156675,-0.549325,0.428025,0.600575,0.053675,-0.047875,-0.059625000000000004,0.5293749999999999,0.562525,0.17585,-0.422925,-0.083325,0.24212499999999998,0.105225,0.25212500000000004,-0.23135,-0.091875,-0.049125,0.199575,-0.125475,-0.17485,-0.18865,-0.297775,0.334275,0.27745,0.022699999999999998,-0.36929999999999996,0.083825,0.230225,0.09325,-0.14939999999999998,-0.72275,0.016575,0.5117499999999999,0.262625,-0.0338,-0.229425,-0.08662500000000001,0.196175,0.15385000000000001,-0.4801,-0.0892,-0.21500000000000002,0.137675,0.2903,-0.195625,-0.32394999999999996,-0.5509999999999999,-0.01145,-0.16554999999999997,0.00037499999999999995,-0.3326,-0.38595,-0.054975,0.11545,-0.002925,-0.51515,-0.286125,-0.27975000000000005,0.21825,-0.051199999999999996,-0.807325,-0.4283,0.043250000000000004,0.16965000000000002,-0.0341,-0.5576,-0.631975,-0.222575,-0.08575,-0.5368999999999999,-0.30465000000000003,-0.318975,-0.179375,0.023725,-0.13225,-0.51415,-0.6445000000000001,-0.53,-0.6364000000000001,-0.14275,-0.41195,-0.662925,-0.686825,-0.1254,-0.0086,-0.40915,-0.522675,-0.91205,-0.020975,0.248525,-0.487875,-0.6322749999999999,-0.52565,-0.10455,-0.11105,-0.39045,-0.8661249999999999,-0.30055,-0.31822500000000004,-0.4407,-0.3879,-0.6308750000000001,-0.54225,-0.43795,-0.411775,-0.653975,-0.5802,-0.6451,-0.755425,-0.311975,-0.5827,-0.58985,-0.9396,-0.6454,-0.516475,-0.4564,-0.6767,-1.15305,-0.5324249999999999,-0.11685,-0.5652999999999999,-0.7017500000000001,-0.6663749999999999,-0.813925,-0.56645,-0.676175,-1.1546,-0.7041,-0.7307750000000001,-0.48065,-0.52405,-0.794025,-0.8005249999999999,-0.973875,-0.746775,-1.002425,-0.8294,-0.935925,-1.06775,-1.172525,-0.4003,-0.6715500000000001,-1.1016000000000001,-1.00075,-1.1219000000000001,-0.6816,-0.764525,-1.33215,-0.9927,-0.374375,-0.30035,-0.9069750000000001,-0.8326,-1.11455,-0.807875,-0.57915,-0.97235,-0.9093249999999999,-0.896,-0.7109749999999999,-1.006675,-0.6825749999999999,-0.7592749999999999,-0.88665,-1.291925,-0.985575,-0.787,-0.9611,-1.110475,-1.7812000000000001,-0.630825,-1.45165,-1.31785,-1.01485,-1.1416250000000001,-0.22442499999999999,-0.014474999999999998,-1.6216499999999998,-0.65915,-0.6628,0.0,0.0,0.0,0.0,0.0,0.0,0.0,0.0,0.0,0.0,0.0,0.0,0.0,0.0,0.0,0.0,0.0,0.0,0.0,0.0,0.0,0.0,0.0,0.0,0.0,0.0
0.0,0.0,0.0,0.0,0.0,0.0,0.0,0.0,0.0,0.0,0.0,0.0,0.0,0.0,0.0,0.0,0.0,0.0,0.0,0.0,0.0,0.0,0.0,0.0,0.0,0.0,1.094125,0.655475,1.7533750000000001,1.948625,1.4632,0.946225,1.42445,1.9817,1.87135,1.63495,0.987275,0.8792,0.7197749999999999,1.3921,1.8983999999999999,1.0411000000000001,0.9959,1.4471,1.699475,1.763875,1.041275,0.574925,1.1134,1.7794500000000002,1.748825,1.604725,0.6241749999999999,1.06005,1.9145,1.579175,0.53615,0.441225,1.08745,1.42845,1.5917,1.254475,0.9033,0.894175,1.48095,1.310075,0.94815,0.7866,0.46335,1.157775,1.623075,1.2796750000000001,0.7859499999999999,0.72235,0.9222,1.1506750000000001,1.4205,0.3581,0.615525,1.0365,1.527975,1.28685,0.59245,0.4113,0.73235,1.525475,0.7458750000000001,0.562675,0.5937749999999999,0.979425,1.5936,1.0557750000000001,0.54455,0.232475,0.7399,0.90635,1.03165,0.7770750000000001,0.48009999999999997,0.64005,1.0884999999999998,1.16195,0.6393249999999999,0.36934999999999996,0.2113,0.8225,1.3143,0.5205249999999999,0.431825,0.309625,1.0547,1.22435,0.58895,-0.061825000000000005,0.24889999999999998,1.002875,0.809025,0.7380249999999999,0.12944999999999998,0.6523,0.922675,0.967725,0.44692499999999996,0.186,0.3061,0.492625,0.9344,0.857925,0.5023,0.282825,0.60815,0.835925,0.59185,0.421575,-0.2539,0.5015499999999999,1.087275,0.8679,0.521625,-0.035750000000000004,0.4951,0.8515250000000001,0.8778250000000001,-0.0199,0.043125,0.4568,0.777825,0.851425,0.1764,0.079925,0.162225,0.564325,0.45004999999999995,0.27797499999999997,0.17655,-0.02265,0.5534250000000001,0.7167749999999999,0.5866750000000001,-0.038349999999999995,0.09475,0.12705,0.506,0.5317,-0.3224,0.08865,0.457225,0.8216,0.49455,0.0011749999999999998,-0.20402499999999998,0.232825,0.629675,0.0162,-0.047875,-0.0167,0.37825,0.53705,0.129325,-0.185475,-0.285725,0.18712499999999999,0.027049999999999998,0.24974999999999997,0.152,-0.030324999999999998,0.135025,0.400675,0.51705,-0.056625,0.0027,-0.25055,0.371175,0.748975,0.08954999999999999,0.0251,-0.084125,0.43695,0.33740000000000003,0.065825,-0.4931,-0.088725,0.571575,0.24655,0.129625,-0.242875,0.08515,0.283625,0.251925,-0.049675,-0.319075,0.085925,-0.009550000000000001,0.315675,0.1197,0.080425,-0.219575,0.22285,0.334675,0.033775,-0.054,-0.6373249999999999,0.028425000000000002,0.588575,0.33785,-0.0771,-0.37772500000000003,-0.077325,0.2888,0.18905,-0.58365,-0.44132499999999997,-0.018425,0.4447,0.235425,-0.343425,-0.30572499999999997,-0.36195,0.077375,-0.15447499999999997,-0.16905,-0.14105,-0.2073,-0.00455,0.290425,0.12254999999999999,-0.472325,-0.20797500000000002,-0.291575,-0.050249999999999996,0.12492500000000001,-0.594875,-0.3417,0.046175,0.061375,-0.16597499999999998,-0.433225,-0.5634,-0.15647499999999998,0.25217500000000004,-0.45955,-0.58375,-0.536775,-0.032674999999999996,0.006475,-0.28815,-0.5134,-0.6071,-0.149925,-0.487525,-0.366375,-0.436425,-0.459175,-0.588225,-0.022375,-0.169175,-0.568775,-0.5217,-0.791875,-0.187775,0.111125,-0.5007,-0.5818,-0.5325,-0.119525,-0.060375,-0.3497,-0.879625,-0.492725,-0.07415,-0.357425,-0.35109999999999997,-0.69555,-0.427675,-0.2794,-0.382,-0.7896,-0.829275,-0.43455,-0.539875,-0.3301,-0.41335,-0.485725,-0.78415,-0.42515000000000003,-0.5549,-0.633475,-0.59365,-1.121275,-0.457725,-0.086975,-0.4078,-0.556425,-0.928375,-0.76385,-0.43520000000000003,-0.42785,-1.156925,-0.9349000000000001,-0.6613,-0.3598,-0.690375,-0.7207749999999999,-0.822975,-0.866125,-0.585575,-0.7520749999999999,-0.72935,-0.74995,-0.9279000000000001,-0.942875,-0.683625,-0.72985,-1.128675,-1.0465,-1.13775,-0.802325,-0.5863,-1.17855,-0.94015,-0.89915,-0.61755,-0.455175,-1.1897,-0.8019499999999999,-0.65425,-0.27332500000000004,-0.9049750000000001,-0.638525,-0.9698249999999999,-0.425125,-0.9435,-0.8305,-1.1894,-0.89835,-0.8654000000000001,-0.592875,-1.025875,-0.744175,-1.030125,-0.768575,-0.34240000000000004,-1.0603,-1.238125,-0.8212999999999999,-1.9985,-0.91255,-0.254675,-0.624225,-2.09295,-1.5429249999999999,-1.293425,-1.4042,-1.309025,0.0,0.0,0.0,0.0,0.0,0.0,0.0,0.0,0.0,0.0,0.0,0.0,0.0,0.0,0.0,0.0,0.0,0.0,0.0,0.0,0.0,0.0,0.0,0.0,0.0,0.0
0.0,0.0,0.0,0.0,0.0,0.0,0.0,0.0,0.0,0.0,0.0,0.0,0.0,0.0,0.0,0.0,0.0,0.0,0.0,0.0,0.0,0.0,0.0,0.0,0.0,0.0,2.15175,1.9601,1.226575,0.911825,1.60545,2.0804,1.310125,1.354175,1.53635,1.35895,1.758875,1.7668,1.223825,1.076875,1.377825,2.017975,1.411025,1.4448,0.6875249999999999,1.16695,1.824225,1.8234,1.2599,0.734175,1.2119499999999999,1.556875,1.695575,0.794875,0.3937,1.217025,1.5161,1.626875,1.008225,0.7847,1.029875,1.764675,1.5211,0.71145,0.825975,0.995125,1.45315,1.5238,0.931725,0.684775,0.667125,1.2313749999999999,1.088225,1.196825,0.47909999999999997,0.58725,1.253825,1.4556,1.392925,0.5574250000000001,0.4411,0.982325,1.585325,1.0272999999999999,0.346125,0.60715,1.334675,1.623475,1.13005,0.6716,0.21844999999999998,1.049125,1.16005,0.81725,0.555925,0.449125,1.031225,1.31555,0.9848750000000001,0.47285,0.46355,0.401325,0.826725,1.3614249999999999,0.48150000000000004,0.422425,0.334125,1.11695,1.1375,0.6986,0.1465,-0.04485,1.086925,0.95445,0.52355,0.23220000000000002,0.540575,1.0576,1.099625,0.5248250000000001,0.06335,0.422575,0.5318999999999999,0.786525,0.82825,0.3721,0.496125,0.6864250000000001,0.76095,0.357725,0.37245,-0.049625,0.38254999999999995,0.9756,0.629475,0.38295,-0.023025,0.584125,0.772475,0.78255,0.0187,-0.191525,0.5493750000000001,0.9295,0.91935,0.11615,0.063875,0.33255,0.7978000000000001,0.452425,-0.10935,0.329125,0.38432499999999997,0.68825,0.6702,0.3205,0.11512499999999999,0.304975,0.37429999999999997,0.283825,0.524225,-0.308925,0.0056749999999999995,0.587125,0.751075,0.31024999999999997,-0.1735,-0.04125,0.212175,0.7550749999999999,0.32205,-0.16,0.126025,0.6675,0.7467999999999999,0.14915,-0.166225,-0.3841,0.5675250000000001,0.5002249999999999,-0.0188,0.013075,-0.196125,0.28545,0.54545,0.41910000000000003,-0.1011,0.052225,-0.083525,0.2359,0.6910499999999999,-0.119725,-0.008025,-0.120425,0.491125,0.412275,0.06914999999999999,-0.34085,-0.348825,0.53595,0.380575,0.094475,-0.171575,0.0942,0.41969999999999996,0.32184999999999997,-0.187125,-0.5435749999999999,0.00775,0.11862500000000001,0.15665,0.185975,-0.09140000000000001,-0.0217,0.128,0.125,-0.22197499999999998,0.12329999999999999,-0.414825,0.052125000000000005,0.37565,0.040150000000000005,-0.10479999999999999,-0.38717500000000005,0.098425,0.154625,0.278875,-0.49115000000000003,-0.5076,0.1023,0.353525,0.31520000000000004,-0.259475,-0.23425,-0.140625,0.33265,-0.019799999999999998,-0.477675,-0.0685,-0.105075,0.14647500000000002,0.081175,-0.107775,-0.502175,-0.14730000000000001,-0.06415,-0.2538,-0.055475,-0.5049,-0.18575,0.0799,0.03765,-0.0764,-0.518025,-0.552875,-0.338775,0.17404999999999998,-0.302075,-0.55035,-0.43825,0.24725,0.084975,-0.38777500000000004,-0.62585,-0.7498,0.0223,-0.043025,-0.37420000000000003,-0.2344,-0.38144999999999996,-0.2288,-0.224575,-0.3305,-0.664975,-0.43267500000000003,-0.6438,-0.274175,-0.065775,-0.5662499999999999,-0.4208,-0.50465,-0.20115,-0.29725,-0.47357499999999997,-0.708825,-0.707075,-0.044525,-0.17955000000000002,-0.384,-0.6491,-0.3216,-0.23347500000000002,-0.17622500000000002,-0.6141,-0.88085,-0.353175,-0.385775,-0.37,-0.4587,-0.461175,-0.527175,-0.582775,-0.6002,-0.821225,-0.490725,-1.05105,-0.7213750000000001,-0.40290000000000004,-0.538675,-0.785725,-0.86675,-0.55665,-0.38739999999999997,-0.43015000000000003,-0.8994249999999999,-0.924725,-0.626425,-0.2299,-0.4943,-0.963275,-0.834325,-0.91835,-0.3428,-0.8841749999999999,-1.056925,-0.36970000000000003,-0.6196,-0.63805,-0.762,-0.8072,-1.0999,-0.839225,-0.73395,-0.72005,-0.776825,-1.161,-0.8928,-0.714925,-0.785725,-0.8240500000000001,-1.0737,-1.215925,-1.045225,-0.568025,-0.804725,-1.072425,-1.1398,-0.163525,-0.49635,-0.784025,-0.8057000000000001,-1.321725,-0.3431,-0.469325,-0.9300999999999999,-0.86065,-0.9143749999999999,-1.01955,-1.1328,-1.078975,-1.35225,-1.230225,-0.39030000000000004,-0.810675,-1.305875,-1.45425,-1.500075,-2.63565,-0.8956000000000001,-1.096575,-0.7991999999999999,-2.807525,-0.48025,-1.691875,0.0,0.0,0.0,0.0,0.0,0.0,0.0,0.0,0.0,0.0,0.0,0.0,0.0,0.0,0.0,0.0,0.0,0.0,0.0,0.0,0.0,0.0,0.0,0.0,0.0,0.0
0.0,0.0,0.0,0.0,0.0,0.0,0.0,0.0,0.0,0.0,0.0,0.0,0.0,0.0,0.0,0.0,0.0,0.0,0.0,0.0,0.0,0.0,0.0,0.0,0.0,0.0,0.0,2.134425,2.3499250000000003,1.722225,0.7382500000000001,1.1207,1.7789,1.7458500000000001,1.473675,1.1678250000000001,1.2593999999999999,1.608125,1.974375,1.0757500000000002,0.935575,1.152425,1.21025,1.8705500000000002,1.1820249999999999,1.2869249999999999,0.989,1.4065750000000001,1.580525,1.4383,0.76965,0.5654,1.37165,1.919275,1.81615,1.20015,0.810775,1.035725,1.5344250000000001,1.43815,0.72865,0.7918499999999999,0.930875,1.805275,1.7195,0.9545250000000001,0.8892249999999999,0.8591,1.262075,0.94495,0.7302,0.47197500000000003,0.679475,1.410075,1.3187,1.1755,0.6429,0.7898499999999999,0.8510249999999999,1.32855,0.972225,0.381775,0.6565,1.2485249999999999,1.51075,1.065475,0.49267500000000003,0.45515,1.0911,1.4572500000000002,0.6602,0.638775,0.428075,1.123,1.41985,0.863775,0.468125,0.48055,0.78065,0.6783,1.0292249999999998,0.487525,0.6702250000000001,0.7496750000000001,1.1312,1.0235500000000002,0.432825,0.380275,0.124325,1.120675,1.266175,0.564,0.30974999999999997,0.6287750000000001,1.012725,0.9984,0.476325,-0.034925,0.637425,1.195775,0.979125,0.59825,0.132,0.5024500000000001,1.0426,0.9861,0.1408,0.31179999999999997,0.279125,0.704275,0.9214,0.5198,0.5158,0.05795,0.628425,0.799625,0.7111,0.2511,-0.1869,0.677025,1.004025,0.8219000000000001,0.26234999999999997,0.013225,0.4264,1.0132500000000002,0.735625,-0.19475,0.170025,0.437825,0.8919250000000001,0.74835,0.280175,0.00455,0.275575,0.541425,0.26345,0.38935,0.04975,0.21155,0.5553250000000001,0.56505,0.397375,-0.1819,0.039625,0.07105,0.652975,0.379775,-0.114075,0.13105,0.6905,0.7426250000000001,0.09,0.0027749999999999997,-0.3235,0.491375,0.5077499999999999,-0.106575,0.070225,-0.07072500000000001,0.40095000000000003,0.38780000000000003,0.019049999999999997,-0.36685,-0.02705,0.225625,0.21142499999999997,0.34014999999999995,0.051225,0.16612500000000002,0.06497499999999999,0.48785,0.341775,0.03315,-0.136125,-0.263475,0.519225,0.41655,-0.04845,-0.15025,0.209825,0.39954999999999996,0.35665,-0.047174999999999995,-0.46695000000000003,0.15134999999999998,0.46265,0.169775,0.0013,-0.257225,0.0206,0.33125,0.25285,-0.474375,-0.194275,-0.2197,0.1867,0.446625,0.070025,-0.03475,-0.326025,0.092875,0.07655,0.052825,-0.37135,-0.6668,0.316325,0.5686,0.217375,-0.20802500000000002,-0.25495,-0.071775,0.5241,0.032175,-0.5899749999999999,-0.278075,-0.103525,0.27637500000000004,-0.09135,-0.3349,-0.403625,-0.061149999999999996,0.0965,-0.297825,-0.2279,-0.5024249999999999,-0.131375,-0.00265,-0.009725,-0.12225,-0.573075,-0.396425,-0.42235,0.060775,-0.10502500000000001,-0.67885,-0.38215,0.23935,0.001325,-0.390675,-0.4437,-0.6525,0.09375,0.113925,-0.421875,-0.361525,-0.39897499999999997,0.05725,-0.016050000000000002,-0.38155,-0.83695,-0.527775,-0.4118,-0.428875,-0.25375000000000003,-0.461025,-0.32355,-0.4847,-0.181375,-0.4251,-0.5226000000000001,-0.626275,-0.778275,-0.22519999999999998,-0.0793,-0.46445000000000003,-0.71395,-0.13065000000000002,-0.091975,-0.1869,-0.4934,-0.99095,-0.18355000000000002,-0.114,-0.322575,-0.388625,-0.6756,-0.470725,-0.385975,-0.4006,-1.073925,-0.5683,-0.782275,-0.503925,-0.44830000000000003,-0.702725,-0.7579,-0.957225,-0.4683,-0.52375,-0.32075,-0.7049000000000001,-1.154225,-0.38505,-0.2037,-0.47650000000000003,-0.97455,-0.758675,-0.758525,-0.34775,-0.7522249999999999,-1.053725,-0.595975,-0.3037,-0.4234,-0.5735250000000001,-0.71935,-0.8388749999999999,-0.918125,-0.8206,-0.94145,-0.45075,-0.89635,-0.7850250000000001,-1.24315,-0.764,-0.8119500000000001,-1.215325,-1.013825,-1.2781,-0.66545,-0.716225,-0.891,-0.99895,-0.6421250000000001,-0.36445,-1.051075,-0.714325,-0.9233750000000001,-0.656175,-0.605375,-1.084025,-0.78755,-0.78755,-0.6854,-0.6199,-0.8573,-0.989225,-0.8459,-0.8326,-1.2675,-0.91125,-1.148025,-0.956375,-1.137225,-0.191125,-0.9050750000000001,-0.80715,-0.06285,-2.05425,-1.200375,-0.237025,-0.876,0.0,0.0,0.0,0.0,0.0,0.0,0.0,0.0,0.0,0.0,0.0,0.0,0.0,0.0,0.0,0.0,0.0,0.0,0.0,0.0,0.0,0.0,0.0,0.0,0.0,0.0,0.0
0.0,0.0,0.0,0.0,0.0,0.0,0.0,0.0,0.0,0.0,0.0,0.0,0.0,0.0,0.0,0.0,0.0,0.0,0.0,0.0,0.0,0.0,0.0,0.0,0.0,0.0,0.0,0.139925,1.434625,1.531025,1.6527500000000002,1.5747,0.8916999999999999,1.493725,1.7418,1.624075,1.664525,0.8674999999999999,1.637875,1.5958,1.9855500000000001,1.20485,1.4613,1.2053,1.5401500000000001,1.670175,1.45405,1.1593499999999999,0.59265,1.413125,2.23415,1.48745,0.5730999999999999,1.460025,1.158725,1.7691999999999999,1.620025,0.46387500000000004,0.6428,1.187975,1.954425,1.674775,0.884275,0.825425,1.1269,1.84625,1.0192999999999999,0.831075,0.774975,0.9735750000000001,1.36935,1.31355,0.9530000000000001,0.6336999999999999,0.9270750000000001,0.965225,1.21955,1.135375,0.40945,0.7968,1.3509,1.3053,1.024675,0.442575,0.28247500000000003,1.2126,1.59435,0.77115,0.511875,0.570975,1.42435,1.5637,0.7967,0.2535,0.2066,1.079225,0.984975,0.98155,0.5321250000000001,0.5562,0.94605,1.2106999999999999,0.9225,0.267475,0.49475,0.35675,1.07305,1.1875,0.535825,0.434625,0.568025,1.0838,0.877275,0.5509,-0.1402,0.34,1.076625,0.924275,0.610275,0.18955,0.734975,1.0314,0.82975,0.07735,0.0712,0.412175,0.737625,0.98615,0.32805,0.35395,0.340025,0.7441,0.5624,0.3074,0.3778,-0.026125000000000002,0.6408499999999999,1.1157249999999999,0.6717249999999999,0.294425,0.0697,0.4622,0.8160499999999999,0.670525,-0.22,0.1851,0.63185,1.0334999999999999,0.68445,-0.013175,0.021150000000000002,0.285775,0.85515,0.275025,0.1396,0.138425,0.57255,0.8032,0.6331249999999999,0.27335,-0.1625,0.40097499999999997,0.24315,0.42857500000000004,0.31325000000000003,-0.148225,0.27899999999999997,0.6760999999999999,0.6718999999999999,0.332075,-0.042899999999999994,-0.129075,0.5472,0.8081750000000001,-0.132525,-0.11805,-0.0636,0.724075,0.581125,0.00385,-0.35905,-0.20815,0.362325,0.154975,0.230925,-0.00145,0.093725,0.303025,0.5426,0.112525,-0.1587,0.0078,-0.19222499999999998,0.601475,0.5086,0.126675,-0.14265,-0.0193,0.387625,0.157025,-0.1469,-0.59165,-0.029124999999999998,0.49792499999999995,0.238325,0.024625,-0.3322,0.060899999999999996,0.239125,0.21445,-0.400375,-0.1943,0.155025,0.242525,0.2319,-0.06155,0.07202499999999999,-0.103675,0.43615000000000004,-0.0395,-0.22694999999999999,0.026,-0.51645,0.25842499999999996,0.459075,0.0319,-0.30217499999999997,-0.249775,-0.052775,0.26675000000000004,0.21702500000000002,-0.547675,-0.261925,0.281975,0.65005,0.053225,-0.5173749999999999,-0.381375,-0.099275,0.26545,-0.377725,-0.270275,-0.19935,0.15385,0.1107,-0.08935,-0.268575,-0.48675,0.053075000000000004,-0.219675,-0.15835,-0.21515,-0.60075,-0.259375,0.17885,0.13182500000000003,-0.3297,-0.5101,-0.670775,0.03095,0.188875,-0.45655,-0.43284999999999996,-0.57965,0.13805,0.03975,-0.46645000000000003,-0.6973,-0.7009,-0.1259,-0.36124999999999996,-0.4084,-0.5453749999999999,-0.2393,-0.34992500000000004,-0.14732499999999998,-0.402725,-0.631725,-0.37495,-0.6792499999999999,-0.055625,-0.043050000000000005,-0.53345,-0.50295,-0.3427,-0.218075,-0.319825,-0.47595,-0.884775,-0.40492500000000003,-0.053875,-0.27992500000000003,-0.524925,-0.6995,-0.41145,-0.220175,-0.46447499999999997,-0.8079500000000001,-0.81225,-0.4632,-0.4138,-0.5926250000000001,-0.7225,-0.63065,-0.8186,-0.46740000000000004,-0.701025,-0.71065,-0.446175,-0.9552499999999999,-0.43122499999999997,-0.24075,-0.42365,-0.7049749999999999,-0.6028,-0.7262500000000001,-0.46685,-0.6039,-1.1483,-0.72585,-0.6433,-0.157575,-0.700725,-0.7708250000000001,-0.828025,-0.791875,-0.377025,-0.97125,-0.9008,-0.707675,-0.4857,-0.7956500000000001,-0.7112,-0.9936,-1.065175,-0.784375,-1.385625,-0.6624,-0.5564,-0.997925,-1.26405,-0.5258,-0.701,-1.174925,-1.122875,-1.128025,-0.503925,-0.603575,-0.87745,-0.84835,-0.888625,-0.4854,-0.714925,-0.9564,-1.195975,-0.844,-0.617775,-0.81515,-0.764625,-1.060225,-0.7813000000000001,-1.6924000000000001,-0.25145,-0.64225,-1.0357750000000001,-1.165025,-1.55285,-1.04505,-0.8088500000000001,-1.10345,-1.68225,-1.857975,-0.176625,0.0,0.0,0.0,0.0,0.0,0.0,0.0,0.0,0.0,0.0,0.0,0.0,0.0,0.0,0.0,0.0,0.0,0.0,0.0,0.0,0.0,0.0,0.0,0.0,0.0,0.0,0.0
0.0,0.0,0.0,0.0,0.0,0.0,0.0,0.0,0.0,0.0,0.0,0.0,0.0,0.0,0.0,0.0,0.0,0.0,0.0,0.0,0.0,0.0,0.0,0.0,0.0,0.0,0.0,1.8804750000000001,1.046675,0.94685,1.334125,1.9785499999999998,1.6324,0.926875,0.7807999999999999,1.3558,2.1376999999999997,2.044725,1.815325,1.02295,1.584625,2.30695,1.7253749999999999,0.69895,1.385325,0.883175,1.6732,2.202225,1.556525,1.518775,0.240325,1.850475,2.0349749999999998,1.03475,0.49420000000000003,0.48250000000000004,1.3805749999999999,1.677,1.562375,0.79975,0.9032749999999999,0.9936499999999999,1.8183500000000001,1.32715,0.629525,1.0531000000000001,1.28845,1.82205,1.249975,0.78885,0.583825,1.168175,1.1704750000000002,1.0683,0.94375,0.45892499999999997,1.11645,1.339025,1.3261,0.924075,0.45882500000000004,0.59955,0.8845,1.3568,0.6251249999999999,0.594625,0.6498499999999999,1.4539,1.586675,1.007775,0.376525,0.356575,1.319525,1.092975,0.7073,0.520525,0.7299,1.302575,1.28525,0.705,0.20905,0.594,0.6881999999999999,1.0267499999999998,1.0631249999999999,0.47457499999999997,0.697025,0.736575,1.01875,0.7563249999999999,0.658575,0.18309999999999998,0.516675,1.0740750000000001,0.896875,0.46204999999999996,0.10819999999999999,0.8368,1.024775,1.0765250000000002,0.268325,-0.038375,0.78385,1.099475,0.957275,0.444825,0.271575,0.558925,0.984325,0.8030499999999999,0.0065249999999999996,0.2964,0.194175,0.8067249999999999,1.007,0.511925,0.220175,0.1926,0.6256999999999999,0.7266250000000001,0.601325,-0.0187,0.00025,0.738375,1.078225,0.73995,0.060399999999999995,0.018175,0.392675,0.9412,0.255575,-0.08587499999999999,0.19475,0.619725,0.81945,0.411525,0.26985,0.006775,0.54785,0.350525,0.249225,0.25015,-0.055875,0.350325,0.5226,0.527325,0.106225,-0.047349999999999996,-0.08485000000000001,0.33899999999999997,0.69065,0.1058,-0.03175,0.15232500000000002,0.8324750000000001,0.557025,-0.08535000000000001,-0.3014,-0.195,0.6505,0.30455,0.0239,-0.0297,0.19797499999999998,0.4364,0.5328499999999999,0.027874999999999997,-0.372775,0.130075,0.13135,0.39607499999999995,0.385175,-0.07225000000000001,0.19515,0.25682499999999997,0.41264999999999996,0.06555,-0.03005,-0.455425,0.015125,0.57315,0.17317500000000002,-0.099325,-0.248775,0.265075,0.3794,0.255625,-0.357325,-0.53405,0.38125,0.460575,0.31484999999999996,-0.050525,-0.093575,-0.008925,0.352825,0.10735,-0.31245,0.019975,-0.1431,0.29165,0.3556,0.005425,-0.234375,-0.14385,-0.005925,0.000625,0.119675,-0.38470000000000004,-0.410325,0.26705,0.6355999999999999,0.097625,-0.38045,-0.243975,-0.13572499999999998,0.41215,-0.23675000000000002,-0.5237499999999999,-0.075275,0.23755,0.17225000000000001,0.023200000000000002,-0.345175,-0.35105000000000003,0.0626,-0.124,-0.2661,-0.2039,-0.39355,-0.18155,-0.040650000000000006,-0.070825,-0.345725,-0.412675,-0.45115,-0.179375,0.066425,-0.445625,-0.43327499999999997,-0.419775,0.192575,-0.029425,-0.33909999999999996,-0.6060249999999999,-0.603025,0.23585,-0.1493,-0.5505249999999999,-0.5395,-0.19575,-0.19174999999999998,-0.165325,-0.5049,-0.65315,-0.236125,-0.3372,-0.20727500000000001,-0.19505,-0.53035,-0.382875,-0.2591,-0.348925,-0.366975,-0.337825,-0.776675,-0.22905,-0.01435,-0.2974,-0.5200750000000001,-0.670425,-0.17315,-0.164075,-0.21492499999999998,-0.7510749999999999,-1.0026,-0.21987500000000001,-0.051975,-0.3942,-0.7651249999999999,-0.7371749999999999,-0.6736,-0.304775,-0.7421,-0.940175,-0.650425,-0.8221,-0.34092500000000003,-0.257725,-0.457375,-0.707975,-0.82715,-0.583275,-0.49885,-0.409925,-0.9359999999999999,-0.890275,-0.74685,-0.26735000000000003,-0.706375,-0.98195,-0.820875,-1.0037,-0.31755,-0.707875,-1.043725,-0.649375,-0.594275,-0.6881999999999999,-0.73565,-0.940175,-0.88595,-0.668925,-1.0305499999999999,-1.0749499999999999,-0.48819999999999997,-1.02215,-0.6811,-0.779075,-0.8109000000000001,-1.00745,-0.7523,-1.18235,-0.858725,-0.5428999999999999,-0.6556,-0.998125,-0.6912,-0.18355000000000002,-1.0563500000000001,-0.71895,-1.192525,-1.24995,-0.60745,-1.028475,-0.905775,-0.736375,-0.85305,-0.9804,-1.5544,-0.6897500000000001,-1.88685,-1.174575,-0.60645,-1.336125,-1.0194,-1.281725,-1.335625,-1.2186,-1.12665,-1.131625,-1.173225,-1.74875,0.0,0.0,0.0,0.0,0.0,0.0,0.0,0.0,0.0,0.0,0.0,0.0,0.0,0.0,0.0,0.0,0.0,0.0,0.0,0.0,0.0,0.0,0.0,0.0,0.0,0.0,0.0
0.0,0.0,0.0,0.0,0.0,0.0,0.0,0.0,0.0,0.0,0.0,0.0,0.0,0.0,0.0,0.0,0.0,0.0,0.0,0.0,0.0,0.0,0.0,0.0,0.0,0.0,0.0,1.9994,2.39015,1.7966000000000002,1.6439249999999999,0.7611749999999999,1.3789,2.280175,1.8775249999999999,1.7743250000000002,0.8271,1.71935,2.0463750000000003,1.766,1.226775,1.373925,1.0532,1.852925,1.639375,1.425025,1.1773250000000002,1.2862,1.82955,1.181175,1.038025,1.0231249999999998,1.1967750000000001,1.4347,2.0454499999999998,1.6418,0.87315,0.9753,1.061375,1.7398,1.2075,0.4833,0.917625,1.3787,2.0154750000000003,1.446775,0.749525,0.7692249999999999,1.32125,1.486925,0.844275,0.765625,0.63435,1.436,1.393275,1.25215,0.947225,0.67575,0.90565,0.977975,1.393375,0.923325,0.55855,0.812775,1.51235,1.379275,0.80085,0.4572,0.383525,1.5231999999999999,1.33365,0.6035999999999999,0.5428999999999999,0.591425,1.2689249999999999,1.375725,0.77325,0.12719999999999998,0.707275,1.062925,1.1408,0.71375,0.3539,0.741975,0.795175,1.09295,0.61165,0.439025,0.43160000000000004,0.489325,1.128975,0.84655,0.5761499999999999,0.274925,0.746575,0.9132,0.7343,0.17722500000000002,-0.12687500000000002,0.804125,1.1343999999999999,0.90895,0.478325,0.22405,0.6364,1.086975,0.772825,-0.083425,0.4512,0.46895000000000003,0.9203250000000001,0.6738,0.17685,0.256925,0.289375,0.7096,0.40764999999999996,0.5472,0.28469999999999995,0.267,0.796,0.92005,0.57365,0.0202,0.22107500000000002,0.4513,0.976575,0.40685,-0.142,0.33175,0.714175,0.9362250000000001,0.5405,-0.01755,-0.0812,0.6691,0.6376,0.119375,0.256625,0.090775,0.680925,0.6211,0.326225,0.010975,-0.061075,0.234875,0.28695,0.593025,0.2467,-0.05505,0.33494999999999997,0.889275,0.5593750000000001,0.014624999999999999,-0.25145,-0.2824,0.811975,0.5972999999999999,-0.012125,-0.0548,-0.00825,0.40885,0.356725,-0.10645,-0.414275,0.1397,0.40075,0.41064999999999996,0.2052,-0.067825,0.183425,0.24205,0.39205,0.05555,-0.016125,-0.13795,-0.002525,0.465825,0.30547500000000005,-0.030675,-0.21575,0.2464,0.259475,0.19117499999999998,-0.27385000000000004,-0.587675,0.29785,0.480725,0.109025,-0.09390000000000001,-0.159325,0.1865,0.4341,0.045625,-0.518525,-0.026924999999999998,0.039900000000000005,0.42052500000000004,0.15050000000000002,-0.09887499999999999,-0.13905,-0.01105,0.1106,-0.0946,-0.009075,-0.2162,-0.298875,0.1381,0.35555,0.028749999999999998,-0.362825,0.03585,-0.05115,0.473425,-0.1215,-0.606075,-0.176475,0.25222500000000003,0.355225,-0.181475,-0.501,-0.5325,0.152725,0.12937500000000002,-0.35625,-0.241375,-0.353875,0.305125,-0.004,-0.126925,-0.530225,-0.5108,-0.18012499999999998,-0.19465,0.048325,-0.23825000000000002,-0.4619,-0.34965,0.335525,-0.131475,-0.471425,-0.599575,-0.70535,0.26985,0.188375,-0.46935,-0.5376,-0.3372,-0.1005,-0.15345,-0.52505,-0.7553,-0.3822,-0.2071,-0.149975,-0.33235,-0.54155,-0.476375,-0.331775,-0.3554,-0.5652,-0.3555,-0.493375,-0.40325,-0.07114999999999999,-0.168125,-0.411125,-0.7099,-0.149325,-0.40112499999999995,-0.387475,-0.660025,-0.9645,-0.10087499999999999,-0.06565,-0.33085,-0.710575,-0.65395,-0.569625,-0.203325,-0.7006749999999999,-1.085075,-0.50225,-0.563475,-0.32320000000000004,-0.41295,-0.746375,-0.6496000000000001,-0.6508499999999999,-0.426575,-0.7183,-0.5122,-0.586925,-0.65645,-0.46049999999999996,-0.510425,-0.657475,-0.975225,-0.6691,-0.858075,-0.2288,-0.76915,-1.016475,-0.535525,-0.19315,-0.351475,-0.760225,-1.0189249999999999,-1.088775,-0.388175,-0.92935,-1.0783749999999999,-0.837725,-0.8463,-1.0605499999999999,-0.7525000000000001,-0.55255,-1.05525,-0.872825,-0.9569500000000001,-0.8899,-0.89525,-0.71715,-0.982675,-0.92985,-0.4685,-0.3401,-1.0702,-0.9528749999999999,-1.36165,-0.37922500000000003,-0.47547500000000004,-0.73975,-1.129075,-0.815025,-0.7998500000000001,-1.0475,-0.827275,-1.185925,-1.03365,-0.9116,-0.9105,-0.971975,-0.154,-1.415325,-1.91815,-1.058975,-1.347925,-1.3392,-1.56475,-0.86735,-2.5433,-2.8299,0.0,0.0,0.0,0.0,0.0,0.0,0.0,0.0,0.0,0.0,0.0,0.0,0.0,0.0,0.0,0.0,0.0,0.0,0.0,0.0,0.0,0.0,0.0,0.0,0.0,0.0,0.0
0.0,0.0,0.0,0.0,0.0,0.0,0.0,0.0,0.0,0.0,0.0,0.0,0.0,0.0,0.0,0.0,0.0,0.0,0.0,0.0,0.0,0.0,0.0,0.0,0.0,0.0,0.0,0.0,0.7536750000000001,1.587075,2.2656,2.20505,0.991925,0.835625,1.7522499999999999,2.3026999999999997,1.424625,0.78205,0.886725,1.80795,2.157475,1.6471,1.4174,1.0260500000000001,1.533875,2.0363499999999997,1.73535,1.44025,0.9414250000000001,0.942725,2.29685,1.2743,1.300225,0.88415,0.760625,1.31785,1.498325,1.5330000000000001,0.354225,0.6729750000000001,1.236875,1.911425,1.4165750000000001,0.976125,0.67435,1.2373500000000002,1.545425,0.70175,0.6895,0.53355,1.3533499999999998,1.604025,0.9717,0.6511,0.6114999999999999,1.1798250000000001,1.1405500000000002,1.2363,0.8371,0.6394500000000001,1.20505,1.257625,1.140525,0.522225,0.6539999999999999,0.3819,1.34535,1.36225,0.691375,0.5635749999999999,0.67885,1.48265,1.24645,0.627375,-0.04885,0.524025,1.27925,1.073525,0.770525,0.38289999999999996,1.052925,1.203925,1.108725,0.47354999999999997,0.274175,0.8324,0.7601,1.082575,0.8509249999999999,0.567175,0.653975,1.068025,0.9244,0.63295,0.32955,-0.07405,0.7892750000000001,1.1950500000000002,0.922475,0.48000000000000004,0.07039999999999999,0.769625,1.003125,0.7151,0.034975,0.14465,0.7659750000000001,1.262325,0.928525,0.27355,0.250025,0.473475,0.9564250000000001,0.311025,0.21895,0.277,0.37370000000000003,0.89025,0.9674750000000001,0.38695,0.150275,0.25034999999999996,0.382525,0.8809,0.575475,-0.1527,0.3593,0.661025,0.879,0.44175,-0.012825,-0.024775,0.488,0.774775,0.051574999999999996,0.07875,0.173775,0.882275,0.7663,0.33145,-0.102175,-0.012325,0.47835,0.3171,0.3065,0.29505,0.158825,0.3818,0.6628,0.33275,-0.02265,0.06905,-0.20952500000000002,0.745175,0.592275,-0.14385,0.00805,0.13705,0.60205,0.37145,-0.11910000000000001,-0.557725,0.077125,0.6112249999999999,0.2346,0.043525,-0.236175,0.4431,0.34155,0.5031,-0.102025,-0.241375,0.307125,0.189075,0.50115,0.30232499999999995,0.057225,0.039349999999999996,0.471475,0.121625,-0.082775,-0.146625,-0.5558,0.448825,0.6113,0.289,-0.225025,-0.3377,0.222475,0.377025,0.102825,-0.49224999999999997,-0.314575,0.30855,0.618,0.08115,-0.32625,-0.254475,-0.0146,0.552925,-0.107975,-0.1663,-0.012475,-0.17220000000000002,0.286625,0.33525000000000005,0.0389,-0.35665,-0.08725,-0.099775,0.314825,0.027425,-0.5794,-0.10645,0.22965000000000002,0.274425,-0.1785,-0.3904,-0.43375,-0.029175,0.239725,-0.5592250000000001,-0.4544,-0.231875,0.47015,0.100525,-0.16685,-0.47602500000000003,-0.30667500000000003,0.097575,-0.323875,-0.12975,-0.148475,-0.26845,-0.057925000000000004,0.2232,-0.302975,-0.516375,-0.356,-0.700075,0.126425,0.01005,-0.34345000000000003,-0.357725,-0.294275,-0.031525000000000004,-0.16042499999999998,-0.55125,-0.7334750000000001,-0.249525,0.06105,-0.20055,-0.442825,-0.621275,-0.042325,-0.089775,-0.386475,-0.70265,-0.58615,-0.29357500000000003,-0.376125,-0.1245,-0.234975,-0.3896,-0.507625,0.061125,-0.3866,-0.3971,-0.4957,-0.9316249999999999,-0.0033,-0.094475,-0.420275,-0.5373749999999999,-0.6894,-0.44525,-0.22345,-0.47075,-1.0424,-0.8448749999999999,-0.43927499999999997,-0.175975,-0.74465,-0.84395,-0.7441249999999999,-0.7114,-0.326575,-0.83555,-0.603725,-0.6550750000000001,-0.6429,-0.52405,-0.32975,-0.5759000000000001,-0.8943000000000001,-0.6799499999999999,-0.9278500000000001,-0.46555,-0.437775,-1.038175,-0.843,-0.5732,-0.368525,-0.635875,-0.9424250000000001,-0.9353,-0.6472249999999999,-0.551575,-0.99465,-0.9314749999999999,-0.830375,-0.3689,-0.77535,-1.00495,-0.999625,-1.094275,-0.599375,-0.8412000000000001,-0.729875,-0.799075,-0.7686000000000001,-0.9753000000000001,-0.6322749999999999,-0.446675,-0.554575,-0.803,-1.0693,-0.38632500000000003,-0.462825,-0.8429,-0.9513,-0.6585749999999999,-1.058425,-0.983025,-0.907675,-1.712825,-1.039325,-0.602425,-0.9621999999999999,-0.92035,-1.07255,-0.6896,-1.1438000000000001,-0.099075,-1.85945,-1.3972,-1.16535,-0.8587,-1.5683500000000001,0.311125,-0.5766,-1.919425,0.0,0.0,0.0,0.0,0.0,0.0,0.0,0.0,0.0,0.0,0.0,0.0,0.0,0.0,0.0,0.0,0.0,0.0,0.0,0.0,0.0,0.0,0.0,0.0,0.0,0.0,0.0,0.0
0.0,0.0,0.0,0.0,0.0,0.0,0.0,0.0,0.0,0.0,0.0,0.0,0.0,0.0,0.0,0.0,0.0,0.0,0.0,0.0,0.0,0.0,0.0,0.0,0.0,0.0,0.0,0.0,1.384325,1.166675,1.647225,1.686475,1.519625,1.83005,1.1362999999999999,0.9697749999999999,1.7020499999999998,2.18325,2.1583,1.46585,1.186225,1.3267,1.98885,1.181125,0.7934,1.2745250000000001,1.24615,1.939575,1.671825,1.439825,0.6353,1.370025,1.4096,1.379075,1.3951500000000001,0.7699750000000001,0.95075,1.3324500000000001,1.6751,1.2518250000000002,0.751775,0.88425,1.1885999999999999,1.76395,1.0996,0.5730999999999999,1.001175,1.60175,1.7864,1.06665,0.631525,0.5195000000000001,1.46125,1.260325,0.8625499999999999,0.781,0.711775,1.474825,1.4292500000000001,0.992525,0.405225,0.67375,0.8840250000000001,1.1622999999999999,1.2457250000000002,0.569925,0.57925,0.8322999999999999,1.601525,1.163,0.721525,0.1196,0.45825,1.3478999999999999,1.2148500000000002,0.728125,0.430525,0.9001250000000001,1.3191249999999999,1.33815,0.428925,0.047875,0.713825,0.9885499999999999,1.09155,0.7764249999999999,0.33552499999999996,0.69615,1.058425,0.85365,0.38734999999999997,0.51765,0.268625,0.8492,0.922725,0.564625,0.4514,0.2197,0.943025,0.90505,0.8508249999999999,-0.027549999999999998,0.039775,0.779675,1.2501250000000002,0.781775,0.13044999999999998,0.3979,0.6853,1.17375,0.3117,-0.009375,0.4142,0.64285,0.9623999999999999,0.6375249999999999,0.3149,0.2257,0.616525,0.5106250000000001,0.465275,0.401925,-0.004725,0.47295,0.782725,0.9372750000000001,0.412975,-0.043475,0.109775,0.549925,0.7714,0.10412500000000001,-0.092525,0.36157500000000004,1.011725,0.8454250000000001,0.308375,-0.044825000000000004,0.00445,0.982275,0.5349,0.081,0.0797,0.11557500000000001,0.6254500000000001,0.500575,0.20965,-0.105725,0.21084999999999998,0.12875,0.60215,0.49265000000000003,-0.007125,0.059800000000000006,0.2884,0.565775,0.29035,0.0535,-0.4159,-0.201575,0.6954,0.2968,0.02095,-0.203325,0.3389,0.517925,0.395775,-0.37079999999999996,-0.34065,0.43320000000000003,0.29112499999999997,0.32965,0.19772499999999998,-0.11055000000000001,0.223025,0.4067,0.11255,-0.109325,0.10114999999999999,-0.308175,0.2382,0.23385,0.10492499999999999,-0.1438,-0.236475,0.28157499999999996,0.089775,0.2174,-0.46015,-0.3259,0.36719999999999997,0.61255,0.17865,-0.2774,-0.026025,-0.1103,0.42245,-0.230125,-0.310425,0.0954,0.294825,0.4738,0.1487,-0.234,-0.24645,0.1227,0.0303,0.021325,-0.0024,-0.29725,0.17352499999999998,0.2641,0.391875,-0.230175,-0.451575,-0.289175,0.00215,0.189975,-0.2608,-0.542475,-0.102,0.5189,0.154675,-0.2917,-0.64335,-0.43362500000000004,0.482575,-0.23254999999999998,-0.37275,-0.26180000000000003,-0.3224,0.19455,-0.030275,-0.21282500000000001,-0.43975,-0.26795,-0.299225,-0.05425,-0.18045,-0.41700000000000004,-0.32294999999999996,-0.345375,0.15860000000000002,-0.186825,-0.4414,-0.7215,-0.5967,0.07175,-0.10147500000000001,-0.45,-0.6087750000000001,-0.087325,-0.055,-0.171425,-0.701875,-0.72715,-0.092875,-0.291775,-0.298775,-0.3603,-0.316075,-0.332575,-0.0842,-0.45195,-0.538975,-0.372625,-0.633825,-0.09255,-0.284725,-0.40945,-0.513525,-0.596725,-0.2275,-0.392125,-0.32315,-0.83375,-0.7215750000000001,-0.1799,-0.015475,-0.645175,-0.7843249999999999,-0.635675,-0.6401749999999999,-0.1606,-0.88205,-0.8629,-0.321975,-0.37412500000000004,-0.37555,-0.508875,-0.690625,-0.7553,-0.38189999999999996,-0.62465,-0.523525,-0.64725,-0.9198500000000001,-0.5685,-0.61625,-0.4502,-0.809925,-0.9204749999999999,-0.865,-0.584275,-0.446925,-0.8815500000000001,-1.1680000000000001,-0.8416,-0.03715,-0.6773,-0.811375,-1.176525,-1.18695,-0.20582499999999998,-1.00775,-0.9877750000000001,-0.78345,-1.1358,-0.6887749999999999,-0.5333249999999999,-1.2037499999999999,-1.116825,-0.6404,-1.223125,-0.64325,-0.86585,-0.98305,-1.0156749999999999,-1.0778750000000001,-0.3646,-1.1449,-0.881425,-1.191525,-1.0929,-1.019925,-0.477625,-1.0123,-0.6206499999999999,-0.61215,-0.8349,-0.786525,-1.4572,-1.08695,-0.797,-0.7395499999999999,-0.7939750000000001,-1.429625,-1.4371,-1.362925,-0.852725,-1.395025,-1.3535249999999999,0.0,0.0,0.0,0.0,0.0,0.0,0.0,0.0,0.0,0.0,0.0,0.0,0.0,0.0,0.0,0.0,0.0,0.0,0.0,0.0,0.0,0.0,0.0,0.0,0.0,0.0,0.0,0.0
0.0,0.0,0.0,0.0,0.0,0.0,0.0,0.0,0.0,0.0,0.0,0.0,0.0,0.0,0.0,0.0,0.0,0.0,0.0,0.0,0.0,0.0,0.0,0.0,0.0,0.0,0.0,0.0,1.4645,2.2488,1.790575,1.409275,0.9104749999999999,2.2426999999999997,2.089575,1.95855,1.245975,1.07885,1.6211499999999999,2.0338000000000003,1.02125,1.052025,1.390125,1.5607250000000001,2.1499750000000004,1.685175,1.0194999999999999,1.1564,1.3726,1.878975,1.521125,1.0126,0.9496249999999999,1.282975,1.4883,1.716575,1.578925,0.6573,1.310325,1.17815,1.5666,1.239675,0.6697500000000001,1.098775,1.587425,1.734325,1.074225,0.7323500000000001,0.664925,1.538525,1.2862500000000001,0.6983999999999999,0.6815249999999999,0.8527750000000001,1.64495,1.426625,0.9295249999999999,0.6789499999999999,0.847925,1.3067,1.024625,1.10485,0.6938,0.9339500000000001,1.221225,1.5603500000000001,0.8183750000000001,0.44715000000000005,0.62135,0.577225,1.4066,1.089475,0.657975,0.503575,1.0115,1.277425,1.221525,0.554425,0.106375,1.11355,1.241225,1.102125,0.4296,0.40405,1.0759750000000001,1.19205,0.913125,0.1754,0.37155,0.6411,1.081725,0.9738,0.632525,0.562025,0.30469999999999997,1.106925,0.591225,0.664325,0.24457500000000001,0.052625,1.0110999999999999,1.207225,0.783175,0.27305,0.30375,0.6612750000000001,1.2301,0.4945,-0.126725,0.405325,0.81105,1.21135,0.60105,0.145575,0.09964999999999999,0.665,0.822725,0.2789,0.438475,0.21345,0.6378250000000001,0.7975,0.81425,0.31095,0.09025,0.354525,0.4104,0.829125,0.29732499999999995,0.0094,0.3617,0.8070499999999999,0.738925,0.19792500000000002,-0.044449999999999996,-0.09265,0.876925,0.54845,0.16525,0.128975,0.23117500000000002,0.7643,0.519,0.05825,-0.16,0.157725,0.406975,0.32345,0.27802499999999997,-0.011175000000000001,0.3174,0.4153,0.741275,0.14982499999999999,0.0094,-0.0601,-0.043175000000000005,0.6522,0.37834999999999996,-0.034625,-0.18845,0.433475,0.477175,0.32125000000000004,-0.266525,-0.5191749999999999,0.48457500000000003,0.3894,0.3393,-0.027674999999999998,-0.158225,0.335425,0.553525,0.22797499999999998,-0.291875,0.0056749999999999995,0.07590000000000001,0.4566,0.31705,-0.025275,-0.10652500000000001,-0.13337500000000002,0.456075,0.082025,0.022949999999999998,-0.3257,-0.41555000000000003,0.31955,0.5369250000000001,0.125,-0.29035,-0.06905,0.073225,0.5801499999999999,-0.18409999999999999,-0.5474749999999999,-0.131875,0.189125,0.53015,0.03995,-0.192025,-0.20085,0.162825,0.10075,-0.22854999999999998,-0.11125,-0.2772,0.262325,0.294625,0.220825,-0.238925,-0.313975,-0.01185,-0.151725,0.23915,-0.112675,-0.4274,-0.0108,0.14525,-0.0424,-0.412225,-0.5240750000000001,-0.36415,0.354425,0.031950000000000006,-0.30917500000000003,-0.34265,-0.147375,0.20832499999999998,-0.1461,-0.382725,-0.655575,-0.197575,0.06872500000000001,-0.218625,-0.2694,-0.33425,-0.100675,-0.312325,0.04335,-0.296025,-0.315175,-0.44035,-0.4274,0.249975,-0.190075,-0.558825,-0.486275,-0.119375,-0.22095,-0.159525,-0.6834,-0.740675,0.08979999999999999,-0.18285,-0.300475,-0.5695,-0.518075,-0.275125,0.057125,-0.345975,-0.6469,-0.34775,-0.230125,-0.0604,-0.2209,-0.378725,-0.473575,-0.683775,-0.15397499999999997,-0.515825,-0.2686,-0.731525,-0.816875,-0.017150000000000002,-0.02615,-0.5497749999999999,-0.75575,-0.556475,-0.63865,-0.10525000000000001,-0.7319249999999999,-0.996625,-0.481125,-0.38727500000000004,-0.25915,-0.5324,-0.7373000000000001,-0.795625,-0.500525,-0.523675,-0.754725,-0.649725,-0.658875,-0.445375,-0.668625,-0.577075,-0.7531,-0.9157,-0.7855,-0.8516999999999999,-0.209775,-0.49917500000000004,-0.918025,-0.7483000000000001,-0.264925,-0.6909000000000001,-0.6498,-0.9471,-1.0406,-0.268975,-1.0121,-1.0170750000000002,-1.1478249999999999,-0.7678499999999999,-0.730425,-0.890725,-0.747225,-0.97605,-0.8397,-0.91105,-0.8158000000000001,-0.8426750000000001,-1.08535,-0.896675,-0.743475,-1.002425,-1.074225,-0.813925,-0.966575,-0.389925,-0.6194500000000001,-0.26955,-1.1197,-0.7979999999999999,-0.815175,-0.9376749999999999,-0.30300000000000005,-1.11855,-1.0695000000000001,-0.474275,-1.256575,-0.82495,-1.90955,-1.29075,-1.293125,-1.0098,-0.849925,-1.537625,-2.5589749999999998,-0.69375,-0.74025,0.0,0.0,0.0,0.0,0.0,0.0,0.0,0.0,0.0,0.0,0.0,0.0,0.0,0.0,0.0,0.0,0.0,0.0,0.0,0.0,0.0,0.0,0.0,0.0,0.0,0.0,0.0,0.0
0.0,0.0,0.0,0.0,0.0,0.0,0.0,0.0,0.0,0.0,0.0,0.0,0.0,0.0,0.0,0.0,0.0,0.0,0.0,0.0,0.0,0.0,0.0,0.0,0.0,0.0,0.0,0.0,0.0,1.28795,1.8056,2.1937,1.675075,1.048675,1.195775,1.5452249999999998,2.2596999999999996,1.862,0.490875,1.17265,2.02145,2.237975,1.950375,0.999925,1.0023,1.528425,1.7752249999999998,1.1564999999999999,0.8975500000000001,1.23775,1.2771,1.914725,1.41955,0.9148499999999999,0.911,1.4543249999999999,1.142575,1.4231,1.137875,0.634075,1.26105,1.7969249999999999,1.65605,1.109225,0.615125,0.751275,1.462425,1.5225499999999998,0.74875,0.6668499999999999,0.8894,1.835225,1.43685,0.79155,0.35305,0.77415,1.673575,1.227925,1.123025,0.65935,0.9899249999999999,1.3918,1.357575,0.75305,0.41515,0.549675,0.6469750000000001,1.43615,0.9837250000000001,0.6770499999999999,0.6641,0.8416250000000001,1.287125,0.95495,0.5490999999999999,0.014425,0.803175,1.342575,1.067375,0.642675,0.393575,1.134775,1.1683,1.018475,0.1987,0.27585,0.871425,1.058825,1.029725,0.603475,0.579325,0.726375,1.417875,0.59855,0.32465,0.3738,0.25039999999999996,1.1084,0.9531499999999999,0.5930249999999999,0.34155,0.493775,0.7055,0.9566250000000001,0.5813250000000001,-0.1897,0.4043,0.900775,1.20065,0.62345,0.0679,0.248775,0.737925,0.86115,0.16845000000000002,0.117475,0.50025,0.89955,1.03505,0.5576,0.15515,0.10745,0.770525,0.4901,0.6179250000000001,0.29819999999999997,0.111875,0.6924,0.7662,0.6532,0.120625,0.026250000000000002,0.037474999999999994,0.8671,0.628375,-0.01295,0.03835,0.33147499999999996,1.1623750000000002,0.5962,0.241625,-0.265125,0.11374999999999999,0.813,0.37955,0.197,0.017375,0.435125,0.4719,0.7032,0.023725,-0.111675,0.156,0.016625,0.637775,0.3448,-0.045425,-0.09565,0.183875,0.278125,0.20274999999999999,-0.045975,-0.448275,0.290625,0.5307499999999999,0.321975,-0.166175,-0.17875,0.462825,0.526025,0.32995,-0.321425,-0.0101,0.36617500000000003,0.484,0.251825,0.108625,0.059975,0.116075,0.46055,-0.115975,-0.05385,-0.148175,-0.217275,0.46302499999999996,0.234525,-0.037125,-0.28755000000000003,-0.14775,0.092025,0.30705000000000005,-0.0799,-0.46677500000000005,-0.053224999999999995,0.25527500000000003,0.581725,-0.096375,-0.372425,-0.122575,0.2256,0.406825,-0.30062500000000003,-0.3258,0.2228,0.442925,0.363425,0.02475,-0.22875,-0.308125,0.245425,-0.18764999999999998,0.1322,-0.0969,-0.347475,0.143575,0.40969999999999995,0.02065,-0.24045,-0.403925,-0.453675,0.08854999999999999,0.06620000000000001,-0.47845000000000004,-0.356375,-0.12912500000000002,0.34667499999999996,-0.127925,-0.34045000000000003,-0.8683749999999999,-0.345525,0.179,-0.205675,-0.202025,-0.309475,0.0027,-0.077625,0.07515,-0.43762500000000004,-0.421025,-0.314975,-0.312425,0.15307500000000002,-0.11015,-0.41455000000000003,-0.449275,-0.26687500000000003,-0.25505,-0.29825,-0.40797500000000003,-0.833775,-0.21860000000000002,0.066325,-0.030875,-0.587975,-0.50065,-0.11334999999999999,-0.339875,-0.4659,-0.8749,-0.5627,-0.018574999999999998,-0.026875,-0.354875,-0.40937500000000004,-0.307775,-0.31720000000000004,-0.020775,-0.702325,-0.44575,-0.4292,-0.6286,0.000975,-0.258125,-0.49822500000000003,-0.712375,-0.545775,-0.674875,-0.22205,-0.6692,-0.903875,-0.5795,-0.47172499999999995,-0.12510000000000002,-0.8030999999999999,-0.73615,-0.75,-0.450625,-0.278175,-0.962025,-0.709975,-0.435025,-0.355225,-0.555725,-0.62555,-0.775125,-0.8288249999999999,-0.27825,-0.8954500000000001,-0.498625,-0.6551,-0.8326,-0.616675,-0.378725,-0.6593249999999999,-0.7227250000000001,-0.6765749999999999,-1.08795,-0.136675,-0.4671,-0.771275,-0.94255,-0.9050499999999999,-0.4025,-0.91425,-1.0814249999999999,-1.364025,-0.918875,-0.618425,-0.910225,-1.034475,-0.5974999999999999,-0.8882,-0.9498249999999999,-0.488175,-1.09845,-0.7707999999999999,-0.953325,-1.01845,-0.544225,-0.5077,-0.6012,-1.599475,-0.569275,-0.744325,-0.2305,-1.0998,-0.7711,-0.683025,-0.3627,-0.9556749999999999,-1.2783,-0.9829,-0.927825,-0.9797,-0.714375,-1.44905,-1.341825,-1.3246,-1.381975,-1.4479,-1.27715,0.0,0.0,0.0,0.0,0.0,0.0,0.0,0.0,0.0,0.0,0.0,0.0,0.0,0.0,0.0,0.0,0.0,0.0,0.0,0.0,0.0,0.0,0.0,0.0,0.0,0.0,0.0,0.0,0.0
0.0,0.0,0.0,0.0,0.0,0.0,0.0,0.0,0.0,0.0,0.0,0.0,0.0,0.0,0.0,0.0,0.0,0.0,0.0,0.0,0.0,0.0,0.0,0.0,0.0,0.0,0.0,0.0,0.0,1.390075,0.979225,1.406075,1.919375,1.246075,1.7933,0.638125,1.155525,1.2216500000000001,2.45415,1.504425,1.406975,0.899125,1.4818,2.0814500000000002,1.6957,1.260475,1.2979500000000002,1.999875,2.2670250000000003,1.57225,1.362825,1.229625,1.4743,1.743775,0.943425,0.810775,0.78645,1.487025,1.6738,1.6194250000000001,0.8926000000000001,0.764275,0.91435,1.1355,1.2942,0.79855,0.697025,1.05815,1.803575,1.2927,0.87265,0.35977499999999996,0.6722,1.8317999999999999,1.3280249999999998,0.8246249999999999,0.868125,1.0248,1.662875,1.578275,0.565525,0.490475,1.001775,0.8182499999999999,1.1862499999999998,0.8772500000000001,0.576825,0.896475,1.060225,1.3762500000000002,0.7827,0.582025,0.28607499999999997,0.8051250000000001,1.2933,0.933075,0.62795,0.46952499999999997,1.2902500000000001,1.2377,1.090875,0.171325,0.22502499999999998,1.203025,1.1819250000000001,1.1495,0.39975,0.431275,0.7678,1.2742,0.57435,0.2347,0.52255,0.65655,1.17565,0.8743,0.4602,0.27032500000000004,0.3493,0.802875,0.728275,0.74645,0.116425,0.36815,0.990325,1.132425,0.5422250000000001,0.13419999999999999,0.39805,0.6378250000000001,1.202775,0.1561,0.0337,0.4118,0.8821,1.051175,0.452575,0.20105,0.2047,0.908325,0.404425,0.41612499999999997,0.329825,0.213325,0.717575,0.62725,0.569325,0.170725,0.16305,0.138225,0.5065,0.6172,0.06924999999999999,0.12575,0.414375,0.9995499999999999,0.47855,0.0921,-0.175225,0.202575,0.9279,0.39952499999999996,0.15789999999999998,0.0925,0.42295,0.62605,0.49787499999999996,-0.1469,-0.293125,0.484425,0.235525,0.455775,0.188125,0.033125,0.235725,0.48114999999999997,0.43595,0.0249,0.014924999999999999,-0.2738,0.20147500000000002,0.656325,0.3004,-0.15157500000000002,-0.101675,0.4829,0.3883,0.25795,-0.50675,-0.252275,0.591825,0.66715,0.401775,-0.0458,0.01675,0.348825,0.5843499999999999,-0.022175,-0.31665,0.0597,0.13897500000000002,0.55215,0.120375,-0.053225,-0.217725,-0.0101,0.091375,-0.00765,0.016825,-0.335325,-0.10047500000000001,0.434975,0.6341749999999999,-0.08549999999999999,-0.336375,-0.0628,0.1097,0.4823,-0.20555,-0.302875,0.1081,0.5524249999999999,0.310475,-0.163925,-0.25567500000000004,-0.103675,0.40559999999999996,-0.02645,-0.14287499999999997,-0.004475,-0.176325,0.1891,0.0608,-0.09945,-0.24059999999999998,-0.25895,-0.26630000000000004,0.06695000000000001,-0.025,-0.379975,-0.37077499999999997,-0.012799999999999999,0.3924,-0.197,-0.31137499999999996,-0.575275,-0.4143,0.40685,-0.099325,-0.37335,-0.37945,0.0411,0.1533,-0.0008,-0.617375,-0.49272499999999997,0.055775000000000005,-0.1741,-0.066675,-0.215775,-0.25965,-0.091425,0.0741,-0.218,-0.493125,-0.44985,-0.639075,-0.1414,-0.07105,-0.17895,-0.566325,-0.50115,0.09292500000000001,-0.1562,-0.32782500000000003,-0.929125,-0.593175,-0.053375,0.074825,-0.208275,-0.545525,-0.465225,-0.29325,0.1936,-0.67265,-0.6445500000000001,-0.449225,-0.4394,-0.036175,-0.361875,-0.5525249999999999,-0.665475,-0.408775,-0.335825,-0.41655,-0.4566,-0.916725,-0.5649500000000001,-0.39342499999999997,-0.160175,-0.6788500000000001,-0.8337749999999999,-0.74665,-0.543175,-0.0938,-0.8344,-0.90205,-0.47325,-0.20497500000000002,-0.5113,-0.5131749999999999,-0.800475,-0.8702,-0.21905,-0.835675,-0.6477999999999999,-0.64455,-0.6214500000000001,-0.5728249999999999,-0.593025,-0.704725,-0.755425,-0.72525,-0.880525,-0.7129000000000001,-0.602125,-0.776,-0.98555,-0.80545,-0.3246,-0.896425,-0.9317,-1.34335,-0.9430499999999999,-0.49195,-0.899875,-0.94225,-1.122325,-0.6752,-1.032225,-0.47347500000000003,-1.3644500000000002,-1.00645,-0.44157500000000005,-0.71505,-0.655525,-0.88335,-0.8936000000000001,-0.94755,-0.6370750000000001,-0.62795,-0.68735,-0.85945,-0.995225,-0.3996,-0.6714500000000001,-0.45375,-1.15955,-1.03715,-1.223575,-1.24295,-1.1585750000000001,-1.5219749999999999,-0.964525,-0.6341,-1.074525,-0.5836,-1.729575,-0.884525,0.14400000000000002,-0.955575,0.0,0.0,0.0,0.0,0.0,0.0,0.0,0.0,0.0,0.0,0.0,0.0,0.0,0.0,0.0,0.0,0.0,0.0,0.0,0.0,0.0,0.0,0.0,0.0,0.0,0.0,0.0,0.0,0.0
0.0,0.0,0.0,0.0,0.0,0.0,0.0,0.0,0.0,0.0,0.0,0.0,0.0,0.0,0.0,0.0,0.0,0.0,0.0,0.0,0.0,0.0,0.0,0.0,0.0,0.0,0.0,0.0,0.0,2.418025,1.4011,1.659325,1.320725,1.439,1.969575,1.7363,1.5886,1.241825,1.331625,1.53625,2.043625,1.431775,0.677925,1.5574999999999999,1.8262749999999999,2.052925,1.2250999999999999,1.17055,1.3070249999999999,1.9604,1.667875,1.0781,0.89025,1.275725,1.7876,1.558175,1.25675,0.811175,1.08745,1.4292250000000002,1.419525,1.527275,0.813025,0.9691,1.497875,1.51475,1.3547250000000002,0.9396249999999999,0.583275,0.7787,1.8781500000000002,1.15565,0.6592250000000001,0.60045,1.1733,1.923025,1.38425,0.86495,0.25265,1.1954500000000001,1.2855500000000002,1.162625,0.8377249999999999,0.499125,1.0485,1.1671,1.201475,0.368125,0.493225,0.6103,0.81555,1.391475,0.9187,0.71295,0.4617,1.193375,1.04215,1.020075,0.3919,0.214775,1.1963499999999998,1.153025,0.9414750000000001,0.413225,0.41912499999999997,0.98055,1.2788249999999999,0.533525,0.026575,0.48569999999999997,0.836325,1.353675,0.849025,0.47967499999999996,0.459025,0.6876,0.9547,0.40145,0.5559999999999999,0.32155,0.584925,1.1031,1.12215,0.459625,0.186025,0.4531,0.470725,1.134225,0.2581,0.024225,0.670775,0.9346,1.1226,0.379575,0.008150000000000001,0.1536,1.0176,0.806725,0.152275,0.163,0.43655,1.084125,0.670825,0.33865,0.003075,0.279925,0.581,0.503475,0.641125,0.188375,0.17467500000000002,0.55605,0.951825,0.3266,0.109325,-0.11574999999999999,0.103475,1.10845,0.36625,0.1515,-0.008199999999999999,0.443925,0.86375,0.4501,-0.125,-0.37920000000000004,0.376075,0.513825,0.26022500000000004,0.1104,0.073675,0.423975,0.5035,0.408375,-0.11725,0.0696,0.004925,0.23729999999999998,0.5231250000000001,0.316075,0.016,0.049925,0.5085999999999999,0.136825,0.22062500000000002,-0.292925,-0.287675,0.579475,0.36305,0.32132499999999997,-0.259525,-0.057975,0.377125,0.58535,-0.0149,-0.420175,0.103325,0.331675,0.696225,0.147375,-0.180625,-0.031575,0.15805,0.2641,-0.173275,0.010875000000000001,-0.16205,0.04815,0.188425,0.3255,-0.16397499999999998,-0.23215,0.0274,0.04855,0.49979999999999997,-0.30155,-0.336625,0.23565,0.44972500000000004,0.47550000000000003,-0.1503,-0.41005,-0.32537499999999997,0.466475,0.073425,-0.29965,-0.11762500000000001,0.11225,0.42535,0.11825,-0.131925,-0.41757500000000003,-0.173375,0.11775,-0.038525,0.10645,-0.298125,-0.248225,-0.027825000000000003,0.30135,-0.21105,-0.2354,-0.434775,-0.3396,0.45189999999999997,0.013825,-0.454175,-0.51815,-0.1634,0.295425,-0.07705000000000001,-0.470975,-0.6998249999999999,0.040275,0.057025,-0.123825,-0.31495,-0.248525,0.06475,0.034725,0.0457,-0.5632,-0.38195,-0.41000000000000003,-0.22912500000000002,-0.1182,-0.169975,-0.470875,-0.455725,0.0658,-0.444325,-0.152775,-0.612125,-0.7060000000000001,0.088575,-0.15915,-0.285625,-0.747325,-0.45045,-0.25795,0.0359,-0.5343,-0.7648,-0.374075,-0.1281,-0.096375,-0.5287000000000001,-0.585825,-0.523925,-0.33535,-0.32125000000000004,-0.6568,-0.46797500000000003,-0.425325,-0.3845,-0.20335,-0.2708,-0.8548,-0.6543,-0.5923,-0.650425,-0.253475,-0.849275,-0.867075,-0.3779,-0.27197499999999997,-0.37685,-0.7110000000000001,-0.832775,-0.681875,-0.21115,-0.583275,-1.021225,-0.874675,-0.42784999999999995,-0.179075,-0.677125,-0.6606000000000001,-0.975575,-0.659,-0.37477499999999997,-0.5414749999999999,-0.35975,-0.731125,-0.543025,-0.675975,-0.435425,-1.036025,-0.8169,-1.118425,-1.0085,-0.37215,-0.8678,-1.0286499999999998,-1.1328,-0.7281249999999999,-0.695975,-0.9794,-1.096375,-1.40695,-0.983,-0.549675,-1.02005,-0.6026499999999999,-0.927625,-0.596725,-0.915775,-1.00035,-1.110175,-0.900825,-0.708475,-1.049475,-0.718175,-0.36979999999999996,-0.82085,-0.748625,-0.613025,-0.745175,-0.7393749999999999,-1.8245,-1.243825,-0.700475,-0.623975,-1.452775,-0.489675,-0.8448,-1.51155,-0.299925,-1.3491499999999998,-1.29755,-0.9238500000000001,0.0,0.0,0.0,0.0,0.0,0.0,0.0,0.0,0.0,0.0,0.0,0.0,0.0,0.0,0.0,0.0,0.0,0.0,0.0,0.0,0.0,0.0,0.0,0.0,0.0,0.0,0.0,0.0,0.0
0.0,0.0,0.0,0.0,0.0,0.0,0.0,0.0,0.0,0.0,0.0,0.0,0.0,0.0,0.0,0.0,0.0,0.0,0.0,0.0,0.0,0.0,0.0,0.0,0.0,0.0,0.0,0.0,0.0,0.8689,0.889925,2.6681,1.903975,1.532175,1.20885,1.283525,1.2177,1.481325,1.4449999999999998,1.010875,1.258725,1.885525,2.028825,1.4120249999999999,1.0686499999999999,1.3449499999999999,2.00155,1.5488499999999998,0.6857249999999999,1.10445,1.305675,1.9970500000000002,1.5803,1.5503,0.729175,0.9284,1.73865,1.061175,0.9374250000000001,0.7077,1.089,1.548975,1.64055,1.3541249999999998,0.850325,0.773775,0.83945,1.7893249999999998,1.182,0.6536,0.713225,1.0614249999999998,1.7674500000000002,1.225225,0.770275,0.42605000000000004,1.07165,1.561275,1.21205,0.99115,0.69515,1.243225,1.54765,1.3113249999999999,0.278975,0.4783,0.9532499999999999,0.95605,1.252775,0.6973750000000001,0.724275,0.91455,1.2185249999999999,1.112475,0.9280499999999999,0.381,0.38765,1.2313,1.194525,1.00895,0.3855,0.576125,1.151975,1.148875,0.79755,0.069725,0.38332499999999997,1.184075,1.3077,0.7038249999999999,0.4154,0.5154,1.021175,1.3127499999999999,0.41762499999999997,0.35934999999999995,0.266025,0.758725,1.1409,0.861675,0.4661,0.35214999999999996,0.66545,0.612525,0.864075,0.27515,-0.06634999999999999,0.543,0.938525,1.0507,0.3252,0.07970000000000001,0.13015,0.806575,0.872575,0.1376,0.291425,0.48705,1.2098,0.8317249999999999,0.312425,0.014575,0.26389999999999997,0.913575,0.360125,0.40105,0.25797499999999995,0.390825,0.713125,0.719075,0.232375,0.093,0.208075,0.152625,0.8268,0.34145000000000003,0.1154,0.11865,0.48475,0.929975,0.381625,0.03325,-0.32030000000000003,0.34495,0.769825,0.3207,0.054225,0.13315,0.5775,0.5650499999999999,0.3421,-0.333775,-0.0010999999999999998,0.47225,0.26375,0.56235,0.07339999999999999,0.050225,0.193125,0.5693,0.130275,0.0586,-0.101875,-0.2248,0.6216250000000001,0.40154999999999996,0.1826,-0.3384,0.0082,0.45372500000000004,0.38287499999999997,0.096725,-0.501725,0.049625,0.64765,0.64975,0.130025,-0.096625,-0.018625000000000003,0.30705,0.5656749999999999,-0.267575,-0.085275,-0.051825,0.20105,0.5029,0.15714999999999998,-0.18932500000000002,-0.19785,0.103925,-0.047625,0.29355,-0.0218,-0.29935,0.07747499999999999,0.30635,0.42595,-0.17602500000000001,-0.33275,-0.40005,0.2539,0.196075,-0.34802500000000003,-0.17827500000000002,0.0612,0.702925,0.154825,-0.06592500000000001,-0.4218,-0.0828,0.375525,-0.210175,-0.005,-0.198875,0.0365,0.192775,0.054724999999999996,-0.349,-0.350875,-0.18080000000000002,-0.441925,0.32025,-0.241725,-0.359475,-0.4697,-0.13897500000000002,0.04895,-0.1815,-0.5579000000000001,-0.6609,0.11465,0.27575,-0.12025,-0.588575,-0.19122499999999998,0.23845,0.12307499999999999,-0.1649,-0.7345,-0.3122,0.099175,-0.14887499999999998,-0.1265,-0.35465,-0.47214999999999996,-0.427175,0.078075,-0.4664,-0.33242499999999997,-0.4742,-0.460175,0.109925,-0.19735,-0.2801,-0.688225,-0.53885,-0.156,-0.033549999999999996,-0.38634999999999997,-0.9922249999999999,-0.3992,0.11515,0.115075,-0.519925,-0.5186999999999999,-0.533075,-0.2214,-0.06175,-0.8121499999999999,-0.3993,-0.3551,-0.24932500000000002,-0.1074,-0.34025000000000005,-0.546975,-0.6981,-0.501025,-0.886025,-0.235275,-0.62775,-0.7845,-0.6019,-0.3805,-0.16725,-0.745675,-0.714825,-0.7818,-0.497925,-0.436425,-0.84805,-0.800275,-0.3736,-0.30145,-0.6869500000000001,-0.666575,-0.99095,-0.6479,-0.429425,-0.683025,-0.506325,-0.3644,-0.51935,-0.723375,-0.363325,-0.78325,-0.738775,-0.749975,-0.867975,-0.57345,-0.973675,-0.9654,-1.006475,-0.810425,-0.69425,-0.720575,-0.976675,-1.164625,-0.7509,-0.38495,-0.600725,-1.1576499999999998,-0.5728249999999999,-0.09872500000000001,-0.469675,-0.657975,-1.17445,-0.748725,-0.4353,-0.900925,-0.58265,-0.7146,-0.9368000000000001,-0.964125,-0.6663749999999999,-1.261825,-0.9778249999999999,-0.717175,-0.6137250000000001,-0.769325,-0.8334,-0.7938500000000001,-1.175975,-1.6838250000000001,-0.62085,-0.31345,-0.65505,-1.79655,-0.9219499999999999,-0.527575,-0.1509,-1.326975,0.0,0.0,0.0,0.0,0.0,0.0,0.0,0.0,0.0,0.0,0.0,0.0,0.0,0.0,0.0,0.0,0.0,0.0,0.0,0.0,0.0,0.0,0.0,0.0,0.0,0.0,0.0,0.0,0.0
0.0,0.0,0.0,0.0,0.0,0.0,0.0,0.0,0.0,0.0,0.0,0.0,0.0,0.0,0.0,0.0,0.0,0.0,0.0,0.0,0.0,0.0,0.0,0.0,0.0,0.0,0.0,0.0,0.0,0.0,1.5792249999999999,1.5133750000000001,1.743325,1.274475,1.748,1.5363,1.026125,1.222025,1.909225,2.34095,1.75595,1.15595,1.495525,1.498675,2.2999,1.052775,0.9100250000000001,1.28745,2.0288,2.040225,1.068375,0.623125,1.18865,2.0519499999999997,1.413575,1.024975,0.86685,1.2037,2.11775,1.717225,1.213275,0.6431,1.117425,1.09335,1.201025,1.21595,0.5327,1.047275,1.4494500000000001,1.79745,0.98805,0.782475,0.204425,0.96665,1.709975,1.082025,0.81265,0.692775,1.3118999999999998,1.564825,1.366075,0.4364,0.316025,1.233925,1.05565,1.12395,0.632375,0.6531,1.0805500000000001,1.14415,0.8682749999999999,0.5035999999999999,0.65485,0.5836749999999999,1.12275,0.977775,0.839,0.6253,0.818125,1.111625,0.958775,0.808625,0.016125,0.43615000000000004,1.21225,1.2841,0.761725,0.21515,0.5159750000000001,0.8867,1.226375,0.390625,0.19475,0.7806249999999999,0.96375,1.2712500000000002,0.42795000000000005,0.289225,0.349875,0.890125,0.68965,0.53105,0.40385,0.258525,0.90795,0.8819,0.9316249999999999,0.3422,0.23759999999999998,0.4536,0.7428,0.990375,0.14125,0.291025,0.74705,1.264325,0.806625,0.287475,0.00415,0.419325,1.30035,0.3981,0.354075,0.152675,0.4904,1.0185,0.723525,0.22644999999999998,-0.019225,0.46435,0.372475,0.6218250000000001,0.360825,0.14024999999999999,0.21685,0.5342,0.79725,0.239,0.16712500000000002,-0.265575,0.33695,1.008425,0.3732,0.0285,0.062275,0.6182000000000001,0.6797,0.32855,-0.358625,-0.146925,0.5639000000000001,0.35275,0.422375,0.0365,0.117675,0.26592499999999997,0.5163,-0.0066,-0.12782500000000002,0.082175,-0.07935,0.41045,0.31235,0.18485000000000001,0.019450000000000002,0.041425000000000003,0.32275,0.1455,0.06215,-0.43215,-0.0552,0.68725,0.516975,0.109325,-0.0993,0.059775,0.27245,0.7348250000000001,-0.31135,-0.133975,0.2678,0.30305,0.5382499999999999,-0.062000000000000006,-0.200525,-0.210625,0.294675,-0.137125,-0.107075,-0.10502500000000001,-0.1238,0.34155,0.30767500000000003,0.402,-0.2718,-0.19074999999999998,-0.115925,0.119475,0.2604,-0.398175,-0.30410000000000004,0.34575,0.6473,0.07445,-0.1305,-0.5332,-0.058475,0.7373,-0.09225,-0.109075,-0.20515,0.2437,0.48560000000000003,0.04855,-0.29905000000000004,-0.4819,-0.0716,-0.20535,0.068675,-0.0953,-0.222425,-0.19337500000000002,-0.031775,0.21405,-0.3829,-0.47167499999999996,-0.7444,-0.210075,0.358725,-0.12887500000000002,-0.44120000000000004,-0.3261,0.0813,0.045975,-0.06775,-0.705775,-0.405775,0.177225,-0.0383,-0.022725,-0.486475,-0.22375,-0.09592500000000001,-0.054525000000000004,-0.63,-0.5871500000000001,-0.28169999999999995,-0.44635,-0.0368,-0.140675,-0.057749999999999996,-0.48475,-0.31332499999999996,-0.0838,-0.3154,-0.46797500000000003,-0.8,-0.5219,0.100275,0.05835,-0.5958749999999999,-0.607425,-0.422775,-0.25545,0.0288,-0.883275,-0.624,-0.202825,-0.12179999999999999,-0.143475,-0.466125,-0.607975,-0.5032,-0.18635000000000002,-0.660725,-0.659525,-0.5655,-0.579525,-0.45882500000000004,-0.44465,-0.28165,-0.8401749999999999,-0.6977,-0.662225,-0.339775,-0.29864999999999997,-0.793675,-0.8329,-0.3704,-0.1573,-0.710175,-0.8635,-1.05435,-0.599525,-0.072375,-0.8274999999999999,-0.65315,-0.6798500000000001,-0.460325,-0.4712,-0.5083500000000001,-0.782725,-1.026975,-0.6923250000000001,-0.751425,-0.4526,-0.781275,-0.6372249999999999,-0.9161999999999999,-0.791725,-0.94725,-1.130125,-1.066175,-1.2561499999999999,-1.175375,-0.42995,-0.63495,-0.8082499999999999,-0.90285,-0.6681,-0.525,-0.4237,-1.2791000000000001,-0.838725,-0.292975,-0.5029,-0.6312249999999999,-1.1075,-0.8132250000000001,-0.505525,-0.8471,-1.1549,-0.699425,-1.1087500000000001,-0.74035,-0.5639000000000001,-0.965675,-0.7893,-1.487525,-1.44865,-1.3575000000000002,-1.570875,-0.6895749999999999,-1.7657,-1.142525,-1.290575,-1.423425,-1.35015,1.02805,-2.289225,0.0,0.0,0.0,0.0,0.0,0.0,0.0,0.0,0.0,0.0,0.0,0.0,0.0,0.0,0.0,0.0,0.0,0.0,0.0,0.0,0.0,0.0,0.0,0.0,0.0,0.0,0.0,0.0,0.0,0.0
0.0,0.0,0.0,0.0,0.0,0.0,0.0,0.0,0.0,0.0,0.0,0.0,0.0,0.0,0.0,0.0,0.0,0.0,0.0,0.0,0.0,0.0,0.0,0.0,0.0,0.0,0.0,0.0,0.0,0.0,2.13295,1.2201,1.035625,1.331875,1.723225,1.9712999999999998,1.6262750000000001,0.885875,1.2360250000000002,1.427075,1.517325,2.278525,1.357825,0.953525,1.6789,1.8122250000000002,1.7071,1.41745,0.795175,0.85305,2.1955999999999998,1.2988,0.7649,0.946925,1.211775,2.1548499999999997,1.671425,0.7652,0.4421,1.1960250000000001,1.487675,1.25235,1.248875,0.76205,1.02805,1.3048250000000001,1.45,0.834825,0.917025,0.9062250000000001,1.0070999999999999,1.7095,0.94025,0.76055,0.838,1.3342,1.583125,1.2650000000000001,0.5765,0.49255,1.223475,1.390475,1.107825,0.4646,0.638875,1.24145,1.24935,0.8702,0.275725,0.6480999999999999,0.98955,1.284225,1.237625,0.802325,0.6634,0.92365,1.223925,0.6730499999999999,0.781525,0.36445,0.595225,1.56975,1.0409249999999999,0.71385,0.34245000000000003,0.674275,0.98725,1.178275,0.39444999999999997,-0.112675,0.6149,1.15845,1.403775,0.6657,0.3844,0.434,1.02555,0.723975,0.36235,0.46875,0.53485,1.0430249999999999,1.1236249999999999,0.7510749999999999,0.1948,0.2691,0.608625,0.54765,0.891625,0.203675,0.285175,0.693325,1.0357500000000002,0.7518,0.28800000000000003,0.0627,0.433425,1.143875,0.5176499999999999,0.14325,0.21395,0.716,1.1922,0.6804749999999999,0.121475,-0.13365000000000002,0.509625,0.615525,0.513725,0.42827499999999996,0.28152499999999997,0.49745,0.725725,0.7260249999999999,0.006475,0.168375,0.10842500000000001,0.351175,0.8109,0.36067499999999997,0.1116,0.21595,0.642275,0.563275,0.3585,-0.262425,-0.166125,0.7476,0.6056,0.372525,-0.212675,0.102575,0.5590250000000001,0.5196000000000001,0.22695,-0.39322500000000005,0.16192499999999999,0.26325,0.593175,0.30705000000000005,0.141675,0.06415,0.420275,0.667225,0.08655,0.197025,-0.35315,0.020675,0.628625,0.38079999999999997,0.0343,-0.22312500000000002,-0.033600000000000005,0.3236,0.6866,-0.189525,-0.34604999999999997,0.1848,0.627475,0.6427750000000001,-0.134275,-0.21942499999999998,-0.1522,0.45235,0.127425,-0.298875,-0.06,-0.050825,0.379225,0.313975,0.188975,-0.178775,-0.134275,0.06864999999999999,-0.0637,0.23315,-0.317075,-0.29245,0.05865,0.38382499999999997,-0.0005,-0.126525,-0.322175,-0.103625,0.48265,-0.019049999999999997,-0.270625,-0.2283,0.314825,0.428575,-0.004175,-0.3951,-0.491225,0.17395,-0.02315,-0.14492500000000003,-0.18665,-0.170775,0.069825,0.077675,0.036725,-0.5231250000000001,-0.239825,-0.27815,-0.2497,0.21895,-0.272,-0.22845,-0.259425,0.202125,-0.0382,-0.04365,-0.77115,-0.40125,0.36424999999999996,0.050225000000000006,-0.015050000000000001,-0.554375,-0.22235,0.036375,-0.02735,-0.43275,-0.8082750000000001,-0.2763,-0.0441,-0.027424999999999998,-0.35950000000000004,-0.2659,-0.372175,-0.17552500000000001,0.05725,-0.51375,-0.29745,-0.779375,-0.4073,0.12132499999999999,-0.041325,-0.45790000000000003,-0.6455500000000001,-0.47885,-0.29,0.0363,-0.5891,-0.81145,-0.473325,-0.09305000000000001,0.07894999999999999,-0.55995,-0.5101249999999999,-0.562125,-0.02215,-0.266675,-0.6917500000000001,-0.529925,-0.331,-0.45565,-0.5650000000000001,-0.42085,-0.79345,-0.607775,-0.6108,-0.609675,-0.24992499999999998,-0.7441,-0.686175,-0.58995,-0.3004,-0.628525,-0.768275,-0.90675,-0.88305,-0.219325,-0.66415,-0.6327,-0.7398,-0.3032,-0.381425,-0.545275,-0.818025,-1.002775,-0.224875,-0.447125,-0.7927,-0.5874,-0.54745,-0.751775,-0.5966499999999999,-0.4631,-0.9333,-0.580025,-1.1008499999999999,-0.76905,-0.6111500000000001,-1.04345,-1.010975,-0.822025,-0.71355,-0.731525,-0.7444,-1.3434000000000001,-0.8327,-0.140875,-0.4834,-0.55925,-1.0647,-0.853425,-0.390475,-0.567925,-1.0349000000000002,-1.4417,-0.7429749999999999,-0.5942000000000001,-0.674825,-1.170175,-1.0524,-0.9980249999999999,-1.052025,-0.55205,-1.194375,-0.975925,-1.218225,-1.439325,-0.73205,-0.87915,-0.658325,-0.9102250000000001,-1.156875,-1.7503250000000001,-0.1375,-1.17655,0.0,0.0,0.0,0.0,0.0,0.0,0.0,0.0,0.0,0.0,0.0,0.0,0.0,0.0,0.0,0.0,0.0,0.0,0.0,0.0,0.0,0.0,0.0,0.0,0.0,0.0,0.0,0.0,0.0,0.0
0.0,0.0,0.0,0.0,0.0,0.0,0.0,0.0,0.0,0.0,0.0,0.0,0.0,0.0,0.0,0.0,0.0,0.0,0.0,0.0,0.0,0.0,0.0,0.0,0.0,0.0,0.0,0.0,0.0,0.0,1.62765,2.089925,1.964175,1.76135,1.126075,1.270775,1.401725,1.6318000000000001,1.977875,1.2257,0.8150999999999999,1.70855,1.925875,1.82615,1.310725,0.806875,1.2637500000000002,2.068025,1.6237,1.095075,0.671375,1.501175,2.158275,1.43845,1.155475,0.5697,0.998875,1.880875,0.9790749999999999,0.9426,0.711425,1.23465,1.671375,1.53875,0.5165000000000001,0.82895,1.115225,1.29185,1.720375,1.0704500000000001,0.7965,0.899725,1.140325,1.4811750000000001,0.99535,0.6335,0.431025,1.3031249999999999,1.5505,1.190325,0.6798500000000001,0.7616499999999999,1.3532,1.3588500000000001,0.9584250000000001,0.17259999999999998,0.632925,1.18525,1.26515,0.878325,0.68725,0.7604,1.059475,1.401025,0.64685,0.55725,0.50305,0.720675,1.386225,0.982625,0.7257,0.40809999999999996,0.711875,0.898675,0.99395,0.575475,0.0636,0.800225,1.2248750000000002,1.2346249999999999,0.47207499999999997,0.328775,0.644475,1.230325,1.07835,0.12840000000000001,0.372875,0.741475,1.2134,1.072275,0.627275,0.30720000000000003,0.649425,1.015525,0.32665,0.47775,0.236425,0.359975,0.9686,0.97605,0.6554500000000001,0.23265000000000002,0.194925,0.404775,0.9485750000000001,0.57265,0.20925,0.22160000000000002,0.874,1.3048250000000001,0.641075,0.10652500000000001,-0.0613,0.641975,1.060925,0.44677500000000003,0.28559999999999997,0.079875,0.683025,0.857525,0.79155,-0.0918,0.146475,0.34675,0.436825,0.8271499999999999,0.08887500000000001,0.1498,0.29657500000000003,0.5647,0.6906,0.19090000000000001,-0.009475,-0.15045,0.591875,0.64765,0.2923,-0.05445,0.0802,0.549575,0.48497500000000004,0.147675,-0.4333,0.11695,0.52855,0.5675250000000001,0.246575,-0.032475000000000004,0.05685,0.230825,0.493875,-0.196825,0.10494999999999999,0.030125,0.21785,0.572075,0.141425,0.032525,-0.2676,0.052000000000000005,0.1053,0.25392499999999996,-0.0832,-0.31415000000000004,0.186425,0.58715,0.537525,-0.137325,-0.077275,0.0058249999999999994,0.5364249999999999,0.31205,-0.5083500000000001,-0.066025,0.236175,0.51235,0.23024999999999998,-0.067275,-0.371775,0.170225,0.45945,-0.043475,0.1694,-0.277175,0.035925,0.28200000000000003,0.2383,-0.0015999999999999999,-0.243475,-0.205275,-0.06712499999999999,0.404325,-0.010275,-0.29465,-0.245025,0.314475,0.58715,-0.020775000000000002,-0.388475,-0.6181,0.19655,0.488575,-0.132825,-0.242925,-0.22442499999999999,0.115975,0.139125,-0.022325,-0.547175,-0.2635,-0.081775,-0.1576,0.123875,-0.328075,-0.276175,-0.4197,-0.07819999999999999,-0.061125,-0.11075,-0.41715,-0.6373249999999999,0.096825,0.126925,-0.09355000000000001,-0.42125,-0.1976,0.10594999999999999,0.156825,-0.2065,-0.880825,-0.2697,0.03215,-0.047425,-0.422075,-0.371425,-0.411225,-0.18845,0.056275,-0.622475,-0.282325,-0.445475,-0.2736,-0.074225,-0.441875,-0.49855,-0.654075,-0.369875,-0.49357500000000004,-0.19025,-0.593925,-0.705375,-0.2878,-0.025825,-0.243775,-0.76895,-0.5668500000000001,-0.5292,-0.133725,-0.0929,-0.78775,-0.428775,-0.083825,-0.02855,-0.4168,-0.42110000000000003,-0.901275,-0.5419499999999999,-0.34245000000000003,-0.866375,-0.49219999999999997,-0.73465,-0.4742,-0.24235,-0.38165000000000004,-0.6016,-0.773075,-0.735425,-0.829675,-0.3316,-0.3781,-0.85535,-0.8735,-0.489525,-0.24307499999999999,-0.6777500000000001,-0.8405499999999999,-1.2579,-0.383375,-0.31720000000000004,-0.6483,-0.69065,-0.647825,-0.416225,-0.5227,-0.555425,-1.09355,-0.592475,-0.84365,-0.7888,-0.5165,-0.56875,-0.564375,-1.131,-1.10165,-0.9166749999999999,-0.846775,-0.956075,-1.0537,-0.5346,-0.574925,-0.600775,-0.7937,-0.62725,-0.50805,-0.653275,-0.776675,-1.288525,-0.6051249999999999,-0.683275,-0.8479,-0.9720500000000001,-0.8727,-0.939275,-0.487925,-0.303775,-1.2377,-0.93695,-0.8020750000000001,-0.31684999999999997,-1.05995,-1.139925,-1.430975,-1.6379,-0.93665,-0.84935,-0.4465,-1.9485000000000001,-1.402175,0.242325,-1.930325,0.0,0.0,0.0,0.0,0.0,0.0,0.0,0.0,0.0,0.0,0.0,0.0,0.0,0.0,0.0,0.0,0.0,0.0,0.0,0.0,0.0,0.0,0.0,0.0,0.0,0.0,0.0,0.0,0.0,0.0
0.0,0.0,0.0,0.0,0.0,0.0,0.0,0.0,0.0,0.0,0.0,0.0,0.0,0.0,0.0,0.0,0.0,0.0,0.0,0.0,0.0,0.0,0.0,0.0,0.0,0.0,0.0,0.0,0.0,0.0,0.0,1.7380499999999999,1.768675,1.59855,1.71315,1.29185,0.86995,1.158975,2.018825,1.88245,1.880925,1.004625,1.4263249999999998,1.649025,1.668725,1.6064749999999999,1.046,1.100125,1.763375,2.21665,1.978575,1.100975,0.759525,1.132625,1.777075,0.94075,0.74815,0.861575,1.401175,1.776975,1.641675,0.9236,0.6883999999999999,1.4191500000000001,1.3357,1.594,1.090075,1.03845,1.3361999999999998,1.395,1.471975,0.531425,0.7266250000000001,0.331075,1.227925,1.5889,1.120975,0.7252,0.874425,1.4982250000000001,1.3097,1.0397750000000001,-0.013875,0.620575,1.453925,1.2513750000000001,1.17545,0.37245,0.86635,1.359725,1.339175,0.566675,0.27764999999999995,0.78525,1.041525,1.3648,0.8966000000000001,0.6520250000000001,0.662675,0.94635,1.168575,0.78335,0.718825,0.08205,0.735525,1.326,1.257525,0.48395,0.315825,0.5955250000000001,0.9185,1.188,0.1966,0.3829,0.7919750000000001,1.2628499999999998,0.957225,0.28942500000000004,0.172,0.42722499999999997,1.138525,0.5049250000000001,0.441225,0.40235,0.5955,0.9959,0.825925,0.549625,0.057925000000000004,0.4574,0.5446249999999999,0.8523,0.6265999999999999,0.0809,0.466925,0.87875,1.102925,0.5223,0.266825,-0.06345,0.7023499999999999,1.156725,0.286625,0.260225,0.213325,0.738925,0.88795,0.5340750000000001,-0.12342499999999999,0.086125,0.7756,0.464125,0.5595749999999999,0.12512500000000001,0.2749,0.5606,0.649525,0.50085,0.0336,0.165125,0.04515,0.62835,0.6488499999999999,0.352625,0.148875,0.4253,0.5042,0.363525,0.323325,-0.404675,0.11265,0.8155249999999999,0.5411,0.1777,-0.129175,0.1533,0.49524999999999997,0.597,-0.22165,-0.203925,0.1391,0.45904999999999996,0.67365,0.073625,0.08215,-0.093875,0.34604999999999997,0.235775,0.001975,0.0104,-0.36970000000000003,0.148925,0.595625,0.532125,-0.062625,-0.11222499999999999,0.026125,0.40725,0.668925,-0.341125,-0.08125,0.28890000000000005,0.55915,0.332175,-0.1428,-0.315575,-0.16952499999999998,0.473225,-0.1716,-0.08195000000000001,-0.067375,0.1616,0.388775,0.041575,-0.059775,-0.37155,-0.04795,-0.087225,0.177475,0.114175,-0.133875,-0.20675000000000002,0.270875,0.41285,-0.1944,-0.25285,-0.4707,0.170675,0.6505,-0.16995,-0.14205,-0.09745,0.32515000000000005,0.33975,-0.103725,-0.706525,-0.498475,0.23295,-0.039975,-0.04435,-0.42152500000000004,-0.005124999999999999,0.01915,-0.010575000000000001,-0.285375,-0.46859999999999996,-0.26555,-0.429425,0.156725,0.1586,-0.12815000000000001,-0.351775,-0.133625,0.1814,-0.03115,-0.059475,-0.7963,-0.13847500000000001,0.353425,0.0045,-0.1865,-0.5398000000000001,-0.26964999999999995,-0.12204999999999999,-0.049174999999999996,-0.6583749999999999,-0.5423749999999999,-0.19385000000000002,-0.06785,0.09834999999999999,-0.392475,-0.36825,-0.619325,-0.2004,-0.498325,-0.3574,-0.36135,-0.746875,-0.36860000000000004,-0.0363,-0.11615,-0.6569,-0.5613,-0.44284999999999997,-0.24195,-0.010775,-0.799375,-0.46597500000000003,-0.1295,0.1526,-0.129525,-0.5070250000000001,-0.6665,-0.5620750000000001,-0.26632500000000003,-0.8622500000000001,-0.656225,-0.806275,-0.389675,-0.341675,-0.455075,-0.5818749999999999,-0.8744500000000001,-0.385825,-0.7372749999999999,-0.509225,-0.511375,-0.605325,-0.72545,-0.37320000000000003,-0.3192,-0.7010500000000001,-0.6909,-1.208925,-0.3715,0.091225,-0.707575,-0.6394,-0.5844750000000001,-0.27205,-0.21045,-0.47845000000000004,-0.9598500000000001,-0.73485,-0.6284000000000001,-0.7394,-0.5958,-0.882625,-0.61885,-0.77085,-0.566925,-1.04565,-1.069725,-0.8083,-1.374575,-0.659025,-0.665075,-0.579575,-1.0712000000000002,-0.7133,-0.507475,-0.39049999999999996,-0.6344500000000001,-1.1738499999999998,-0.5360750000000001,-0.143625,-0.62385,-0.7763,-1.043625,-0.9718,-0.512875,-0.447125,-1.362975,-0.75135,-0.5883,-1.050875,-0.72185,-0.696475,-0.9723999999999999,-1.142125,-0.887875,-0.4626,-1.327525,-1.21455,-0.9252750000000001,-0.6019749999999999,-1.16405,-2.191425,-0.41705000000000003,0.0,0.0,0.0,0.0,0.0,0.0,0.0,0.0,0.0,0.0,0.0,0.0,0.0,0.0,0.0,0.0,0.0,0.0,0.0,0.0,0.0,0.0,0.0,0.0,0.0,0.0,0.0,0.0,0.0,0.0,0.0
0.0,0.0,0.0,0.0,0.0,0.0,0.0,0.0,0.0,0.0,0.0,0.0,0.0,0.0,0.0,0.0,0.0,0.0,0.0,0.0,0.0,0.0,0.0,0.0,0.0,0.0,0.0,0.0,0.0,0.0,0.0,1.636675,0.6888000000000001,0.7821,1.898475,2.3671249999999997,2.2087250000000003,1.2639,0.99395,1.7648,2.067275,2.0416499999999997,1.7816750000000001,0.8436750000000001,1.77295,1.590575,2.056225,1.679275,0.667025,0.7973250000000001,1.1273,1.956925,1.074625,0.73365,0.916175,1.4743249999999999,1.939375,1.34345,0.698675,0.5188,1.49185,1.6453250000000001,1.1476,1.0268,1.015625,1.4581,1.654175,1.1704,0.479575,0.7763,0.9919,1.323575,1.4817,0.77055,0.986275,0.8399,1.33595,1.14565,1.012875,0.51335,0.74565,1.490625,1.262075,0.975725,0.4133,0.8051,1.256275,1.455575,0.5829,0.24035,0.8369500000000001,1.14035,1.316225,0.7315499999999999,0.6650750000000001,0.762375,1.1950500000000002,1.197425,0.3223,0.677825,0.591475,0.948825,1.2404249999999999,0.8467,0.6025750000000001,0.50415,0.8399749999999999,0.9717250000000001,1.0619750000000001,0.12445,0.36535,0.944175,1.243775,1.2228999999999999,0.381675,0.29614999999999997,0.511925,1.2062,0.5638,0.08297500000000001,0.42915000000000003,0.80175,1.26565,0.8131999999999999,0.362025,0.03415,0.666625,0.854725,0.5835999999999999,0.584025,0.269225,0.6013,1.010425,0.964475,0.2246,0.17915,0.178475,0.629275,1.2326,0.47172499999999995,0.26287499999999997,0.19644999999999999,0.794125,1.0012249999999998,0.291375,-0.193775,-0.29185000000000005,0.7084250000000001,0.7771250000000001,0.48824999999999996,0.119,0.34125,0.64505,0.733825,0.48595,-0.152725,0.312075,0.27645,0.51055,0.6137250000000001,0.25877500000000003,0.2069,0.25255,0.6202,0.270225,0.32465,-0.2382,0.123775,0.7114750000000001,0.720375,0.2256,-0.1378,0.183125,0.536675,0.52495,-0.1368,-0.4345,0.352625,0.50135,0.560925,-0.07375000000000001,0.08995,0.0586,0.468725,0.35355,-0.17527500000000001,0.12942499999999998,-0.09515000000000001,0.3343,0.525325,0.141775,-0.182475,-0.0768,0.1358,0.19437500000000002,0.46699999999999997,-0.323725,-0.083375,0.402,0.662325,0.376875,-0.3161,-0.24407500000000001,-0.1221,0.5963499999999999,-0.058225,-0.323375,-0.09615,0.45185,0.6092,0.06295,-0.16175,-0.41464999999999996,0.2434,0.207525,-0.0935,0.132,-0.2586,0.10115,0.354425,0.37555000000000005,-0.1703,-0.23049999999999998,-0.414875,0.179225,0.4956,-0.082625,-0.255975,-0.20652500000000001,0.33047499999999996,0.469825,-0.143925,-0.41655000000000003,-0.6952499999999999,0.271275,0.18365,-0.0681,-0.42935,-0.047850000000000004,0.09195,0.13915,-0.28895000000000004,-0.563425,-0.08675,-0.0838,-0.061274999999999996,0.10652500000000001,-0.13565,-0.2873,-0.194975,-0.10705,-0.254825,-0.057525,-0.6565749999999999,-0.20285,0.30569999999999997,0.21595,-0.155775,-0.6252249999999999,-0.37417500000000004,-0.09305,-0.06484999999999999,-0.624775,-0.7559750000000001,-0.145725,0.130425,0.1122,-0.51865,-0.29115,-0.411325,0.0069,-0.20945,-0.6262,-0.32904999999999995,-0.4052,-0.20297500000000002,-0.03155,-0.255175,-0.61025,-0.552025,-0.308825,-0.497425,-0.1812,-0.8111,-0.42445,-0.084075,0.16765000000000002,-0.10955000000000001,-0.46382500000000004,-0.6167,-0.35814999999999997,-0.086,-0.5172,-0.84805,-0.70765,-0.25870000000000004,-0.197125,-0.5615,-0.674275,-0.831475,-0.225325,-0.360125,-0.533725,-0.3325,-0.672425,-0.742625,-0.3814,-0.31045,-0.8315,-0.6848000000000001,-1.02245,-0.5280750000000001,-0.13605,-0.681925,-0.826175,-0.6795249999999999,-0.233825,-0.29995,-0.580425,-0.8658,-0.9392,-0.329025,-0.5380750000000001,-0.7035750000000001,-0.7948000000000001,-0.38192499999999996,-0.914225,-0.687825,-0.807825,-1.20845,-0.66485,-1.12825,-0.485825,-0.43057500000000004,-0.667175,-0.91855,-0.9943500000000001,-0.76325,-1.0043250000000001,-0.5097,-1.126225,-0.8981,-0.5464249999999999,-0.17127499999999998,-0.75925,-1.3443,-0.9040250000000001,-0.70925,-0.66005,-1.1141,-1.05765,-0.6789,-0.51295,-0.726725,-1.09205,-0.58335,-0.8605,0.0286,-1.237975,-1.44255,-0.692125,-1.2079250000000001,-0.667375,-0.790075,-1.062325,-2.054625,-0.073175,-1.348875,-0.598025,0.0,0.0,0.0,0.0,0.0,0.0,0.0,0.0,0.0,0.0,0.0,0.0,0.0,0.0,0.0,0.0,0.0,0.0,0.0,0.0,0.0,0.0,0.0,0.0,0.0,0.0,0.0,0.0,0.0,0.0,0.0
0.0,0.0,0.0,0.0,0.0,0.0,0.0,0.0,0.0,0.0,0.0,0.0,0.0,0.0,0.0,0.0,0.0,0.0,0.0,0.0,0.0,0.0,0.0,0.0,0.0,0.0,0.0,0.0,0.0,0.0,0.0,1.3622999999999998,2.4744,2.8310500000000003,1.4242000000000001,0.950775,0.859175,2.2529749999999997,1.748675,1.8174000000000001,1.5015,1.4242249999999999,1.9039,1.85985,1.628425,1.2321749999999998,1.259,1.6092,1.8965999999999998,1.3780999999999999,0.968,1.128575,1.55535,1.933025,1.22505,0.7038,0.35960000000000003,1.537725,1.382825,1.11335,1.042075,1.3372000000000002,1.593975,1.8300750000000001,1.170575,0.40585000000000004,0.76145,1.412625,1.4881250000000001,1.2282250000000001,0.67375,1.013625,1.064225,1.4420250000000001,1.018875,0.7792250000000001,0.582325,0.8687499999999999,1.53165,1.3756249999999999,1.105375,0.5325,1.041925,1.3967999999999998,1.3475,0.811475,0.26942499999999997,0.950225,1.494275,1.4414,0.867225,0.4068,0.7561249999999999,1.477225,1.3434249999999999,0.165725,0.537325,0.561975,1.3105,1.4427249999999998,0.690925,0.5831999999999999,0.491975,0.8699749999999999,0.826825,0.8914,0.446275,0.37474999999999997,0.8762749999999999,1.3036500000000002,0.9586,0.27515,0.41455,0.5375749999999999,1.22965,0.9069499999999999,0.086225,0.363625,0.77525,1.215825,0.856275,0.416925,0.15935,0.8427,1.119425,0.29585,0.37370000000000003,0.19292499999999999,0.80355,1.14015,0.839075,0.33505,0.217375,0.448725,0.4879,0.9082250000000001,0.36415,0.3965,0.40675,0.931075,0.982575,0.3776,0.06375,-0.1542,0.788025,0.75415,0.15944999999999998,0.096175,0.350175,0.885425,0.84695,0.35455000000000003,-0.26890000000000003,0.362825,0.7634,0.550625,0.5181250000000001,0.09709999999999999,0.28755,0.50975,0.53405,0.212425,0.132275,0.036925,0.18295,0.73025,0.443675,0.337175,-0.1012,0.373925,0.45595,0.37355000000000005,0.019799999999999998,-0.553825,0.3142,0.842925,0.5591,0.0347,-0.06515,0.0653,0.6781,0.49155000000000004,-0.1706,0.036324999999999996,0.08375,0.5551499999999999,0.4498,0.018675,-0.0067,-0.0775,0.320775,-0.131475,0.216975,-0.165975,-0.165775,0.30074999999999996,0.5299,0.280675,-0.18865,-0.09615,-0.0719,0.354225,0.24885,-0.37625,0.04145,0.424575,0.6295499999999999,-0.056,-0.116925,-0.36805,0.368575,0.4548,-0.325175,-0.062075000000000005,-0.13485,0.29307500000000003,0.3735,0.09585,-0.2547,-0.19925,0.062675,-0.066575,0.260925,-0.145,-0.180925,-0.16417500000000002,0.330125,0.30072499999999996,-0.1812,-0.37485,-0.5890249999999999,0.29305,0.2746,-0.17345,-0.350125,-0.007875,0.3161,0.154075,-0.227125,-0.847175,-0.0739,0.1088,0.0398,-0.020900000000000002,-0.32785000000000003,-0.132975,0.10147500000000001,0.131325,-0.326525,-0.17505,-0.407025,-0.1946,0.204475,-0.0564,-0.05745,-0.530525,0.070125,-0.02325,-0.018500000000000003,-0.38785000000000003,-0.897725,-0.182475,0.304425,0.13142500000000001,-0.4102,-0.44982500000000003,-0.3489,0.08755,-0.24665,-0.752525,-0.317575,-0.28837500000000005,-0.038075,-0.10775,-0.42860000000000004,-0.44705,-0.53645,-0.2547,-0.3392,-0.275075,-0.6401,-0.5096,-0.364025,-0.112025,-0.241925,-0.640425,-0.5521750000000001,-0.5244500000000001,0.057874999999999996,-0.217175,-0.61415,-0.45292499999999997,-0.15810000000000002,-0.16785,-0.68005,-0.6683,-0.9016,-0.30127499999999996,-0.273275,-0.633775,-0.41122499999999995,-0.540125,-0.372975,-0.2822,-0.6669750000000001,-0.8686499999999999,-0.7210000000000001,-0.58935,-0.6530750000000001,-0.2968,-0.568875,-0.5915,-0.754325,-0.46435,-0.50985,-0.6328750000000001,-0.630475,-1.02325,-0.286575,-0.29652500000000004,-0.885025,-0.840225,-0.415975,-0.65125,-0.7039,-0.6736249999999999,-1.07065,-0.6499250000000001,-0.38225,-0.6481,-0.89675,-0.95295,-0.87115,-0.942875,-0.46445,-0.9864999999999999,-0.690525,-0.7464500000000001,-0.5598000000000001,-0.185925,-0.64625,-0.80575,-1.012425,-0.61685,-0.5448000000000001,-0.743625,-0.675675,-1.544075,-0.6964,-0.34665,-0.53145,-0.820475,-1.0041,-0.980575,-0.5615,-0.4295,-1.1136,-0.872875,-0.7960750000000001,-1.6452,-0.4364,-1.0633249999999999,-1.0170000000000001,-1.5186,-1.249325,-0.46935,-0.49325,-1.0048,-0.82285,0.0,0.0,0.0,0.0,0.0,0.0,0.0,0.0,0.0,0.0,0.0,0.0,0.0,0.0,0.0,0.0,0.0,0.0,0.0,0.0,0.0,0.0,0.0,0.0,0.0,0.0,0.0,0.0,0.0,0.0,0.0
0.0,0.0,0.0,0.0,0.0,0.0,0.0,0.0,0.0,0.0,0.0,0.0,0.0,0.0,0.0,0.0,0.0,0.0,0.0,0.0,0.0,0.0,0.0,0.0,0.0,0.0,0.0,0.0,0.0,0.0,0.0,0.0,1.063625,1.848125,1.6948,1.31655,0.96295,1.1214,2.14145,2.3433,1.560325,0.6354,0.9402,1.2478250000000002,1.31895,1.7929249999999999,1.4599250000000001,1.05715,1.7570000000000001,1.812775,1.9082249999999998,1.1526,1.304875,0.362475,1.462825,1.82025,1.09935,0.47250000000000003,0.8916000000000001,1.657275,1.780675,0.9806,0.26625,0.62925,1.576525,1.6078999999999999,1.3519750000000001,0.733375,0.8988750000000001,1.504675,1.479975,1.11105,0.61685,0.8379,0.79695,1.466925,1.203325,1.0675999999999999,0.68975,1.3224500000000001,1.3922999999999999,1.023425,0.87745,0.3432,1.056775,1.440525,1.273025,0.8748750000000001,0.5771999999999999,0.84075,1.30975,1.256525,0.12265000000000001,0.31589999999999996,0.933925,1.3325,1.388175,0.57045,0.61785,0.800875,1.3407,0.76505,0.615275,0.58585,0.643675,1.151,1.23535,0.961975,0.17495,0.621675,0.721275,1.006175,0.893875,0.106475,0.5857,0.94625,1.23845,0.8132250000000001,0.239875,0.133825,0.8393499999999999,1.354075,0.472275,0.314825,0.232375,1.0473,1.2515,0.538975,0.06175,0.125925,0.8094250000000001,0.65875,0.6857249999999999,0.423675,0.315075,0.556325,0.977025,0.8285,0.22669999999999998,0.2545,0.110475,0.79685,1.05115,0.28975,0.1101,0.21945,0.654675,0.725475,0.3498,-0.26815,0.17465,0.784775,0.59605,0.43395,0.035500000000000004,0.433975,0.6212249999999999,0.58375,0.008749999999999999,0.0002,0.244725,0.287425,0.731725,0.5385500000000001,0.335625,0.049925,0.5053,0.493575,0.25884999999999997,0.233875,-0.350175,0.3349,0.663725,0.408325,0.09129999999999999,-0.105075,0.1661,0.53815,0.5062,-0.393625,-0.07087500000000001,0.365075,0.630725,0.39685,-0.164575,-0.045525,0.04515,0.5289,0.00705,-0.04845,-0.019049999999999997,0.033125,0.40175,0.3182,0.126075,-0.22260000000000002,0.07075,0.105125,0.4401,0.300975,-0.36675,0.0304,0.419525,0.5468999999999999,0.12395,-0.297725,-0.34685,0.328125,0.5121,-0.24617499999999998,-0.142925,-0.112775,0.61745,0.594525,0.11285,-0.300225,-0.37975000000000003,0.2526,0.042624999999999996,0.149225,-0.073275,-0.099475,0.03275,0.310775,0.06965,-0.19767500000000002,-0.24409999999999998,-0.4675,0.2478,0.525775,-0.082825,-0.31865,-0.10595,0.1868,0.12714999999999999,-0.14935,-0.62005,-0.26887500000000003,0.244525,-0.009075,-0.19747499999999998,-0.440525,0.0144,0.09242500000000001,0.129475,-0.3869,-0.402025,-0.106775,-0.09525,0.09895,-0.0838,-0.217175,-0.4817,-0.065275,-0.072725,-0.207675,-0.20375,-0.657275,-0.1996,0.0871,-0.09935,-0.477475,-0.385475,-0.34855,0.038475,-0.008125,-0.7217749999999999,-0.336725,-0.156525,0.17745,-0.184475,-0.65865,-0.3961,-0.412975,0.012125,-0.53955,-0.516,-0.241725,-0.265975,-0.152675,-0.28917499999999996,-0.4603,-0.6896,-0.35452500000000003,-0.458475,-0.08437499999999999,-0.085675,-0.645025,-0.424825,0.056350000000000004,-0.04025,-0.460275,-0.643375,-0.837625,-0.250725,-0.1792,-0.802925,-0.715875,-0.647875,-0.12204999999999999,-0.161875,-0.513225,-1.000225,-0.8072,-0.2696,-0.49495,-0.433575,-0.58945,-0.530725,-0.734525,-0.3115,-0.281825,-0.7992,-0.696625,-1.0186250000000001,-0.208125,-0.17312499999999997,-0.5503,-0.59575,-0.6434,-0.3712,-0.3965,-0.667725,-1.223875,-0.6067,-0.49365,-0.76295,-0.800975,-0.9062,-0.87565,-0.915175,-0.8088000000000001,-1.2402250000000001,-1.166225,-0.5221,-1.194275,-0.6299,-0.6482749999999999,-0.673575,-1.012025,-0.557625,-0.588025,-0.953525,-0.5637,-1.0779999999999998,-0.847975,-0.793125,-0.7252749999999999,-1.099075,-1.10255,-1.3042,-0.402675,-0.55305,-1.2489000000000001,-1.004875,-0.7504,-0.7434499999999999,-1.2106,-1.322525,-0.8875500000000001,-1.1632500000000001,-1.191775,-1.28315,-0.36334999999999995,-0.6293249999999999,-0.055099999999999996,0.1005,0.14955000000000002,0.0,0.0,0.0,0.0,0.0,0.0,0.0,0.0,0.0,0.0,0.0,0.0,0.0,0.0,0.0,0.0,0.0,0.0,0.0,0.0,0.0,0.0,0.0,0.0,0.0,0.0,0.0,0.0,0.0,0.0,0.0,0.0
0.0,0.0,0.0,0.0,0.0,0.0,0.0,0.0,0.0,0.0,0.0,0.0,0.0,0.0,0.0,0.0,0.0,0.0,0.0,0.0,0.0,0.0,0.0,0.0,0.0,0.0,0.0,0.0,0.0,0.0,0.0,0.0,2.065375,0.895675,1.311675,1.098325,2.019175,1.6797499999999999,1.461725,0.6812,1.8221749999999999,2.4047,1.415725,1.724075,1.7229750000000001,1.574025,2.28525,1.6206999999999998,1.139475,1.3592,0.91785,1.193375,1.673975,1.112025,0.957425,1.1177,1.8919,1.5734249999999999,1.0771249999999999,0.43515,0.6024750000000001,1.8850250000000002,1.5688,1.3714,0.729675,1.299075,1.7331,1.4570750000000001,0.5650499999999999,0.299375,0.951075,1.364325,1.4361249999999999,1.11875,0.697125,0.911,1.4461249999999999,1.453275,0.99135,0.889225,0.310975,1.0859999999999999,1.719325,1.0997999999999999,0.934275,0.389925,0.941225,1.4948,1.35305,0.37525000000000003,0.3312,1.10485,1.43575,1.298,0.40845,0.466275,0.746,1.480375,0.9913,0.4671,0.626025,0.7830250000000001,1.3764,1.17775,0.7072750000000001,0.445725,0.712475,0.8859,0.820425,0.85995,0.305125,0.6396499999999999,0.98065,1.1237,0.838125,0.22249999999999998,0.25825,0.4708,1.12705,0.519325,0.26899999999999996,0.32415,1.220675,1.218325,0.50755,0.062200000000000005,0.03045,0.99415,0.780225,0.524975,0.44235,0.55655,0.897675,0.92475,0.639325,-0.049075,0.390825,0.31665,0.825125,0.910575,0.25995,0.40704999999999997,0.4285,0.8772,0.61725,0.277675,-0.21065,0.1628,0.9027499999999999,0.6683250000000001,0.32042499999999996,-0.095525,0.553625,0.9329999999999999,0.722325,0.080275,-0.27535,0.50805,0.5927,0.62705,0.38492499999999996,0.19125,0.321975,0.779525,0.52895,0.0699,0.23195000000000002,0.001,0.530225,0.737725,0.38525,0.0576,-0.246375,0.0936,0.44425,0.45035,-0.1911,-0.33530000000000004,0.49822500000000003,0.855475,0.42510000000000003,-0.075725,-0.04025,0.070475,0.7313999999999999,0.010825,-0.307725,0.0851,0.2094,0.633075,0.298,0.033,-0.3578,0.152775,0.1015,0.0666,0.29305,-0.254475,0.050100000000000006,0.31275,0.354525,0.034025,-0.15234999999999999,-0.2436,0.0937,0.593175,-0.1205,-0.229125,-0.24514999999999998,0.52335,0.42685,-0.048475000000000004,-0.37925000000000003,-0.32715,0.476525,0.24505,-0.049,-0.032875,2.4999999999999998e-05,0.30627499999999996,0.261825,0.02975,-0.37670000000000003,0.039375,-0.13227499999999998,0.2112,0.3195,-0.1924,-0.08827499999999999,-0.009474999999999999,0.14425000000000002,0.101775,-0.23445,-0.4768,-0.2188,0.4457,0.1311,-0.158275,-0.5362750000000001,0.0631,0.1048,0.06434999999999999,-0.3789,-0.6086,0.231075,0.255425,0.1742,-0.21835,-0.20065,-0.128975,0.13527499999999998,-0.049675000000000004,-0.302175,-0.180925,-0.5283749999999999,0.098725,0.163025,-0.106,-0.3815,-0.5482750000000001,-0.25115,-0.10742499999999999,-0.050325,-0.670975,-0.618325,-0.08105,0.451875,-0.13355,-0.663475,-0.444725,-0.424275,0.13305,-0.361375,-0.67685,-0.2921,-0.28135,-0.008775,-0.272625,-0.440125,-0.7763,-0.31635,-0.46099999999999997,-0.36105,-0.170775,-0.5938,-0.409975,-0.104075,-0.10769999999999999,-0.422675,-0.5774,-0.5911500000000001,-0.422425,-0.12775,-0.584225,-0.765975,-0.7605000000000001,-0.245525,-0.25434999999999997,-0.4935,-0.846225,-0.878925,-0.1315,-0.47265,-0.69815,-0.5977,-0.39515,-0.476275,-0.2924,-0.625475,-0.796475,-0.45947499999999997,-0.7529999999999999,-0.570875,-0.2308,-0.7565500000000001,-0.7134750000000001,-0.652,-0.42062499999999997,-0.530225,-0.6875749999999999,-0.903175,-0.8116,-0.39725,-0.5181,-0.778675,-1.056075,-0.35002500000000003,-0.7137,-0.43595,-1.091675,-1.350375,-0.3745,-0.601925,-0.43365,-0.609525,-0.5827,-0.87185,-0.5264,-0.8617,-0.7652749999999999,-0.718475,-0.72715,-0.47297500000000003,-0.596375,-0.598975,-0.8753500000000001,-1.007225,-0.8740749999999999,-0.965875,-0.5587500000000001,-1.189525,-0.8585,-1.25915,-0.298075,-1.01465,-1.3512,-1.168475,-1.73735,-0.54725,-1.696325,-1.368525,-0.7461,-0.73565,-0.06885,-0.6663250000000001,-1.206575,-1.605025,-0.5092749999999999,0.0,0.0,0.0,0.0,0.0,0.0,0.0,0.0,0.0,0.0,0.0,0.0,0.0,0.0,0.0,0.0,0.0,0.0,0.0,0.0,0.0,0.0,0.0,0.0,0.0,0.0,0.0,0.0,0.0,0.0,0.0,0.0
0.0,0.0,0.0,0.0,0.0,0.0,0.0,0.0,0.0,0.0,0.0,0.0,0.0,0.0,0.0,0.0,0.0,0.0,0.0,0.0,0.0,0.0,0.0,0.0,0.0,0.0,0.0,0.0,0.0,0.0,0.0,0.0,0.0,2.051375,1.753725,0.2041,1.3511,1.66365,2.40835,1.41535,1.073925,1.028525,2.197475,2.4334499999999997,1.681,1.1183999999999998,1.06085,1.422275,1.691975,1.5928749999999998,0.6599999999999999,0.9817750000000001,1.201025,1.932125,1.487875,0.97665,0.57945,0.603525,1.8036,1.916575,1.22625,0.7347250000000001,1.248575,1.755075,1.89805,1.0096,0.2091,1.34095,1.5747,1.41185,0.833325,0.5204,0.835175,1.57695,1.1882,0.323725,0.8285,0.796975,1.2811,1.57035,0.9406249999999999,0.906325,0.801,1.1075249999999999,1.03605,1.193225,0.6269,0.3712,1.158125,1.524875,1.2728,0.56435,0.65,0.78635,1.2727249999999999,1.0004,0.052675,0.55145,1.1635,1.5446,1.2981500000000001,0.4627,0.39475,0.9104,1.210725,0.558425,0.8004,0.32885,1.0236750000000001,1.3058750000000001,0.969425,0.6269,0.255425,0.34967499999999996,0.700625,1.121175,0.60635,0.130575,0.464725,1.308875,1.115075,0.49570000000000003,0.3437,0.069575,1.147375,1.234975,0.41659999999999997,0.258775,0.226775,0.9266,1.0781,0.6768,0.142525,0.39292499999999997,0.72175,0.655725,0.74985,0.25535,0.463525,0.521725,0.905275,0.6017250000000001,0.24357499999999999,0.1428,-0.0716,0.726575,0.6926749999999999,0.2328,-0.019475,0.49335,0.704325,0.639575,0.199925,-0.301225,0.511675,0.88845,0.638,0.34285,0.040675,0.275175,0.62325,0.51305,-0.10567499999999999,0.255725,0.23559999999999998,0.5965,0.567775,0.331675,0.2617,0.04835,0.33575,0.263275,0.33735000000000004,-0.0258,-0.2642,0.42355,0.69075,0.449725,-0.12585000000000002,0.096925,0.08595,0.70105,0.27125,-0.42125,0.09457499999999999,0.3886,0.618675,0.25682499999999997,-0.184725,-0.183525,0.348175,0.41235,-0.04085,0.1321,-0.218825,0.35355000000000003,0.37505,0.34030000000000005,-0.022574999999999998,-0.210575,0.004675,0.090475,0.447125,0.0148,-0.262425,-0.016625,0.594125,0.3318,-0.20384999999999998,-0.3659,-0.42469999999999997,0.5662,0.5562499999999999,-0.069175,-0.10075,-0.13840000000000002,0.402425,0.3291,-0.095,-0.5216500000000001,-0.11595,0.17095,0.274225,0.125775,-0.203125,-0.0557,-0.015675,0.214975,-0.198125,-0.308025,-0.2735,-0.33365,0.3169,0.292625,-0.14745,-0.40497500000000003,0.22905,-0.0188,-0.1916,-0.39455,-0.821125,0.093375,0.26954999999999996,0.03825,-0.327075,-0.3347,-0.09725,0.2278,0.008400000000000001,-0.604975,-0.0973,-0.11007499999999999,0.21455000000000002,0.038650000000000004,-0.20225,-0.280525,-0.451075,-0.15439999999999998,-0.3296,-0.093275,-0.374025,-0.5819749999999999,0.025025,0.26535,-0.076375,-0.523525,-0.345875,-0.35975,0.182075,-0.4032,-0.704,-0.2295,-0.0364,0.14265,-0.2861,-0.48285,-0.682125,-0.059525,-0.31942499999999996,-0.766575,-0.375875,-0.5033749999999999,0.023125,-0.11125,-0.302875,-0.36405,-0.43362500000000004,-0.328125,-0.32489999999999997,-0.090975,-0.381,-0.750175,-0.612575,0.09807500000000001,-0.24325,-0.742325,-0.886075,-0.9578249999999999,0.0563,-0.185625,-0.61005,-0.714825,-0.46515,-0.37415,-0.47247500000000003,-0.702675,-0.95015,-0.5684250000000001,-0.677125,-0.35450000000000004,-0.588875,-0.719725,-0.5223500000000001,-0.6080749999999999,-0.457825,-0.530975,-0.49225,-0.6235,-0.817925,-0.37995,-0.4366,-0.6603,-1.0391000000000001,-0.382975,-0.8135249999999999,-0.644525,-0.8861749999999999,-1.3035,-0.501425,-0.515575,-0.972275,-1.087425,-0.90995,-1.108075,-0.7286250000000001,-0.8259,-1.13895,-0.77505,-0.93565,-0.49155,-0.716125,-0.71715,-1.08995,-0.7733,-0.4175,-0.693125,-0.7414,-0.99255,-1.119125,-1.10865,-0.298975,-0.96875,-0.94975,-0.43510000000000004,-1.691875,-0.4163,-0.983375,-1.45195,-0.39270000000000005,-1.100875,-1.3430499999999999,-1.121525,-1.0698,-0.75035,-0.24965,-1.028075,-0.9881249999999999,0.0,0.0,0.0,0.0,0.0,0.0,0.0,0.0,0.0,0.0,0.0,0.0,0.0,0.0,0.0,0.0,0.0,0.0,0.0,0.0,0.0,0.0,0.0,0.0,0.0,0.0,0.0,0.0,0.0,0.0,0.0,0.0,0.0
0.0,0.0,0.0,0.0,0.0,0.0,0.0,0.0,0.0,0.0,0.0,0.0,0.0,0.0,0.0,0.0,0.0,0.0,0.0,0.0,0.0,0.0,0.0,0.0,0.0,0.0,0.0,0.0,0.0,0.0,0.0,0.0,0.0,0.367625,1.601525,2.1218250000000003,1.15355,1.2727,0.9662000000000001,1.961725,1.76125,1.3168250000000001,1.0463,0.9298,1.534225,1.4264,1.9257,1.63475,1.5714,1.5009,2.06995,1.0962749999999999,0.891575,1.2527,0.936125,1.70975,1.483625,0.92205,0.784025,1.120075,1.4846249999999999,1.507125,1.036375,0.27092499999999997,1.48515,1.6438,1.673925,0.95715,0.43272499999999997,0.956475,1.515175,1.2183,0.45745,0.4107,1.0855249999999999,1.5929,1.45825,0.945425,0.84495,0.8850250000000001,1.3936250000000001,1.1523249999999998,0.9452,0.7325,0.41875,1.321375,1.6325500000000002,1.122925,0.737125,0.7152499999999999,0.8366,1.3321749999999999,0.99335,0.1112,0.467175,0.997625,1.5368,1.18575,0.48167499999999996,0.460075,0.84295,1.405225,0.607375,0.50095,0.2776,1.1334,1.231125,0.93665,0.491025,0.31035,0.78785,0.82015,0.809725,0.6947749999999999,0.341375,0.702925,1.09755,0.96235,0.38715,0.2612,0.12975,0.876,1.267875,0.430625,0.476025,0.371125,1.100575,0.95425,0.407275,-0.0218,0.40285,0.94625,0.77465,0.553975,0.32504999999999995,0.69175,0.79455,0.883,0.277275,0.08449999999999999,0.427425,0.34885,0.9130750000000001,0.6854250000000001,0.206875,0.244175,0.5437000000000001,0.679775,0.418675,0.142025,-0.34562499999999996,0.598025,1.00785,0.68415,0.32287499999999997,-0.048875,0.4974,0.75905,0.53925,-0.38932500000000003,-0.048575,0.548575,0.826025,0.6853,0.115525,0.262225,0.282775,0.67415,0.372375,0.09445,0.175925,-0.157175,0.4632,0.690425,0.33149999999999996,-0.063775,-0.024625,0.2481,0.5057750000000001,0.29657500000000003,-0.379475,0.08135,0.36385,0.7812,0.24255,-0.2791,-0.1958,0.20115,0.5302,-0.2387,-0.14315,-0.050499999999999996,0.44165,0.4629,0.08445,-0.08555,-0.317975,0.3343,0.0095,0.23707499999999998,0.15807500000000002,-0.2117,0.07417499999999999,0.441275,0.23665,-0.125775,-0.13215000000000002,-0.43955,0.44425,0.3065,-0.108425,-0.064225,0.01525,0.67425,0.391425,-0.24795,-0.5866750000000001,-0.162875,0.392925,0.085875,-0.0882,-0.1119,0.355325,0.275475,0.33899999999999997,-0.1361,-0.42755,0.07997499999999999,-0.14584999999999998,0.112325,0.077775,-0.120625,-0.17195,0.2511,0.079675,0.008,-0.230325,-0.90125,0.0994,0.22367499999999998,0.09972500000000001,-0.3266,-0.47745,0.038099999999999995,0.214675,0.145625,-0.6060749999999999,-0.383275,0.115775,0.43435,0.257375,-0.284875,-0.12657500000000002,-0.299775,0.09434999999999999,-0.41615,-0.383475,-0.372075,-0.50435,-0.1308,0.332725,-0.0018249999999999998,-0.50805,-0.27405,-0.32605,0.16805,-0.13265000000000002,-0.79305,-0.3832,0.012825,0.1708,-0.29564999999999997,-0.52,-0.566875,-0.148225,-0.102575,-0.733825,-0.59455,-0.534825,-0.024675000000000002,-0.30725,-0.37215,-0.5150250000000001,-0.5,-0.069575,-0.45985,-0.18985000000000002,-0.17579999999999998,-0.390125,-0.31165,0.116275,-0.5234,-0.59745,-0.60665,-0.909525,-0.165675,-0.432125,-0.765225,-0.46757499999999996,-0.464275,-0.1356,-0.385575,-0.536075,-1.0311750000000002,-0.68705,-0.384575,-0.36555,-0.616925,-0.800675,-0.1772,-0.6360750000000001,-0.495325,-0.84365,-0.807875,-0.48395,-0.557375,-0.266075,-0.440575,-0.470775,-0.690925,-0.346325,-0.67445,-0.602,-0.692675,-1.270175,-0.41757500000000003,-0.410975,-1.001525,-0.941975,-1.254,-0.817775,-0.617875,-0.8199749999999999,-1.2195,-0.9265,-0.374825,-0.39080000000000004,-0.8447749999999999,-0.7592749999999999,-0.7973750000000001,-0.8482000000000001,-0.27605,-1.037925,-0.5905,-0.68915,-0.83055,-0.628025,-0.5312250000000001,-0.46035000000000004,-1.1423,-0.62455,-1.161225,-0.4666,-1.081475,-1.167975,-1.741975,-0.950375,-0.858725,-0.76885,-1.357625,-0.8854500000000001,-1.085475,-1.16,-1.61145,-0.23175,-1.9207750000000001,0.85775,0.0,0.0,0.0,0.0,0.0,0.0,0.0,0.0,0.0,0.0,0.0,0.0,0.0,0.0,0.0,0.0,0.0,0.0,0.0,0.0,0.0,0.0,0.0,0.0,0.0,0.0,0.0,0.0,0.0,0.0,0.0,0.0,0.0
0.0,0.0,0.0,0.0,0.0,0.0,0.0,0.0,0.0,0.0,0.0,0.0,0.0,0.0,0.0,0.0,0.0,0.0,0.0,0.0,0.0,0.0,0.0,0.0,0.0,0.0,0.0,0.0,0.0,0.0,0.0,0.0,0.0,1.294025,1.224775,0.93765,2.437875,2.041575,1.5389249999999999,0.921825,0.881675,2.3897500000000003,1.72425,1.197825,1.077325,1.3717000000000001,1.89405,1.9537499999999999,1.558425,0.80965,1.346225,1.4015250000000001,1.816775,1.49305,1.09795,1.446225,1.01335,1.5693,1.373025,0.6134999999999999,0.710825,1.1851,1.7789,1.183375,1.2929499999999998,0.6007250000000001,1.2369249999999998,1.585775,1.444725,0.4582,0.50535,1.0913249999999999,1.6003,1.3099,0.966475,1.0730499999999998,1.049475,1.5874,1.091475,0.384775,0.7870250000000001,0.86425,1.42435,1.2707,0.910325,0.647025,0.897975,1.0679,1.004675,1.145,0.325575,0.6763250000000001,1.2550999999999999,1.41885,1.0875249999999999,0.36869999999999997,0.4401,0.91645,1.4165750000000001,0.6668000000000001,0.34895,0.7671,1.309425,1.394775,0.807075,0.4019,0.35295,1.257425,0.99115,0.76735,0.5423,0.393225,1.062425,1.204675,0.9410999999999999,0.40845,0.38665,0.304825,0.888225,1.0202,0.291925,0.2767,0.38382499999999997,1.413525,0.973025,0.43795,-0.1157,0.15287499999999998,1.082225,0.80505,0.52845,0.292975,0.63125,1.0114750000000001,0.99595,0.31635,-0.040775000000000006,0.588775,0.53445,0.8271999999999999,0.521375,0.24964999999999998,0.40225,0.59255,0.660675,0.253875,0.196975,-0.17555,0.40295,0.892525,0.521725,0.275425,0.063975,0.6092249999999999,0.68735,0.70405,0.01575,-0.134975,0.5742,0.757,0.5762,0.1426,0.103225,0.28895,0.915675,0.3457,0.052575000000000004,0.415475,0.267625,0.66985,0.5550999999999999,0.148725,0.030574999999999998,0.084375,0.3071,0.28154999999999997,0.33582500000000004,-0.180825,0.21437499999999998,0.5099499999999999,0.7820750000000001,0.2539,-0.24475,-0.0325,0.167375,0.606725,-0.076175,-0.255625,0.1527,0.625425,0.49472499999999997,0.1103,-0.262425,-0.2502,0.5988249999999999,0.147175,0.04975,0.0712,-0.05745,0.2973,0.4566,0.202725,-0.1815,-0.1359,-0.156775,0.235825,0.3458,-0.09645,-0.21505000000000002,-0.087075,0.587825,0.30207500000000004,-0.021500000000000002,-0.36112500000000003,-0.346875,0.45715,0.162775,-0.19490000000000002,-0.21175,0.12945,0.331025,0.24309999999999998,-0.1727,-0.407625,0.143925,-0.017425,0.1353,0.023625,-0.316875,-0.11275,0.01145,-0.030625,-0.15597499999999997,-0.068525,-0.455775,0.111175,0.12027499999999999,-0.016524999999999998,-0.15895,-0.40005,0.1382,0.114825,0.16292500000000001,-0.674125,-0.5182249999999999,0.04185,0.24425,0.041225,-0.34215,-0.155075,0.0177,0.48272499999999996,-0.4025,-0.446675,-0.00175,-0.2713,-0.04945,-0.188,-0.408775,-0.460775,-0.27825,-0.320975,-0.1414,-0.0697,-0.6052500000000001,-0.321625,-0.0611,0.055900000000000005,-0.31670000000000004,-0.628875,-0.34,-0.38744999999999996,0.087625,-0.58195,-0.65835,-0.29795,0.100625,-0.2411,-0.49385,-0.728525,-0.6139,0.114275,-0.3105,-0.351375,-0.323025,-0.331675,-0.0278,-0.09204999999999999,-0.367625,-0.6737500000000001,-0.469325,-0.6839999999999999,-0.26535000000000003,-0.274225,-0.8121,-0.6665749999999999,-0.6776500000000001,-0.14279999999999998,-0.43069999999999997,-0.572175,-0.95585,-0.7614,-0.179375,-0.252,-0.6985,-0.671575,-0.43845,-0.428025,-0.39145,-0.8447,-0.8255,-0.438825,-0.635725,-0.36617500000000003,-0.47915,-0.6676249999999999,-0.741,-0.483775,-0.52425,-0.5972,-0.463725,-1.2036250000000002,-0.517625,-0.416275,-0.6494500000000001,-0.93275,-1.0419749999999999,-0.7920499999999999,-0.724075,-0.850325,-1.0837,-1.127875,-0.564675,-0.5613250000000001,-0.708725,-0.78555,-0.718075,-0.68935,-0.623,-0.9924,-0.912525,-0.640525,-0.75085,-0.70915,-0.749725,-0.770125,-0.9229,-0.5829249999999999,-1.1848,-0.945225,-0.711525,-0.902625,-0.386,-0.7308749999999999,-0.31355,-1.313075,-1.445725,-0.8918,-1.0044,-0.43125,-1.1066250000000002,-1.475425,-0.69015,0.89525,-1.25495,-1.514275,-0.609575,0.0,0.0,0.0,0.0,0.0,0.0,0.0,0.0,0.0,0.0,0.0,0.0,0.0,0.0,0.0,0.0,0.0,0.0,0.0,0.0,0.0,0.0,0.0,0.0,0.0,0.0,0.0,0.0,0.0,0.0,0.0,0.0,0.0
0.0,0.0,0.0,0.0,0.0,0.0,0.0,0.0,0.0,0.0,0.0,0.0,0.0,0.0,0.0,0.0,0.0,0.0,0.0,0.0,0.0,0.0,0.0,0.0,0.0,0.0,0.0,0.0,0.0,0.0,0.0,0.0,0.0,0.0,1.7474,1.55135,1.132225,1.6774499999999999,2.2199500000000003,2.46905,1.18825,1.02405,1.870475,2.042975,2.317725,1.2545250000000001,0.59155,1.5401,1.8516249999999999,1.607925,1.3136999999999999,1.0489,1.641225,1.705025,1.4314,0.879,0.8680749999999999,0.9457,1.45825,1.6996250000000002,1.266,1.2198,0.79735,1.727825,1.611725,1.486275,0.575275,0.394775,1.4580250000000001,1.7673,1.2815500000000002,0.5718,0.5816250000000001,1.0563250000000002,1.727,1.0229000000000001,0.220175,0.9105,1.08405,1.502625,1.394575,0.841675,0.831775,1.0138,1.138675,0.964925,0.9162,0.65295,0.6660250000000001,1.5315,1.5045,1.0929,0.5281250000000001,0.6537,0.8596,1.4786,0.9233250000000001,0.3554,0.7277499999999999,1.282475,1.4846499999999998,0.934725,0.485275,0.407275,1.2568,1.1064500000000002,0.43415,0.5221,0.534725,1.255125,1.0828250000000001,0.64955,0.237725,0.301125,0.651825,0.80755,1.0191999999999999,0.461675,0.552025,0.679475,1.140925,0.7932250000000001,0.33825,0.347125,0.17905,1.1603249999999998,0.8904,0.484375,0.20205,0.708875,1.01775,1.006325,0.27742500000000003,-0.055875,0.87435,0.988025,0.84525,0.525,0.138175,0.7046,0.8069,0.6739999999999999,0.17252499999999998,0.268275,0.22145,0.5435000000000001,0.7525999999999999,0.554825,0.143625,0.11555,0.77765,0.45389999999999997,0.524625,0.0501,-0.21339999999999998,0.80335,0.9804250000000001,0.5407,0.1465,0.0252,0.435925,0.8307249999999999,0.343275,-0.16194999999999998,0.26315,0.522125,0.965975,0.515325,0.06294999999999999,-0.0467,0.168275,0.5242,0.129825,0.294975,-0.040475,0.036475,0.427425,0.574825,0.22125,-0.18717499999999998,0.046924999999999994,0.2218,0.689925,0.206425,-0.197875,0.13365,0.607975,0.53145,0.044774999999999995,-0.22952499999999998,-0.306225,0.6274249999999999,0.3326,-0.105175,0.00995,0.037775,0.581925,0.3975,-0.029500000000000002,-0.26154999999999995,0.036925,0.11804999999999999,0.0744,0.18955,-0.096975,-0.022725,0.097175,0.6404,0.049225,-0.121125,-0.21285,-0.2583,0.6553249999999999,0.36515,-0.18955,-0.27585,0.130525,0.301725,0.165575,-0.30162500000000003,-0.538825,0.371,0.287025,0.20504999999999998,-0.12685000000000002,-0.264775,0.23115,0.193475,0.0315,-0.20965,-0.0519,-0.1103,0.073025,0.1903,-0.01335,-0.15405000000000002,-0.382675,0.3455,-0.09045,0.08625,-0.39565,-0.5486,0.21245,0.32655,-0.105625,-0.42065,-0.347675,-0.151975,0.4461,-0.148225,-0.47309999999999997,-0.22415,0.112475,0.3935,-0.02725,-0.495675,-0.482375,-0.26435,-0.174225,-0.33615,-0.285925,-0.470975,-0.152625,-0.018875,0.14205,-0.37370000000000003,-0.63525,-0.44699999999999995,-0.4741,0.1356,-0.29107500000000003,-0.765425,-0.286825,0.097525,-0.20355,-0.3591,-0.779425,-0.847725,-0.06215,-0.23317500000000002,-0.5921,-0.45037499999999997,-0.354475,0.1049,-0.21305000000000002,-0.26517500000000005,-0.6594249999999999,-0.26639999999999997,-0.1602,-0.5019499999999999,-0.398575,-0.33442500000000003,-0.5798749999999999,-0.4102,-0.11125,-0.498675,-0.71815,-0.743625,-0.7278,-0.03465,-0.338725,-0.758775,-0.61865,-0.4033,-0.473175,-0.497125,-0.759225,-0.9344,-0.124925,-0.223575,-0.3663,-0.7112750000000001,-0.649925,-0.315175,-0.2384,-0.33552499999999996,-0.88885,-0.40795,-0.6623749999999999,-0.6937,-0.4588,-0.24562499999999998,-0.81675,-0.989825,-0.176,-1.066075,-0.6571,-0.9873500000000001,-1.1517,-0.599125,-0.559625,-0.807175,-0.9986999999999999,-0.81475,-0.86655,-0.218275,-0.755525,-1.077025,-0.985625,-0.4345,-0.486875,-0.782725,-1.089475,-0.977325,-0.844725,-0.859,-0.729475,-0.6087750000000001,-0.868225,-1.1294,-1.218825,-0.716225,-0.946025,-1.192475,-0.9782500000000001,-1.040175,-0.4898,-0.747475,-0.911775,-0.272,-0.0696,-0.7562,-1.529725,-1.9082,-0.96265,-0.6639999999999999,0.0,0.0,0.0,0.0,0.0,0.0,0.0,0.0,0.0,0.0,0.0,0.0,0.0,0.0,0.0,0.0,0.0,0.0,0.0,0.0,0.0,0.0,0.0,0.0,0.0,0.0,0.0,0.0,0.0,0.0,0.0,0.0,0.0,0.0
0.0,0.0,0.0,0.0,0.0,0.0,0.0,0.0,0.0,0.0,0.0,0.0,0.0,0.0,0.0,0.0,0.0,0.0,0.0,0.0,0.0,0.0,0.0,0.0,0.0,0.0,0.0,0.0,0.0,0.0,0.0,0.0,0.0,0.0,0.9197500000000001,2.0916,2.47795,0.8958250000000001,0.9808,1.402725,2.4292249999999997,2.04645,1.0605,1.274725,1.2905,2.01675,1.873875,1.360875,1.247525,1.615775,1.721325,1.724675,0.96985,0.91375,1.2337500000000001,1.48265,1.761325,1.264675,0.952,1.0854,1.320225,1.427125,1.2362000000000002,1.0121250000000002,0.33095,1.69935,1.8177750000000001,1.6047,1.0681500000000002,0.786475,1.0267499999999998,1.57295,1.155175,0.29619999999999996,0.686525,1.3334,1.748375,1.424,0.53195,0.948175,1.0648,1.445925,0.96065,0.5578,0.9124,1.0130249999999998,1.22945,1.293125,0.80555,0.64575,1.1052499999999998,0.9040250000000001,1.29575,0.8784,0.291725,0.9987250000000001,1.4040249999999999,1.419425,0.745075,0.364625,0.4895,1.2399499999999999,1.3271249999999999,0.548175,0.406125,0.6349,1.564775,1.28525,0.626,0.311725,0.40542500000000004,1.1005,0.8396250000000001,0.658875,0.605,0.577925,0.99055,1.289175,0.6320250000000001,0.2907,0.315075,0.26940000000000003,1.221475,0.905575,0.50005,0.28995,0.597225,0.956275,0.7248,0.257475,-0.228275,0.575275,1.1516250000000001,0.894525,0.384125,0.194075,0.8145249999999999,0.94685,0.807875,-0.028175,0.1441,0.534075,0.53625,0.7025250000000001,0.391,0.312975,0.272725,0.694625,0.38282499999999997,0.308825,0.174075,-0.092875,0.71635,0.750575,0.5176,0.0891,0.16565000000000002,0.372975,0.705675,0.35975,-0.4038,0.110175,0.5644,0.9026,0.438725,0.10694999999999999,0.350175,0.4517,0.873175,0.0304,0.14182499999999998,0.177325,0.5544,0.675075,0.5980000000000001,0.034125,-0.028425,0.42569999999999997,0.191175,0.49445,0.1331,-0.2716,0.296675,0.588875,0.61,-5.000000000000002e-05,-0.0998,-0.1758,0.620525,0.39692500000000003,-0.187925,-0.16854999999999998,0.112275,0.8396250000000001,0.380875,-0.0312,-0.4476,-0.197175,0.350625,0.16485,0.175,0.082725,0.14965,0.22435,0.5528500000000001,-0.037974999999999995,-0.222525,-0.07542499999999999,-0.17955,0.670025,0.2539,-0.1388,-0.1573,-0.0015999999999999999,0.378575,0.130575,-0.26205,-0.578575,-0.08285000000000001,0.408975,0.3416,-0.08625,-0.300125,0.24565,0.18362499999999998,0.09017499999999999,-0.54025,-0.222325,0.10525,0.131125,0.09845000000000001,-0.0713,-0.0588,-0.17985,0.284725,-0.079,-0.108125,-0.151525,-0.38580000000000003,0.26994999999999997,0.286725,-0.1422,-0.495025,-0.36662500000000003,-0.0463,0.206875,-0.295375,-0.6371749999999999,-0.21175,0.16355,0.515225,-0.1692,-0.349325,-0.32982500000000003,-0.1115,0.0427,-0.6319,-0.512675,-0.2692,-0.013025,-0.011949999999999999,0.10755,-0.26132500000000003,-0.4384,0.022225,-0.193125,0.13565,-0.271275,-0.554475,-0.18305,0.020475,-0.07875,-0.270125,-0.555225,-0.734475,0.005775,-0.367475,-0.61455,-0.795875,-0.555625,0.375425,-0.0959,-0.37065000000000003,-0.7663,-0.4788,0.268825,-0.26965,-0.294925,-0.51215,-0.375375,-0.388925,-0.098525,-0.6812,-0.75565,-0.527575,-0.8814500000000001,0.0538,-0.30785,-0.7827999999999999,-0.656975,-0.5030749999999999,-0.293725,-0.374375,-0.736675,-1.05935,-0.431625,-0.43065000000000003,-0.431725,-0.86815,-0.870825,-0.359625,-0.4359,-0.33855,-1.0059,-0.657775,-0.39235,-0.525725,-0.5585,-0.40040000000000003,-0.49085,-0.7470749999999999,-0.432625,-1.0479,-0.6515249999999999,-0.830875,-1.046025,-0.8897,-0.414175,-0.788125,-0.938275,-0.712475,-0.7158,-0.5860000000000001,-0.603125,-1.164725,-0.53895,-0.602,-0.5046999999999999,-0.7489,-0.627625,-0.7628,-0.6905249999999999,-0.5095999999999999,-0.8668,-0.76465,-1.110025,-0.55055,-0.836225,-0.755775,-1.038725,-0.59125,-0.2546,-1.3242500000000001,-0.023075,-0.8984749999999999,-0.98295,-0.95535,-1.097725,-1.5795249999999998,-1.3402500000000002,-0.60385,-1.339175,-0.14965,-1.43595,-0.454275,-0.483375,0.0,0.0,0.0,0.0,0.0,0.0,0.0,0.0,0.0,0.0,0.0,0.0,0.0,0.0,0.0,0.0,0.0,0.0,0.0,0.0,0.0,0.0,0.0,0.0,0.0,0.0,0.0,0.0,0.0,0.0,0.0,0.0,0.0,0.0
0.0,0.0,0.0,0.0,0.0,0.0,0.0,0.0,0.0,0.0,0.0,0.0,0.0,0.0,0.0,0.0,0.0,0.0,0.0,0.0,0.0,0.0,0.0,0.0,0.0,0.0,0.0,0.0,0.0,0.0,0.0,0.0,0.0,0.0,0.0,1.34045,1.604375,1.759125,2.1534,1.33725,0.44937499999999997,1.384525,1.973525,2.2574,1.23285,1.2811249999999998,1.6056,1.8774000000000002,2.275675,1.0040499999999999,0.800275,1.521825,1.8392249999999999,1.6271,1.07775,0.7043,1.476625,1.9739499999999999,1.4576,1.217675,0.887475,0.6600250000000001,1.64505,1.7702,1.506625,0.81665,1.01755,1.2491750000000001,1.6116,1.4546,0.3124,0.5996750000000001,1.2917,1.83135,1.302975,0.760775,0.8012750000000001,1.1085,1.941475,0.999525,0.640525,0.877375,1.0714249999999998,1.764,1.199525,0.6622,0.7198,1.057125,0.9304250000000001,1.033825,0.894475,0.4898,0.971175,1.116825,1.21415,0.87785,0.521475,0.41345,1.130525,1.1485750000000001,0.559375,0.56255,0.9545,1.514875,1.2073,0.58795,0.349025,0.43674999999999997,1.3914,0.845125,0.5306,0.578275,0.743525,1.118075,1.002975,0.34035,0.2607,0.653825,0.62325,0.920875,0.693825,0.36902500000000005,0.5957,0.7779,1.11145,0.700375,0.309575,0.023725000000000003,0.469125,1.0833,0.7186250000000001,0.26985,0.26554999999999995,0.942275,1.024775,0.8106,0.06382499999999999,0.041725,1.0069249999999998,0.866475,0.8076749999999999,0.23370000000000002,0.29045,0.546975,0.96775,0.32172500000000004,0.00022500000000000002,0.2307,0.1859,0.7901,0.73585,0.4015,0.16699999999999998,0.07047500000000001,0.55445,0.66015,0.51995,-0.14605,-0.012525,0.6637,0.955325,0.3763,-0.057275000000000006,0.03295,0.4133,1.082375,0.040374999999999994,0.0412,0.25287499999999996,0.558625,0.795725,0.37070000000000003,0.048175,0.087125,0.5128250000000001,0.2197,0.189275,0.158225,-0.034300000000000004,0.43125,0.443325,0.429425,-0.009000000000000001,-0.11912500000000001,-0.039175,0.395175,0.478925,-0.040425,-0.22164999999999999,0.2561,0.713025,0.369075,-0.043825,-0.2094,-0.1736,0.7016749999999999,0.135575,-0.118475,-0.02155,0.179725,0.5797749999999999,0.37692499999999995,-0.127125,-0.273175,0.07542499999999999,-0.022449999999999998,0.384975,0.21962500000000001,0.041075,0.19735,0.209375,0.31145,-0.050525,-0.224725,-0.42665000000000003,-0.0677,0.3468,0.133,-0.24414999999999998,-0.17072500000000002,0.470225,0.2965,0.2888,-0.53935,-0.3781,0.44029999999999997,0.40685,0.129725,-0.179925,-0.0533,-7.500000000000009e-05,0.46465,-0.21925,-0.2972,-0.072325,-0.29345,0.318975,0.228575,-0.0956,-0.308125,-0.29037500000000005,0.040925,0.07955,-0.088975,-0.702275,-0.38175000000000003,0.2974,0.37670000000000003,-0.233275,-0.352875,-0.311925,-0.060675,0.36762500000000004,-0.492325,-0.5241750000000001,-0.15405000000000002,0.0805,0.062400000000000004,-0.18215,-0.351725,-0.418875,0.029699999999999997,-0.24095,-0.093675,-0.24080000000000001,-0.468875,-0.2098,-0.049325,-0.334475,-0.43467500000000003,-0.4928,-0.6097,-0.12985,-0.09492500000000001,-0.5308,-0.674225,-0.501225,0.150775,-0.40025,-0.42469999999999997,-0.7683,-0.455475,0.426225,-0.3069,-0.33647499999999997,-0.322375,-0.28925,-0.177375,-0.281025,-0.684475,-0.732475,-0.28935,-0.452625,-0.156975,-0.39390000000000003,-0.5611,-0.4763,-0.41652500000000003,-0.318025,-0.521325,-0.544725,-0.809875,-0.624975,-0.273375,-0.45897499999999997,-0.984475,-0.573175,-0.169875,-0.5969,-0.46392500000000003,-1.06685,-0.8244,-0.2682,-0.084925,-0.406675,-0.549075,-0.45315,-0.57345,-0.144025,-0.9395,-0.73165,-0.68995,-0.7961499999999999,-0.5876750000000001,-0.65915,-0.793175,-1.21895,-1.096725,-0.8417,-0.633975,-0.8087500000000001,-1.314325,-0.983125,-0.516575,-0.369625,-0.79965,-1.095875,-0.8267,-0.7749,-0.078475,-0.8665,-1.1063,-0.36495,-0.475875,-0.3466,-0.758575,-1.07965,-0.962925,-0.5958,-0.89955,-0.362425,-0.967025,-0.578175,-0.6369,-1.1022249999999998,-0.24895,-1.13835,-1.0183499999999999,-1.516525,-0.8974,-0.8679250000000001,-1.754675,-1.6031,-2.20975,-1.9703000000000002,0.0,0.0,0.0,0.0,0.0,0.0,0.0,0.0,0.0,0.0,0.0,0.0,0.0,0.0,0.0,0.0,0.0,0.0,0.0,0.0,0.0,0.0,0.0,0.0,0.0,0.0,0.0,0.0,0.0,0.0,0.0,0.0,0.0,0.0,0.0
0.0,0.0,0.0,0.0,0.0,0.0,0.0,0.0,0.0,0.0,0.0,0.0,0.0,0.0,0.0,0.0,0.0,0.0,0.0,0.0,0.0,0.0,0.0,0.0,0.0,0.0,0.0,0.0,0.0,0.0,0.0,0.0,0.0,0.0,0.0,1.7076,1.387225,0.6768500000000001,1.724875,2.462075,2.231575,1.268875,1.311375,1.694875,1.752375,2.09385,0.5787500000000001,1.0137,1.673875,2.1305500000000004,2.011775,1.3018,0.710075,1.59395,1.8941999999999999,1.19895,0.81595,0.9683999999999999,0.727275,1.3529,1.5139500000000001,1.070225,1.15265,1.2225,1.89365,1.327525,1.2196,0.7777000000000001,0.6814749999999999,1.613075,1.61625,1.237325,0.43495,0.82515,1.093925,1.65615,0.870675,0.30345,0.849875,1.3638,1.76545,1.123725,0.41259999999999997,0.6591,1.347975,1.244375,0.7199500000000001,0.61905,0.653,1.45885,1.378775,1.167875,0.6751,0.5049750000000001,0.8873,0.8214,1.25155,0.659625,0.519325,0.989675,1.4458,1.2359,0.844175,0.316475,0.5655,1.67725,0.9934499999999999,0.5083,0.42535,0.7811250000000001,1.358625,1.1054,0.42195,-0.0517,0.669375,0.9982,0.925525,0.68635,0.4157,0.73895,0.7259,1.094025,0.39795,0.374075,0.23505,0.47035,1.201225,0.73585,0.3354,0.37617500000000004,0.7878499999999999,0.8473,0.7741750000000001,0.198825,-0.062475,1.066625,1.073375,0.803775,0.229925,0.2113,0.7145250000000001,0.947675,0.41400000000000003,-0.213775,0.228325,0.47455,0.8017,0.457825,0.24925,0.231175,0.310225,0.7433,0.268525,0.407925,0.06647499999999999,0.1068,0.9030750000000001,0.801025,0.379725,0.017825,0.20900000000000002,0.40845,0.897475,0.052625,-0.16155,0.34002499999999997,0.7512,0.97305,0.23854999999999998,0.125225,0.17685,0.731525,0.4759,0.10740000000000001,0.1471,0.07955,0.594875,0.53015,0.3428,-0.15544999999999998,-0.141075,0.12514999999999998,0.1671,0.44452499999999995,0.023125,-0.062175,0.289075,0.7671,0.259425,-0.067075,-0.38592499999999996,-0.173175,0.891675,0.27995000000000003,-0.13647499999999999,-0.127475,0.11524999999999999,0.5452,0.3267,-0.196825,-0.477375,0.30055,0.2659,0.298875,0.001,-0.0837,0.0864,0.3052,0.516825,-0.1419,-0.087975,-0.186725,-0.082025,0.43484999999999996,0.189,-0.09075,-0.17775000000000002,0.17135,0.2001,0.2509,-0.44994999999999996,-0.493075,0.37534999999999996,0.31025,0.24045,-0.184425,-0.16545,-0.05115,0.27865,-0.20600000000000002,-0.4849,-0.08025,-0.0058000000000000005,0.26137499999999997,-0.10439999999999999,-0.22825,-0.20882499999999998,-0.10805000000000001,0.36812500000000004,-0.10247500000000001,-0.015050000000000001,-0.26915,-0.247475,0.3618,0.202675,-0.0645,-0.491275,-0.109,-0.143375,0.440375,-0.447625,-0.581725,0.03475,0.221025,0.12065000000000001,-0.316125,-0.552,-0.389675,0.18872499999999998,-0.14565,-0.4646,-0.32565,-0.252025,0.3179,-0.05445,-0.14005,-0.54825,-0.47085,-0.28452500000000003,-0.252125,0.00485,-0.42517499999999997,-0.508875,-0.3256,0.058475,-0.509825,-0.620275,-0.9424,-0.6967249999999999,0.26395,-0.1765,-0.39222500000000005,-0.548225,-0.187575,0.33865,-0.113525,-0.782,-0.934825,-0.3034,-0.28425,-0.4133,-0.5849,-0.5104,-0.353575,-0.49635,-0.2483,-0.735125,-0.56,-0.804525,-0.62615,-0.183525,-0.28452500000000003,-0.7302,-0.8546,-0.15355,-0.63765,-0.41537500000000005,-0.9629749999999999,-0.901025,-0.2037,-0.33455,-0.371225,-0.7781750000000001,-0.5261,-0.420825,-0.146875,-0.9184749999999999,-0.968475,-0.5543,-0.49624999999999997,-0.377075,-0.84145,-0.827125,-0.6381249999999999,-0.837075,-0.3541,-0.849325,-0.4839,-1.054275,-0.6047,-0.42732499999999995,-0.34914999999999996,-0.910225,-0.828575,-0.7433,-0.612375,-0.520025,-0.89195,-1.1035,-0.482275,-0.33397499999999997,-0.187025,-0.8223,-0.917425,-0.889575,-0.52805,-0.7393,-1.0466,-0.9530000000000001,-0.92605,-0.28415,-0.921875,-1.2355749999999999,-1.2723499999999999,-0.7271,-1.0602749999999999,-0.940325,-0.49222499999999997,-1.04905,-1.027775,0.1058,-1.2793,-0.12922499999999998,-1.28485,0.297125,0.0,0.0,0.0,0.0,0.0,0.0,0.0,0.0,0.0,0.0,0.0,0.0,0.0,0.0,0.0,0.0,0.0,0.0,0.0,0.0,0.0,0.0,0.0,0.0,0.0,0.0,0.0,0.0,0.0,0.0,0.0,0.0,0.0,0.0,0.0
0.0,0.0,0.0,0.0,0.0,0.0,0.0,0.0,0.0,0.0,0.0,0.0,0.0,0.0,0.0,0.0,0.0,0.0,0.0,0.0,0.0,0.0,0.0,0.0,0.0,0.0,0.0,0.0,0.0,0.0,0.0,0.0,0.0,0.0,0.0,0.9197249999999999,2.0025749999999998,1.79945,0.841275,1.907775,1.7843499999999999,1.9276,1.902775,0.951875,0.98375,1.7598250000000002,2.14855,2.10705,1.786525,0.639475,2.3256,1.895175,1.4274,0.7821,0.691025,1.833275,2.119475,1.2629000000000001,0.874625,0.97485,1.3769,1.9698250000000002,1.1007,0.6852750000000001,0.9320999999999999,1.138725,1.837125,1.808725,1.2788,0.71105,0.991475,1.661,1.5492000000000001,1.069525,0.288575,0.823025,1.334875,1.7624,1.041925,0.6396,0.697925,1.323325,1.32675,0.7504,0.741525,0.7787,1.518625,1.46985,1.1051,0.5649249999999999,0.7895,1.267,0.899475,1.2008750000000001,0.6469,0.522875,1.1202750000000001,1.3453249999999999,0.92525,0.68145,0.50285,0.564375,1.4165750000000001,1.1181,0.50325,0.4516,0.81355,1.5128499999999998,1.1162750000000001,0.4169,0.028625,0.718375,1.2463250000000001,0.6125750000000001,0.430875,0.4547,0.93895,1.0936249999999998,0.99605,0.280975,0.2467,0.5876750000000001,0.67645,1.103175,0.596,0.32915,0.56095,1.036325,0.7143,0.572175,0.162625,0.0312,1.043875,1.0765500000000001,0.8125,0.26522500000000004,0.405025,0.9320999999999999,0.985525,0.5792999999999999,-0.13435,0.177025,0.786425,0.9505,0.6037250000000001,0.0987,0.22352499999999997,0.353875,0.9694750000000001,0.199025,0.162375,0.1944,0.236875,0.9878,0.733125,0.358875,0.154625,0.2651,0.41235,0.63325,0.252125,-0.2555,0.20232499999999998,0.724,0.956175,0.27632500000000004,-0.117825,-0.0435,0.5735,0.765675,-0.045125,0.11245,0.339225,0.897025,0.4814,0.394625,-0.059475,-0.0040750000000000005,0.528675,0.048600000000000004,0.30457500000000004,0.009325,-0.056075,0.37685,0.39794999999999997,0.034225,-0.08135,-0.068275,-0.13275,0.579875,0.24615,-0.05245,-0.20852500000000002,0.3013,0.7329,0.223675,-0.107325,-0.4625,0.1641,0.6105750000000001,0.190775,0.02065,0.00525,0.3355,0.2527,0.275325,-0.340775,-0.0674,0.3182,0.14275,0.48662500000000003,-0.0175,-0.06720000000000001,-0.038474999999999995,0.39555,-0.0231,0.0611,-0.44734999999999997,-0.375125,0.39985,0.3873,-0.0177,-0.31972500000000004,-0.212775,0.29385,0.267825,-0.016125,-0.64345,-0.2255,0.307425,0.4038,-0.025775,-0.211025,-0.103075,0.024675,0.395675,-0.259025,-0.12025,-0.17830000000000001,-0.07145,0.348425,0.18309999999999998,-0.26305,-0.3683,-0.134375,-0.15555,0.15437499999999998,-0.230075,-0.4575,-0.2108,0.125275,0.19915,-0.39485,-0.5615249999999999,-0.57285,0.004175,0.0547,-0.3821,-0.357275,-0.12282499999999999,0.21557500000000002,-0.061125,-0.233425,-0.485975,-0.3502,0.218325,-0.48105000000000003,-0.0778,-0.395825,-0.301,-0.1807,-0.037175,-0.48967499999999997,-0.579575,-0.602875,-0.62595,0.049275,-0.343825,-0.6089249999999999,-0.652225,-0.202575,0.2842,-0.248075,-0.5431999999999999,-0.8309,-0.285425,0.033275,-0.37595,-0.699525,-0.506775,-0.222075,-0.14445,-0.39145,-0.791075,-0.58845,-0.19275,-0.43605000000000005,-0.21200000000000002,-0.44105,-0.5339,-0.661475,-0.1582,-0.5704750000000001,-0.419325,-0.9855,-0.944775,-0.22515000000000002,-0.47395,-0.40807499999999997,-0.85565,-0.7591,-0.4605,-0.161275,-0.536125,-0.92525,-0.46895,-0.084375,-0.189675,-0.8098000000000001,-0.6132,-0.775775,-0.818075,-0.470975,-0.9231,-0.72055,-0.674075,-1.01825,-0.78245,-0.7399,-0.709225,-0.960275,-0.75275,-0.799775,-0.24762499999999998,-0.680875,-0.90265,-0.8103,-0.557525,-0.495,-0.936125,-0.870975,-1.21115,-0.626975,-0.5123,-0.9390499999999999,-0.724275,-0.37912500000000005,-0.42705000000000004,-0.6295000000000001,-0.8391,-1.375975,-0.61755,-0.652575,-1.3588749999999998,-0.542825,-1.082725,-1.450475,-1.237925,-0.7388,-1.4131,-1.24655,-1.07465,-1.4594749999999999,-0.997275,-0.42045,0.0,0.0,0.0,0.0,0.0,0.0,0.0,0.0,0.0,0.0,0.0,0.0,0.0,0.0,0.0,0.0,0.0,0.0,0.0,0.0,0.0,0.0,0.0,0.0,0.0,0.0,0.0,0.0,0.0,0.0,0.0,0.0,0.0,0.0,0.0
0.0,0.0,0.0,0.0,0.0,0.0,0.0,0.0,0.0,0.0,0.0,0.0,0.0,0.0,0.0,0.0,0.0,0.0,0.0,0.0,0.0,0.0,0.0,0.0,0.0,0.0,0.0,0.0,0.0,0.0,0.0,0.0,0.0,0.0,0.0,0.0,1.4331,1.9299,2.4254,1.0942749999999999,1.276375,0.731125,1.739225,2.417525,2.1024000000000003,1.57145,0.8405,2.137,1.968725,1.927475,0.3416,0.764275,1.9515500000000001,1.82005,1.725,0.9671000000000001,1.2254,1.3649499999999999,1.991825,0.939125,0.934625,1.209425,1.3046250000000001,1.79155,1.316475,1.1603,1.0655999999999999,1.1481,1.297425,1.157025,0.7763249999999999,0.71795,1.0816249999999998,1.517725,1.7213500000000002,1.001775,0.8018,0.973175,1.313825,1.7616,0.704675,0.5552250000000001,0.98735,1.6380249999999998,1.653575,1.1015249999999999,0.38875,0.604175,1.63815,1.1343999999999999,0.8373250000000001,0.626575,0.6736,1.52405,1.2557,0.971125,0.438975,0.676975,0.759425,1.204425,1.04065,0.60635,0.573275,1.098525,1.578475,0.940375,0.44075,0.06805,0.55715,1.53,0.9275,0.549975,0.38727500000000004,0.90495,1.225825,0.80175,0.3115,0.0953,0.938425,0.75615,1.017,0.5507,0.43229999999999996,0.6039749999999999,0.9060999999999999,0.70695,0.39195,0.400875,0.24004999999999999,0.839175,0.989625,0.6314500000000001,0.32189999999999996,0.4063,0.890725,0.786675,0.6897249999999999,-0.06457500000000001,0.18535,0.9923,0.991775,0.56335,0.210025,0.339975,0.439425,1.0681500000000002,-0.051875000000000004,-0.0778,0.4617,0.448925,0.7803,0.44015000000000004,0.167775,0.07455,0.5298499999999999,0.462725,0.467875,0.23862499999999998,0.057499999999999996,0.38315,0.7907,0.8097,0.10405,-0.04205,0.22945,0.5542,0.7951250000000001,-0.047400000000000005,-0.0682,0.4631,0.989425,0.7557,0.28104999999999997,-0.08505,0.14332499999999998,0.88195,0.2711,0.105025,-0.010974999999999999,0.1394,0.739225,0.39725,0.076425,-0.15095,0.0424,-0.043274999999999994,0.411925,0.19827499999999998,-0.0037749999999999997,-0.1288,0.208325,0.7858750000000001,0.08030000000000001,-0.029400000000000003,-0.497975,0.1326,0.88475,0.227925,-0.125075,-0.056575,0.404925,0.5126,0.2538,-0.46135000000000004,-0.422675,0.26292499999999996,0.0805,0.38480000000000003,-0.061649999999999996,-0.025,0.184375,0.37725000000000003,0.030074999999999998,-0.2328,-0.17247500000000002,-0.284225,0.132025,0.2392,0.13305,-0.2103,-0.05155,0.147625,0.061175,0.0844,-0.6840999999999999,-0.2141,0.42645,0.33840000000000003,-0.1023,-0.10450000000000001,-0.22715,0.2231,0.48195,-0.453425,-0.37065000000000003,0.03725,0.122575,0.450275,-0.061375,-0.23735,-0.310075,0.13135000000000002,-0.1304,-0.0514,-0.176375,-0.42845,0.162775,0.13995,0.24775,-0.384175,-0.5487249999999999,-0.3281,-0.1132,0.09597499999999999,-0.45740000000000003,-0.470275,0.1902,0.5797749999999999,0.123825,-0.3416,-0.6465500000000001,-0.2547,0.38542499999999996,-0.288325,-0.27642500000000003,-0.33705,-0.110025,0.032325,-0.106175,-0.5256000000000001,-0.683425,-0.356775,-0.42867500000000003,-0.1434,-0.439625,-0.588625,-0.6502249999999999,-0.31495,0.167375,-0.39815,-0.38515,-0.77535,-0.464175,0.408825,-0.33605,-0.58485,-0.569025,-0.0465,-0.1971,-0.381375,-0.7734000000000001,-0.701375,-0.00705,-0.55,-0.370425,-0.5630499999999999,-0.451575,-0.47205,-0.47645,-0.546175,-0.68055,-0.711075,-0.879575,-0.51925,-0.428,-0.62865,-0.884475,-0.62325,-0.48669999999999997,-0.579225,-0.669825,-0.9435250000000001,-0.702,-0.240375,-0.21994999999999998,-0.64195,-0.47265,-0.6409,-0.46540000000000004,-0.174775,-1.0917000000000001,-0.8320000000000001,-0.461075,-0.64725,-0.48755000000000004,-0.489075,-0.838475,-1.0,-0.46740000000000004,-0.8854249999999999,-0.664975,-0.45999999999999996,-0.8549,-0.7009000000000001,-0.599075,-0.5995250000000001,-0.883,-0.75955,-0.9555,-0.618975,-0.24134999999999998,-0.956475,-1.1103,-0.430875,-0.698275,-0.38885000000000003,-0.71055,-0.880275,-0.7503249999999999,-0.738475,-1.4031250000000002,-1.2048999999999999,-0.7106,-0.40925,-0.861025,-0.940175,-1.308,-1.371975,-0.16925,-0.19755,-0.660925,0.7253499999999999,-1.2472750000000001,0.4739,0.0,0.0,0.0,0.0,0.0,0.0,0.0,0.0,0.0,0.0,0.0,0.0,0.0,0.0,0.0,0.0,0.0,0.0,0.0,0.0,0.0,0.0,0.0,0.0,0.0,0.0,0.0,0.0,0.0,0.0,0.0,0.0,0.0,0.0,0.0,0.0
0.0,0.0,0.0,0.0,0.0,0.0,0.0,0.0,0.0,0.0,0.0,0.0,0.0,0.0,0.0,0.0,0.0,0.0,0.0,0.0,0.0,0.0,0.0,0.0,0.0,0.0,0.0,0.0,0.0,0.0,0.0,0.0,0.0,0.0,0.0,0.0,1.1740499999999998,1.55405,1.749825,1.741125,2.890175,1.71905,1.508875,1.4425750000000002,2.2933250000000003,1.8067,1.4829249999999998,-0.1201,-0.18464999999999998,2.0416499999999997,1.786575,1.9617,1.135775,1.15985,1.344525,1.9429750000000001,1.325825,0.618675,1.1022750000000001,1.5419,2.14445,1.36075,0.96445,0.89825,1.503475,1.7722,1.28635,1.0642,0.608025,1.4141249999999999,1.520475,1.5235249999999998,1.032525,0.62385,1.0090249999999998,1.258275,1.6666750000000001,0.74755,0.562075,1.0905,1.401775,1.513725,0.83735,0.49085,0.6985,1.6443999999999999,1.36815,0.613375,0.7916,1.0161,1.5908,1.41995,0.888775,0.39805,0.9153,1.062025,0.9647,0.89595,0.606675,0.86185,1.10425,1.348475,0.8913,0.759025,0.378525,0.64625,1.425875,0.711875,0.49487499999999995,0.49635,0.870925,1.2268249999999998,0.9614750000000001,0.25175000000000003,0.08349999999999999,1.027,1.1552,0.8693500000000001,0.3762,0.40155,1.028975,1.111775,0.6653,0.152575,0.361625,0.5724750000000001,0.9248,1.0242499999999999,0.55445,0.416325,0.51285,1.02345,0.595975,0.512675,0.062325,0.273125,1.2663250000000001,1.0254500000000002,0.763475,0.202025,0.3718,0.80435,0.882725,0.225925,-0.17352499999999998,0.42035,0.7907,1.01315,0.30305,0.13995,-0.04245,0.469,0.633825,0.027475,0.322275,0.159775,0.50475,0.7887249999999999,0.706925,0.16290000000000002,0.08877499999999999,0.34435,0.385725,0.781775,-0.031025,-0.056075,0.3749,0.7707,0.6760499999999999,0.0574,0.0012000000000000001,0.159825,0.89435,0.3278,0.024825,0.1409,0.393675,0.865525,0.31679999999999997,0.011025,-0.27035,0.124925,0.2526,0.26405,0.140125,0.00815,0.16144999999999998,0.405625,0.550675,-0.08545,-0.0664,-0.2601,0.038225,0.75385,0.2235,-0.030775,-0.0276,0.429325,0.421875,0.21645,-0.3078,-0.276575,0.4917,0.270575,0.100025,-0.2599,0.10615,0.36125,0.34512499999999996,0.1109,-0.419325,-0.010375,0.05895,0.23877500000000002,0.18869999999999998,-0.03095,-0.0428,0.07794999999999999,0.4933,-0.09140000000000001,0.12517499999999998,-0.57335,-0.217025,0.527,0.41345,0.082675,-0.364175,-0.16212500000000002,0.0906,0.37572500000000003,-0.22585,-0.522775,-0.06922500000000001,0.315975,0.351075,-0.3254,-0.24705,-0.245925,0.04745,0.046275000000000004,-0.34859999999999997,0.016675000000000002,-0.19615000000000002,0.11845,0.212075,0.1676,-0.37827500000000003,-0.242375,-0.150875,-0.2697,0.228825,-0.4924,-0.51115,-0.063375,0.139825,0.049725,-0.319275,-0.3997,-0.223375,0.427375,-0.279725,-0.53255,-0.34685,-0.0055000000000000005,0.12995,-0.1965,-0.4195,-0.65925,-0.109625,-0.342225,-0.4141,-0.290975,-0.290575,-0.39859999999999995,-0.21257500000000001,-0.06595000000000001,-0.63885,-0.46145,-0.687975,-0.53445,0.137975,-0.23479999999999998,-0.38425,-0.331225,-0.086425,-0.093625,-0.29507500000000003,-0.781775,-0.761825,-0.13542500000000002,-0.108525,-0.40492500000000003,-0.690775,-0.580425,-0.25334999999999996,-0.28097500000000003,-0.611875,-0.933425,-0.402475,-0.297525,-0.50735,-0.36319999999999997,-0.455075,-0.6971,-0.48919999999999997,-0.5244,-0.6108250000000001,-0.573275,-0.990675,-0.6831499999999999,-0.080375,-0.223075,-0.354075,-0.6628499999999999,-0.7109,-0.5063,-0.356025,-0.89785,-1.14815,-0.543975,-0.3891,-0.38525,-0.988625,-0.86635,-1.15115,-0.51275,-0.77825,-0.6916,-0.85955,-0.9081,-0.697075,-0.71055,-0.379675,-0.5971500000000001,-0.9067500000000001,-0.81355,-0.643525,-0.34247500000000003,-1.13995,-1.310125,-0.586425,-0.25377500000000003,-0.441075,-1.045375,-1.345925,-1.147525,-0.305925,-1.1542750000000002,-1.2005000000000001,-0.99425,-0.687125,-0.6613749999999999,-1.23205,-0.604025,-1.60185,-0.91955,-0.556875,-1.001675,0.073,-1.050025,-3.1455,-0.7679750000000001,-1.401975,-0.07972499999999999,0.0,0.0,0.0,0.0,0.0,0.0,0.0,0.0,0.0,0.0,0.0,0.0,0.0,0.0,0.0,0.0,0.0,0.0,0.0,0.0,0.0,0.0,0.0,0.0,0.0,0.0,0.0,0.0,0.0,0.0,0.0,0.0,0.0,0.0,0.0,0.0
0.0,0.0,0.0,0.0,0.0,0.0,0.0,0.0,0.0,0.0,0.0,0.0,0.0,0.0,0.0,0.0,0.0,0.0,0.0,0.0,0.0,0.0,0.0,0.0,0.0,0.0,0.0,0.0,0.0,0.0,0.0,0.0,0.0,0.0,0.0,0.0,0.0,1.7251,1.0437750000000001,1.195675,2.1185,2.0885,1.4432,1.4471,1.356525,1.959775,1.7846499999999998,1.940775,1.3268499999999999,0.776975,1.0431,1.9193,2.170225,1.116,0.485275,1.19185,1.512,1.8414,1.40355,0.880475,0.944975,1.796775,1.68005,0.9328000000000001,0.945775,1.254175,1.515525,1.8598,1.285025,1.1315,0.9212,1.263925,0.971175,1.3358750000000001,0.8668,0.549625,1.28585,1.540925,1.673,0.96205,0.58815,0.59215,1.613675,1.2231999999999998,0.699125,0.615,1.2035749999999998,1.9556,1.142525,0.649125,0.385,0.855775,1.51435,0.964025,0.838,0.674175,1.03995,1.4549249999999998,1.28715,0.675325,0.485725,0.6574,0.725975,1.5043250000000001,0.946775,0.617475,0.5694,0.936275,1.2122249999999999,0.7847,0.4634,-0.00465,0.9468,1.14335,0.7347999999999999,0.3334,0.54015,1.024625,1.1148,0.851225,0.0134,0.40964999999999996,0.773975,0.915,0.786925,0.44342499999999996,0.44994999999999996,0.736425,0.94875,0.445775,0.47115,0.2391,0.2036,0.99985,0.82565,0.669025,0.25545,0.52465,0.816825,0.84055,0.317075,-0.310875,0.39575,0.744675,0.96315,0.306125,0.1786,0.3248,0.705875,0.7159,-0.013975,0.239775,0.37727499999999997,0.72965,0.804525,0.4465,0.130725,0.31327499999999997,0.54895,0.351425,0.6127750000000001,0.165525,0.125275,0.6337999999999999,0.7361,0.5057750000000001,-0.05685,0.0103,0.0965,0.8306,0.5502750000000001,-0.0713,-0.0016,0.637675,1.018075,0.37765,0.064225,-0.32827500000000004,0.2859,0.735025,0.12004999999999999,0.25282499999999997,-0.077325,0.204225,0.4597,0.37895,-0.193475,0.010675,0.11624999999999999,-0.0162,0.5303249999999999,0.06495000000000001,-0.06125,-0.10124999999999999,0.398625,0.4547,0.166425,-0.17654999999999998,-0.4596,0.3032,0.5073749999999999,0.174325,-0.1417,0.00495,0.46845000000000003,0.49425,0.038225,-0.5002249999999999,-0.074225,0.518125,0.282825,0.14155,-0.10865,-0.0618,0.079025,0.266,-0.19255,0.052250000000000005,-0.20475000000000002,-0.198375,0.30384999999999995,0.200925,0.05025,-0.40325,-0.10185,0.12755,0.30017499999999997,-0.25315,-0.5771,-0.057825,0.545025,0.433875,-0.218525,-0.175075,-0.259125,0.15742499999999998,0.142325,-0.5858749999999999,-0.173875,0.01005,0.318175,0.126,-0.10650000000000001,-0.280875,-0.14684999999999998,0.0883,-0.09259999999999999,0.081325,-0.371275,-0.43010000000000004,-0.05785,0.012575,-0.00915,-0.518725,-0.411375,-0.19715,0.4133,0.05715,-0.2928,-0.40115,0.34095000000000003,0.26997499999999997,-0.321125,-0.53535,-0.7037,-0.067325,0.327925,-0.32682500000000003,-0.374975,-0.538825,-0.2162,-0.2228,-0.16749999999999998,-0.710425,-0.56625,-0.497625,-0.523575,0.02855,-0.35615,-0.439275,-0.517425,-0.18305,-0.17727500000000002,-0.32299999999999995,-0.645025,-0.773925,-0.22062500000000002,-0.1445,-0.46345000000000003,-0.78255,-0.3947,-0.2572,-0.056475000000000004,-0.487875,-1.068975,-0.570275,-0.11705,-0.409875,-0.44735,-0.6727000000000001,-0.727225,-0.47354999999999997,-0.183675,-0.973475,-0.47925,-0.70825,-0.774275,-0.27785000000000004,-0.38075000000000003,-0.6368,-0.7234750000000001,-0.385575,-0.59345,-0.4043,-0.614775,-0.9044749999999999,-0.4436,-0.16195,-0.31129999999999997,-0.8751249999999999,-0.8857499999999999,-0.9967,-0.352725,-0.381775,-1.0562,-0.74565,-0.597225,-0.50345,-0.789525,-0.62785,-0.972575,-0.58335,-0.7712749999999999,-0.8679749999999999,-0.45487500000000003,-0.662275,-0.80925,-0.5868249999999999,-0.6217,-0.61695,-0.85515,-0.798175,-0.8018500000000001,-0.467925,-0.55375,-0.884475,-1.169075,-0.25139999999999996,-0.439075,-1.0342,-0.8203,-1.7542,-0.8952249999999999,-0.6562250000000001,-0.7308749999999999,-0.692075,-0.955425,-0.667675,-0.8135249999999999,-0.842725,-0.37205,-1.3554249999999999,-2.046675,0.0,0.0,0.0,0.0,0.0,0.0,0.0,0.0,0.0,0.0,0.0,0.0,0.0,0.0,0.0,0.0,0.0,0.0,0.0,0.0,0.0,0.0,0.0,0.0,0.0,0.0,0.0,0.0,0.0,0.0,0.0,0.0,0.0,0.0,0.0,0.0,0.0
0.0,0.0,0.0,0.0,0.0,0.0,0.0,0.0,0.0,0.0,0.0,0.0,0.0,0.0,0.0,0.0,0.0,0.0,0.0,0.0,0.0,0.0,0.0,0.0,0.0,0.0,0.0,0.0,0.0,0.0,0.0,0.0,0.0,0.0,0.0,0.0,0.0,2.03585,2.26835,2.4204,1.4902,1.6292,1.3648,2.4693,1.6890749999999999,1.580025,1.14565,1.91235,1.782775,1.861425,1.84575,0.586175,1.09815,1.550125,2.23255,0.7411,0.5096499999999999,1.0588250000000001,1.408275,2.0408749999999998,0.987675,0.672675,1.0664500000000001,1.431225,1.767725,1.234725,1.02575,1.0094500000000002,1.59225,1.34055,1.1827999999999999,0.738325,0.770175,1.3121,1.420675,1.191175,0.924625,0.79375,1.0319,1.374775,1.489575,0.4315,0.6100749999999999,1.11175,1.756375,1.31335,0.8302999999999999,0.30455,0.9493499999999999,1.69245,0.825825,0.743625,0.698175,1.1456,1.540675,1.260275,0.41125,0.457825,1.028625,1.088775,1.167575,0.74205,0.796175,0.907775,1.347875,1.337225,0.58345,0.44065,0.032674999999999996,0.85095,1.25525,0.90635,0.5453,0.577825,1.1733500000000001,0.9359999999999999,0.7908999999999999,-0.01925,0.251675,1.15395,1.074725,0.816925,0.263475,0.532,0.960225,1.01845,0.52645,0.2919,0.5051749999999999,0.59105,1.1633,0.5269999999999999,0.37105,0.2182,0.5341,1.0456500000000002,0.680975,0.600075,0.023549999999999998,0.47252500000000003,1.0892499999999998,0.966975,0.32489999999999997,0.034425000000000004,0.3475,0.8674,0.922925,-0.1376,0.022775,0.429075,0.8247,0.86085,0.269375,-0.023,0.178775,0.70875,0.35655000000000003,0.377375,0.219225,0.1987,0.661675,0.633575,0.5320499999999999,0.0283,0.0818,0.2086,0.5732250000000001,0.566525,-0.0212,0.051949999999999996,0.5724,0.90455,0.412725,0.011675,-0.261925,0.39080000000000004,0.8692,0.14902500000000002,0.064625,0.06555,0.473175,0.7378750000000001,0.18464999999999998,-0.340575,-0.127625,0.39415,0.161975,0.291925,-0.101225,0.058675,0.200825,0.3435,0.425425,-0.11225,0.013575,-0.30979999999999996,0.33157499999999995,0.680575,0.132575,-0.204075,0.061325,0.569825,0.235225,0.17427499999999999,-0.5216000000000001,-0.072775,0.5589999999999999,0.49912500000000004,0.254025,-0.20465,-0.0039,0.271575,0.33144999999999997,-0.33499999999999996,-0.315075,0.116525,0.171125,0.5396,-0.0015500000000000002,-0.0683,-0.321,0.046924999999999994,0.1957,0.0484,0.07372500000000001,-0.51925,-0.12735000000000002,0.32995,0.358425,-0.217475,-0.24595,-0.00775,0.307625,0.496575,-0.57985,-0.336275,-0.135275,0.306775,0.22997499999999998,-0.210675,-0.359975,-0.1807,0.401,-0.19485,-0.0925,-0.155925,-0.013275,0.1428,-0.030574999999999998,-0.031149999999999997,-0.475425,-0.195275,-0.316875,0.07645,0.0755,-0.36055,-0.292925,0.13865,0.429025,-0.28425,-0.5394249999999999,-0.7402500000000001,-0.17955,0.292675,-0.40192500000000003,-0.3329,-0.3614,-0.05375,-0.04565,-0.4497,-0.8508249999999999,-0.6567500000000001,-0.0989,-0.434875,-0.2256,-0.500675,-0.267075,-0.2972,-0.12185,-0.167925,-0.505425,-0.46955,-0.6298250000000001,-0.2166,-0.108475,-0.33485,-0.64075,-0.288875,-0.043175,0.015224999999999999,-0.26892499999999997,-0.9239,-0.33565,-0.03505,-0.0889,-0.3489,-0.7307,-0.42505,-0.30645,-0.347725,-0.9684,-0.7481249999999999,-0.46095,-0.392925,-0.241675,-0.506375,-0.677875,-0.8244,-0.471975,-0.30027499999999996,-0.490875,-0.3932,-0.875775,-0.714475,-0.2056,-0.060675,-0.98375,-0.66145,-0.9085,-0.5498500000000001,-0.496575,-1.325375,-0.806675,-0.27554999999999996,-0.68265,-0.78365,-0.809975,-1.151375,-0.733775,-0.575,-0.926825,-0.6331,-0.75215,-0.716925,-0.5266000000000001,-0.611625,-0.812425,-0.98715,-0.794775,-1.0107249999999999,-0.5232749999999999,-0.448025,-0.7917,-0.9304749999999999,-0.711575,-0.33295,-0.7472,-0.673425,-0.8294,-0.865275,-0.40435,-0.5951,-0.752925,-1.48155,-1.2740500000000001,-0.83985,-1.1092,-0.734975,-1.23915,-1.5786250000000002,-0.053075,-0.5878249999999999,0.685025,0.0,0.0,0.0,0.0,0.0,0.0,0.0,0.0,0.0,0.0,0.0,0.0,0.0,0.0,0.0,0.0,0.0,0.0,0.0,0.0,0.0,0.0,0.0,0.0,0.0,0.0,0.0,0.0,0.0,0.0,0.0,0.0,0.0,0.0,0.0,0.0,0.0
0.0,0.0,0.0,0.0,0.0,0.0,0.0,0.0,0.0,0.0,0.0,0.0,0.0,0.0,0.0,0.0,0.0,0.0,0.0,0.0,0.0,0.0,0.0,0.0,0.0,0.0,0.0,0.0,0.0,0.0,0.0,0.0,0.0,0.0,0.0,0.0,0.0,0.0,1.105775,1.506875,1.833075,1.88465,1.05085,1.661275,1.168475,2.742175,1.5402749999999998,0.8325,0.9412499999999999,1.4336,2.1338749999999997,1.533075,1.4207750000000001,0.961275,1.2706,1.5183250000000001,1.77275,1.2513,0.71215,1.524225,2.0600750000000003,2.00215,1.0053750000000001,0.862425,0.97275,1.8711,1.6586,0.691925,0.82865,1.1232250000000001,1.51665,1.690625,1.0643,0.879175,0.9466749999999999,1.091175,1.204625,1.398275,0.5372250000000001,0.827875,1.378975,1.5259,1.23225,0.8399,0.47067499999999995,1.04105,1.715125,0.726,0.6464000000000001,0.5035999999999999,1.220475,1.872425,1.1451500000000001,0.48055,0.228325,1.118425,1.355475,0.9587249999999999,0.7065250000000001,0.775625,1.03085,1.306825,1.277025,0.401125,0.6031249999999999,0.56635,0.8184,1.4999500000000001,0.4424,0.58145,0.61795,1.272125,1.133275,0.62345,0.14045,0.14575,1.0679,0.8453499999999999,0.718825,0.271525,0.6098250000000001,1.002825,1.153025,0.445125,-0.039349999999999996,0.512875,0.8678250000000001,1.0385,0.6085,0.503575,0.46765,0.7725249999999999,0.8771,0.31267500000000004,0.47235,0.11125,0.700925,1.0975,0.732325,0.46447499999999997,0.299425,0.42695,0.5634999999999999,0.8581,-0.00565,0.05315,0.45092499999999996,0.987175,0.920875,0.236225,0.09914999999999999,0.339975,0.82005,0.36325,-0.0633,0.24609999999999999,0.47107499999999997,0.899625,0.573425,0.3996,-0.021724999999999998,0.431925,0.516825,0.42227499999999996,0.5959749999999999,-0.03655,0.26492499999999997,0.664925,0.8243750000000001,0.31762500000000005,-0.006975,-0.132825,0.45495,1.028475,0.21535,-0.020675,-0.035625,0.614025,0.7966,0.10225000000000001,-0.132225,-0.43655,0.5157,0.32685,0.196775,-0.0961,0.109375,0.430875,0.427025,0.3483,-0.219475,-0.025125,-0.0162,0.24172500000000002,0.61835,0.13877499999999998,-0.0741,0.12455,0.36867500000000003,0.31024999999999997,0.24384999999999998,-0.425375,-0.227075,0.5644750000000001,0.396625,0.1822,-0.345225,0.06135,0.2931,0.3985,-0.27185000000000004,-0.55175,0.11979999999999999,0.3499,0.35515,-0.09029999999999999,-0.048775,-0.0336,0.182375,0.1318,-0.27835,0.034975,-0.304825,-0.012074999999999999,0.353375,0.1597,-0.15857500000000002,-0.231975,-0.03375,0.1215,0.353275,-0.459125,-0.270325,0.271175,0.440125,0.26565,-0.461775,-0.5343,-0.3756,0.357525,-0.088325,-0.428225,-0.138625,0.186975,0.580575,-0.0203,-0.232675,-0.560725,0.0040750000000000005,-0.02835,-0.22505,0.050324999999999995,-0.31735,-0.196825,0.149025,0.20854999999999999,-0.113975,-0.23365,-0.5687249999999999,-0.086575,0.248225,-0.381475,-0.3783,-0.4688,0.13435000000000002,0.17065,-0.216475,-0.6435249999999999,-0.802375,-0.073475,-0.281425,-0.43062500000000004,-0.5568,-0.390775,-0.192075,-0.0854,-0.20945,-0.609375,-0.26497499999999996,-0.547575,-0.07795,-0.0871,-0.30295,-0.49082499999999996,-0.457025,-0.33695,-0.5941,-0.20815,-0.844775,-0.5491,0.04515,-0.1281,-0.35972499999999996,-0.651025,-0.397875,-0.30365000000000003,-0.27165,-0.7030500000000001,-1.08585,-0.5053749999999999,-0.426825,-0.349175,-0.68165,-0.620125,-0.648675,-0.4349,-0.38239999999999996,-0.6626000000000001,-0.33992500000000003,-0.61195,-0.325225,-0.047075,-0.43062500000000004,-0.7344,-0.5023,-0.6377,-0.4528,-0.25175,-1.1821249999999999,-0.7217,-0.49362500000000004,-0.5773,-0.56675,-0.864025,-0.6672499999999999,-0.744825,-0.397875,-0.9269,-1.169525,-0.612125,-0.35125,-0.5561499999999999,-0.6907,-0.557075,-1.150525,-0.42965,-0.3168,-0.693575,-0.42365,-0.989575,-0.6641250000000001,-0.41104999999999997,-0.221425,-0.985725,-0.7039,-0.958125,-0.901825,-0.23352499999999998,-0.8216249999999999,-1.102525,-0.783625,-1.289325,-1.048975,-1.40795,-0.7067749999999999,-1.9221,-0.9063,-0.378325,-1.38885,-0.5405500000000001,-0.739875,-1.57335,0.0,0.0,0.0,0.0,0.0,0.0,0.0,0.0,0.0,0.0,0.0,0.0,0.0,0.0,0.0,0.0,0.0,0.0,0.0,0.0,0.0,0.0,0.0,0.0,0.0,0.0,0.0,0.0,0.0,0.0,0.0,0.0,0.0,0.0,0.0,0.0,0.0,0.0
0.0,0.0,0.0,0.0,0.0,0.0,0.0,0.0,0.0,0.0,0.0,0.0,0.0,0.0,0.0,0.0,0.0,0.0,0.0,0.0,0.0,0.0,0.0,0.0,0.0,0.0,0.0,0.0,0.0,0.0,0.0,0.0,0.0,0.0,0.0,0.0,0.0,0.0,1.497475,1.145525,1.0552000000000001,2.111225,2.13095,1.17235,1.5099,1.259075,1.562125,2.9539500000000003,0.9470000000000001,1.0464250000000002,1.4393,1.2137,1.773825,1.750475,0.88505,0.665,1.16395,1.456575,2.400375,0.8365,0.375575,1.344725,1.67755,1.909675,0.5994250000000001,0.86805,1.179175,1.89985,1.67335,0.95025,0.5712,1.1641,1.542375,0.767825,1.1345,0.6651,0.83875,1.617,1.375475,0.9296,0.687325,0.74235,0.9046,1.564675,1.072125,0.749925,0.780875,1.197675,1.481025,0.852125,0.54325,0.264625,1.1434,1.5959500000000002,0.86865,0.531075,0.693125,1.278925,1.453275,1.0099500000000001,0.25334999999999996,0.5914250000000001,0.95585,1.0469499999999998,1.2483499999999998,0.5835250000000001,0.6725,0.9645250000000001,1.180025,0.8002750000000001,0.6742,0.24145,0.31772500000000004,1.2028500000000002,0.980775,0.66585,0.2454,0.634525,1.133875,0.91035,0.5756749999999999,-0.09482499999999999,0.543425,1.261825,1.05305,0.463075,0.3595,0.5311250000000001,1.039575,0.954675,0.273925,0.4108,0.366975,0.710825,1.198475,0.5927,0.461325,0.28442500000000004,0.778375,0.78765,0.798025,0.19945000000000002,-0.027874999999999997,0.601275,0.932675,0.7898000000000001,0.08465,0.12292499999999999,0.1646,0.9382499999999999,0.694825,-0.0276,0.235525,0.437475,0.9878,0.4763,0.14429999999999998,-0.00955,0.398425,0.7056250000000001,0.21765,0.4468,0.263975,0.54025,0.7237,0.57675,0.3204,-0.01865,0.187725,0.07915,0.66245,0.20435,-0.013375,0.126775,0.604975,0.745,0.1379,-0.06325,-0.375675,0.5190250000000001,0.677275,0.029925,0.0402,0.19172499999999998,0.5931,0.56495,0.16097499999999998,-0.55635,0.08712500000000001,0.35664999999999997,0.265825,0.429575,-0.038775000000000004,0.06345,0.22355,0.448425,0.052725,0.09365,-0.09545000000000001,-0.123525,0.5999,0.29145,0.124675,-0.252425,0.182925,0.361375,0.398475,-0.06709999999999999,-0.6160749999999999,0.11615,0.6145499999999999,0.5078750000000001,0.09405,-0.17775000000000002,0.059125000000000004,0.433925,0.392625,-0.46025000000000005,-0.050425000000000005,-0.112775,0.20029999999999998,0.37882499999999997,-0.057325,-0.1825,-0.2149,0.125125,-0.055875,0.22347499999999998,-0.285925,-0.3654,0.0676,0.388675,0.33995,-0.336175,-0.3125,-0.322,0.29055,-0.028275,-0.583625,-0.247075,0.257,0.38955,-0.01075,-0.053375,-0.48675,0.0907,0.198425,-0.301525,-0.030100000000000002,-0.18785000000000002,-0.18375,-0.026,0.02265,-0.3423,-0.285425,-0.308475,-0.186375,0.06482500000000001,-0.25325000000000003,-0.30265,-0.36507500000000004,0.13075,0.09355,-0.429275,-0.45580000000000004,-0.71325,0.18845,0.1483,-0.526825,-0.4501,-0.380975,-0.10567499999999999,-0.216775,-0.477075,-0.7608,-0.153975,-0.041325,-0.203125,-0.13735,-0.47705000000000003,-0.3512,-0.3036,-0.161675,-0.6397,-0.539925,-0.6852499999999999,-0.51395,-0.08675,-0.237425,-0.401475,-0.7234499999999999,-0.30375,-0.0764,-0.35262499999999997,-0.44825,-1.073325,-0.3518,-0.0526,-0.43055,-0.836375,-0.5737749999999999,-0.7579750000000001,-0.245675,-0.57385,-0.8753,-0.6969500000000001,-0.626925,-0.296725,-0.3211,-0.568075,-0.7110000000000001,-0.577375,-0.57255,-0.3627,-0.23570000000000002,-0.41635,-0.734725,-0.503775,-0.19115,-0.5734250000000001,-0.830775,-0.776275,-0.85775,-0.353125,-0.85555,-1.105175,-0.40125,-0.45372500000000004,-0.4274,-0.82005,-0.645125,-0.9658500000000001,-0.6879500000000001,-0.4446,-0.90795,-0.7113,-0.6845,-0.499325,-0.665925,-0.6775749999999999,-0.925025,-1.019775,-0.819975,-1.0083,-0.432,-0.66275,-0.8976500000000001,-1.0321,-0.76555,-0.76645,-1.2963749999999998,-1.502275,-1.1435250000000001,-1.197925,-0.8495,-0.9345749999999999,-1.8337750000000002,-0.7371,0.22162500000000002,0.497975,-0.585725,-2.098125,0.0,0.0,0.0,0.0,0.0,0.0,0.0,0.0,0.0,0.0,0.0,0.0,0.0,0.0,0.0,0.0,0.0,0.0,0.0,0.0,0.0,0.0,0.0,0.0,0.0,0.0,0.0,0.0,0.0,0.0,0.0,0.0,0.0,0.0,0.0,0.0,0.0,0.0
0.0,0.0,0.0,0.0,0.0,0.0,0.0,0.0,0.0,0.0,0.0,0.0,0.0,0.0,0.0,0.0,0.0,0.0,0.0,0.0,0.0,0.0,0.0,0.0,0.0,0.0,0.0,0.0,0.0,0.0,0.0,0.0,0.0,0.0,0.0,0.0,0.0,0.0,1.683325,2.0409,0.9334250000000001,1.56265,1.866075,2.6799999999999997,1.7852,2.54365,1.49045,1.438675,1.87975,1.6973749999999999,0.94795,1.124,1.071175,1.556825,2.06305,1.34295,1.1693500000000001,1.032025,1.263575,1.5768749999999998,1.6607500000000002,0.6938,0.960875,1.49235,1.620225,1.7119,0.654425,0.69625,1.24435,1.935,0.9172,0.84215,0.815925,1.30805,1.7791,1.4281000000000001,1.064125,0.53515,0.959125,1.086525,1.31655,1.274825,0.5269250000000001,0.97945,1.456925,1.6860249999999999,0.96575,0.6007250000000001,0.28705,1.1018,1.787,0.8831,0.64775,0.6113,1.2603,1.531725,1.002125,0.28645,0.50395,1.344875,1.062125,1.0042,0.548425,0.7442,1.005525,1.17415,0.911875,0.47109999999999996,0.409875,0.4749,1.24925,1.028875,0.74865,0.526475,0.8717250000000001,0.99905,0.713625,0.5841,-0.061424999999999993,0.648425,1.3314,1.118775,0.65515,0.227475,0.6390750000000001,0.986375,1.011225,-0.00545,0.301025,0.703075,0.981625,1.075175,0.3736,0.30415,0.353675,0.768475,0.5694750000000001,0.49612500000000004,0.4384,0.3406,0.7988999999999999,0.958125,0.6285499999999999,0.11055000000000001,0.305625,0.39805,0.7158,0.762475,-0.057249999999999995,0.25889999999999996,0.6432,1.0709,0.6896500000000001,0.17400000000000002,-0.07425,0.47719999999999996,1.009225,0.213625,0.0524,0.09605,0.690525,0.891775,0.46725,0.29125,0.0016,0.45894999999999997,0.4316,0.49995,0.324575,0.03685,0.161275,0.737825,0.723325,0.12145,0.0416,-0.36685,0.545625,0.9181,0.166875,0.033949999999999994,0.13645000000000002,0.5837,0.5102249999999999,0.1558,-0.40545,-0.1293,0.58965,0.201125,0.2733,-0.132175,0.149275,0.306275,0.38925,-0.06085,-0.189675,-0.005424999999999999,-0.09537499999999999,0.501125,0.40959999999999996,0.26095,-0.149125,0.2412,0.30215,0.0988,0.13882499999999998,-0.605275,0.22115,0.690125,0.33452499999999996,-0.0777,-0.21565,0.011025,0.35072499999999995,0.406225,-0.478375,-0.17459999999999998,0.12175,0.423025,0.25132499999999997,-0.32745,-0.17020000000000002,-0.172625,0.174925,-0.15239999999999998,-0.09715,-0.022850000000000002,-0.089375,0.252875,0.31865,0.15025,-0.384625,-0.12305,-0.017175,0.25485,0.198025,-0.621375,-0.242475,0.17750000000000002,0.33405,0.10060000000000001,-0.37675,-0.473525,0.059325,0.47025,-0.224475,-0.29860000000000003,-0.29975,0.2903,0.305075,-0.0575,-0.362,-0.48995,-0.035025,-0.055224999999999996,0.120175,-0.145625,-0.203725,-0.209275,0.13945000000000002,0.01945,-0.454125,-0.3149,-0.7424000000000001,-0.010425,0.3134,-0.33140000000000003,-0.325225,-0.313075,-0.1407,-0.272575,-0.57635,-0.8942,-0.551375,0.035574999999999996,-0.11185,-0.247175,-0.5508249999999999,-0.120075,-0.203375,-0.233125,-0.50805,-0.650775,-0.49895,-0.70865,-0.49107500000000004,-0.286575,-0.27725,-0.633975,-0.21402500000000002,-0.2455,-0.41445,-0.43105,-0.912425,-0.27390000000000003,0.038925,-0.298275,-0.644925,-0.7494999999999999,-0.6068,-0.37245,-0.528875,-1.1123500000000002,-0.7499,-0.42862500000000003,-0.31835,-0.592425,-0.7478,-0.48855000000000004,-0.7309749999999999,-0.537275,-0.8840250000000001,-0.6990000000000001,-0.4238,-0.47945,-0.477325,-0.4603,-0.48629999999999995,-0.99095,-0.7022,-0.61215,-0.43715,-0.484725,-1.07285,-1.252475,-0.25270000000000004,-0.322775,-0.608975,-0.872375,-1.0380500000000001,-0.68355,-0.436125,-0.809175,-0.916025,-0.821075,-0.399625,-0.783625,-0.662925,-0.77625,-0.889375,-0.679,-0.895425,-0.52605,-0.49405,-0.92545,-0.8656,-0.614125,-0.763675,-1.028775,-1.154525,-1.273725,-0.910025,-0.6792,-1.12845,-1.5310000000000001,-1.692675,-1.2355749999999999,0.03495,0.0548,-0.7813,-0.5918249999999999,-0.744375,-0.7770750000000001,0.0,0.0,0.0,0.0,0.0,0.0,0.0,0.0,0.0,0.0,0.0,0.0,0.0,0.0,0.0,0.0,0.0,0.0,0.0,0.0,0.0,0.0,0.0,0.0,0.0,0.0,0.0,0.0,0.0,0.0,0.0,0.0,0.0,0.0,0.0,0.0,0.0,0.0
0.0,0.0,0.0,0.0,0.0,0.0,0.0,0.0,0.0,0.0,0.0,0.0,0.0,0.0,0.0,0.0,0.0,0.0,0.0,0.0,0.0,0.0,0.0,0.0,0.0,0.0,0.0,0.0,0.0,0.0,0.0,0.0,0.0,0.0,0.0,0.0,0.0,0.0,0.0,1.486375,2.82935,1.829,1.87805,1.35575,1.059925,1.1363750000000001,2.044175,0.80955,1.1872250000000002,1.150025,1.8424749999999999,1.931475,1.5046249999999999,1.169975,0.5529,1.555475,1.2219,1.38425,0.38455,0.8148,1.238025,1.84265,1.4566249999999998,1.214075,0.79895,1.1366749999999999,1.906275,1.190675,0.840525,0.8368,1.518775,2.0473500000000002,1.4666,0.67605,0.5081249999999999,1.295325,1.33615,1.1516,1.1446,0.904675,1.195325,1.5472,1.261625,0.8489,0.77805,0.73295,1.1350500000000001,1.702475,0.754875,0.6640999999999999,0.7449250000000001,1.4047749999999999,1.563225,0.7851250000000001,0.2933,0.39799999999999996,1.3467500000000001,1.3439999999999999,0.969025,0.47650000000000003,0.96955,1.351975,1.379675,0.7418,0.36234999999999995,0.856625,1.0284499999999999,1.220575,1.0171999999999999,0.491325,0.66345,0.89575,1.0431249999999999,0.424375,0.738125,0.08135,0.699175,1.215125,0.92615,0.681975,0.1449,0.6199,1.115875,1.089975,0.086475,-0.0547,0.607275,1.187675,1.07535,0.45267500000000005,0.30455,0.5498,1.0588,0.846425,0.1966,0.41905000000000003,0.44262500000000005,0.8593,0.9007499999999999,0.6963250000000001,0.250375,0.45844999999999997,0.4939,0.607275,0.6804,-0.063375,0.26885,0.58795,0.9905999999999999,0.56525,0.100175,0.06495000000000001,0.384625,0.99855,0.2355,-0.0448,0.13655,0.8155749999999999,0.8672,0.41485,0.08070000000000001,0.015925,0.6233,0.668075,0.39255,0.38465,0.2409,0.436425,0.826125,0.45604999999999996,0.030725000000000002,0.156675,0.0039499999999999995,0.42774999999999996,0.743425,0.02315,0.09104999999999999,0.131575,0.602,0.5646249999999999,0.050025,-0.29055000000000003,-0.0564,0.6821250000000001,0.40407499999999996,0.053975,-0.22115,0.37429999999999997,0.526375,0.468125,-0.163325,-0.41735,0.303875,0.258075,0.3486,0.136175,0.070575,0.0071,0.412875,0.37585,-0.039224999999999996,0.07494999999999999,-0.3693,0.13537500000000002,0.727625,0.35314999999999996,0.121675,-0.39237500000000003,0.05115,0.366375,0.317475,-0.258475,-0.27035,0.20697500000000002,0.672475,0.25195,-0.244775,-0.21275,-0.211475,0.36060000000000003,0.035875000000000004,-0.37270000000000003,0.03925,-0.1331,0.338025,0.362525,0.051325,-0.26005,0.059575,0.00205,0.008324999999999999,0.25682499999999997,-0.479275,-0.248575,0.025125,0.286725,-0.10745,-0.457025,-0.445075,-0.19637500000000002,0.35662499999999997,-0.189475,-0.3316,-0.1964,0.34009999999999996,0.3323,-0.0657,-0.425475,-0.474625,0.284975,0.056975000000000005,-0.12855,-0.18075,-0.051449999999999996,0.096275,0.203825,-0.158025,-0.6624749999999999,-0.323925,-0.5367500000000001,-0.071075,0.1344,-0.483925,-0.28515,-0.325925,0.07955,-0.052925,-0.31055,-0.6382,-0.682925,-0.0155,-0.155025,-0.55165,-0.67455,-0.13205,-0.0706,0.10667499999999999,-0.401525,-0.79205,0.003975,-0.248975,-0.259225,-0.32639999999999997,-0.47297500000000003,-0.625875,-0.214225,-0.184275,-0.5241750000000001,-0.250975,-0.8003,-0.35375,0.1471,-0.127575,-0.49162500000000003,-0.699175,-0.331125,-0.37577499999999997,-0.211075,-0.856475,-0.887875,-0.275625,-0.085775,-0.267625,-0.599625,-0.6545749999999999,-0.7213,-0.13895000000000002,-0.647375,-0.9088750000000001,-0.42,-0.369075,-0.405625,-0.71265,-0.43515,-0.77535,-0.6986749999999999,-0.886525,-0.721375,-0.4373,-0.9120999999999999,-0.876425,-0.850875,-0.7420249999999999,-0.86825,-1.120925,-0.7624,-0.58975,-0.223575,-0.915125,-0.82735,-0.738275,-0.31137499999999996,-0.588225,-0.9058,-1.121425,-1.156525,-0.22560000000000002,-0.870475,-0.7985249999999999,-0.780825,-0.7066,-0.6380250000000001,-0.7282500000000001,-0.719725,-1.1651500000000001,-0.782675,-1.3191,-0.7894,-1.04525,-1.233025,-1.4582249999999999,-1.523925,-1.3767749999999999,-1.1885,-0.484875,-1.2118,-1.4053499999999999,-0.815125,-0.7581749999999999,-0.739875,-1.104625,0.0,0.0,0.0,0.0,0.0,0.0,0.0,0.0,0.0,0.0,0.0,0.0,0.0,0.0,0.0,0.0,0.0,0.0,0.0,0.0,0.0,0.0,0.0,0.0,0.0,0.0,0.0,0.0,0.0,0.0,0.0,0.0,0.0,0.0,0.0,0.0,0.0,0.0,0.0
0.0,0.0,0.0,0.0,0.0,0.0,0.0,0.0,0.0,0.0,0.0,0.0,0.0,0.0,0.0,0.0,0.0,0.0,0.0,0.0,0.0,0.0,0.0,0.0,0.0,0.0,0.0,0.0,0.0,0.0,0.0,0.0,0.0,0.0,0.0,0.0,0.0,0.0,0.0,1.643075,0.913725,1.37585,2.43865,2.1113750000000002,0.29712500000000003,1.10345,1.476825,2.2003999999999997,1.4451,0.88825,0.946375,1.618825,2.29675,1.57745,1.782175,0.51345,1.4101,1.4535,1.741825,1.83555,0.7723,0.737,1.2175250000000002,1.799725,1.323,0.674825,0.915425,1.832975,1.8827,1.5911499999999998,0.9344250000000001,0.7076250000000001,1.475425,1.73415,0.890325,0.909575,0.668975,1.281975,1.721825,1.33475,0.826025,0.6527499999999999,0.9253250000000001,1.1375250000000001,1.445025,0.850175,0.7602249999999999,0.8814,1.4231,1.255425,0.7627499999999999,0.5775250000000001,0.4374,1.394225,1.498975,0.8771249999999999,0.511625,0.7636499999999999,1.2862,1.3387,0.943925,0.041999999999999996,0.7765500000000001,1.273225,0.9959749999999999,0.9885,0.594825,0.8488249999999999,1.1456,1.141325,0.345975,0.59205,0.531575,0.72585,1.242875,0.811775,0.685125,0.284725,0.75885,0.8578,0.80245,0.389125,-0.07435,0.8236,1.2322,0.905675,0.30057500000000004,0.241175,0.63435,1.14605,0.802775,0.051225,0.6004,0.6929000000000001,1.176375,0.916925,0.45255,0.2787,0.6379250000000001,0.733425,0.48212499999999997,0.5215,0.127125,0.48655,0.7405999999999999,0.696925,0.483525,-0.14365,0.083425,0.42605,0.79515,0.46967499999999995,-0.0616,0.3214,1.04485,1.07375,0.3623,0.000575,-0.1025,0.7770999999999999,0.9053249999999999,0.26365000000000005,0.25987499999999997,0.1434,0.86915,0.8798,0.393,-0.04715,0.1306,0.21837499999999999,0.310525,0.65045,0.07577500000000001,0.113875,0.052975,0.5747,0.49365,0.08047499999999999,-0.102675,-0.20487499999999997,0.63995,0.650875,0.1262,-0.174,0.3038,0.57355,0.433,0.0213,-0.475275,0.32234999999999997,0.57995,0.4271,0.21115,-0.128525,0.068275,0.38985000000000003,0.28385,-0.36445000000000005,0.090675,-0.05065,0.1778,0.532825,0.17070000000000002,0.104225,-0.24195,0.35824999999999996,0.20179999999999998,0.15275,-0.224825,-0.45047499999999996,0.2549,0.678825,0.2882,-0.19945,0.0014,-0.029875,0.521525,0.043475,-0.5554,-0.03075,0.201425,0.43332499999999996,0.12142499999999999,-0.122525,-0.2833,0.17072500000000002,0.224025,-0.162025,-0.029525000000000003,-0.29185000000000005,0.147725,0.246025,0.108275,-0.10250000000000001,-0.457075,-0.26032500000000003,-0.138775,0.241175,-0.106725,-0.471525,-0.1103,0.541175,0.22597499999999998,-0.226225,-0.376675,-0.55865,0.351325,0.2519,-0.1503,-0.15292499999999998,-0.20365,0.337425,0.17930000000000001,-0.183525,-0.5831999999999999,-0.216125,-0.131825,-0.077125,0.097775,-0.375525,-0.275725,-0.257075,0.0014999999999999998,-0.22425,-0.3669,-0.5855250000000001,-0.681375,-0.02495,-0.025475,-0.414875,-0.668375,-0.1916,-0.198375,-0.07395,-0.449125,-0.7722,-0.031174999999999998,-0.0219,-0.0956,-0.13970000000000002,-0.4435,-0.349475,-0.388925,-0.32405,-0.77695,-0.5303,-0.542,-0.0446,-0.043975,-0.46005,-0.314575,-0.76125,-0.2525,-0.489875,-0.19635,-0.6118,-0.9718500000000001,-0.270825,0.193525,-0.566825,-0.9270750000000001,-0.60985,-0.6504,-0.117175,-0.36845,-0.9013,-0.482175,-0.21305,-0.07545,-0.4204,-0.666175,-0.6200749999999999,-0.2319,-0.515425,-0.78835,-0.5211,-0.92495,-0.33305,-0.85305,-0.642625,-0.965375,-1.10425,-0.592625,-0.87005,-0.3573,-0.7175499999999999,-0.8077,-0.751675,-0.02605,-0.389575,-0.545075,-1.0089000000000001,-0.97695,-0.2718,-0.43835,-0.7666999999999999,-0.694925,-0.742075,-0.481225,-0.38455,-0.7729,-0.8087,-0.851375,-0.493075,-0.977525,-0.6417,-0.8706,-1.0396750000000001,-1.117975,-1.1953,-0.6699999999999999,-1.29435,-0.52875,-1.432325,-0.718825,-0.25235,-1.6748750000000001,-0.9946999999999999,-0.898125,0.319275,-1.0511,0.0,0.0,0.0,0.0,0.0,0.0,0.0,0.0,0.0,0.0,0.0,0.0,0.0,0.0,0.0,0.0,0.0,0.0,0.0,0.0,0.0,0.0,0.0,0.0,0.0,0.0,0.0,0.0,0.0,0.0,0.0,0.0,0.0,0.0,0.0,0.0,0.0,0.0,0.0
0.0,0.0,0.0,0.0,0.0,0.0,0.0,0.0,0.0,0.0,0.0,0.0,0.0,0.0,0.0,0.0,0.0,0.0,0.0,0.0,0.0,0.0,0.0,0.0,0.0,0.0,0.0,0.0,0.0,0.0,0.0,0.0,0.0,0.0,0.0,0.0,0.0,0.0,0.0,0.0,2.1415499999999996,1.13555,1.222925,1.347025,1.8566,2.089875,1.567175,0.97965,1.2352750000000001,2.47535,1.8165,0.9292750000000001,0.59455,1.3014000000000001,1.4357250000000001,1.8524,1.422925,0.058249999999999996,1.2895249999999998,1.2031999999999998,1.779075,1.593025,0.9816750000000001,1.1211250000000001,1.420725,1.4549249999999998,0.999625,0.955275,0.817175,1.366025,1.7293,1.120625,0.7922499999999999,0.861825,1.6727750000000001,1.7607,1.1088,0.43069999999999997,0.7293499999999999,1.326,1.033625,1.23485,0.943925,1.009625,1.197075,1.606025,1.1637,0.5245249999999999,0.67945,0.534475,1.27445,1.50305,0.721975,0.725725,0.94085,1.260025,1.176275,0.682375,0.10035,0.853125,1.486125,1.3049,0.9380000000000001,0.49687499999999996,1.062325,1.277375,1.3436249999999998,0.4736,0.29464999999999997,0.9003749999999999,1.07835,1.285725,0.672625,0.6714249999999999,0.46305,1.071075,0.758825,0.6006499999999999,0.5028,-0.001575,0.8891249999999999,1.3314249999999999,1.005925,0.5695749999999999,0.252575,0.638225,1.024175,0.82555,0.029324999999999997,0.2679,0.844375,1.32915,0.9823,0.366375,0.23755,0.475,0.933075,0.35255000000000003,0.405775,0.2726,0.69545,0.8928,0.7328250000000001,0.52295,-0.06789999999999999,0.463025,0.402825,0.691275,0.470725,-0.071425,0.287425,0.893725,0.775825,0.2824,0.0152,-0.0723,0.6441250000000001,0.851075,0.098925,0.133075,0.283725,0.898775,0.9004,0.31035,0.0465,0.14279999999999998,0.6489750000000001,0.383125,0.3695,0.1281,0.387475,0.5832499999999999,0.6487,0.22394999999999998,-0.059875,0.133225,-0.07165,0.6008,0.5925750000000001,0.11524999999999999,0.03025,0.527,0.488875,0.33947499999999997,-0.039975,-0.47865,0.34575,0.7193499999999999,0.40425,0.058025,-0.12935,0.13779999999999998,0.45125,0.351675,-0.380075,-0.2519,0.170175,0.38330000000000003,0.58,0.00155,0.014175,-0.09785,0.4788,0.20079999999999998,0.09620000000000001,0.019675,-0.35665,0.336825,0.580125,0.28064999999999996,-0.0957,-0.0999,0.023899999999999998,0.5392250000000001,0.16699999999999998,-0.5607,-0.16365000000000002,0.15967499999999998,0.48035,0.13874999999999998,-0.329575,-0.27444999999999997,0.013375,0.351125,-0.191475,-0.087325,-0.03975,0.160225,0.305325,0.1649,-0.07055,-0.39255,-0.0179,-0.185175,0.11215,0.05505,-0.26515,-0.226775,0.256125,0.083425,-0.220025,-0.351,-0.463475,0.29674999999999996,0.307075,-0.23765,-0.18082499999999999,-0.15305000000000002,0.4669,0.2324,-0.162475,-0.537425,-0.17957499999999998,0.2107,-0.149725,-0.180975,-0.37422500000000003,-0.05465,-0.016475,0.113275,-0.3629,-0.535,-0.24004999999999999,-0.5010749999999999,-0.0419,-0.053375000000000006,-0.4642,-0.6146,-0.080675,-0.245025,-0.3196,-0.5618000000000001,-0.8567,0.0704,0.2128,-0.12942499999999998,-0.336,-0.5856,-0.1191,-0.070725,-0.21692499999999998,-0.796625,-0.6069,-0.1875,0.053875,-0.22642500000000002,-0.48315,-0.27602499999999996,-0.5446500000000001,-0.113525,-0.24785000000000001,-0.39335000000000003,-0.363325,-0.92215,-0.2716,-0.043675000000000005,-0.459675,-0.7111500000000001,-0.54535,-0.8168500000000001,-0.24975,-0.42822499999999997,-0.86955,-0.53725,-0.330025,-0.262175,-0.538225,-0.655075,-0.8242750000000001,-0.6140249999999999,-0.2043,-0.813875,-0.6905249999999999,-0.462025,-0.43945,-0.535825,-0.670225,-0.6794,-0.939025,-0.75895,-0.8693000000000001,-0.727275,-0.710275,-0.7399249999999999,-0.84595,-0.659225,-0.335625,-0.71455,-0.918075,-1.157625,-0.017675,-0.274625,-0.74485,-0.8573000000000001,-0.686425,-0.26425,-0.70145,-0.7911250000000001,-0.9831000000000001,-1.0038,-0.702175,-0.861475,-0.466825,-1.01245,-0.30910000000000004,-1.181525,-0.85755,-0.89105,-0.795875,-0.286225,-0.848875,-0.322075,-0.193875,-1.563175,-0.5472,-0.5570499999999999,-0.295525,0.05685,1.984025,-3.258475,0.0,0.0,0.0,0.0,0.0,0.0,0.0,0.0,0.0,0.0,0.0,0.0,0.0,0.0,0.0,0.0,0.0,0.0,0.0,0.0,0.0,0.0,0.0,0.0,0.0,0.0,0.0,0.0,0.0,0.0,0.0,0.0,0.0,0.0,0.0,0.0,0.0,0.0,0.0,0.0
0.0,0.0,0.0,0.0,0.0,0.0,0.0,0.0,0.0,0.0,0.0,0.0,0.0,0.0,0.0,0.0,0.0,0.0,0.0,0.0,0.0,0.0,0.0,0.0,0.0,0.0,0.0,0.0,0.0,0.0,0.0,0.0,0.0,0.0,0.0,0.0,0.0,0.0,0.0,0.0,1.6597,2.109925,1.7059250000000001,1.44275,1.57695,1.689625,1.54745,2.4257999999999997,1.46605,1.6239999999999999,1.313775,1.842,1.86285,0.6373500000000001,1.100425,1.670325,1.561725,1.0107000000000002,0.97845,0.8147,1.3296000000000001,1.68395,1.5969499999999999,1.302425,0.9819,0.8440000000000001,1.5474999999999999,1.70375,0.913575,0.884775,1.01325,2.0526,1.8254,1.230975,0.597,0.401875,1.497125,1.2726250000000001,1.017375,0.6885,0.89955,1.5219500000000001,1.3956,1.0800999999999998,0.522275,0.7704,0.91015,1.378825,1.38035,0.721475,0.825375,1.00495,1.3989500000000001,1.33095,0.8160999999999999,0.176925,0.690625,1.272875,1.15415,0.84835,0.53645,1.1359,1.428925,1.103775,0.34759999999999996,0.27335,0.9470999999999999,1.35775,1.2702499999999999,0.621275,0.650875,0.6527499999999999,1.0322,0.805175,0.28712499999999996,0.689925,0.39044999999999996,1.1195249999999999,1.0969,0.7492,0.565325,0.245975,0.7396750000000001,0.973175,0.7921,0.18662499999999999,0.32789999999999997,0.82305,1.255675,0.8036749999999999,0.14005,0.4487,0.581225,1.243275,0.5646249999999999,0.08115,0.48285,0.872,0.9847250000000001,0.6226,0.326025,0.1228,0.8605,0.6938,0.5704,0.528075,0.043375,0.4888,0.7115750000000001,0.72785,0.269675,0.165275,0.09455,0.6633249999999999,0.888675,0.28925,0.02545,0.21302500000000002,1.0201,0.72495,0.274,-0.145075,-0.019049999999999997,0.99,0.78425,0.386925,0.23604999999999998,0.43935,0.6857,0.765525,0.30367500000000003,-0.2011,0.30770000000000003,0.167075,0.528025,0.37139999999999995,0.061524999999999996,0.09154999999999999,0.25385,0.43210000000000004,0.21395,0.0695,-0.37745,0.138125,0.5755,0.393,0.1584,-0.129275,0.264875,0.61985,0.1799,-0.25655,-0.314475,0.36095,0.5941,0.33247499999999997,-0.01385,0.07540000000000001,0.065075,0.46285,0.14245,-0.13585,0.13369999999999999,-0.1216,0.38215,0.4062,0.095375,-0.049800000000000004,-0.10955000000000001,0.08850000000000001,0.212075,0.256,-0.412875,-0.01225,0.296475,0.60995,0.0531,-0.39602499999999996,-0.170075,-0.01315,0.52035,-0.1728,-0.320825,0.011975,0.369125,0.4328,0.07425,-0.180575,-0.237875,0.3217,0.026725000000000002,-0.17005,-0.1557,-0.288125,0.049375,0.34685,0.084425,-0.186575,-0.3529,-0.40735,0.186,0.16585,-0.4143,-0.39182500000000003,-0.20195,0.46185,0.218875,-0.2562,-0.4139,-0.463225,0.445525,0.152825,-0.1929,-0.3244,-0.088575,0.08035,0.061675,-0.28702500000000003,-0.622,-0.16335,-0.250375,0.01505,0.04115,-0.30165000000000003,-0.50245,-0.400075,-0.27812499999999996,-0.43777499999999997,-0.292825,-0.75065,-0.419325,0.06365,0.02985,-0.27792500000000003,-0.552225,-0.003075,-0.09245,-0.05975,-0.66845,-0.7015750000000001,-0.0679,-0.061849999999999995,-0.4137,-0.43772500000000003,-0.25112500000000004,-0.322325,0.09925,-0.5548249999999999,-0.49477499999999996,-0.30215000000000003,-0.5343,-0.241525,-0.33575,-0.41785000000000005,-0.5805750000000001,-0.6465000000000001,-0.749475,-0.480725,-0.42015,-0.8310500000000001,-0.426375,-0.2953,-0.034025,-0.336625,-0.871675,-0.6213249999999999,-0.6125750000000001,-0.05675,-0.68745,-0.913325,-0.3624,-0.0752,-0.19585,-0.592825,-0.902575,-0.8904000000000001,-0.163475,-0.6973750000000001,-0.6240249999999999,-0.563175,-1.04665,-0.7730250000000001,-0.73245,-0.70635,-0.82065,-0.929975,-0.776125,-0.35145,-0.511725,-0.75125,-0.8676999999999999,-0.866975,-0.40105,-0.472325,-0.681875,-0.985975,-0.985475,-0.204375,-0.395025,-1.0551499999999998,-1.00215,-0.231975,-0.959625,-0.41969999999999996,-0.9432,-0.781675,-0.9097,-1.2699500000000001,-0.475575,-0.24222500000000002,-0.739375,-0.65005,-1.0771,0.16045,-0.7237750000000001,-0.379,-0.4434,0.6393500000000001,0.148625,-0.36895,0.0,0.0,0.0,0.0,0.0,0.0,0.0,0.0,0.0,0.0,0.0,0.0,0.0,0.0,0.0,0.0,0.0,0.0,0.0,0.0,0.0,0.0,0.0,0.0,0.0,0.0,0.0,0.0,0.0,0.0,0.0,0.0,0.0,0.0,0.0,0.0,0.0,0.0,0.0,0.0
0.0,0.0,0.0,0.0,0.0,0.0,0.0,0.0,0.0,0.0,0.0,0.0,0.0,0.0,0.0,0.0,0.0,0.0,0.0,0.0,0.0,0.0,0.0,0.0,0.0,0.0,0.0,0.0,0.0,0.0,0.0,0.0,0.0,0.0,0.0,0.0,0.0,0.0,0.0,0.0,0.0,1.1925999999999999,1.405275,2.04405,1.2488000000000001,1.56155,1.314475,1.404975,1.77305,1.503725,0.9208000000000001,0.737625,1.623975,1.9484750000000002,0.99805,1.3698,1.2129750000000001,1.519475,1.6816,1.2398,1.2557,0.8279000000000001,1.334125,1.4164500000000002,1.815725,1.098725,0.708525,1.2426,2.189475,1.824525,1.08135,0.58135,0.6276,1.6138249999999998,1.41695,1.072775,0.592525,0.99115,1.5048249999999999,1.482475,0.787475,0.459925,1.1588500000000002,1.298,1.275725,1.3011249999999999,0.5600750000000001,1.0199500000000001,1.195075,1.3144500000000001,0.7357,0.644325,0.681975,0.6869,1.4628999999999999,1.2596,0.876275,0.3464,1.283775,1.263925,1.1968,0.4917,0.0045249999999999995,1.0872249999999999,1.42,1.32275,0.82715,0.41657500000000003,0.6778249999999999,1.4883250000000001,0.8861,0.038375,0.5141749999999999,0.6292249999999999,1.314225,1.095225,0.65265,0.4498,0.6155999999999999,0.703125,0.6325999999999999,0.691175,0.258925,0.3221,0.937925,1.331,0.706925,0.1139,0.286525,0.57985,1.2453500000000002,0.693975,0.139525,0.5838249999999999,0.89545,1.261025,0.7616499999999999,0.168375,0.07117499999999999,0.9112,0.75415,0.37339999999999995,0.404825,0.2315,0.876475,0.80115,0.511075,0.073375,0.03445,0.266875,0.409325,0.63975,0.33757499999999996,0.18664999999999998,0.4113,1.01025,0.6239750000000001,0.10070000000000001,-0.0286,-0.073075,0.896675,0.6652,0.2838,0.1549,0.5246,0.9369999999999999,0.626125,0.10545,-0.144,0.39075000000000004,0.658925,0.604525,0.277725,0.024425,0.377975,0.449075,0.34075,0.019425,0.0106,-0.046575000000000005,0.19485,0.5690500000000001,0.32405,0.1196,-0.159075,0.5287999999999999,0.39875,0.3352,-0.18675,-0.5369,0.45065,0.732425,0.49812500000000004,-0.05685,-0.006675,0.182675,0.6159250000000001,0.1442,-0.441075,-0.04135,0.12915,0.6542250000000001,0.3413,-0.0687,-0.092975,-0.0863,0.31720000000000004,0.052025,0.12455,-0.152925,-0.1706,0.329275,0.646625,0.154275,-0.319775,-0.004425,-0.060375,0.39125,-0.160875,-0.4514,-0.02195,0.33747499999999997,0.477375,0.030625,-0.191275,-0.29175,0.3535,0.122325,-0.179375,-0.082875,-0.17217500000000002,0.280475,0.196875,0.009,-0.289575,-0.14925,-0.04705,0.054575,0.061825,-0.24355,-0.290625,-0.207225,0.330925,-0.006699999999999999,-0.218325,-0.373175,-0.332025,0.55935,0.30122499999999997,-0.28985,-0.11597500000000001,0.020025,0.21339999999999998,-0.079625,-0.492475,-0.70465,0.07477500000000001,0.097825,0.0314,-0.22845000000000001,-0.36645000000000005,-0.152225,-0.004200000000000001,-0.1028,-0.62245,-0.344075,-0.60255,-0.1634,-0.0731,-0.086575,-0.39755,-0.5636,0.0409,-0.07055,-0.0795,-0.6010500000000001,-0.891925,0.18072500000000002,0.298125,-0.264725,-0.4424,-0.533725,-0.3905,0.177425,-0.1766,-0.7249,-0.32535000000000003,-0.212175,0.0565,-0.166425,-0.5119250000000001,-0.5676,-0.5626,-0.44535,-0.49319999999999997,-0.4397,-0.565925,-0.5619500000000001,-0.24795,-0.014849999999999999,-0.465825,-0.8873,-0.6926,-0.49110000000000004,-0.04585,-0.533375,-0.928975,-0.2402,-0.258725,-0.287725,-0.645575,-0.6832,-0.788825,-0.22925,-0.663025,-0.692825,-0.925025,-0.685025,-0.7114,-0.5253749999999999,-0.8796499999999999,-0.8982,-0.9454,-1.012075,-0.7798499999999999,-0.5403,-0.5204500000000001,-0.52505,-0.632775,-0.1538,-0.678575,-0.875375,-0.763775,-0.9523250000000001,-0.0548,-0.441525,-0.9408,-0.86265,-0.5215749999999999,-0.550025,-0.670625,-1.0526250000000001,-1.13965,-0.19485000000000002,-1.406625,-0.73895,-0.6076999999999999,-0.84895,-1.0358,-0.69405,-0.179925,-1.12805,-0.633925,-1.317325,-0.09340000000000001,-0.424325,-0.270575,-0.7717499999999999,0.422675,0.0,0.0,0.0,0.0,0.0,0.0,0.0,0.0,0.0,0.0,0.0,0.0,0.0,0.0,0.0,0.0,0.0,0.0,0.0,0.0,0.0,0.0,0.0,0.0,0.0,0.0,0.0,0.0,0.0,0.0,0.0,0.0,0.0,0.0,0.0,0.0,0.0,0.0,0.0,0.0,0.0
0.0,0.0,0.0,0.0,0.0,0.0,0.0,0.0,0.0,0.0,0.0,0.0,0.0,0.0,0.0,0.0,0.0,0.0,0.0,0.0,0.0,0.0,0.0,0.0,0.0,0.0,0.0,0.0,0.0,0.0,0.0,0.0,0.0,0.0,0.0,0.0,0.0,0.0,0.0,0.0,0.0,2.3622750000000003,0.608675,1.4228,1.17025,2.4421,2.366175,1.174475,1.17755,1.4353,1.7948,1.5368,1.25665,1.064975,2.2814,2.00035,1.5450249999999999,0.5727,1.128,1.725525,0.8738,1.61765,1.022325,0.8310500000000001,1.25175,1.9864,1.4934,1.020425,0.8251999999999999,0.8388249999999999,1.8558,1.8385500000000001,0.9668,0.775925,0.7694,1.4407999999999999,1.6391,1.02375,0.309875,0.8554,1.518675,1.3106499999999999,1.0264250000000001,0.658875,1.17795,1.39455,1.5617750000000001,0.702325,0.45247499999999996,0.7676499999999999,0.7938,1.3951500000000001,1.146125,0.8194250000000001,0.865275,1.2739500000000001,1.1424,0.8797,0.60355,0.23235,0.907525,1.478975,1.091675,0.543275,0.565825,0.98245,1.291775,1.0599750000000001,0.202225,0.45805,0.9155,1.2556,0.9735,0.353175,0.51795,0.7263,1.3234,0.74065,0.4918,0.50135,0.496425,1.00855,1.07555,0.632225,0.45715,0.7467,0.7623,0.9729000000000001,0.627675,-0.007025,0.641475,1.0257749999999999,1.2425,0.784775,0.2096,0.23275,0.83875,0.91245,0.251175,0.2462,0.393125,1.201,1.0435999999999999,0.58275,0.04045,0.092075,0.633825,0.57105,0.49622499999999997,0.34149999999999997,0.17604999999999998,0.545825,0.893225,0.5046999999999999,0.24735,0.15905000000000002,0.03585,1.1079999999999999,0.877725,0.153625,0.08225,0.2117,0.9585250000000001,0.6347,0.219775,-0.237975,0.36145,0.853925,0.51875,0.297475,0.057325,0.58395,0.69565,0.6577999999999999,-0.139075,-0.111475,0.14850000000000002,0.1095,0.530775,0.272675,0.1142,-0.005075,0.51065,0.230925,0.217925,-0.009,-0.4024,0.49245,0.634625,0.4713,-0.036025,-0.15425,0.3049,0.58375,0.21635,-0.54155,0.0007,0.3898,0.7280249999999999,0.296225,-0.145825,0.060625,0.130475,0.3505,-0.06495000000000001,-0.060875,0.003025,0.045700000000000005,0.3628,0.38144999999999996,0.1278,-0.22769999999999999,0.13015,0.039900000000000005,0.40575,0.00825,-0.42295,0.139125,0.303275,0.454875,0.074075,-0.287775,-0.327575,0.306125,0.354325,-0.187125,-0.2238,-0.012575,0.703125,0.29474999999999996,-0.03065,-0.382275,-0.26177500000000004,0.279725,-0.012425,0.065575,-0.0026,-0.121925,-0.0704,0.36265,-0.18515,-0.375475,-0.26,-0.559625,0.495575,0.1092,-0.145725,-0.265225,-0.050825,0.28049999999999997,0.035425,-0.358475,-0.82395,-0.22625,0.245125,0.01495,-0.316025,-0.33590000000000003,-0.0030499999999999998,0.012275000000000001,-0.110875,-0.577475,-0.49807500000000005,-0.140475,-0.35485,-0.136975,-0.146075,-0.3651,-0.501825,-0.0448,-0.304825,-0.210675,-0.50275,-0.6525500000000001,0.004425,0.05095,-0.2055,-0.438075,-0.541925,-0.297025,-0.192325,-0.31115,-0.78685,-0.585725,-0.087325,0.2324,-0.317925,-0.6365000000000001,-0.47005,-0.334975,-0.09177500000000001,-0.632025,-0.708175,-0.32075,-0.3211,-0.31182499999999996,-0.28652500000000003,-0.49655000000000005,-0.89435,-0.408425,-0.547425,-0.126525,-0.467125,-0.8253,-0.45577500000000004,0.030225,-0.29675,-0.581125,-0.68435,-0.7813,-0.12710000000000002,-0.2755,-0.75125,-0.8469249999999999,-0.5716,-0.045625,-0.671675,-0.9054,-0.940475,-1.026625,-0.22825,-0.7681,-0.688925,-0.87935,-0.8512,-0.752625,-0.430975,-0.7167250000000001,-0.949075,-0.764975,-1.124925,-0.277175,-0.3111,-0.837425,-0.98775,-0.914625,-0.667325,-0.438275,-0.6977,-1.229425,-1.12635,-0.80305,-0.8498749999999999,-0.537525,-0.69455,0.0427,-1.1436,-0.899975,-0.9339999999999999,-1.297325,0.23315,-0.9716750000000001,-1.34505,0.09492500000000001,-0.71085,-0.948125,2.058225,-0.869,-0.3749,0.0,0.0,0.0,0.0,0.0,0.0,0.0,0.0,0.0,0.0,0.0,0.0,0.0,0.0,0.0,0.0,0.0,0.0,0.0,0.0,0.0,0.0,0.0,0.0,0.0,0.0,0.0,0.0,0.0,0.0,0.0,0.0,0.0,0.0,0.0,0.0,0.0,0.0,0.0,0.0,0.0
0.0,0.0,0.0,0.0,0.0,0.0,0.0,0.0,0.0,0.0,0.0,0.0,0.0,0.0,0.0,0.0,0.0,0.0,0.0,0.0,0.0,0.0,0.0,0.0,0.0,0.0,0.0,0.0,0.0,0.0,0.0,0.0,0.0,0.0,0.0,0.0,0.0,0.0,0.0,0.0,0.0,0.0,3.0305,1.97945,1.333675,1.8276000000000001,1.489275,1.952125,1.180375,1.5086249999999999,1.5183,2.1355750000000002,2.516225,1.682725,0.6349499999999999,0.770875,1.9382000000000001,1.371675,1.10285,1.0502250000000002,0.9291,1.818375,1.629725,0.9359,0.8143,1.0424000000000002,0.951675,1.52585,1.6814,1.1135000000000002,1.079425,1.373625,1.8026,1.4209999999999998,0.9154,0.56755,0.7035250000000001,1.6855,1.57815,1.118275,0.60185,1.3434249999999999,1.6535,1.3418999999999999,0.767775,0.5406500000000001,1.177275,1.218525,1.20055,0.9665,0.664075,0.994925,1.3549,1.084925,0.8857,0.739175,0.2646,1.256975,1.4523,1.150475,0.735375,0.5306,1.2610999999999999,1.216575,1.174825,0.26134999999999997,0.3252,1.238725,1.565325,1.1805999999999999,0.3479,0.482525,0.756625,1.402025,0.7152499999999999,0.2354,0.6578499999999999,0.776375,1.326975,0.98455,0.489325,0.2666,0.5957,0.6510750000000001,0.749,0.8072250000000001,0.16635,0.5796,0.87985,0.9398249999999999,0.6476,0.24465,0.446125,0.7657750000000001,1.19295,0.474925,0.201175,0.564025,1.09015,0.8550249999999999,0.3635,0.14884999999999998,0.15207500000000002,1.021925,0.6027,0.334,0.312625,0.346925,0.658375,0.85395,0.300375,-0.0269,0.27797499999999997,0.183675,0.5411250000000001,0.69075,0.132725,0.30100000000000005,0.34185,0.8509500000000001,0.5183,0.21207499999999999,-0.19770000000000001,0.17472500000000002,0.9567,0.5022,0.085525,0.1387,0.77095,0.811825,0.7084999999999999,0.0469,-0.13165000000000002,0.66965,0.495975,0.52085,0.21565,0.033075,0.21662499999999998,0.443225,0.270525,-0.053175,0.07375,-0.15315,0.5787,0.491025,0.32032499999999997,-0.1285,-0.06625,0.35005,0.351375,0.317375,-0.3429,-0.19105,0.5532,0.7146250000000001,0.2989,-0.09467500000000001,-0.06785000000000001,0.24535,0.69545,-0.03215,-0.2407,0.006475,0.227925,0.58475,0.308125,-0.2039,-0.4027,0.1787,0.035500000000000004,0.271275,0.128975,-0.2586,0.0434,0.19745,0.34347500000000003,-0.037474999999999994,-0.401475,-0.3649,0.024525,0.280575,-0.088325,-0.270525,0.087125,0.622525,0.167425,-0.0788,-0.378425,-0.3851,0.5571,0.01695,-0.12782500000000002,-0.105975,-0.043525,0.241425,0.248875,-0.238875,-0.431875,-0.15342499999999998,-0.234825,0.2853,0.098075,-0.29925,-0.067,0.012425,0.2782,0.0406,-0.28107499999999996,-0.6589,-0.123375,0.318775,-0.023525,-0.32365,-0.239625,0.27107499999999995,0.06864999999999999,0.036925,-0.613375,-0.44675,0.1555,0.0477,-0.07835,-0.285975,-0.421175,-0.34985,-0.030175,-0.324975,-0.49195,-0.340775,-0.4488,0.08795,-0.003425,-0.140575,-0.3376,-0.65595,-0.23397500000000002,-0.099675,-0.122675,-0.574225,-0.667575,-0.0286,0.36285,-0.401125,-0.53595,-0.36412500000000003,-0.25045,0.309525,-0.6764749999999999,-0.61825,-0.3209,-0.313375,-0.284925,-0.48095,-0.620375,-0.6166750000000001,-0.381225,-0.5305,-0.433375,-0.35085,-0.8558749999999999,-0.513575,-0.2746,-0.168875,-0.45337500000000003,-0.6734,-0.63955,-0.495575,-0.10600000000000001,-0.7423500000000001,-0.7395,-0.479675,-0.15919999999999998,-0.81535,-0.5268,-1.19715,-0.90665,-0.1731,-0.92235,-0.69085,-0.58345,-0.465225,-0.5399,-0.475,-0.729575,-0.981375,-0.343175,-0.8441000000000001,-0.513375,-0.724125,-0.6834250000000001,-0.985575,-0.55335,-0.218625,-0.488725,-0.705025,-1.1603750000000002,-0.801275,-0.12265000000000001,-0.765225,-0.843825,-0.5812999999999999,-0.347275,-1.1679,-0.26205,-1.268275,-0.764075,-0.8222,-1.518125,-0.166375,-0.745425,0.12890000000000001,-2.27485,-0.590075,-0.5283249999999999,-0.411425,-0.7576499999999999,-2.356325,0.0,0.0,0.0,0.0,0.0,0.0,0.0,0.0,0.0,0.0,0.0,0.0,0.0,0.0,0.0,0.0,0.0,0.0,0.0,0.0,0.0,0.0,0.0,0.0,0.0,0.0,0.0,0.0,0.0,0.0,0.0,0.0,0.0,0.0,0.0,0.0,0.0,0.0,0.0,0.0,0.0,0.0
0.0,0.0,0.0,0.0,0.0,0.0,0.0,0.0,0.0,0.0,0.0,0.0,0.0,0.0,0.0,0.0,0.0,0.0,0.0,0.0,0.0,0.0,0.0,0.0,0.0,0.0,0.0,0.0,0.0,0.0,0.0,0.0,0.0,0.0,0.0,0.0,0.0,0.0,0.0,0.0,0.0,0.0,0.0,1.932925,2.166425,1.4734,1.3232,0.977425,2.155525,1.6906249999999998,1.317275,0.7963749999999999,0.7218,1.9059,1.62195,1.314475,0.9540000000000001,1.272225,1.999875,1.61875,1.5624,0.9104,0.8956999999999999,1.220475,1.5168249999999999,1.490925,0.990025,1.0653000000000001,1.5641500000000002,1.79325,1.5437,0.9531499999999999,0.697225,0.528875,1.6764,1.331175,1.0618249999999998,0.8596,1.15425,1.5417,1.3657,0.7380249999999999,0.27097499999999997,1.15745,1.5038,1.3092249999999999,0.8649,0.48,0.9808,1.459,1.0898249999999998,0.5015000000000001,0.686925,0.60685,1.1877499999999999,1.3154249999999998,0.950375,0.8164750000000001,0.640575,1.3589,0.901675,1.012275,0.50755,0.26515,1.19405,1.4362,1.0589,0.402,0.722,1.026,1.361,0.686125,-0.0088,0.5825750000000001,0.917375,1.405675,0.946725,0.29585,0.38885000000000003,0.84905,0.80855,0.444125,0.5103,0.4165,0.841275,0.9561499999999999,0.9916499999999999,0.534625,0.24075000000000002,0.5481750000000001,0.8083250000000001,0.975275,0.42775,0.2036,0.733375,1.31285,0.937975,0.39815,0.09215,0.17467500000000002,1.21345,0.782025,0.28952500000000003,0.240575,0.411025,1.114125,0.85835,0.316375,-0.179825,0.3603,0.4839,0.55465,0.5341,0.21475,0.291275,0.534375,0.964625,0.155525,0.18775,-0.070575,0.10965,0.962,0.558125,0.18255,0.13895000000000002,0.50885,0.73725,0.7768999999999999,-0.031174999999999998,-0.215375,0.610725,0.73185,0.64135,0.138525,0.115525,0.3827,0.53935,0.07565,-0.22949999999999998,0.1184,0.19865,0.474225,0.3902,0.210475,0.087675,0.0471,0.487275,0.23504999999999998,0.28105,-0.268675,-0.31225,0.55825,0.7479,0.191675,-0.102075,0.058525,0.16092499999999998,0.7193,-0.00185,-0.33245,0.22799999999999998,0.44035,0.6151,0.11615,-0.18777500000000003,-0.101925,0.33285,0.10725,-0.2159,-0.0073,-0.06775,0.4003,0.391525,0.36895,-0.0609,-0.19615,0.03775,-0.013000000000000001,0.290125,-0.1207,-0.294,0.13755,0.6584,0.123,-0.136325,-0.3272,-0.330625,0.75655,0.20585,-0.046675,-0.12412500000000001,-0.014275,0.4785,0.10350000000000001,-0.320825,-0.588175,0.007875,0.0687,0.083875,-0.105875,-0.30145,-0.10785,-0.1588,0.21137499999999998,-0.21662499999999998,-0.24845,-0.46385,-0.191525,0.43127499999999996,0.1727,-0.352325,-0.424275,0.044225,-0.09125,-0.054075,-0.542,-0.6393,0.26165,0.175525,0.008375,-0.288625,-0.359175,-0.2127,-0.11665,-0.469075,-0.7741750000000001,-0.3092,-0.17335,-0.033525,-0.203925,-0.208325,-0.3135,-0.5168,0.0542,-0.352675,-0.250475,-0.49777499999999997,-0.633675,0.010624999999999999,0.09315,-0.32277500000000003,-0.64485,-0.2604,-0.32045,0.097825,-0.4091,-0.7473500000000001,-0.26465,-0.0937,0.10775,-0.4491,-0.50365,-0.482175,-0.3338,-0.4581,-0.8834,-0.541675,-0.3583,-0.16015,-0.328375,-0.348625,-0.624475,-0.785425,-0.579375,-0.4326,-0.220975,-0.46952499999999997,-0.571725,-0.267975,0.008725,-0.44284999999999997,-0.7725500000000001,-0.9125749999999999,-0.870025,0.006075,-0.6068,-0.70365,-0.620325,-0.60965,-0.404675,-0.5191,-1.003575,-1.2827,-0.58435,-0.53015,-0.5901,-0.525925,-0.7798999999999999,-1.1419000000000001,-0.69755,-0.318525,-0.91755,-0.404725,-1.054725,-0.9332499999999999,-0.07375000000000001,-0.441575,-0.453675,-1.02335,-0.6847,-0.6795,-0.6667000000000001,-1.000425,-0.68845,-0.31284999999999996,-0.82575,-0.539525,-1.36995,-0.594375,-1.816775,-0.449,-0.4286,-1.013375,-0.24757500000000002,-1.405525,-0.0474,-1.079575,0.0,0.0,0.0,0.0,0.0,0.0,0.0,0.0,0.0,0.0,0.0,0.0,0.0,0.0,0.0,0.0,0.0,0.0,0.0,0.0,0.0,0.0,0.0,0.0,0.0,0.0,0.0,0.0,0.0,0.0,0.0,0.0,0.0,0.0,0.0,0.0,0.0,0.0,0.0,0.0,0.0,0.0,0.0
0.0,0.0,0.0,0.0,0.0,0.0,0.0,0.0,0.0,0.0,0.0,0.0,0.0,0.0,0.0,0.0,0.0,0.0,0.0,0.0,0.0,0.0,0.0,0.0,0.0,0.0,0.0,0.0,0.0,0.0,0.0,0.0,0.0,0.0,0.0,0.0,0.0,0.0,0.0,0.0,0.0,0.0,0.0,1.4823,1.765075,1.209625,2.8196000000000003,0.8848,0.6314249999999999,1.089725,2.623625,2.403575,0.4324,1.439225,1.042675,2.09745,1.707775,1.526375,0.8145,0.9548,1.455,1.58975,1.325725,0.8110999999999999,1.052575,1.361625,1.99735,1.16875,0.901575,1.201675,1.1018249999999998,1.957425,1.3195999999999999,0.806225,0.9390000000000001,1.2823,1.43955,1.405125,0.7516750000000001,0.2978,1.183875,1.782775,1.17025,0.77005,0.722375,1.497425,1.3067,1.32195,0.514175,0.5906750000000001,1.037525,1.3087499999999999,1.3006499999999999,0.8486250000000001,0.736575,1.0173,1.53505,0.92025,0.75505,0.543425,0.586575,1.446925,1.504225,0.95565,0.5669,0.70225,1.038325,1.3987,0.9136,0.09862499999999999,0.612725,1.088,1.383025,0.747525,0.170325,0.47295,0.9629,1.253125,0.458575,0.424375,0.453075,0.958575,0.9764999999999999,0.8174,0.39805,0.37115,0.9634499999999999,0.715025,1.00925,0.586775,0.269825,0.80105,1.00205,0.9258,0.5314749999999999,0.27302499999999996,0.233575,1.040325,0.7610250000000001,0.152925,0.240875,0.44055,1.1883249999999999,0.7642500000000001,0.25134999999999996,-0.22692500000000002,0.3795,0.9375249999999999,0.413,0.38297499999999995,0.305,0.549625,0.721275,0.86615,0.203825,0.07880000000000001,0.41617499999999996,0.241525,0.9887,0.641475,0.17304999999999998,0.19905,0.645325,0.6348750000000001,0.48807500000000004,-0.018299999999999997,-0.16269999999999998,0.728575,0.954925,0.566675,0.13185,0.095225,0.729275,0.8251,0.378225,-0.38525,-0.058124999999999996,0.5326,0.60795,0.3439,0.0633,0.0045249999999999995,0.20885,0.72125,0.00325,0.043524999999999994,-0.031325,-0.122925,0.676625,0.68585,0.137575,-0.08495,0.07325000000000001,0.245225,0.7114,0.1214,-0.430475,0.053875,0.5408499999999999,0.738675,0.08522500000000001,-0.149,-0.055275000000000005,0.278375,0.6025499999999999,-0.20327499999999998,-0.07037500000000001,-0.041175,0.347875,0.274875,0.157425,-0.085475,-0.15355,0.301425,0.04755,0.314875,-0.028124999999999997,-0.265175,0.15812500000000002,0.268825,0.14252499999999999,-0.244875,-0.20535,-0.388975,0.428025,0.1096,-0.17917499999999997,-0.21665,0.15695,0.6301,0.032174999999999995,-0.31625,-0.51655,-0.04425,0.308075,-0.074475,-0.1212,-0.164,0.090225,-0.01735,0.187975,-0.426675,-0.330625,-0.0989,-0.17535,0.3132,0.1345,-0.2745,-0.148575,0.244075,0.006425,-0.199325,-0.396375,-0.7171500000000001,0.227625,0.138275,0.066425,-0.560175,-0.23815,0.21105000000000002,-0.0439,-0.137625,-0.7731750000000001,-0.4379,-0.013425,0.05495,-0.233875,-0.38415,-0.332125,-0.277575,0.07855000000000001,-0.515375,-0.26480000000000004,-0.377525,-0.44535,-0.031675,0.0126,-0.489925,-0.59075,-0.611175,-0.177475,-0.05665,-0.276475,-0.899025,-0.352275,0.155125,0.293375,-0.41064999999999996,-0.592175,-0.570525,-0.240275,-0.477175,-0.776675,-0.653125,-0.478425,-0.09115000000000001,-0.47747500000000004,-0.326025,-0.6533249999999999,-0.454075,-0.3018,-0.620625,-0.27325,-0.47902500000000003,-0.514375,-0.27799999999999997,-0.1804,-0.678925,-0.55505,-0.6905749999999999,-0.7436499999999999,-0.17654999999999998,-0.7357,-1.017725,-0.864375,-0.5779000000000001,-0.322525,-0.517725,-0.8215749999999999,-0.813325,-0.741675,-0.021575,-0.73815,-0.999925,-0.25255,-0.20465,-0.62705,-0.33362499999999995,-1.0323,-0.5884,-0.512725,-0.8829,-0.242475,-0.651125,-0.807175,-0.8703,-0.59435,-0.887575,-0.415775,-0.892475,-1.198875,-0.81635,-0.4841,-0.65895,-1.278925,-1.2384,-0.18215,-0.805825,-0.392725,-1.5736750000000002,-0.291825,-0.082425,-0.19605,-0.937675,-0.754025,-0.734,-1.10745,0.0,0.0,0.0,0.0,0.0,0.0,0.0,0.0,0.0,0.0,0.0,0.0,0.0,0.0,0.0,0.0,0.0,0.0,0.0,0.0,0.0,0.0,0.0,0.0,0.0,0.0,0.0,0.0,0.0,0.0,0.0,0.0,0.0,0.0,0.0,0.0,0.0,0.0,0.0,0.0,0.0,0.0,0.0
0.0,0.0,0.0,0.0,0.0,0.0,0.0,0.0,0.0,0.0,0.0,0.0,0.0,0.0,0.0,0.0,0.0,0.0,0.0,0.0,0.0,0.0,0.0,0.0,0.0,0.0,0.0,0.0,0.0,0.0,0.0,0.0,0.0,0.0,0.0,0.0,0.0,0.0,0.0,0.0,0.0,0.0,0.0,0.0,1.576175,0.9982,1.868,1.6199249999999998,2.006575,1.2996750000000001,0.62185,1.2308,2.165975,1.46085,1.95675,0.7052499999999999,1.056,1.502825,1.6481,1.2350750000000001,0.9076,1.142525,1.867525,1.974,1.197525,0.9189,1.30655,1.3239,1.84565,0.977375,1.128075,1.1507749999999999,1.44395,1.71585,1.165775,0.9712999999999999,0.340025,1.116425,1.845675,1.438275,0.85635,0.749825,1.335475,1.50095,1.268225,0.46625,0.54635,1.2430249999999998,1.32995,1.316225,0.6722,0.716475,1.20065,1.449925,0.8275250000000001,0.49745,0.8850750000000001,0.9498500000000001,1.4211,1.1558,0.71705,0.63935,0.7007,1.1443500000000002,1.08805,0.7397,0.33615,0.599325,1.24035,1.419125,0.838225,0.356275,0.6160749999999999,0.9216,1.1023,0.38222500000000004,0.182125,0.7201500000000001,1.27195,1.2628,0.7075250000000001,0.2218,0.360475,1.2275,0.72755,0.5455,0.6031,0.502025,1.20175,1.082975,0.793325,0.40105,0.345475,0.30565,0.88225,0.7613,0.189625,0.176375,0.6578999999999999,1.2935500000000002,0.6366499999999999,0.27907499999999996,-0.06375,0.34475,1.2184249999999999,0.7359,0.2707,0.198425,0.61805,0.9686,0.689775,0.0386,-0.07677500000000001,0.43167500000000003,0.439525,0.780425,0.255425,0.2067,0.300675,0.482825,0.629575,0.239525,0.304825,-0.19977499999999998,0.460975,0.730275,0.534225,0.178,0.21952500000000003,0.7650750000000001,0.737,0.44235,-0.2757,-0.0563,0.6634249999999999,0.796625,0.33465,-0.0046,0.1491,0.401525,0.6623,-0.164075,-0.1829,0.2144,0.1333,0.829825,0.3863,0.12869999999999998,-0.024575,0.16747499999999998,0.15557500000000002,0.37955,0.19755,-0.205375,0.18855,0.475125,0.5128250000000001,-0.0036,-0.231725,-0.03105,0.30825,0.700825,-0.222875,-0.20905,0.267075,0.6125,0.369875,0.03295,-0.380325,-0.13445000000000001,0.595125,0.039975000000000004,0.1019,-0.018600000000000002,0.043425,0.46209999999999996,0.31465,-0.015975,-0.314425,-0.139125,-0.13927499999999998,0.20402499999999998,0.189625,-0.239675,-0.406575,0.13337500000000002,0.7237250000000001,-0.048275,-0.12365,-0.46905,-0.17105,0.632125,-0.0311,-0.331925,-0.2909,0.186225,0.128075,0.177675,-0.3831,-0.38575000000000004,0.118625,-0.08132500000000001,0.18675,-0.060875,-0.213425,-0.018175,0.08789999999999999,0.042725,-0.15075,-0.239225,-0.476875,-0.0237,0.1152,0.038875,-0.365075,-0.44565,0.067275,-0.141175,-0.021775000000000003,-0.727575,-0.46455,0.19805,0.05595,-0.381175,-0.451975,-0.39537500000000003,-0.17830000000000001,0.1765,-0.6424,-0.2904,-0.2592,-0.306725,0.038024999999999996,-0.2505,-0.367675,-0.6505,-0.1919,-0.403575,-0.1075,-0.30417500000000003,-0.52605,-0.47735,0.0862,0.126675,-0.527775,-0.7219500000000001,-0.36424999999999996,-0.311775,0.224925,-0.64255,-0.5295749999999999,-0.142625,0.12002499999999999,-0.300475,-0.730525,-0.842225,-0.580975,-0.17777500000000002,-0.584175,-0.294675,-0.5143249999999999,-0.52335,-0.17585,-0.2226,-0.36735,-0.770125,-0.55375,-0.5054749999999999,-0.21747499999999997,-0.64025,-0.8561749999999999,-0.872025,-0.221175,-0.20500000000000002,-0.72815,-0.7092750000000001,-1.055325,-0.926725,-0.051525,-0.68015,-0.6785749999999999,-0.778975,-0.5212000000000001,-0.487625,-0.298,-0.93425,-0.840025,-0.6472,-0.4969,-0.202175,-0.779875,-0.464825,-0.5154000000000001,-0.47505000000000003,-0.554475,-1.05765,-0.6078749999999999,-0.85945,-0.52135,-0.23825000000000002,-0.378575,-1.194525,-1.007175,-0.65225,-0.44835,-0.4638,-0.8444,-1.3298999999999999,-0.364975,0.7247250000000001,-0.7418750000000001,0.52745,-0.43485,-0.545225,-0.830025,-0.869075,0.0,0.0,0.0,0.0,0.0,0.0,0.0,0.0,0.0,0.0,0.0,0.0,0.0,0.0,0.0,0.0,0.0,0.0,0.0,0.0,0.0,0.0,0.0,0.0,0.0,0.0,0.0,0.0,0.0,0.0,0.0,0.0,0.0,0.0,0.0,0.0,0.0,0.0,0.0,0.0,0.0,0.0,0.0,0.0
0.0,0.0,0.0,0.0,0.0,0.0,0.0,0.0,0.0,0.0,0.0,0.0,0.0,0.0,0.0,0.0,0.0,0.0,0.0,0.0,0.0,0.0,0.0,0.0,0.0,0.0,0.0,0.0,0.0,0.0,0.0,0.0,0.0,0.0,0.0,0.0,0.0,0.0,0.0,0.0,0.0,0.0,0.0,0.0,1.63615,2.283225,2.390575,0.88655,1.7386249999999999,1.8215999999999999,1.352675,1.56165,0.964025,0.9549,2.49335,1.2624,1.3531499999999999,1.417875,1.62445,2.022775,1.980525,1.16425,0.6498999999999999,1.245575,1.28475,1.54515,0.9387749999999999,1.00065,1.3382,1.6398,1.896,1.18335,0.9754,0.8652,1.202675,1.798525,1.296525,0.82855,1.151875,1.522125,1.502225,1.1739000000000002,0.484025,0.39392499999999997,1.7187999999999999,1.695625,1.36905,0.6541250000000001,0.6035250000000001,1.282225,1.7017250000000002,0.677,0.337,0.869575,0.9913,1.563675,1.019825,0.7136,0.77865,0.783725,1.47665,0.8430500000000001,0.8491,0.350225,0.7865500000000001,1.423575,1.327175,0.8204,0.46237500000000004,0.724725,0.9292,1.33555,0.44285,0.220725,0.56915,1.086025,1.2756500000000002,0.7121999999999999,0.358175,0.403575,1.275875,0.748,0.36165,0.440975,0.607825,1.18,1.01565,0.7261249999999999,0.326575,0.40505,0.772475,0.667525,0.794075,0.385525,0.366525,0.749625,1.201675,0.642275,0.40725,0.15610000000000002,0.1921,1.2183249999999999,0.4684,0.11935000000000001,0.195225,0.687525,1.086975,0.619075,0.126225,-0.1302,0.775825,0.715625,0.44165,0.21425,0.134025,0.6091249999999999,0.5102500000000001,0.593175,-0.014974999999999999,0.318025,0.302525,0.593125,0.787825,0.45682500000000004,0.185225,0.15034999999999998,0.753075,0.5864750000000001,0.448975,-0.13005,-0.02395,0.95995,0.845175,0.4493,0.04715,0.048600000000000004,0.508925,0.6476,-0.0070750000000000006,-0.27105,0.126925,0.459825,0.7585,0.13355,-0.11875,-0.0726,0.22255,0.42125,-0.0397,0.143075,-0.058475,0.145125,0.7624,0.74365,0.042125,-0.063625,-0.029474999999999998,0.2018,0.5534250000000001,-0.13572499999999998,-0.37985,0.205875,0.5935,0.4676,-0.15237499999999998,-0.1503,-0.1214,0.5470999999999999,0.011224999999999999,-0.171575,-0.11407500000000001,0.075075,0.5552999999999999,0.29305,0.16865000000000002,-0.29405,-0.033375,0.089875,0.0058249999999999994,0.07325000000000001,-0.157175,-0.20715,0.04815,0.370275,-0.04425,-0.04455,-0.315475,-0.023375,0.73425,-0.078525,-0.22855,-0.188375,0.355725,0.251775,-0.023725000000000003,-0.5458500000000001,-0.532625,0.283675,0.07735,0.057025000000000006,-0.22494999999999998,-0.019575000000000002,0.24485,0.1356,-0.223725,-0.58125,-0.194275,-0.188925,0.1253,0.208825,-0.06432500000000001,-0.233425,-0.256475,0.27595,-0.26925,-0.218275,-0.667725,-0.504825,0.4067,0.142775,-0.104325,-0.45280000000000004,-0.37475,-0.10350000000000001,0.07112500000000001,-0.551125,-0.5958,-0.328525,0.168425,0.14327499999999999,-0.452175,-0.34755,-0.41085,-0.25735,-0.15985,-0.5657000000000001,-0.258275,-0.494075,-0.23355,-0.2808,0.0716,-0.418975,-0.423675,-0.444275,-0.284775,0.0502,-0.6309250000000001,-0.695875,-0.099375,0.05955,-0.08595,-0.447525,-0.627625,-0.592325,-0.09755,-0.585225,-0.81965,-0.7159,-0.48295,-0.392975,-0.465775,-0.5134500000000001,-0.65045,-0.444025,-0.633175,-0.41207499999999997,-0.302875,-0.5389,-0.76705,-0.4169,-0.19025,-0.69745,-0.566825,-1.0958,-0.761175,-0.241975,-0.6658,-0.9585250000000001,-1.103925,-0.3936,-0.6454,-0.3538,-1.069975,-0.9445,-0.0855,-0.36819999999999997,-0.7397,-0.961025,-0.6784,-0.46099999999999997,-0.4043,-0.760425,-0.96755,-0.609575,-0.96245,-0.598625,-0.1255,-0.614825,-0.54905,-0.76155,-0.671725,-0.83775,-0.544875,-0.8189,-1.137,-0.8775000000000001,-0.232675,-0.44730000000000003,-0.856775,-0.74355,-0.703825,-0.170825,-0.16065000000000002,-0.4573,-0.1145,-0.03435,0.0,0.0,0.0,0.0,0.0,0.0,0.0,0.0,0.0,0.0,0.0,0.0,0.0,0.0,0.0,0.0,0.0,0.0,0.0,0.0,0.0,0.0,0.0,0.0,0.0,0.0,0.0,0.0,0.0,0.0,0.0,0.0,0.0,0.0,0.0,0.0,0.0,0.0,0.0,0.0,0.0,0.0,0.0,0.0
0.0,0.0,0.0,0.0,0.0,0.0,0.0,0.0,0.0,0.0,0.0,0.0,0.0,0.0,0.0,0.0,0.0,0.0,0.0,0.0,0.0,0.0,0.0,0.0,0.0,0.0,0.0,0.0,0.0,0.0,0.0,0.0,0.0,0.0,0.0,0.0,0.0,0.0,0.0,0.0,0.0,0.0,0.0,0.0,0.0,2.311475,1.9858500000000001,1.7357,0.229175,1.618,1.846825,1.8483,2.148025,1.3744,1.584,1.488175,2.1669,1.53915,1.1699,0.576325,1.550475,1.89145,1.4343,1.054925,0.5464,1.6045,1.777925,1.6738,0.936075,0.7427250000000001,1.344825,1.294125,1.9387249999999998,1.244625,0.841075,1.0963,1.33625,1.3664,1.242725,0.732175,0.33494999999999997,1.381,1.399075,1.38825,0.6083000000000001,0.957275,1.3401,1.527625,0.939925,0.021725,0.7700250000000001,1.219875,1.6851,0.9633499999999999,0.747275,0.71845,1.0484,1.70625,0.7004999999999999,0.7405499999999999,0.666675,1.032325,1.435,1.1045,0.738475,0.6077,0.9978250000000001,0.898825,1.1807249999999998,0.5684750000000001,0.209725,0.954125,1.3225,1.17025,0.573275,0.19635000000000002,0.46954999999999997,1.075,1.007225,0.297325,0.38945,0.8225250000000001,1.388925,1.045875,0.5364,0.043125,0.571175,1.1931,0.646325,0.8051,0.3418,0.552675,1.086925,1.0669,0.501275,0.2175,0.27935,0.45692499999999997,1.29405,0.601675,0.189575,0.238,0.59705,1.2412750000000001,0.6923,0.110475,-0.23602499999999998,0.62695,0.975525,0.67675,0.191075,0.30535,0.649775,0.7543,0.48135,-0.07085,0.0412,0.3882,0.433475,0.66875,0.38297499999999995,0.3502,0.44545,0.7111500000000001,0.3135,0.327575,0.10245,-0.012075,0.8002,0.6025,0.467175,0.026375000000000003,0.242975,0.478575,0.656425,0.16097499999999998,-0.3649,0.19055,0.7339249999999999,0.868125,0.18225,0.060450000000000004,0.020175000000000002,0.32594999999999996,0.5676,-0.241625,0.057175000000000004,0.040275,0.35555000000000003,0.61265,0.353425,0.046200000000000005,0.0854,0.3998,0.19935,0.54355,-0.21015,-0.18725,0.23804999999999998,0.471675,0.367625,-0.131725,-0.161675,-0.179025,0.417075,0.363575,-0.2345,-0.17677500000000002,0.3603,0.777325,0.16502499999999998,-0.106,-0.4042,0.0815,0.5771999999999999,0.025425,0.0959,-0.019275,0.06422499999999999,0.26890000000000003,0.238275,-0.30565000000000003,-0.247075,-0.29055,-0.0725,0.655625,-0.003975,-0.222675,-0.33882500000000004,0.182625,0.4488,0.008975,-0.32155,-0.646025,0.115875,0.25325,0.0746,-0.3525,-0.147975,0.17955,0.175875,0.0157,-0.647,-0.299025,-0.0138,0.0529,-0.016925000000000003,-0.011325,-0.3089,-0.14315,0.30882499999999996,-0.20552499999999999,-0.02055,-0.34575,-0.4279,0.10345,-0.099925,-0.141875,-0.59035,-0.2979,-0.154975,0.057075,-0.40490000000000004,-0.831475,-0.26025,0.20775,0.180025,-0.45994999999999997,-0.388975,-0.32682500000000003,-0.055675,0.030725000000000002,-0.6557000000000001,-0.38249999999999995,-0.23872500000000002,-0.09767500000000001,-0.182175,-0.158825,-0.4045,-0.544325,-0.093,-0.260675,0.020675,-0.6401,-0.481825,-0.028225,0.1835,-0.20315,-0.5601750000000001,-0.6185,-0.26775,-0.195375,-0.40647500000000003,-0.826725,-0.637775,-0.1727,0.034350000000000006,-0.53325,-0.605,-0.8089999999999999,-0.337675,-0.06185,-0.719375,-0.32195,-0.5771000000000001,-0.468025,-0.4349,-0.28952500000000003,-0.6549,-0.764975,-0.79115,-0.905125,-0.044149999999999995,-0.665125,-0.727275,-0.845025,-0.836375,-0.3438,-0.6123000000000001,-0.706725,-1.13465,-0.447625,-0.43510000000000004,-0.589025,-0.7088,-0.243475,-0.569225,-0.911475,-0.57735,-0.949125,-0.83005,-0.3,-0.81715,-0.235475,-0.59915,-0.928975,-1.0658,-0.33795000000000003,-0.901175,-0.39994999999999997,-0.79925,-1.06395,-0.187975,-0.5637,-0.2225,-0.963925,-1.1637499999999998,-1.0685,-0.114475,-0.86375,-1.45675,-1.8038750000000001,0.154525,-1.155575,-1.550675,0.0,0.0,0.0,0.0,0.0,0.0,0.0,0.0,0.0,0.0,0.0,0.0,0.0,0.0,0.0,0.0,0.0,0.0,0.0,0.0,0.0,0.0,0.0,0.0,0.0,0.0,0.0,0.0,0.0,0.0,0.0,0.0,0.0,0.0,0.0,0.0,0.0,0.0,0.0,0.0,0.0,0.0,0.0,0.0,0.0
0.0,0.0,0.0,0.0,0.0,0.0,0.0,0.0,0.0,0.0,0.0,0.0,0.0,0.0,0.0,0.0,0.0,0.0,0.0,0.0,0.0,0.0,0.0,0.0,0.0,0.0,0.0,0.0,0.0,0.0,0.0,0.0,0.0,0.0,0.0,0.0,0.0,0.0,0.0,0.0,0.0,0.0,0.0,0.0,0.0,1.926225,1.265525,1.8481,2.201375,1.85215,1.1367500000000001,1.3267250000000002,1.5051750000000002,2.40545,1.33605,1.2846,0.064175,1.715325,1.745125,1.287,0.875875,0.979125,1.470475,2.087825,1.721125,0.651725,0.665225,1.5485250000000002,1.6325500000000002,1.60025,0.8412499999999999,1.139225,1.5877,1.51465,1.495225,0.925175,0.796825,0.86335,1.432975,1.57085,1.2729,0.75775,0.912525,1.637375,1.363225,0.7859,0.16620000000000001,0.585375,1.606375,1.6824,1.052275,0.559675,0.711525,1.3473,1.6606999999999998,0.434825,0.4027,0.896725,1.277825,1.572775,0.98875,0.642425,0.4211,1.17,0.77445,0.880375,0.65265,0.45625000000000004,0.980375,1.1920250000000001,1.139,0.525875,0.5346,0.5441499999999999,1.107475,1.073725,0.297525,0.34704999999999997,0.7311,1.43905,1.021325,0.5198,0.15494999999999998,0.5146499999999999,1.42375,0.617325,0.4615,0.412925,0.7696999999999999,1.287925,1.04095,0.34292500000000004,0.2744,0.47895,0.56575,0.828275,0.6336499999999999,0.40095,0.506075,0.761175,1.0842999999999998,0.399275,0.217775,-0.055625,0.662075,1.1246,0.6789,0.21607500000000002,0.3444,0.880625,0.8889750000000001,0.570775,-0.047674999999999995,0.044875,0.82145,0.682975,0.6197999999999999,0.156,0.1148,0.664425,0.8559,0.371525,0.052275,0.2122,0.29785,0.824025,0.649625,0.27965,0.005275,0.34140000000000004,0.7419,0.475525,0.2243,-0.3432,0.199525,0.90155,0.91185,0.31037499999999996,-0.097,0.23635,0.5574250000000001,0.64535,-0.220675,-0.12254999999999999,0.226525,0.48005000000000003,0.699675,0.254475,-0.0408,-0.118975,0.43762500000000004,0.205875,0.275625,0.16475,-0.004824999999999999,0.34875,0.426825,0.37760000000000005,-0.17422500000000002,-0.1023,-0.1268,0.2708,0.448075,-0.213475,-0.17070000000000002,0.40545,0.85665,0.150475,-0.182425,-0.40945,0.0452,0.61125,-0.0731,0.030175,0.02735,0.27499999999999997,0.492875,0.18764999999999998,-0.23735,-0.282925,0.097875,-0.266325,0.20892500000000003,-0.048425,0.029925,-0.080675,0.271275,0.3187,-0.26095,-0.172825,-0.42972499999999997,0.14765,0.4679,0.0002,-0.31075,-0.12417500000000001,0.280225,0.069,-0.08207500000000001,-0.6932499999999999,-0.261875,0.430625,-0.033049999999999996,-0.05165,-0.4659,-0.21430000000000002,0.02665,0.22765000000000002,-0.425675,-0.377275,-0.206275,-0.112375,0.250525,-0.043875,-0.075475,-0.49934999999999996,-0.247175,0.019825000000000002,-0.083925,-0.2803,-0.76195,-0.3706,0.323725,0.25212500000000004,-0.34397500000000003,-0.55565,-0.35497500000000004,0.073525,0.096925,-0.694875,-0.409125,-0.31422500000000003,-0.084625,-0.070675,-0.355275,-0.51325,-0.43935,-0.102625,-0.3987,-0.1248,-0.451975,-0.39807499999999996,-0.1139,-0.087975,-0.1215,-0.662875,-0.4587,-0.6118250000000001,-0.0175,0.0133,-0.60355,-0.584025,-0.13435,-0.199275,-0.540575,-0.8846,-0.932525,-0.49820000000000003,0.0619,-0.43862500000000004,-0.57175,-0.4552,-0.36225,-0.293425,-0.41874999999999996,-0.788375,-0.6496500000000001,-0.5119,-0.52035,-0.58165,-0.47202500000000003,-0.262225,-0.64095,-0.755625,-0.97445,-0.841575,-0.925325,-1.139225,-0.7245,-0.263575,-0.41822499999999996,-1.1292,-0.48775,-0.386925,-0.871875,-0.548325,-1.0276750000000001,-0.55025,-0.3154,-0.46392500000000003,-0.32755,-0.851525,-0.55545,-0.5906750000000001,-0.730425,-0.9939250000000001,-0.9109,-0.714525,-1.13045,-0.446775,-0.2097,-0.698475,-1.192675,-0.11475,-0.2738,-0.7205,-0.384375,-1.69715,-0.5803,-1.22465,-0.79545,-0.95965,-1.139975,-2.129275,-1.6533250000000002,0.0,0.0,0.0,0.0,0.0,0.0,0.0,0.0,0.0,0.0,0.0,0.0,0.0,0.0,0.0,0.0,0.0,0.0,0.0,0.0,0.0,0.0,0.0,0.0,0.0,0.0,0.0,0.0,0.0,0.0,0.0,0.0,0.0,0.0,0.0,0.0,0.0,0.0,0.0,0.0,0.0,0.0,0.0,0.0,0.0
0.0,0.0,0.0,0.0,0.0,0.0,0.0,0.0,0.0,0.0,0.0,0.0,0.0,0.0,0.0,0.0,0.0,0.0,0.0,0.0,0.0,0.0,0.0,0.0,0.0,0.0,0.0,0.0,0.0,0.0,0.0,0.0,0.0,0.0,0.0,0.0,0.0,0.0,0.0,0.0,0.0,0.0,0.0,0.0,0.0,0.0,1.7664499999999999,1.117475,1.906525,2.107925,2.4080250000000003,1.55715,1.58915,1.2872,1.048825,2.10745,1.6139000000000001,0.80745,1.0397750000000001,1.8511,2.476075,1.3125499999999999,0.693675,0.484325,1.6373,1.98205,1.68395,1.03595,1.009075,1.5682,1.718675,1.258375,0.713175,0.840625,1.0628250000000001,1.54215,1.166975,1.431,0.86005,1.1951,1.58545,1.272025,1.241225,0.4219,0.6892,1.5893,1.6235249999999999,1.194,0.699675,0.82765,1.2245,1.49805,0.68845,0.09455,0.9658,1.12995,1.5468,0.7668,0.525525,0.755525,1.346375,0.9727750000000001,0.556775,0.62155,0.72575,1.38525,1.460825,1.0374,0.35485,0.5334249999999999,0.836125,0.88205,1.1418,0.34175,0.526575,0.927775,1.243125,1.06765,0.38382499999999997,0.1834,0.7075499999999999,1.4615,0.7339,0.34562499999999996,0.27202499999999996,0.92565,1.4894,1.012075,0.350525,0.195675,0.876875,0.9841500000000001,0.777225,0.49765000000000004,0.396125,0.657675,0.823725,0.922675,0.17415,0.30085,0.14679999999999999,0.55125,1.1689,0.486275,0.272825,0.322825,0.66575,0.762525,0.5846250000000001,-0.113075,-0.034575,0.921875,0.7375,0.426575,-0.112125,0.311825,0.650825,0.754225,0.157925,-0.064,0.26585,0.4121,0.86975,0.534925,0.4348,0.216925,0.431775,0.5988,0.109925,0.355325,-0.1756,0.0827,0.833125,0.7208749999999999,0.23725000000000002,-0.075,0.307325,0.388725,0.626325,-0.1293,-0.09995,0.326775,0.5812,0.64985,0.0082,-0.072275,-0.007675,0.526,0.235175,-0.11155000000000001,0.018224999999999998,0.253425,0.671825,0.4547,0.35895,-0.19269999999999998,0.01635,0.205675,0.278225,0.44572500000000004,-0.23052499999999998,-0.190675,0.36795,0.730125,0.22285,-0.060524999999999995,-0.24864999999999998,0.062925,0.76815,-0.09575,-0.29475,-0.21775,0.310825,0.698575,0.17005,-0.123725,-0.420475,0.26442499999999997,0.226175,-0.032575,-0.15525,-0.09515000000000001,-0.002675,0.20747500000000002,0.35775,-0.2792,-0.0132,-0.318525,-0.09745000000000001,0.496,-0.051675,-0.2387,-0.170925,0.2416,0.083375,0.03895,-0.63175,-0.43670000000000003,0.2448,0.11635,-0.0027,-0.44045,-0.13895,0.00017500000000000003,0.192125,-0.442375,-0.49475,0.018175,0.06345,0.242125,-0.193425,-0.000325,-0.2006,0.071625,0.1523,-0.5099,-0.0944,-0.417675,-0.2135,0.151325,-0.06595000000000001,-0.344925,-0.510475,-0.23672500000000002,-0.169775,0.22652499999999998,-0.644425,-0.47345,-0.106375,0.046175,-0.00785,-0.60655,-0.593975,-0.386525,-0.008775,-0.50075,-0.6281749999999999,-0.3067,-0.049,0.105125,-0.078375,-0.2059,-0.6462,-0.39332500000000004,-0.29575,-0.3733,-0.07105,-0.5702499999999999,-0.600475,-0.0988,0.014249999999999999,-0.467825,-0.661175,-0.72105,-0.6239,0.080975,-0.5382750000000001,-0.5407,-0.6447750000000001,-0.094725,0.07529999999999999,-0.5792999999999999,-0.6676249999999999,-0.884225,-0.2628,-0.6177250000000001,-0.739625,-0.6626749999999999,-0.25795,-0.803,-0.586625,-0.43474999999999997,-0.901475,-0.5822499999999999,-0.5529999999999999,-0.411525,-0.40295,-0.21842499999999998,-0.658425,-0.50075,-0.69695,-0.6713,-0.292425,-1.299925,-0.546,-0.419025,-0.11035,-0.503575,-0.9578249999999999,-0.61465,-0.7193750000000001,-0.2981,-0.58935,-1.234775,-0.95165,-0.75385,-0.32220000000000004,-0.451725,-0.8026,-1.071825,-1.296775,-0.685825,-0.5057,-0.0665,-0.825325,-0.524375,-0.364075,-0.5756,-0.9476,-0.516575,-0.516575,0.181725,-0.057325,-0.220575,0.0,0.0,0.0,0.0,0.0,0.0,0.0,0.0,0.0,0.0,0.0,0.0,0.0,0.0,0.0,0.0,0.0,0.0,0.0,0.0,0.0,0.0,0.0,0.0,0.0,0.0,0.0,0.0,0.0,0.0,0.0,0.0,0.0,0.0,0.0,0.0,0.0,0.0,0.0,0.0,0.0,0.0,0.0,0.0,0.0,0.0
0.0,0.0,0.0,0.0,0.0,0.0,0.0,0.0,0.0,0.0,0.0,0.0,0.0,0.0,0.0,0.0,0.0,0.0,0.0,0.0,0.0,0.0,0.0,0.0,0.0,0.0,0.0,0.0,0.0,0.0,0.0,0.0,0.0,0.0,0.0,0.0,0.0,0.0,0.0,0.0,0.0,0.0,0.0,0.0,0.0,0.0,0.0,2.106525,1.504425,1.1321249999999998,1.4551500000000002,1.669325,2.272,1.590625,1.602325,1.1549,1.8347,2.153575,1.378575,1.0109,0.3828,1.2181,2.29975,1.3200500000000002,1.4790750000000001,1.355875,1.6812749999999999,2.050375,1.6131,0.361475,1.09665,1.704,1.6494,1.06265,0.62905,0.8323,1.62395,1.8298,0.9279,0.9610000000000001,0.6173249999999999,0.8613500000000001,1.5063250000000001,1.35325,1.0443500000000001,0.638475,1.052125,1.233075,1.4085,0.72745,0.32892499999999997,0.9228,1.5944500000000001,1.543925,0.8432,0.4767,0.83875,1.41825,1.4184,0.4794,0.595925,0.7909999999999999,1.4758250000000002,1.317375,1.031,0.4939,0.684325,1.07915,0.6651,0.948625,0.47924999999999995,0.6164499999999999,1.132725,1.09975,1.0194,0.498175,0.39295,0.5830500000000001,1.277275,0.768475,0.3293,0.6255,1.1664249999999998,1.551025,0.7108,0.33675,0.08247499999999999,0.8011250000000001,1.268175,0.6890499999999999,0.6488750000000001,0.4654,0.92905,0.982,0.879075,-0.044449999999999996,0.4607,0.48805,0.5271250000000001,0.953075,0.3903,0.379075,0.4236,0.860275,0.7392,0.4375,0.05935,0.040925,0.9132,0.775175,0.49782499999999996,0.065675,0.49777499999999997,0.9304250000000001,0.7840750000000001,0.25545,-0.419625,0.2652,0.9655,0.791425,0.498825,0.22114999999999999,0.30547500000000005,0.698675,0.888225,0.155675,0.27149999999999996,0.0415,0.4167,0.848425,0.554025,0.20347500000000002,-0.17405,0.347175,0.414275,0.570675,-0.005,-0.24987499999999999,0.3709,0.9166,0.778825,-0.0884,-0.0016250000000000001,0.029125,0.6378,0.389875,-0.35457500000000003,0.0442,0.450025,0.68465,0.4853,0.150975,-0.31320000000000003,0.13847500000000001,0.39755,0.0562,0.335025,-0.09,0.060325,0.35025,0.42695,0.0058000000000000005,-0.17720000000000002,-0.12965,0.120325,0.592275,0.123175,-0.0925,-0.179175,0.33847499999999997,0.6386499999999999,-0.067975,-0.251375,-0.442875,0.402825,0.54175,0.045825,0.06897500000000001,0.14135,0.36935,0.1177,0.24725,-0.413575,-0.0499,0.139175,0.0271,0.408,-0.139675,-0.121525,-0.046075000000000005,0.061325,-0.0091,0.000425,-0.296,-0.24875,0.423375,0.15025,-0.139675,-0.43645,-0.17327499999999998,0.2303,0.057925,-0.355,-0.8827,-0.059125,0.516725,0.4319,-0.168175,-0.189175,-0.08295,0.208025,0.21864999999999998,-0.411325,-0.2098,-0.407925,-0.023975,0.319525,0.01835,-0.42455,-0.4152,-0.348125,-0.3829,-0.07669999999999999,-0.5666,-0.638275,-0.084925,0.289675,0.128,-0.621375,-0.46082500000000004,-0.468325,0.16852499999999998,-0.02275,-0.7925249999999999,-0.5141249999999999,-0.2026,0.042975,-0.2652,-0.30312500000000003,-0.687475,-0.109175,-0.049275,-0.486,-0.097175,-0.3186,-0.421,-0.235275,-0.04265,-0.5966750000000001,-0.5822,-0.60845,-0.55505,-0.097525,-0.7738,-0.61595,-0.622725,-0.45915,0.006999999999999999,-0.5392999999999999,-0.639975,-0.9678249999999999,-0.183975,-0.0795,-0.66125,-0.44605,-0.24962499999999999,-0.38527500000000003,-0.47115,-0.5353249999999999,-0.9667749999999999,-0.399275,-0.450875,-0.657025,-0.28154999999999997,-0.899825,-0.65405,-0.87985,-0.321575,-0.6089249999999999,-0.609,-0.971475,-0.935025,0.0017000000000000001,-0.22262500000000002,-0.472525,-1.168875,-0.473,-0.11125,-0.442375,-0.740625,-1.1380000000000001,-0.75745,-0.19035000000000002,-0.744475,-0.9416,-0.54285,-1.0155750000000001,-0.232275,-0.693875,-0.9155249999999999,-0.5559,-0.7569,-0.58205,-0.76385,-0.23322500000000002,-0.263925,-0.9694499999999999,-0.3388,-0.26245,-1.1118000000000001,-0.141875,-1.2823,-1.64595,0.0,0.0,0.0,0.0,0.0,0.0,0.0,0.0,0.0,0.0,0.0,0.0,0.0,0.0,0.0,0.0,0.0,0.0,0.0,0.0,0.0,0.0,0.0,0.0,0.0,0.0,0.0,0.0,0.0,0.0,0.0,0.0,0.0,0.0,0.0,0.0,0.0,0.0,0.0,0.0,0.0,0.0,0.0,0.0,0.0,0.0,0.0
0.0,0.0,0.0,0.0,0.0,0.0,0.0,0.0,0.0,0.0,0.0,0.0,0.0,0.0,0.0,0.0,0.0,0.0,0.0,0.0,0.0,0.0,0.0,0.0,0.0,0.0,0.0,0.0,0.0,0.0,0.0,0.0,0.0,0.0,0.0,0.0,0.0,0.0,0.0,0.0,0.0,0.0,0.0,0.0,0.0,0.0,0.0,1.93915,2.251925,1.65885,0.999625,1.319075,1.6092,1.111875,2.294575,1.44055,1.2859500000000001,0.12295,1.302875,2.0482750000000003,1.32665,1.174375,1.4650249999999998,1.3532000000000002,1.4012499999999999,1.58555,0.74005,0.7081500000000001,1.564225,1.6305,1.377,0.671925,0.8899750000000001,1.549525,1.84435,0.8219500000000001,0.629475,0.93975,1.3049,1.8230499999999998,1.2059250000000001,1.012775,0.865675,1.156775,1.2358,1.203875,1.113,0.447625,1.06215,1.5834,1.5897999999999999,0.630525,0.8053250000000001,0.978925,1.4369,1.4280249999999999,0.48535,0.636625,1.128275,1.61605,1.4813999999999998,0.76905,0.5132,0.880325,1.4549750000000001,0.8680749999999999,0.65205,0.58785,0.989775,1.3945,1.0284,0.7936,0.314925,0.635425,0.863125,1.082025,0.9792,0.294925,0.45995,1.19385,1.441625,0.737525,0.50415,0.040275,0.8560749999999999,1.56615,0.6004,0.45367500000000005,0.318825,1.007725,1.260825,0.87385,0.161575,0.2092,0.945225,0.678075,0.9102,0.37882499999999997,0.40705,0.6472,0.741075,0.811575,0.1623,0.331975,0.09647499999999999,0.76325,0.928225,0.46162499999999995,0.11545,0.42335,0.9160250000000001,0.726225,0.5099250000000001,-0.18122500000000002,0.288775,0.880425,0.6621,0.324975,-0.02025,0.3839,0.639925,0.8378,-0.16110000000000002,0.170775,0.549175,0.6876,0.98565,0.32625,0.2512,0.12835,0.416,0.306375,0.333225,0.3735,-0.059125000000000004,0.3635,0.6621,0.5940000000000001,-0.027549999999999998,-0.06315,0.1247,0.531775,0.4835,-0.300675,0.13292500000000002,0.50895,0.725525,0.388725,-0.017825,-0.10375000000000001,0.217975,0.7028,0.038025,0.15944999999999998,-0.092275,0.36064999999999997,0.5276,0.50895,0.1462,-0.1595,0.06847500000000001,0.06559999999999999,0.3358,0.215825,-0.0144,-0.07055,0.559775,0.5739,0.015875,-0.1797,-0.495925,0.3311,0.6732,0.04915,-0.138375,-0.082575,0.46094999999999997,0.36135,0.11775000000000001,-0.51895,-0.265175,0.21802500000000002,0.021125,0.310025,-0.26254999999999995,0.0044,-0.008074999999999999,0.254775,-0.104,-0.229275,-0.142125,-0.26732500000000003,0.179825,0.276075,-0.016649999999999998,-0.3225,0.011224999999999999,0.112,-0.082625,-0.093675,-0.70375,-0.163625,0.265175,0.16019999999999998,-0.144575,-0.357975,-0.106975,0.174975,0.1612,-0.5175,-0.2847,-0.126775,0.055775,0.1146,-0.34325,-0.25165000000000004,-0.421925,-0.10022500000000001,-0.15460000000000002,-0.27845,-0.235475,-0.526675,-0.199525,0.09775,0.047425,-0.53325,-0.219625,-0.302475,-0.018975,-0.024550000000000002,-0.8854500000000001,-0.457125,0.13165,0.236,-0.16962500000000003,-0.48265,-0.744625,-0.26270000000000004,0.088825,-0.47787500000000005,-0.410075,-0.538725,-0.00019999999999999998,0.02255,-0.2158,-0.5992,-0.650575,-0.395225,-0.5905,-0.32255,-0.302175,-0.544275,-0.579025,-0.1842,-0.045325000000000004,-0.670625,-0.717225,-1.0736249999999998,-0.1555,0.09555,-0.46094999999999997,-0.259825,-0.471825,-0.410875,-0.3215,-0.5472,-1.19925,-0.518575,-0.42085,-0.7323,-0.599725,-0.70415,-0.450475,-0.744425,-0.355675,-0.878575,-0.80435,-0.652275,-1.0851,-0.26987500000000003,-0.29772499999999996,-0.297075,-0.90195,-0.651875,-0.58195,-0.5720000000000001,-0.6616,-0.885225,-0.6046,0.15245,-0.5124249999999999,-0.746825,-0.9866999999999999,-0.5812999999999999,-0.545825,-0.214075,-1.4799,-0.8222499999999999,-0.331475,-0.7061,-0.885175,-0.8170999999999999,-0.29874999999999996,-1.0758,-0.48955,-0.91225,-0.507725,0.08904999999999999,-1.49175,-0.495525,-0.06845,-0.1758,-1.737425,0.0,0.0,0.0,0.0,0.0,0.0,0.0,0.0,0.0,0.0,0.0,0.0,0.0,0.0,0.0,0.0,0.0,0.0,0.0,0.0,0.0,0.0,0.0,0.0,0.0,0.0,0.0,0.0,0.0,0.0,0.0,0.0,0.0,0.0,0.0,0.0,0.0,0.0,0.0,0.0,0.0,0.0,0.0,0.0,0.0,0.0,0.0
0.0,0.0,0.0,0.0,0.0,0.0,0.0,0.0,0.0,0.0,0.0,0.0,0.0,0.0,0.0,0.0,0.0,0.0,0.0,0.0,0.0,0.0,0.0,0.0,0.0,0.0,0.0,0.0,0.0,0.0,0.0,0.0,0.0,0.0,0.0,0.0,0.0,0.0,0.0,0.0,0.0,0.0,0.0,0.0,0.0,0.0,0.0,0.0,0.627975,2.248275,2.794575,1.5692249999999999,0.936975,0.807325,1.50865,1.94215,1.836775,1.10125,0.9295,1.4506000000000001,1.396925,1.5986,1.34455,0.5351750000000001,0.63465,2.0313499999999998,1.659775,1.44645,1.0124,1.079925,1.89235,1.708025,1.145925,0.391175,1.530275,1.7907499999999998,1.547,1.041225,1.2191,0.774775,1.382525,1.554775,0.8227,0.9276,0.534325,1.20655,1.6652,1.564475,1.0146,0.954475,0.913575,1.123425,1.3777,0.36225,0.493,0.915025,1.459425,1.5030999999999999,0.6561,0.32042499999999996,0.7000249999999999,1.4478,0.91035,0.50225,0.58225,1.103975,1.5544,0.9965,0.76655,0.29215,0.7664,1.0435500000000002,0.77105,0.8616250000000001,0.5063,0.900775,1.1768750000000001,1.104825,0.606325,0.49075,0.3326,0.771675,1.34565,0.529125,0.4476,0.44685,1.1589500000000001,1.251425,0.719225,0.08675,0.14787499999999998,1.14535,1.0107499999999998,0.720325,0.3549,0.564075,0.864975,0.8971,0.5433250000000001,-0.108525,0.44375,0.45185,0.849475,0.7923,0.386175,0.25312500000000004,0.61155,0.8363,0.330725,0.43495,-0.176325,0.371525,1.093525,0.7074,0.487425,-0.0629,0.420975,0.763225,0.834825,-0.0166,-0.233025,0.462425,0.771325,0.88685,0.356825,0.31705,0.21487499999999998,0.6267499999999999,0.58615,0.089925,0.17715,0.052875,0.5050250000000001,0.8808750000000001,0.557925,0.04235,0.031225,0.118925,0.34625,0.6013,-0.261125,0.02775,0.41355,0.797525,0.5570250000000001,-0.13545000000000001,-0.227075,0.20955000000000001,0.812675,0.077125,-0.1985,0.016075,0.46447499999999997,0.7053750000000001,0.2518,-0.19790000000000002,-0.316,0.37405,0.260475,0.1708,0.152125,-0.05805,0.06705,0.407075,0.36939999999999995,-0.166025,0.010074999999999999,-0.24109999999999998,0.22164999999999999,0.594,-0.12002499999999999,-0.222,-0.035825,0.40700000000000003,0.4048,0.117425,-0.354175,-0.295,0.5903,0.30022499999999996,0.034325,-0.23545,0.29917499999999997,0.292075,0.22970000000000002,-0.15475,-0.46265,0.080925,-0.065225,0.26455,0.145675,-0.027475,-0.1902,0.187025,0.2238,-0.2013,-0.1147,-0.601575,-0.099425,0.52075,0.0069,-0.2859,-0.498325,-0.108875,0.247875,0.215125,-0.40825,-0.4364,0.1042,0.370625,0.25335,-0.3746,-0.325275,-0.4321,0.1885,-0.11405,-0.3909,-0.1635,-0.307875,0.02085,0.1295,-0.019675,-0.48305,-0.41185,-0.31825,-0.183875,0.13470000000000001,-0.60195,-0.313475,-0.22199999999999998,-0.126725,-0.23249999999999998,-0.664375,-0.549075,-0.605025,0.18825,-0.445375,-0.519625,-0.22612500000000002,0.23115000000000002,0.1747,-0.38182499999999997,-0.358475,-0.6412,-0.167875,-0.61585,-0.5083249999999999,-0.197225,-0.318575,-0.35724999999999996,-0.34507499999999997,-0.17980000000000002,-0.6334,-0.42317499999999997,-0.90005,-0.51605,-0.0663,-0.566875,-0.3695,-0.747425,-0.0806,-0.183875,-0.45987500000000003,-0.719175,-0.72865,-0.21582500000000002,-0.679725,-0.630275,-0.634725,-0.23667500000000002,-0.8852,-0.7209749999999999,-0.6771,-0.9829,-0.39494999999999997,-0.4667,-0.274275,-0.567,-0.390525,-0.43515000000000004,-0.29810000000000003,-0.404875,-0.582925,-0.592125,-1.0095750000000001,-0.64825,-0.0461,-0.4176,-0.275025,-0.9205,-0.931125,-0.808025,-0.4131,-1.259,-1.117325,-0.35835,-0.13485,-0.796875,-0.763225,-0.857625,-1.0776750000000002,-0.649,-1.23385,-0.822225,0.18295,-0.455425,-1.2398,-1.1239750000000002,-1.048175,-1.5535750000000002,-0.965925,0.086425,0.0,0.0,0.0,0.0,0.0,0.0,0.0,0.0,0.0,0.0,0.0,0.0,0.0,0.0,0.0,0.0,0.0,0.0,0.0,0.0,0.0,0.0,0.0,0.0,0.0,0.0,0.0,0.0,0.0,0.0,0.0,0.0,0.0,0.0,0.0,0.0,0.0,0.0,0.0,0.0,0.0,0.0,0.0,0.0,0.0,0.0,0.0,0.0
0.0,0.0,0.0,0.0,0.0,0.0,0.0,0.0,0.0,0.0,0.0,0.0,0.0,0.0,0.0,0.0,0.0,0.0,0.0,0.0,0.0,0.0,0.0,0.0,0.0,0.0,0.0,0.0,0.0,0.0,0.0,0.0,0.0,0.0,0.0,0.0,0.0,0.0,0.0,0.0,0.0,0.0,0.0,0.0,0.0,0.0,0.0,0.0,1.1166,0.745825,1.250675,2.022025,1.43385,1.614775,1.08445,1.49735,1.465725,2.395175,2.1903,1.314225,0.5690999999999999,0.633725,2.0791749999999998,1.63855,1.1815250000000002,1.0088249999999999,1.455725,1.6459,1.6652,1.137075,0.287025,1.142475,1.69985,1.870275,0.929325,0.940425,1.03525,1.478775,1.455975,0.7627499999999999,0.861025,0.988125,1.659075,1.6505,1.056425,0.6718999999999999,0.90915,1.302075,1.1034249999999999,1.2251999999999998,0.7384499999999999,0.45435,1.231675,1.413075,1.42485,0.63855,0.698375,1.0056500000000002,1.404875,0.9899,0.40235,0.714275,1.344775,1.8007,1.034875,0.656825,0.37075,1.1531500000000001,1.27315,0.8864,0.56195,0.471425,0.85995,1.2766,1.053275,0.5747249999999999,0.490925,0.56575,0.708925,1.15805,0.521325,0.4689,0.5422,1.104825,1.265775,0.592075,0.136125,-0.04245,1.1964,1.14545,0.6509,0.30205000000000004,0.6257,1.076625,1.0486,0.528275,-0.0901,0.53305,0.73235,0.869425,0.7503,0.27805,0.405225,0.732425,0.7918499999999999,0.237075,0.369125,0.11224999999999999,0.27449999999999997,0.957225,0.597275,0.493975,-0.011225,0.625625,0.775925,0.625275,0.1589,-0.30135,0.48667499999999997,0.883325,0.7724,0.02305,0.1167,0.3211,0.8477750000000001,0.5913250000000001,-0.22275,0.30674999999999997,0.39999999999999997,0.5370250000000001,0.7401,0.196625,0.154325,0.3357,0.33095,0.19117499999999998,0.38532500000000003,-0.082825,0.095625,0.491025,0.677775,0.42862500000000003,-0.123175,-0.0126,0.11875,0.7161,0.342625,-0.267925,0.19105,0.809,0.867475,0.249525,-0.201075,-0.47385,0.495625,0.58985,-0.022775,0.223875,-0.12615,0.40235,0.5055000000000001,0.276575,-0.2278,-0.07035,0.09534999999999999,0.242475,0.46655,0.039125,0.107125,-0.04245,0.529625,0.2534,-0.10745,-0.4265,-0.44515,0.45505,0.5306000000000001,0.07592499999999999,-0.133675,0.14485,0.4723,0.3499,-0.098575,-0.572175,0.005225,0.12145,0.151125,0.139025,-0.174325,-0.14229999999999998,0.05235,0.039675,-0.37225,-0.1699,-0.447075,-0.1466,0.22712500000000002,0.060325,-0.206625,-0.4665,-0.0947,0.14235,0.032350000000000004,-0.2804,-0.672075,0.119425,0.477925,0.25055,-0.3335,-0.167425,-0.222625,0.16652499999999998,-0.20085,-0.6867,-0.150725,-0.13285,0.349925,-0.0036499999999999996,-0.30735,-0.4742,-0.19222499999999998,-0.1514,-0.26232500000000003,-0.18985000000000002,-0.406625,-0.190925,0.15465,0.047700000000000006,-0.224025,-0.61025,-0.40962499999999996,-0.4344,-0.041475,-0.16865,-0.6093500000000001,-0.5700500000000001,0.036225,0.174675,-0.4752,-0.634325,-0.730475,0.19527499999999998,-0.04095,-0.5532250000000001,-0.34714999999999996,-0.4726,-0.11905,-0.209475,-0.44175000000000003,-0.8162,-0.47667499999999996,-0.593125,-0.5519000000000001,-0.14450000000000002,-0.400225,-0.495,-0.4438,-0.484325,-0.0646,-0.39435,-0.533425,-0.890925,0.03005,-0.195275,-0.7177,-0.636875,-0.615125,-0.39752499999999996,-0.549175,-0.671175,-0.9095,-0.52625,-0.658225,-0.6130249999999999,-0.59285,-0.584025,-0.694,-0.75005,-0.365975,-0.767,-0.5585,-0.8745,-0.9021,-0.1557,-0.655575,-0.299675,-0.807325,-0.39289999999999997,-0.33765,-0.7198500000000001,-0.5379499999999999,-1.1378,-0.956025,-0.21509999999999999,-0.693875,-0.5964,-0.7198,-0.868125,-0.25415,-0.7058500000000001,-1.0033,-0.7559,-1.0495,-0.3332,-0.6119749999999999,-0.281325,-0.686225,-1.036875,-0.3905,-1.09685,-1.097175,-1.399975,0.0,0.0,0.0,0.0,0.0,0.0,0.0,0.0,0.0,0.0,0.0,0.0,0.0,0.0,0.0,0.0,0.0,0.0,0.0,0.0,0.0,0.0,0.0,0.0,0.0,0.0,0.0,0.0,0.0,0.0,0.0,0.0,0.0,0.0,0.0,0.0,0.0,0.0,0.0,0.0,0.0,0.0,0.0,0.0,0.0,0.0,0.0,0.0
0.0,0.0,0.0,0.0,0.0,0.0,0.0,0.0,0.0,0.0,0.0,0.0,0.0,0.0,0.0,0.0,0.0,0.0,0.0,0.0,0.0,0.0,0.0,0.0,0.0,0.0,0.0,0.0,0.0,0.0,0.0,0.0,0.0,0.0,0.0,0.0,0.0,0.0,0.0,0.0,0.0,0.0,0.0,0.0,0.0,0.0,0.0,0.0,0.0,2.001075,0.839825,0.6593,1.70605,1.802225,2.472025,2.051825,0.612225,1.6730500000000001,1.30305,1.96,1.777475,1.47775,1.131775,1.9273,1.9353,1.164675,1.3890500000000001,0.64995,1.263575,2.03825,1.7201,1.3247499999999999,0.8626,1.0409,1.6297249999999999,1.601,0.50345,0.764625,1.1578,1.796325,1.67235,0.703425,0.84625,0.767,1.31545,1.09575,1.0770499999999998,0.861775,0.95765,1.390625,1.535175,1.108325,0.7778999999999999,0.691525,0.861425,1.36755,1.0356,0.374875,0.6256,1.1039249999999998,1.4803,1.0553249999999998,0.7317,0.304075,1.06135,1.730025,0.695525,0.6295,0.779575,1.329475,1.47465,0.801425,0.36345,0.249775,0.9271,0.8038,0.9828749999999999,0.6358250000000001,0.5422,0.714825,1.2329,0.9443250000000001,0.375025,0.41874999999999996,0.2983,1.105175,1.3831,0.66145,0.378075,0.6135,1.195375,0.948475,0.604525,-0.207125,0.580575,1.088725,0.98455,0.6622250000000001,0.18227500000000002,0.55415,0.840375,0.895175,0.16999999999999998,0.17759999999999998,0.564975,0.628625,0.976,0.6911499999999999,0.491325,0.256125,0.780825,0.830125,0.35507500000000003,0.28935,-0.22812500000000002,0.65215,1.05765,0.764325,0.3536,0.035275,0.317925,0.894525,0.601875,-0.228,-0.019575000000000002,0.5188250000000001,0.9262,0.7147,0.121175,0.139275,0.259275,0.682875,0.35934999999999995,0.22425,0.2094,0.249175,0.5503,0.50835,0.260175,-0.1799,0.110625,0.064425,0.583825,0.3941,-0.399175,0.14592500000000003,0.4717,0.644325,0.309125,0.014425,-0.221475,0.46299999999999997,0.778325,-0.15825,-0.019575,0.11057499999999999,0.6460250000000001,0.5954,0.17982499999999998,-0.166375,-0.08374999999999999,0.36365000000000003,0.132775,0.17545,-0.094225,0.1048,0.054425,0.5399999999999999,0.404125,-0.057675,-0.05085,-0.38087499999999996,0.249725,0.37765,-0.156325,-0.061399999999999996,0.155425,0.4316,0.42822499999999997,0.062275,-0.54325,0.103775,0.553375,0.3129,0.05905,-0.41042500000000004,0.294575,0.237875,0.2958,-0.458925,-0.244775,-0.0903,0.18464999999999998,0.2205,-0.07024999999999999,-0.051075,-0.401675,0.22235,0.069775,0.030449999999999998,-0.115825,-0.7012750000000001,0.10505,0.568025,0.1447,-0.21455000000000002,-0.27642500000000003,-0.21937500000000001,0.322925,0.001525,-0.73555,-0.38915,-0.12735000000000002,0.26135,0.021925,-0.35805,-0.3846,-0.205825,0.110025,-0.415825,-0.204575,-0.18485,-0.0986,-0.01455,0.0029249999999999996,-0.15795,-0.5212249999999999,-0.21302500000000002,-0.3281,0.011575,-0.0008500000000000001,-0.83975,-0.4838,0.1106,0.005425,-0.37955,-0.521025,-0.67515,0.05745,-0.060675,-0.541825,-0.453225,-0.41152500000000003,0.09885,-0.06332499999999999,-0.33655,-0.6864,-0.653775,-0.5279750000000001,-0.452975,-0.3983,-0.269775,-0.30417500000000003,-0.489825,-0.13172499999999998,-0.249775,-0.630675,-0.3114,-0.902,-0.141325,-0.090725,-0.49019999999999997,-0.5596,-0.588575,-0.4867,-0.614875,-0.9222750000000001,-1.35185,-0.489075,-0.07717500000000001,-0.80345,-0.353425,-1.048,-0.66675,-0.2778,-0.15660000000000002,-0.858825,-0.943875,-0.6165499999999999,-0.785775,-0.17109999999999997,-0.768625,-0.965175,-0.779825,-0.3124,-0.4653,-0.41135,-0.52325,-1.10325,-0.70435,-0.122725,-0.319275,-1.132025,-0.49565000000000003,-0.5327,-0.533375,-0.45735000000000003,-0.860325,-0.919,-1.501425,-0.37845,-0.930625,-0.720075,-0.821775,-0.579125,0.197175,-0.14945,-0.789225,-0.45447499999999996,-1.62065,-1.192,0.0,0.0,0.0,0.0,0.0,0.0,0.0,0.0,0.0,0.0,0.0,0.0,0.0,0.0,0.0,0.0,0.0,0.0,0.0,0.0,0.0,0.0,0.0,0.0,0.0,0.0,0.0,0.0,0.0,0.0,0.0,0.0,0.0,0.0,0.0,0.0,0.0,0.0,0.0,0.0,0.0,0.0,0.0,0.0,0.0,0.0,0.0,0.0,0.0
0.0,0.0,0.0,0.0,0.0,0.0,0.0,0.0,0.0,0.0,0.0,0.0,0.0,0.0,0.0,0.0,0.0,0.0,0.0,0.0,0.0,0.0,0.0,0.0,0.0,0.0,0.0,0.0,0.0,0.0,0.0,0.0,0.0,0.0,0.0,0.0,0.0,0.0,0.0,0.0,0.0,0.0,0.0,0.0,0.0,0.0,0.0,0.0,0.0,0.0,2.814175,2.00305,1.771925,1.0412249999999998,1.1030499999999999,1.531375,2.37915,1.492275,0.830325,1.6660499999999998,1.5663749999999999,1.7253,1.019475,1.48745,0.869475,1.2187000000000001,1.6860499999999998,1.654975,0.86225,0.82985,1.223475,1.4322,1.5129249999999999,0.6379250000000001,0.6497999999999999,1.647175,1.78245,1.8796249999999999,0.7582,1.0585749999999998,1.3623750000000001,1.6775,1.186525,0.5794250000000001,0.932925,1.1748,1.519675,1.3412250000000001,1.119675,0.722,1.149175,1.1992500000000001,1.27895,1.199175,0.508675,0.8045749999999999,1.371775,1.4884,1.009625,0.5761000000000001,0.439625,0.976375,1.66595,0.774725,0.3955,0.58025,1.405875,1.576425,1.0135750000000001,0.49622499999999997,0.25505,1.1422750000000002,1.1627750000000001,0.6758249999999999,0.470775,0.630525,1.0398,1.378425,0.9356500000000001,0.361625,0.66145,0.4299,0.947825,1.199375,0.715175,0.5548000000000001,0.60545,0.9557,0.9602999999999999,0.610475,0.08877499999999999,0.2555,1.237775,0.996175,0.813975,0.17350000000000002,0.538025,0.88315,0.7400249999999999,0.10347500000000001,-0.0569,0.62,0.763525,0.7814,0.633525,0.3941,0.461725,0.9728749999999999,0.791025,0.257025,0.3851,0.0036,0.641775,0.8805000000000001,0.6886749999999999,0.40285,-0.0288,0.48319999999999996,0.785825,0.693325,-0.248375,0.07012499999999999,0.60195,0.985375,0.722825,-0.058925,0.0728,0.307025,0.8669,0.35545,-0.046175,0.32899999999999996,0.538975,0.7723,0.4546,0.160425,-0.111125,0.6123999999999999,0.399725,0.254925,0.29200000000000004,-0.05875,0.302975,0.646475,0.594975,0.081325,-0.13225,-0.14695,0.468425,0.7189,0.108875,-0.137575,-0.0284,0.757425,0.6316999999999999,0.15145,-0.261625,-0.23375,0.609475,0.3257,0.07377500000000001,0.17925000000000002,0.187525,0.34825,0.42225,0.159625,-0.31225,0.13165,-0.142325,0.431575,0.5378999999999999,-0.126475,-0.242325,-0.12332499999999999,0.203075,0.2376,-0.0324,-0.3944,-0.17125,0.620325,0.437375,0.0369,-0.188475,0.31532499999999997,0.23195,0.212475,-0.3087,-0.46797500000000003,0.116375,0.20652500000000001,0.156975,-0.11635000000000001,-0.1536,-0.13025,0.190025,-0.111725,-0.3328,0.015300000000000001,-0.365025,0.0645,0.273825,0.020075000000000003,-0.3553,-0.1732,-0.11895,0.24435,0.160275,-0.675725,-0.28935,0.132,0.18495,-0.0535,-0.472875,-0.32265,-0.207475,0.27935,-0.29525,-0.479675,-0.141525,0.0545,0.0607,-0.133975,-0.19342499999999999,-0.41117499999999996,0.207375,-0.16185,-0.156775,-0.1134,-0.560825,-0.232975,-0.0457,-0.08209999999999999,-0.4977,-0.65605,-0.7648,-0.259525,0.22812500000000002,-0.308025,-0.70085,-0.412225,0.330225,-0.079,-0.30405,-0.669225,-0.799,0.059275,-0.100975,-0.267675,-0.413075,-0.425125,-0.0917,0.195575,-0.537925,-0.678075,-0.4136,-0.6516,-0.078375,0.00765,-0.598375,-0.5478000000000001,-0.44010000000000005,-0.455325,-0.5715250000000001,-0.66695,-1.13535,-0.6823250000000001,-0.1994,-0.17825000000000002,-0.690725,-0.6466999999999999,-0.68275,-0.86895,-0.21965,-1.1211,-0.923,-0.547375,-0.12737500000000002,-0.385475,-0.59875,-0.4932,-0.359075,-0.359025,-0.7174499999999999,-0.634475,-0.1325,-0.369,-0.167225,-0.25205,-0.24985000000000002,-0.929275,-0.77505,-0.626225,-0.4442,-0.644175,-0.691175,-0.813025,-0.71275,-0.55635,-0.36185,-0.76415,-0.27535,-0.27295,0.2497,-0.637,-1.8198750000000001,-1.3071,0.023775,-0.19855,-1.06115,-0.0013,0.0,0.0,0.0,0.0,0.0,0.0,0.0,0.0,0.0,0.0,0.0,0.0,0.0,0.0,0.0,0.0,0.0,0.0,0.0,0.0,0.0,0.0,0.0,0.0,0.0,0.0,0.0,0.0,0.0,0.0,0.0,0.0,0.0,0.0,0.0,0.0,0.0,0.0,0.0,0.0,0.0,0.0,0.0,0.0,0.0,0.0,0.0,0.0,0.0,0.0
0.0,0.0,0.0,0.0,0.0,0.0,0.0,0.0,0.0,0.0,0.0,0.0,0.0,0.0,0.0,0.0,0.0,0.0,0.0,0.0,0.0,0.0,0.0,0.0,0.0,0.0,0.0,0.0,0.0,0.0,0.0,0.0,0.0,0.0,0.0,0.0,0.0,0.0,0.0,0.0,0.0,0.0,0.0,0.0,0.0,0.0,0.0,0.0,0.0,0.0,0.480625,1.92015,1.59565,1.449925,1.448425,2.4015500000000003,1.807825,1.5371,2.0500499999999997,1.042725,1.2287,1.065725,1.677375,1.59615,1.588875,1.4958749999999998,1.151475,1.449175,1.660575,1.17895,1.0430249999999999,0.42200000000000004,1.4201249999999999,1.9531749999999999,1.843075,1.1003,0.9888250000000001,1.012075,1.91295,1.690725,0.5548,0.9714750000000001,1.299075,1.681775,1.386775,0.767625,0.63045,1.04975,1.2045249999999998,1.0096,1.3557,0.677875,1.0880999999999998,1.2545250000000001,1.42355,1.1062,0.5562,0.763675,0.785925,1.177025,0.820025,0.5668,0.741925,1.4758,1.3461500000000002,0.8439,0.572775,0.386,1.2859749999999999,1.1883249999999999,0.703025,0.706525,0.608175,1.260575,1.24095,0.790475,0.1695,0.75635,0.9050750000000001,0.784425,0.935675,0.5106999999999999,0.683575,0.8915,1.0823,0.812425,0.503925,0.334525,0.5154,1.1456,0.9712,0.51655,0.34635,0.7722,1.0344,0.9507,0.33845000000000003,-0.1823,0.878575,1.2695,0.94085,0.3494,0.291475,0.6127,0.9694,0.761125,0.08182500000000001,0.488975,0.39807499999999996,0.8559,0.9079,0.494425,0.383425,0.03205,0.5640000000000001,0.538925,0.553775,0.056175,-0.068025,0.621025,1.081925,0.592175,-0.002875,0.095025,0.38065,0.92845,0.42065,-0.08165,0.10925,0.487625,0.895025,0.6263,0.254125,0.083825,0.53,0.467425,0.141,0.27975,-0.044175000000000006,0.2954,0.49345,0.2666,0.118225,-0.097275,-0.032,0.12972499999999998,0.492325,0.14532499999999998,-0.118825,0.295025,0.8783,0.517575,0.003575,-0.2257,-0.163275,0.7175750000000001,0.4435,-0.06455,-0.042175000000000004,0.176925,0.5257,0.5824,0.06987499999999999,-0.45487500000000003,0.15814999999999999,0.18687499999999999,0.40807499999999997,0.3294,-0.006025,0.13545,0.17204999999999998,0.2793,-0.00335,-0.161175,-0.339075,-0.1513,0.6186,0.46685,0.0428,-0.2077,0.519825,0.35195,0.316475,-0.357425,-0.59595,0.349225,0.627725,0.2874,0.040825,-0.2384,-0.02465,0.307975,0.02525,-0.462525,-0.050725,-0.052025,0.265025,0.217825,-0.106175,-0.257525,-0.215275,0.079375,-0.06609999999999999,0.054175,-0.39277500000000004,-0.393,0.114025,0.40405,-0.03505,-0.574875,-0.273575,-0.207875,0.3824,-0.16855,-0.617075,-0.139275,0.3188,0.109975,-0.20875,-0.32852499999999996,-0.4898,0.171125,-0.124125,-0.2788,-0.14650000000000002,-0.460225,-0.1041,-0.068525,-0.35402500000000003,-0.393625,-0.40725,-0.42365,-0.3719,-0.17695,-0.409225,-0.386475,-0.351075,0.248475,-0.040025,-0.404125,-0.64135,-0.865525,0.11175,0.060675,-0.6280749999999999,-0.408775,-0.15435,-0.16905,-0.079325,-0.47735,-0.664425,-0.29869999999999997,-0.305,-0.191275,-0.3195,-0.691875,-0.103375,-0.4361,-0.118725,-0.37292499999999995,-0.396175,-0.7379,-0.71795,-0.24495,-0.298225,-0.62805,-0.907125,-0.745625,-0.548925,-0.203575,-0.6820499999999999,-1.410525,-0.5599500000000001,-0.12045,-0.51305,-0.6366,-0.7150749999999999,-0.9060750000000001,-0.265675,-0.442325,-1.331075,-0.483375,-0.711025,-0.26765,-0.6342749999999999,-0.338225,-0.957875,-0.8634999999999999,-0.8986000000000001,-0.5847,-0.685175,-0.9964,-1.13635,-1.208975,-0.30005,-0.500475,-0.92935,-0.566875,-1.507125,0.18945,-0.6596,-1.7273,-1.487975,-0.061399999999999996,0.087625,-1.177375,-0.673225,-1.0312000000000001,1.017725,-0.5381499999999999,0.0,0.0,0.0,0.0,0.0,0.0,0.0,0.0,0.0,0.0,0.0,0.0,0.0,0.0,0.0,0.0,0.0,0.0,0.0,0.0,0.0,0.0,0.0,0.0,0.0,0.0,0.0,0.0,0.0,0.0,0.0,0.0,0.0,0.0,0.0,0.0,0.0,0.0,0.0,0.0,0.0,0.0,0.0,0.0,0.0,0.0,0.0,0.0,0.0,0.0
0.0,0.0,0.0,0.0,0.0,0.0,0.0,0.0,0.0,0.0,0.0,0.0,0.0,0.0,0.0,0.0,0.0,0.0,0.0,0.0,0.0,0.0,0.0,0.0,0.0,0.0,0.0,0.0,0.0,0.0,0.0,0.0,0.0,0.0,0.0,0.0,0.0,0.0,0.0,0.0,0.0,0.0,0.0,0.0,0.0,0.0,0.0,0.0,0.0,0.0,0.0,2.50725,1.43005,1.2735,2.0770500000000003,1.761325,0.256425,1.083925,1.22475,2.223875,2.212625,1.2182499999999998,1.207825,1.067375,1.966375,1.597975,1.204425,1.495175,0.5144500000000001,1.5997249999999998,1.363925,1.46645,1.0609000000000002,1.0917999999999999,0.895925,1.720125,1.458,0.54305,0.83075,1.527725,1.668,1.2627249999999999,0.7378250000000001,0.66005,1.30935,1.4658,0.7836000000000001,1.08445,0.7083,1.664625,1.651275,1.420625,0.7097,0.617475,1.1182,1.11615,1.2475,0.8775499999999999,0.48062499999999997,0.5615,1.4261,1.4522,0.7311500000000001,0.6577500000000001,0.356425,1.506875,1.3876,0.758175,0.5323500000000001,0.6887000000000001,1.3737249999999999,1.301425,0.7695,0.21475,0.5654250000000001,0.954725,0.947025,0.71885,0.458625,0.7142999999999999,0.8572249999999999,1.0863,0.6862250000000001,0.2818,0.60455,0.5127250000000001,1.1542249999999998,1.09645,0.48785,0.39590000000000003,0.878,0.957825,0.645675,0.42215,-0.110375,0.6977,1.1329,0.811625,0.57255,0.230075,0.649375,0.8371999999999999,0.716275,-0.217275,0.27775,0.70565,0.989,0.9135249999999999,0.278375,0.388475,0.374525,0.9018999999999999,0.43175,0.29309999999999997,0.2821,0.08365,0.731625,1.0205250000000001,0.64305,0.20904999999999999,0.474425,0.36425,0.74335,0.5069,-0.36245,0.24712499999999998,0.7339249999999999,0.9555,0.549175,-0.0488,0.047675,0.61525,0.8074,0.024425000000000002,0.105875,0.171925,0.88215,0.6446,0.332325,0.023,-0.23305,0.3222,0.28080000000000005,0.43335,0.233775,-0.123475,0.26305,0.7104250000000001,0.47365,-0.017125,-0.0776,-0.18745,0.71795,0.53925,-0.060925,0.0533,0.1905,0.5999749999999999,0.5000249999999999,-0.014475,-0.44095,0.059,0.46757499999999996,0.198475,0.142575,-0.30162500000000003,0.1695,0.241975,0.405675,-0.10437500000000001,-0.25655,-0.1078,-0.206175,0.419375,0.44205,0.0165,-0.136425,0.203375,0.22325,0.16105,0.04565,-0.48865000000000003,0.3039,0.626025,0.153075,-0.11285,-0.25795,0.06385,0.4329,0.089825,-0.63905,-0.2486,0.1024,0.359775,0.040624999999999994,-0.315275,-0.23575000000000002,-0.224175,0.280625,-0.238325,-0.060899999999999996,-0.13455,-0.26822500000000005,0.1345,0.220525,-0.217,-0.420625,-0.1728,-0.3073,0.022925,-0.07744999999999999,-0.6848,-0.07755000000000001,0.1746,0.313025,-0.151175,-0.28459999999999996,-0.39392499999999997,0.0519,0.058725,-0.44045,-0.4157,0.0009,0.344,-0.015275,-0.2369,-0.5683,-0.5472,-0.03605,-0.403675,-0.08275,-0.17525000000000002,-0.41505000000000003,-0.254575,0.07465,-0.12005,-0.45425000000000004,-0.48210000000000003,-0.6786,0.203575,-0.13385,-0.375775,-0.491375,-0.505425,0.029500000000000002,-0.4238,-0.5800500000000001,-1.0369000000000002,-0.32265,0.11275,-0.069075,-0.35307499999999997,-0.49882499999999996,-0.151975,-0.152625,-0.27165,-0.577825,-0.67585,-0.36455,-0.669475,-0.238875,-0.36617500000000003,-0.5847,-0.9292,-0.182375,-0.5029,-0.376325,-0.7485999999999999,-0.9350750000000001,-0.22087500000000002,-0.151425,-0.61085,-0.409375,-0.672175,-0.28309999999999996,-0.38695,-0.535425,-0.7104999999999999,-0.75205,-0.14415,0.06395,-0.44475,-0.615275,-0.8046,-0.4338,-0.2311,-0.676275,-0.8416,-0.6148,-0.5756,-0.451775,-0.426075,-0.724025,-1.1469,-0.570125,-0.581625,-0.315375,-0.8413999999999999,-1.1851749999999999,0.017325,-0.38882500000000003,-0.9157,-0.502425,-1.23725,0.9903500000000001,0.070575,-1.530375,-1.231125,-0.379,0.0,0.0,0.0,0.0,0.0,0.0,0.0,0.0,0.0,0.0,0.0,0.0,0.0,0.0,0.0,0.0,0.0,0.0,0.0,0.0,0.0,0.0,0.0,0.0,0.0,0.0,0.0,0.0,0.0,0.0,0.0,0.0,0.0,0.0,0.0,0.0,0.0,0.0,0.0,0.0,0.0,0.0,0.0,0.0,0.0,0.0,0.0,0.0,0.0,0.0,0.0
0.0,0.0,0.0,0.0,0.0,0.0,0.0,0.0,0.0,0.0,0.0,0.0,0.0,0.0,0.0,0.0,0.0,0.0,0.0,0.0,0.0,0.0,0.0,0.0,0.0,0.0,0.0,0.0,0.0,0.0,0.0,0.0,0.0,0.0,0.0,0.0,0.0,0.0,0.0,0.0,0.0,0.0,0.0,0.0,0.0,0.0,0.0,0.0,0.0,0.0,0.0,0.0,1.5263,0.940675,1.595375,2.203325,2.3363750000000003,1.560075,2.18515,1.04855,1.2137,1.5036749999999999,1.915125,1.3685,1.010525,0.996825,1.539025,2.11565,1.309625,0.939775,0.970225,1.5221500000000001,1.8251249999999999,1.6258,0.600675,0.95195,1.352925,1.9656500000000001,1.55375,0.7902,1.019575,1.127,1.6803,0.8267,0.6114,0.8636,1.5062,1.6382249999999998,1.124025,0.678925,0.760475,1.4289,1.10745,0.9212750000000001,0.95555,0.6135999999999999,1.3500750000000001,1.4494250000000002,1.137875,0.666175,0.6305,0.53645,1.1184,1.2619250000000002,0.6896249999999999,0.6126,0.7473000000000001,1.487525,1.1166,0.53455,0.119475,0.46397499999999997,1.4728249999999998,1.179075,0.775475,0.5081,0.975625,1.02765,1.272325,0.2554,0.1221,0.8249,0.8785,1.169825,0.8863,0.553975,0.886575,1.0614249999999998,0.9450500000000001,0.6862,0.49645,0.0205,0.77115,1.105575,0.92955,0.51095,0.17520000000000002,0.9109750000000001,0.9917750000000001,0.89225,0.052925,0.052425,0.792725,1.1790500000000002,0.8241,0.29664999999999997,0.2938,0.613875,1.13565,0.54515,0.2021,0.3788,0.42085,0.9182750000000001,0.91315,0.281075,0.187125,0.30772499999999997,0.333,0.773675,0.597675,-0.173425,0.27949999999999997,0.63295,0.94165,0.5281,0.04575,-0.037274999999999996,0.4614,0.93285,0.22552499999999998,0.01415,0.269275,0.812775,0.76835,0.254375,0.05,-0.074,0.674625,0.16269999999999998,0.268125,0.25475,0.113625,0.4156,0.43265,0.2538,-0.08207500000000001,0.014525,-0.047200000000000006,0.578225,0.5533250000000001,-0.045775,-0.039599999999999996,0.19395,0.738075,0.5656,-0.129725,-0.382025,-0.09825,0.6751,0.28095000000000003,0.033075,-0.216575,0.398075,0.4363,0.363075,-0.201025,-0.33035000000000003,0.44275,0.187875,0.43382499999999996,0.06955,-0.13525,-0.013349999999999999,0.4219,0.2849,-0.011224999999999999,-0.0315,-0.3615,0.410875,0.55455,0.231275,-0.036275,-0.217175,0.34515,0.270025,0.291875,-0.554025,-0.492025,0.331225,0.553025,0.068075,-0.387875,-0.1708,-0.204925,0.41485000000000005,-0.25949999999999995,-0.34085,-0.064275,-0.078075,0.18930000000000002,0.2849,-0.1611,-0.41045,-0.10035,-0.263975,-0.065675,-0.05455,-0.5897249999999999,-0.22555,-0.037899999999999996,0.20355,-0.1108,-0.3727,-0.255475,-0.06615,0.340875,-0.34585,-0.5411,-0.1867,0.30779999999999996,-0.0472,-0.1537,-0.488725,-0.5999249999999999,0.214425,-0.361875,-0.235525,-0.22915,-0.346275,-0.17149999999999999,-0.050175,-0.26532500000000003,-0.548825,-0.42084999999999995,-0.48585,-0.14152499999999998,-0.0933,-0.192425,-0.530475,-0.37325,-0.072575,-0.12045,-0.544775,-0.7759,-0.73175,-0.006825,-0.04915,-0.588175,-0.4335,-0.11185,-0.022324999999999998,-0.009275,-0.551175,-0.657275,-0.13215,-0.5439,-0.07515,-0.539825,-0.62905,-0.734225,-0.34047499999999997,-0.6155,-0.705325,-0.519,-0.871075,-0.396825,-0.355425,0.016625,-0.497675,-0.726425,-0.47485,-0.27244999999999997,-0.26022500000000004,-1.073575,-0.687325,-0.190175,0.1656,-0.308825,-0.7854749999999999,-0.6125499999999999,-0.613675,-0.410825,-0.641725,-0.8767750000000001,-0.508025,-0.80265,-0.551075,-0.33304999999999996,-0.294875,-0.21085,-0.5317000000000001,-0.731025,-0.560975,-0.547825,-1.296075,-0.8089999999999999,-1.3933749999999998,-0.22215000000000001,-0.518175,-0.8748,-0.9837,-0.608,-1.5553750000000002,-1.024675,-1.7576999999999998,0.4363,-0.3191,0.0,0.0,0.0,0.0,0.0,0.0,0.0,0.0,0.0,0.0,0.0,0.0,0.0,0.0,0.0,0.0,0.0,0.0,0.0,0.0,0.0,0.0,0.0,0.0,0.0,0.0,0.0,0.0,0.0,0.0,0.0,0.0,0.0,0.0,0.0,0.0,0.0,0.0,0.0,0.0,0.0,0.0,0.0,0.0,0.0,0.0,0.0,0.0,0.0,0.0,0.0,0.0
0.0,0.0,0.0,0.0,0.0,0.0,0.0,0.0,0.0,0.0,0.0,0.0,0.0,0.0,0.0,0.0,0.0,0.0,0.0,0.0,0.0,0.0,0.0,0.0,0.0,0.0,0.0,0.0,0.0,0.0,0.0,0.0,0.0,0.0,0.0,0.0,0.0,0.0,0.0,0.0,0.0,0.0,0.0,0.0,0.0,0.0,0.0,0.0,0.0,0.0,0.0,0.0,2.3659499999999998,1.2324,1.363225,1.16375,2.001325,1.2376500000000001,3.2386,1.14,0.5171,1.342125,1.683075,1.882975,1.325675,0.9304749999999999,1.339,1.169075,1.2828,1.4839250000000002,0.9473,1.0863749999999999,1.035075,1.872925,1.82065,1.468075,0.598375,0.6702,1.343725,1.8983500000000002,0.96855,0.5997,0.9978750000000001,1.689375,1.8239,1.0695,0.8693,0.507525,1.546075,1.33845,0.868725,0.9518,0.61875,1.49205,1.5914,1.18975,0.60175,0.70645,0.9052,0.95715,1.17655,0.666875,0.678575,0.8961749999999999,1.545725,1.2693249999999998,0.746575,0.37615,0.5806749999999999,1.60545,1.2244,0.6654249999999999,0.576225,0.932525,1.448525,1.117125,0.457325,0.025825,0.776975,1.0228,0.9722999999999999,0.8406750000000001,0.435025,0.797175,0.951,1.0208,0.490325,0.584525,0.34425,0.7135,1.085325,0.775525,0.450975,0.42400000000000004,0.8963249999999999,0.764625,0.6470750000000001,0.270875,-0.07142499999999999,0.953025,1.0776,0.813225,0.25932499999999997,0.22712500000000002,0.55835,1.054525,0.517475,-0.00825,0.49974999999999997,0.7334,1.1262500000000002,0.601075,0.237875,0.255675,0.536775,0.728,0.4299,0.24025,0.1699,0.49912500000000004,0.73375,0.9705750000000001,0.3567,0.013399999999999999,0.254425,0.402325,0.98825,0.26655,-0.102625,0.480625,1.0581,0.803,0.275825,-0.06305,-0.12027499999999999,0.9205,0.5037,0.121,0.090875,0.101225,0.73465,0.63015,0.2515,-0.288325,0.0857,0.25245,0.288925,0.41264999999999996,0.05665,0.11030000000000001,0.09384999999999999,0.73855,0.283975,0.08845,-0.26932500000000004,-0.130825,0.815875,0.510425,-0.001575,-0.090125,0.19014999999999999,0.39640000000000003,0.36835,-0.271125,-0.358325,0.387775,0.49105,0.283725,-0.01925,-0.1689,0.21639999999999998,0.283725,-0.022975,-0.15445,-0.029525000000000003,-0.14045,0.128275,0.37145,0.108225,-0.0388,-0.19255,0.46805,0.1618,0.18005,-0.301275,-0.5088250000000001,0.4901,0.56295,0.039025000000000004,-0.245425,-0.100425,-0.021225,0.4454,-0.236275,-0.496975,0.019225,0.06085,0.460375,-0.09332499999999999,-0.3524,-0.200675,0.095625,0.008025000000000001,-0.38525,-0.212625,-0.30305000000000004,-0.07395,0.0944,0.035425,-0.207775,-0.44589999999999996,-0.1143,-0.157025,0.28752500000000003,-0.147975,-0.47745000000000004,0.0060750000000000005,0.492075,0.049825,-0.3681,-0.6590750000000001,-0.5867,0.456875,-0.06545000000000001,-0.3684,-0.31522500000000003,-0.238525,0.21225,-0.059325,-0.3731,-0.6988000000000001,-0.292075,-0.15645,-0.20575,-0.373575,-0.37835,-0.428075,-0.3052,0.0699,-0.365375,-0.5435,-0.699675,-0.672425,0.16342500000000001,0.0010999999999999998,-0.557725,-0.353475,-0.109975,-0.08895,-0.023149999999999997,-0.67025,-0.625425,0.011525,0.035625000000000004,-0.1417,-0.35585,-0.62405,-0.446425,-0.30562500000000004,-0.584325,-0.7269000000000001,-0.59115,-0.8696,-0.6132,-0.34597500000000003,-0.540575,-0.733,-0.839275,-0.23485,-0.5339,-0.27525,-1.2415,-0.691075,-0.08032500000000001,-0.077775,-0.40650000000000003,-1.060575,-0.442075,-0.6179,-0.379425,-0.432925,-1.3002,-0.44345,-0.305825,-0.176925,-0.18167499999999998,-0.624675,-0.802525,-0.5713999999999999,0.0893,-0.604425,-0.76385,-1.19205,-0.7592749999999999,-0.601225,-0.15975,-1.21505,-0.4688,-0.20195000000000002,-1.0335999999999999,-0.285975,-0.744425,-1.18075,-1.020725,-0.279775,0.632625,-1.505675,-0.2573,0.0,0.0,0.0,0.0,0.0,0.0,0.0,0.0,0.0,0.0,0.0,0.0,0.0,0.0,0.0,0.0,0.0,0.0,0.0,0.0,0.0,0.0,0.0,0.0,0.0,0.0,0.0,0.0,0.0,0.0,0.0,0.0,0.0,0.0,0.0,0.0,0.0,0.0,0.0,0.0,0.0,0.0,0.0,0.0,0.0,0.0,0.0,0.0,0.0,0.0,0.0,0.0
0.0,0.0,0.0,0.0,0.0,0.0,0.0,0.0,0.0,0.0,0.0,0.0,0.0,0.0,0.0,0.0,0.0,0.0,0.0,0.0,0.0,0.0,0.0,0.0,0.0,0.0,0.0,0.0,0.0,0.0,0.0,0.0,0.0,0.0,0.0,0.0,0.0,0.0,0.0,0.0,0.0,0.0,0.0,0.0,0.0,0.0,0.0,0.0,0.0,0.0,0.0,0.0,0.0,0.930925,2.0538749999999997,2.0622499999999997,1.55955,0.37045,1.4788000000000001,1.39835,2.4677000000000002,1.2494,1.42135,1.0421500000000001,1.424175,1.901225,1.119525,1.004,1.0446,1.112575,1.743675,1.7979749999999999,1.172075,0.85665,1.46485,1.168725,1.8716249999999999,1.364825,0.48924999999999996,1.2122249999999999,1.5723500000000001,1.95045,1.106375,0.64335,0.582875,1.5384250000000002,1.452675,0.650575,0.8363,0.824125,1.677875,1.50915,1.0042499999999999,0.7363500000000001,0.725025,1.206725,1.227525,1.157025,0.82885,0.831375,1.2014500000000001,1.4758499999999999,0.9271499999999999,0.6414500000000001,0.7949499999999999,0.6105750000000001,1.40875,1.0830250000000001,0.77605,0.630675,0.96045,1.38925,1.0332999999999999,0.521675,0.19445,1.052125,1.2454,0.910975,0.47815,0.31010000000000004,0.969175,1.108325,1.098325,0.3995,0.467225,0.8289,0.9932,1.0315,0.7817000000000001,0.464175,0.524625,1.252475,0.759,0.554325,0.27549999999999997,0.035525,1.094925,1.199675,0.7527250000000001,0.24459999999999998,0.28652500000000003,0.7037,1.06825,0.55095,-0.176475,0.18867499999999998,0.9158,1.2901,0.714475,0.23859999999999998,0.258775,0.52605,0.939525,0.273225,0.207225,0.244675,0.684075,0.816975,0.722325,0.249775,-0.017750000000000002,0.44232499999999997,0.4332,0.835075,0.342025,-0.0527,0.4576,0.811025,0.839275,0.23502499999999998,-0.00545,-0.0937,0.9082250000000001,0.58155,0.016925,0.00315,0.245825,0.836825,0.417425,0.0936,-0.129,0.111125,0.56045,0.3875,0.263825,0.099175,0.327025,0.399725,0.705775,-0.00915,-0.05665,0.088175,-0.13615,0.8886999999999999,0.40265,-0.0298,0.12245,0.47209999999999996,0.56265,0.292975,-0.24509999999999998,-0.3993,0.39055,0.59185,0.350975,-0.008525,-0.0234,0.465175,0.2838,0.108775,-0.346675,-0.179525,0.24555,0.3139,0.32675,0.1081,-0.05625,-0.03395,0.445175,-0.03505,0.12614999999999998,-0.144725,-0.425225,0.5683750000000001,0.53355,0.09922500000000001,-0.249175,-0.201775,0.0623,0.34505,-0.17525000000000002,-0.5467249999999999,-0.136675,0.24595,0.40957499999999997,-0.08197499999999999,-0.319475,-0.376025,0.03705,0.126,-0.370425,-0.2273,-0.11215,0.0429,0.055125,-0.089175,-0.234975,-0.41237500000000005,-0.04185,-0.295375,0.3041,-0.03255,-0.39775,-0.0328,0.176775,0.0159,-0.2393,-0.4268,-0.612375,0.201975,-0.051875000000000004,-0.42510000000000003,-0.30107500000000004,-0.05595,0.3422,-0.220875,-0.48885,-0.750625,-0.273275,0.0295,-0.228625,-0.27195,-0.18985000000000002,-0.22565000000000002,-0.212125,-0.040374999999999994,-0.64625,-0.62005,-0.50835,-0.5935250000000001,-0.06205,-0.006225,-0.32535000000000003,-0.45705,-0.23995,-0.16875,-0.3335,-0.609425,-0.8246749999999999,-0.065175,0.05525,0.019525,-0.36577499999999996,-0.674425,0.139975,-0.332325,-0.251175,-0.8672500000000001,-0.42325,-0.14625,-0.30425,-0.362925,-0.68145,-0.7234,-0.8197,-0.1099,-0.547225,-0.695875,-0.6454,-1.0141,-0.22244999999999998,0.0468,-0.38127500000000003,-0.9013,-0.6765749999999999,-0.711875,-0.239125,-0.6588,-0.88,-0.41325,-0.32835000000000003,-0.108475,-0.45082500000000003,-0.8913,-0.745325,-0.507625,-0.289725,-1.121975,-0.6952,-0.580875,-0.627525,-0.5669,-0.20035,-1.308325,-0.9174500000000001,-0.74885,-0.839575,-0.5578,-0.8280000000000001,-0.965575,-0.75345,-0.32484999999999997,0.58375,-1.416125,0.312075,0.37565,-0.6905,0.0,0.0,0.0,0.0,0.0,0.0,0.0,0.0,0.0,0.0,0.0,0.0,0.0,0.0,0.0,0.0,0.0,0.0,0.0,0.0,0.0,0.0,0.0,0.0,0.0,0.0,0.0,0.0,0.0,0.0,0.0,0.0,0.0,0.0,0.0,0.0,0.0,0.0,0.0,0.0,0.0,0.0,0.0,0.0,0.0,0.0,0.0,0.0,0.0,0.0,0.0,0.0,0.0
0.0,0.0,0.0,0.0,0.0,0.0,0.0,0.0,0.0,0.0,0.0,0.0,0.0,0.0,0.0,0.0,0.0,0.0,0.0,0.0,0.0,0.0,0.0,0.0,0.0,0.0,0.0,0.0,0.0,0.0,0.0,0.0,0.0,0.0,0.0,0.0,0.0,0.0,0.0,0.0,0.0,0.0,0.0,0.0,0.0,0.0,0.0,0.0,0.0,0.0,0.0,0.0,0.0,0.0,1.816525,0.9794499999999999,2.88815,2.1557,2.200675,0.8559,2.2629,1.5367,1.8316750000000002,0.9302,1.128475,1.1608,1.498875,1.943125,1.4961,0.721175,0.930725,1.58205,1.330625,1.9022000000000001,1.346775,0.9226,1.387225,1.81345,2.01535,1.1272,0.699825,0.59625,1.3439,1.562,0.637575,0.609975,1.27745,2.00145,1.65895,1.0965500000000001,0.4332,0.7429,1.9252500000000001,1.308,1.041725,0.9149,1.0435500000000002,1.309425,1.6038,0.8930750000000001,0.310475,0.770475,0.8957,1.40605,1.2530999999999999,0.678125,0.803275,0.885825,1.484225,1.0615999999999999,0.401775,0.152775,0.737225,1.5208499999999998,1.072675,0.612725,0.4749,0.9856,1.1866999999999999,0.91545,0.3001,0.16865000000000002,1.097,1.0641749999999999,0.9954,0.784625,0.60895,0.8395250000000001,1.2283,0.6725,0.487,0.5672,0.4131,1.152525,0.90405,0.569,0.2975,0.286675,0.880575,0.73885,0.57755,0.03705,0.366125,0.902175,1.050625,0.5635,0.13690000000000002,0.45375,0.6964,1.161925,0.22619999999999998,0.210225,0.5584,0.7131,0.86785,0.728075,0.27265,0.13665,0.663825,0.356275,0.4074,0.311475,0.03125,0.73525,0.8841000000000001,0.67145,0.2434,0.013049999999999999,0.2392,0.70755,0.677875,0.018475,-0.07965,0.408125,1.122425,0.527675,0.100425,-0.335475,0.003725,0.795075,0.3444,0.077575,-0.01335,0.2884,0.611925,0.6864,0.055,-0.1331,0.24725,0.15385,0.642475,0.416775,-0.010325,0.0765,0.313,0.527,0.28525,-0.0024749999999999998,-0.2975,0.186075,0.632125,0.229075,-0.12614999999999998,-0.05325,0.39537500000000003,0.47154999999999997,0.449125,-0.32385,-0.355775,0.40355,0.20475,0.174475,0.0549,0.02595,0.20515,0.530675,-0.124375,-0.206475,-0.0624,-0.12285,0.54385,0.172675,0.0419,-0.1947,-0.07314999999999999,0.127725,0.134875,0.00565,-0.441875,-0.1539,0.495575,0.466325,-0.18937500000000002,-0.40295000000000003,-0.10755,-0.0031,0.338575,-0.491625,-0.341275,-0.05185,0.39444999999999997,0.20615,-0.105475,-0.32327500000000003,-0.36855000000000004,0.1357,-0.3055,-0.02395,-0.077525,-0.24512499999999998,0.22712500000000002,0.117525,0.019575,-0.270525,-0.33525,-0.386,0.14022500000000002,0.043875000000000004,-0.3896,-0.559075,-0.21284999999999998,0.45075,-0.18067499999999997,-0.396125,-0.696275,-0.366525,0.178375,-0.23725000000000002,-0.402975,-0.47550000000000003,-0.173625,-0.0284,-0.0228,-0.47645000000000004,-0.5497500000000001,-0.1575,-0.61915,0.012125,-0.295975,-0.536925,-0.472775,-0.342075,-0.27575,-0.1968,-0.46952499999999997,-0.864375,-0.52185,0.11474999999999999,-0.016775,-0.557475,-0.377325,-0.005725,-0.191025,0.07415,-0.87415,-0.54105,-0.13295,-0.15505,-0.365475,-0.5503750000000001,-0.6432,-0.5758,-0.25825,-0.7085,-0.6249,-0.78215,-0.5482,-0.34145,-0.747575,-0.865425,-0.524775,-0.6475,-0.809075,-0.411225,-0.4558,-0.7087249999999999,-0.30465,0.07650000000000001,-0.24380000000000002,-0.6524,-0.6720999999999999,-0.091,-0.4153,-0.261125,-0.8355750000000001,-0.7661749999999999,-0.35919999999999996,-0.106475,-0.5335,0.03105,-0.9914499999999999,-1.21035,0.070575,-0.64425,-0.468075,-0.8379249999999999,-0.7675,-0.5137999999999999,-0.7793,-0.19125,-1.353075,-1.845675,-1.07555,-0.393175,0.40307499999999996,-2.072575,0.0,0.0,0.0,0.0,0.0,0.0,0.0,0.0,0.0,0.0,0.0,0.0,0.0,0.0,0.0,0.0,0.0,0.0,0.0,0.0,0.0,0.0,0.0,0.0,0.0,0.0,0.0,0.0,0.0,0.0,0.0,0.0,0.0,0.0,0.0,0.0,0.0,0.0,0.0,0.0,0.0,0.0,0.0,0.0,0.0,0.0,0.0,0.0,0.0,0.0,0.0,0.0,0.0,0.0
0.0,0.0,0.0,0.0,0.0,0.0,0.0,0.0,0.0,0.0,0.0,0.0,0.0,0.0,0.0,0.0,0.0,0.0,0.0,0.0,0.0,0.0,0.0,0.0,0.0,0.0,0.0,0.0,0.0,0.0,0.0,0.0,0.0,0.0,0.0,0.0,0.0,0.0,0.0,0.0,0.0,0.0,0.0,0.0,0.0,0.0,0.0,0.0,0.0,0.0,0.0,0.0,0.0,0.0,2.62415,1.9289999999999998,1.3281,1.2060250000000001,2.4714,2.9037,1.6750500000000001,0.45485,0.483775,1.9199,2.619325,1.442575,0.998175,1.003425,1.59125,1.414075,1.6433499999999999,0.8559749999999999,0.9290499999999999,1.61635,1.9401,1.75135,1.1359,0.82055,1.039975,1.194175,1.84835,1.150175,0.70765,1.2625,1.6876250000000002,1.332125,1.3548,0.56745,0.795775,1.836675,1.4611750000000001,0.758375,0.681025,0.93045,1.726925,1.502675,0.8442,0.5620750000000001,1.098225,1.1195249999999999,1.258675,1.01925,0.740175,0.95155,1.275925,1.5591,0.797825,0.8039499999999999,0.547925,0.716875,1.469525,0.861,0.604825,0.61605,1.239125,0.885125,1.05085,0.2575,0.207125,1.213875,1.266475,0.9183250000000001,0.473225,0.40604999999999997,1.022175,1.2399499999999999,0.8054749999999999,0.189025,0.701025,0.703725,1.2918500000000002,0.99505,0.595025,0.46375,0.5216,0.93765,0.62,0.628075,0.20332499999999998,0.33045,1.102775,1.3031,0.652425,0.260725,0.4787,0.506725,1.0349,0.342775,0.026475000000000002,0.39192499999999997,0.8606,1.0899,0.44567500000000004,0.241725,0.1778,0.70705,0.5352,0.262625,0.40302499999999997,0.2721,0.804975,0.716225,0.4371,0.09947500000000001,0.20750000000000002,0.5136999999999999,0.5255,0.71995,0.1742,0.158925,0.49345,0.93485,0.297525,-0.054599999999999996,-0.185975,0.12932500000000002,0.888375,0.355175,-0.0456,0.097775,0.491275,0.760275,0.47054999999999997,-0.09735,-0.297,0.390875,0.39942500000000003,0.4394,0.213075,0.063075,0.24630000000000002,0.344125,0.60985,-5e-05,0.06997500000000001,-0.10645,0.2657,0.7021499999999999,0.244425,-0.0175,-0.010700000000000001,0.5389499999999999,0.21552500000000002,0.266675,-0.32642499999999997,-0.173125,0.672725,0.573475,0.30127499999999996,-0.24980000000000002,-0.111,0.21187499999999998,0.59745,-0.107675,-0.294825,0.0913,0.247075,0.634475,0.10715,-0.097825,-0.14542500000000003,-0.022350000000000002,0.3853,-0.157975,-0.023925000000000002,-0.230425,-0.096875,0.342425,0.599175,-0.10729999999999999,-0.181625,-0.213325,-0.08132500000000001,0.503175,-0.32405,-0.4948,0.019275,0.24359999999999998,0.20615,-0.13242500000000001,-0.381,-0.3943,0.301925,-0.17452499999999999,-0.312475,-0.20884999999999998,-0.164275,0.2157,0.14500000000000002,0.01395,-0.306875,-0.2173,-0.122075,-0.199575,0.080225,-0.23005,-0.30737499999999995,-0.086225,0.304,-0.27054999999999996,-0.4554,-0.505525,-0.4028,0.41069999999999995,-0.322375,-0.328225,-0.26134999999999997,-0.00555,0.12207499999999999,-0.2485,-0.54995,-0.661775,0.029725,-0.13879999999999998,-0.280575,-0.5221,-0.120375,-0.283525,-0.388225,-0.16505,-0.4024,-0.333075,-0.498625,-0.25017500000000004,-0.099275,-0.22092499999999998,-0.4708,-0.3347,0.23735,-0.197825,-0.057375,-0.5726749999999999,-0.591175,0.097075,-0.0012749999999999999,-0.17985,-0.740475,-0.445875,-0.1092,-0.33704999999999996,-0.6348,-0.8366250000000001,-0.615975,-0.9847,-0.118675,-0.5902499999999999,-0.5206999999999999,-1.0522,-0.4777,-0.45205,-0.410325,-0.406625,-0.8834249999999999,-0.447625,-0.2447,-0.34185,-0.600775,-0.85375,-0.5366000000000001,-0.470125,-0.12285,-1.029325,-0.85695,-0.3583,-0.16497499999999998,-0.30875,-0.9270499999999999,-0.8409,-0.6251249999999999,0.079275,-0.851675,-0.506425,-0.627625,-1.1573250000000002,-0.732575,-1.254125,-0.429475,-1.070025,-0.4542,-0.5507,-0.765875,-0.86745,-0.515875,-0.37879999999999997,0.753425,-1.6334,0.0,0.0,0.0,0.0,0.0,0.0,0.0,0.0,0.0,0.0,0.0,0.0,0.0,0.0,0.0,0.0,0.0,0.0,0.0,0.0,0.0,0.0,0.0,0.0,0.0,0.0,0.0,0.0,0.0,0.0,0.0,0.0,0.0,0.0,0.0,0.0,0.0,0.0,0.0,0.0,0.0,0.0,0.0,0.0,0.0,0.0,0.0,0.0,0.0,0.0,0.0,0.0,0.0,0.0
0.0,0.0,0.0,0.0,0.0,0.0,0.0,0.0,0.0,0.0,0.0,0.0,0.0,0.0,0.0,0.0,0.0,0.0,0.0,0.0,0.0,0.0,0.0,0.0,0.0,0.0,0.0,0.0,0.0,0.0,0.0,0.0,0.0,0.0,0.0,0.0,0.0,0.0,0.0,0.0,0.0,0.0,0.0,0.0,0.0,0.0,0.0,0.0,0.0,0.0,0.0,0.0,0.0,0.0,0.0,1.9073250000000002,2.118175,1.5469,0.61065,2.158175,2.400525,1.911125,1.70005,0.8099000000000001,1.2733999999999999,1.7594249999999998,2.1864749999999997,1.3294,0.553225,1.0444,1.8745500000000002,1.4304999999999999,1.3798,0.91845,0.96035,1.76535,1.267875,1.832425,0.935925,0.93415,1.4731,1.668475,1.21345,0.5795,0.743425,0.555125,1.404,1.3964,0.83775,0.759925,1.147025,1.9292500000000001,1.3444,0.7940499999999999,0.33475,1.0032750000000001,1.71955,1.09585,0.8573,0.79705,1.19055,1.3408,1.6699,0.5529,0.574925,0.778825,0.909875,1.5123250000000001,0.97105,0.7048,0.67745,0.9812,1.115275,0.9803999999999999,0.44027499999999997,0.305825,1.145175,1.158925,0.8392,0.370575,0.47965,1.0189,1.0243,0.76135,0.284325,0.534125,0.881775,1.362225,0.8185250000000001,0.56045,0.49015,0.76335,1.1768,0.45844999999999997,0.5869249999999999,0.458575,0.50755,1.1130499999999999,0.908925,0.452425,0.439925,0.689075,0.727575,1.0360500000000001,0.3702,-0.052325,0.535175,0.887725,1.2005,0.38305,0.18095,0.33685,0.8877,0.79365,0.00435,0.21055000000000001,0.6998500000000001,1.058275,0.798325,0.433925,0.02245,0.3331,0.89665,0.299525,0.52765,0.2905,0.2243,0.767775,0.803575,0.19245,0.075575,0.092225,0.114725,0.860775,0.28945,-0.061625,0.0451,0.38439999999999996,0.81245,0.328675,-0.015425000000000001,-0.394975,0.2635,0.6127,0.290575,-0.072375,-0.0322,0.6259,0.5773,0.5154,-0.16625,-0.014575000000000001,0.27645,0.26295,0.480225,0.28757499999999997,0.07865,0.004825,0.34755,0.14225,0.1471,-0.1071,-0.39342499999999997,0.410375,0.5062,0.384375,-0.233125,0.02325,0.1638,0.32032499999999997,-0.088325,-0.54445,0.017875000000000002,0.36782499999999996,0.547875,-0.026875,-0.022075,-0.03405,0.1611,0.5067499999999999,-0.303975,-0.042475,-0.12279999999999999,0.0912,0.29825,0.234775,-0.13365,-0.32345,0.07705000000000001,-0.16292500000000001,0.322075,-0.2881,-0.359525,0.0797,0.27365,0.470175,-0.25585,-0.433475,-0.324975,0.255575,0.20247500000000002,-0.42465,-0.3226,0.307925,0.37782499999999997,0.00555,-0.14802500000000002,-0.454075,-0.079425,0.292875,-0.16292500000000001,0.156775,-0.1787,-0.265725,-0.01145,0.3718,-0.31055,-0.33725,-0.53245,-0.616725,0.3555,-0.222425,-0.39725,-0.510575,-0.069975,0.23975,-0.190425,-0.311075,-0.7967,-0.076475,0.06970000000000001,-0.14859999999999998,-0.377725,-0.43765,-0.101275,-0.23145,-0.205425,-0.66195,-0.443675,-0.3741,-0.556,-0.016425,-0.29965,-0.36077499999999996,-0.6805,-0.216175,-0.3154,-0.191725,-0.51075,-0.45099999999999996,0.217125,-0.0949,-0.180275,-0.589225,-0.25815,-0.0513,-1.03755,-0.580025,-1.097975,-0.5680999999999999,-0.18960000000000002,-0.285625,-0.6112249999999999,-0.497475,-0.484225,-0.73075,-0.9469000000000001,-1.020125,-0.709825,-0.7773749999999999,-0.59385,-0.213525,-0.2027,-0.786575,-0.38634999999999997,-0.5344,-0.9625,-0.150375,-0.38180000000000003,-0.983525,-0.29257500000000003,-0.584525,-0.1615,-0.863675,-0.830925,-0.9076,-0.6657500000000001,-0.023674999999999998,-0.490625,-0.648075,-0.9466,0.027075,-0.487175,-0.94965,-1.2073,0.20440000000000003,-0.0548,-1.353925,-0.26365,-1.0743,-0.058325,-0.343825,0.614525,-0.167475,0.191425,0.0,0.0,0.0,0.0,0.0,0.0,0.0,0.0,0.0,0.0,0.0,0.0,0.0,0.0,0.0,0.0,0.0,0.0,0.0,0.0,0.0,0.0,0.0,0.0,0.0,0.0,0.0,0.0,0.0,0.0,0.0,0.0,0.0,0.0,0.0,0.0,0.0,0.0,0.0,0.0,0.0,0.0,0.0,0.0,0.0,0.0,0.0,0.0,0.0,0.0,0.0,0.0,0.0,0.0,0.0
0.0,0.0,0.0,0.0,0.0,0.0,0.0,0.0,0.0,0.0,0.0,0.0,0.0,0.0,0.0,0.0,0.0,0.0,0.0,0.0,0.0,0.0,0.0,0.0,0.0,0.0,0.0,0.0,0.0,0.0,0.0,0.0,0.0,0.0,0.0,0.0,0.0,0.0,0.0,0.0,0.0,0.0,0.0,0.0,0.0,0.0,0.0,0.0,0.0,0.0,0.0,0.0,0.0,0.0,0.0,0.0,2.534275,2.222825,1.8867,1.6336,1.918925,1.4350749999999999,1.5756,1.512075,1.173375,1.28025,1.1868750000000001,1.7393,2.0275,1.57595,0.74155,0.899925,1.5593,1.49485,1.7744,1.282025,1.19235,1.7736,1.8780999999999999,1.6284750000000001,1.0233750000000001,0.946925,0.5567,1.2697250000000002,0.9707,0.7330749999999999,0.8092,1.17685,1.986625,1.34625,1.012575,0.580275,0.957925,1.8053,1.1157249999999999,0.84885,0.866975,1.2763,1.569875,1.400125,0.62925,0.687825,1.2253500000000002,1.4143999999999999,1.267125,0.84475,0.659825,1.17095,1.489025,0.88575,0.4726,0.6542,0.445975,1.116575,1.1660249999999999,1.005975,0.55515,0.64715,1.2465,1.045825,0.8566,0.072025,0.4506,1.2573999999999999,1.341275,1.06385,0.457775,0.5393,0.9924,1.4127750000000001,0.42569999999999997,0.272225,0.665575,0.729525,1.3358750000000001,0.883875,0.37095,0.324175,0.69945,0.7811250000000001,0.698175,0.545875,0.093575,0.6216250000000001,1.060325,0.96265,0.355675,0.13705,0.37460000000000004,0.70715,1.035075,0.09542500000000001,0.250975,0.489725,1.1763249999999998,0.8115,0.351,0.007725,0.30479999999999996,0.9937750000000001,0.326925,0.360325,0.307875,0.54335,0.8366750000000001,0.770725,0.38180000000000003,0.179,0.388725,0.18180000000000002,0.767325,0.43577499999999997,0.033825,0.09565000000000001,0.48605,0.935025,0.147925,0.02435,-0.247375,0.29135,0.8911250000000001,0.31379999999999997,-0.047975000000000004,0.2319,0.6708,0.49072499999999997,0.5332,-0.188225,0.010974999999999999,0.68065,0.31645,0.44725,0.097225,0.051475,0.335625,0.5465,0.178525,0.018125000000000002,0.07880000000000001,-0.21525,0.5058499999999999,0.3229,0.22872499999999998,-0.140375,0.012325,0.59275,0.281125,0.0831,-0.65955,-0.09685,0.637175,0.6129,0.0807,-0.045974999999999995,0.019875,0.29847500000000005,0.53805,-0.376675,-0.1539,-0.070375,0.348525,0.6620250000000001,0.038575,-0.09555,-0.22765000000000002,-0.001325,-0.0426,0.10792500000000001,0.016475,-0.2407,-0.06465,0.25765,0.425525,-0.4324,-0.27645000000000003,-0.292175,0.164025,0.22785,-0.431425,-0.2687,0.106075,0.510975,0.012175,-0.21242499999999997,-0.497375,-0.1866,0.435425,-0.163225,-0.068325,-0.17922500000000002,0.011925000000000002,0.26895,-0.067175,-0.42985,-0.474325,-0.226825,-0.38287499999999997,-0.1355,-0.19245,-0.162675,-0.395475,-0.2417,0.098725,-0.3651,-0.434525,-0.67765,-0.210375,0.319875,-0.0459,-0.47547500000000004,-0.204125,0.082675,-0.121975,-0.173125,-0.84595,-0.407525,0.047650000000000005,-0.01015,-0.03105,-0.250975,-0.316975,-0.163375,-0.1202,-0.3215,-0.292775,-0.321425,-0.68695,-0.0035,-0.33020000000000005,-0.203375,-0.5765,-0.32295,0.0881,-0.13947500000000002,-0.264425,-0.99055,-0.619275,0.10835,-0.240925,-0.855075,-0.6204500000000001,-0.561625,-0.820425,-0.1733,-0.83415,-0.73585,-0.255725,-0.586925,-0.32515,-0.473,-0.681,-0.67645,-0.197975,-0.758375,-0.5038,-0.310125,-0.945775,-0.40725,-0.32175,-0.46582500000000004,-0.9711000000000001,-0.863875,-0.756625,-0.4009,-0.66475,-0.72295,-0.88615,-0.097075,-0.49295,-0.671975,-0.5091000000000001,-0.371425,-0.6623,-0.73825,-0.6728500000000001,-0.16617500000000002,0.1925,-0.978275,0.13947500000000002,-0.659975,-0.1474,-1.555225,0.774875,-0.485425,0.0,0.0,0.0,0.0,0.0,0.0,0.0,0.0,0.0,0.0,0.0,0.0,0.0,0.0,0.0,0.0,0.0,0.0,0.0,0.0,0.0,0.0,0.0,0.0,0.0,0.0,0.0,0.0,0.0,0.0,0.0,0.0,0.0,0.0,0.0,0.0,0.0,0.0,0.0,0.0,0.0,0.0,0.0,0.0,0.0,0.0,0.0,0.0,0.0,0.0,0.0,0.0,0.0,0.0,0.0,0.0
0.0,0.0,0.0,0.0,0.0,0.0,0.0,0.0,0.0,0.0,0.0,0.0,0.0,0.0,0.0,0.0,0.0,0.0,0.0,0.0,0.0,0.0,0.0,0.0,0.0,0.0,0.0,0.0,0.0,0.0,0.0,0.0,0.0,0.0,0.0,0.0,0.0,0.0,0.0,0.0,0.0,0.0,0.0,0.0,0.0,0.0,0.0,0.0,0.0,0.0,0.0,0.0,0.0,0.0,0.0,0.0,0.0,1.236075,2.1843500000000002,1.521825,1.07825,1.5922,1.3484500000000001,1.28715,1.891225,2.2405500000000003,1.3045749999999998,1.38395,1.272775,1.986825,1.151625,0.940275,0.893675,1.5187,2.0335,1.71855,1.505525,0.72075,1.14945,1.2815750000000001,1.2752249999999998,1.494275,0.797,0.9867750000000001,1.4239,1.836975,1.129675,0.851,0.60295,0.962825,1.897775,1.284525,0.83575,0.65895,1.3535,1.807,1.056775,0.487325,0.24045,1.22355,1.439375,1.4734500000000001,0.87825,0.7642,1.362825,1.4083999999999999,1.163975,0.490425,0.8089999999999999,0.6756,1.0454999999999999,0.970575,0.807025,0.616825,0.6648999999999999,1.140625,0.8554,1.00265,0.11415,0.359375,1.282975,1.2634500000000002,0.7631749999999999,0.31365,0.652225,1.08155,1.354625,0.40485,0.25887499999999997,0.637725,0.9709,1.3417249999999998,0.7743249999999999,0.348425,0.399025,0.9418,0.79305,0.281225,0.564575,0.338925,0.807375,0.958125,0.826425,0.33475,0.5021,0.4839,0.663625,1.08855,0.020875,0.23745,0.716175,0.986775,0.94935,0.34619999999999995,-0.0362,0.407925,1.2486249999999999,0.4185,0.24775,0.16535,0.5479,1.031,0.60055,0.2216,-0.093175,0.3962,0.6594,0.5750249999999999,0.49905,0.16095,0.3368,0.76225,0.868825,0.14805,0.05355,-0.16935,0.1486,0.839175,0.25075,0.12,-0.0827,0.3902,0.62615,0.29625,-0.15289999999999998,-0.18885000000000002,0.55125,0.59005,0.528975,0.047125,0.107225,0.473275,0.6556500000000001,0.11610000000000001,-0.22225,0.106225,-0.0129,0.5039,0.184175,0.228075,-0.030075,-0.029974999999999998,0.47409999999999997,0.0175,0.2344,-0.39137500000000003,-0.113275,0.69695,0.46685,0.009275,-0.2384,0.02085,0.15189999999999998,0.561525,-0.36515,-0.37422500000000003,0.1145,0.23622500000000002,0.467425,-0.052275,-0.02635,-0.108075,0.3408,0.2341,-0.193175,-0.0296,-0.11765,0.20065,0.27505,0.294325,-0.399175,-0.135275,-0.09915,-0.123625,0.437825,-0.373975,-0.332875,0.13955,0.370425,0.01375,-0.319475,-0.52495,-0.0629,0.6210249999999999,-0.121825,-0.3517,-0.26755,0.12645,0.36445,0.029825,-0.353875,-0.57565,-0.08297500000000001,-0.076775,-0.116625,-0.169275,-0.2734,-0.13905,-0.0293,0.0668,-0.44875,-0.41657500000000003,-0.658,-0.17435,0.39832500000000004,-0.1552,-0.2906,-0.2818,0.006275,-0.246775,-0.332975,-0.7559,-0.628925,0.16015,-0.1144,-0.19824999999999998,-0.5020249999999999,-0.452475,-0.28659999999999997,-0.28259999999999996,-0.53405,-0.5380750000000001,-0.209925,-0.20042500000000002,-0.1724,-0.132225,-0.2283,-0.460625,-0.327325,0.00735,-0.5080749999999999,-0.036574999999999996,-0.7282,-0.36355000000000004,0.3069,-0.218425,-0.664925,-0.919125,-0.35055000000000003,-0.405125,-0.381575,-0.65175,-0.65095,-0.36895,-0.199875,-0.41905000000000003,-0.024550000000000002,-0.5304,-0.811475,-0.8586750000000001,-0.7889499999999999,-0.8660000000000001,-0.570675,-0.4307,-0.47950000000000004,-0.436975,-0.36210000000000003,-0.692175,-0.36150000000000004,-0.6025,-0.8166249999999999,-0.10389999999999999,-0.8209,-0.948425,-0.265575,-0.194675,-0.1869,-0.6703749999999999,-1.3027,-0.29195000000000004,-0.373075,-1.21175,-0.26625,-0.42565000000000003,0.632325,0.28895,-0.9107749999999999,-0.36722499999999997,-1.678625,0.77145,-1.8516,-0.16055,-0.71905,0.0,0.0,0.0,0.0,0.0,0.0,0.0,0.0,0.0,0.0,0.0,0.0,0.0,0.0,0.0,0.0,0.0,0.0,0.0,0.0,0.0,0.0,0.0,0.0,0.0,0.0,0.0,0.0,0.0,0.0,0.0,0.0,0.0,0.0,0.0,0.0,0.0,0.0,0.0,0.0,0.0,0.0,0.0,0.0,0.0,0.0,0.0,0.0,0.0,0.0,0.0,0.0,0.0,0.0,0.0,0.0,0.0
0.0,0.0,0.0,0.0,0.0,0.0,0.0,0.0,0.0,0.0,0.0,0.0,0.0,0.0,0.0,0.0,0.0,0.0,0.0,0.0,0.0,0.0,0.0,0.0,0.0,0.0,0.0,0.0,0.0,0.0,0.0,0.0,0.0,0.0,0.0,0.0,0.0,0.0,0.0,0.0,0.0,0.0,0.0,0.0,0.0,0.0,0.0,0.0,0.0,0.0,0.0,0.0,0.0,0.0,0.0,0.0,0.0,1.347525,0.7115,1.62915,2.377625,2.80365,1.6093000000000002,1.4731750000000001,0.7748999999999999,0.3407,2.037025,1.7346750000000002,1.046675,0.91005,1.5542250000000002,2.42465,1.547675,1.396625,0.6429,1.4551500000000002,1.43085,1.219525,1.45705,1.261625,1.562775,1.751125,1.26315,0.779075,0.782875,0.96315,0.8159,1.584525,1.17545,0.644375,0.905025,1.4832,1.5382,1.41675,0.55105,0.489825,1.3373,1.830225,1.18365,0.673975,0.907725,1.23975,1.504075,1.1747750000000001,0.33797499999999997,0.6118,1.097025,1.21985,1.3629,0.638125,0.667875,0.9262250000000001,1.3141,0.6953,0.7234750000000001,0.4715,0.692725,1.328475,1.0656249999999998,0.8576,0.13679999999999998,0.709175,1.058325,1.023825,0.6652750000000001,0.22815000000000002,0.83655,1.2438,1.4130500000000001,0.75995,0.38239999999999996,0.52475,0.9088999999999999,1.087825,0.24677500000000002,0.48872499999999997,0.4878,1.0674,1.112825,0.679325,0.304725,0.46452499999999997,0.7978,0.5632499999999999,0.96685,0.358025,0.387025,0.7125,1.018875,0.88515,0.194075,0.09415,0.22385,1.1292,0.638925,0.094725,0.2101,0.7901499999999999,1.09015,0.636175,0.17345,-0.1156,0.558675,0.85185,0.325125,0.4522,0.292175,0.490975,0.688875,0.738725,-0.029425,0.15035,0.321225,0.3467,0.73265,0.27215,0.15652500000000003,0.0408,0.47415,0.5130250000000001,0.26832500000000004,-0.217775,-0.224275,0.60195,0.583725,0.21889999999999998,-0.048725000000000004,0.0914,0.6964750000000001,0.59745,0.23575,-0.2741,0.29185,0.609225,0.5402750000000001,0.3063,0.0404,-0.0021000000000000003,0.269325,0.551775,-0.15990000000000001,0.07377500000000001,-0.14115,0.052450000000000004,0.8104,0.43415,0.103625,-0.305025,0.0045249999999999995,0.21764999999999998,0.4278,-0.247525,-0.5903,-0.045575000000000004,0.52815,0.61275,-0.1913,-0.050699999999999995,-0.12225,0.438075,0.49157500000000004,-0.34345000000000003,-0.086525,0.06665,0.247325,0.144825,0.108525,-0.310525,-0.171325,0.076475,-0.239075,0.2025,-0.2555,-0.23355,0.127675,0.3234,-2.4999999999999998e-05,-0.27637500000000004,-0.4151,-0.2791,0.363525,-0.021,-0.176025,-0.27964999999999995,0.22725,0.460575,-0.19375,-0.26195,-0.51445,0.08727499999999999,0.328225,-0.143375,-0.025925,-0.255625,0.032975000000000004,-0.062049999999999994,0.06,-0.6244000000000001,-0.216725,-0.312175,-0.246475,0.203575,-0.324325,-0.357325,-0.35645,0.056475,-0.07365,-0.166875,-0.4917,-0.6560999999999999,-0.0135,0.01715,-0.155875,-0.729975,-0.084475,0.0506,-0.299975,-0.5315000000000001,-0.6619,-0.32165,-0.043725,-0.0257,-0.1172,-0.548725,-0.327925,-0.044675,-0.07515,-0.521075,-0.25425,-0.516,-0.5162249999999999,0.239825,0.241175,-0.298975,-0.573125,-0.378575,-0.42985,-0.02325,-0.924425,-0.99485,-0.38634999999999997,0.025425,-0.536725,-1.152925,-0.64515,-0.7619,-0.20582499999999998,0.04255,-0.7189,-0.611875,-0.617375,-0.112425,-0.1797,-0.35665,-0.4712,-0.6413,-0.188425,-0.5599500000000001,-0.40347500000000003,-0.600975,-0.68115,-0.5766249999999999,-0.1399,-0.46925,-1.173025,-0.975625,-0.58155,0.11900000000000001,-0.689175,-0.589875,-1.194925,0.276225,-0.507175,-0.24977500000000002,-0.807525,-1.6990500000000002,-0.6674,-0.227375,-1.36395,-1.267075,0.13522499999999998,-0.26537499999999997,-0.393175,0.0,0.0,0.0,0.0,0.0,0.0,0.0,0.0,0.0,0.0,0.0,0.0,0.0,0.0,0.0,0.0,0.0,0.0,0.0,0.0,0.0,0.0,0.0,0.0,0.0,0.0,0.0,0.0,0.0,0.0,0.0,0.0,0.0,0.0,0.0,0.0,0.0,0.0,0.0,0.0,0.0,0.0,0.0,0.0,0.0,0.0,0.0,0.0,0.0,0.0,0.0,0.0,0.0,0.0,0.0,0.0,0.0
0.0,0.0,0.0,0.0,0.0,0.0,0.0,0.0,0.0,0.0,0.0,0.0,0.0,0.0,0.0,0.0,0.0,0.0,0.0,0.0,0.0,0.0,0.0,0.0,0.0,0.0,0.0,0.0,0.0,0.0,0.0,0.0,0.0,0.0,0.0,0.0,0.0,0.0,0.0,0.0,0.0,0.0,0.0,0.0,0.0,0.0,0.0,0.0,0.0,0.0,0.0,0.0,0.0,0.0,0.0,0.0,0.0,0.0,1.5276,2.4628249999999996,0.598975,0.948275,0.684875,1.4864,1.7777749999999999,0.773525,1.009675,1.0445,2.40885,1.6098,0.8902,0.639175,1.62995,1.99235,1.4213,1.4277,0.7549,1.495975,1.467275,1.334575,0.7318250000000001,0.855125,1.183525,1.287175,1.50095,0.998475,0.8934,0.778275,1.1245500000000002,1.711225,0.9423,0.7990999999999999,0.3966,1.2912,1.722725,1.3295249999999998,0.801925,1.10645,1.19455,1.2337,1.558175,0.060475,0.62825,1.3075999999999999,1.336125,1.2012999999999998,0.798,0.7557,1.42,1.4425,0.283825,0.42922499999999997,0.6473,0.76295,1.3235,1.146725,0.74005,0.56095,0.7903,0.938625,0.79645,0.5052000000000001,0.055625,0.6678,1.265175,1.42215,0.692125,0.444425,0.691325,1.07305,1.104225,0.10122500000000001,0.33999999999999997,0.648,1.2476,1.081525,0.6016250000000001,0.19824999999999998,0.547925,1.023975,0.4849,0.34535,0.36965,0.412975,1.041,1.032,0.887475,0.2832,0.27085,0.45399999999999996,0.820125,0.69445,0.14,0.216325,0.813925,1.3166250000000002,0.56365,0.143675,-0.0243,0.5808249999999999,1.2746499999999998,0.3964,0.3463,0.157075,0.597375,0.9503250000000001,0.6526,-0.1284,0.04395,0.5802999999999999,0.40625,0.6925,0.2014,0.273225,0.243975,0.546975,0.43915,-0.047775,0.044325,-0.216775,0.5938,0.670875,0.382175,-0.09515,0.22662500000000002,0.595,0.3749,0.136425,-0.41525,0.0466,0.667125,0.540725,0.493425,0.0544,0.16105,0.45740000000000003,0.5897,-0.3666,-0.05455,0.086175,0.144325,0.5421750000000001,0.343675,0.139825,-0.1059,0.15395,0.1744,0.2299,-0.010675,-0.33125000000000004,0.141025,0.53365,0.4464,-0.24525,-0.2021,-0.150175,0.221425,0.41085000000000005,-0.4905,-0.08255,0.350025,0.58235,0.204925,-0.136525,-0.373975,0.0238,0.42179999999999995,-0.135,-0.055325,-0.33602499999999996,-0.029075,0.32785,0.22102500000000003,-0.163875,-0.314475,-0.27349999999999997,0.04175,0.132525,0.354825,-0.350775,-0.40985,0.33399999999999996,0.549025,0.251975,-0.422475,-0.573475,-0.023475,0.5764750000000001,-0.33185,-0.16662500000000002,-0.228175,0.133425,0.303775,-0.128525,-0.5233249999999999,-0.357675,0.127075,-0.122775,0.03015,-0.428225,-0.358675,-0.114175,0.021975,0.00035,-0.371075,-0.01765,-0.5749,-0.076275,0.197325,0.018250000000000002,-0.505425,-0.3175,-0.1537,-0.228125,-0.182575,-0.936075,-0.384575,0.049025,-0.1666,-0.331275,-0.6777249999999999,-0.151025,-0.0368,0.152225,-0.61985,-0.4158,-0.2495,-0.122075,0.017675,-0.276075,-0.30195,-0.7147,-0.43665,-0.560825,-0.2393,-0.309,-0.7151500000000001,-0.719175,-0.0827,-0.53235,-0.5714,-0.36055000000000004,-0.96635,-0.697025,-0.13290000000000002,-1.050975,-0.538975,-0.125175,-0.30085,-0.25815,-0.6382249999999999,-0.8095749999999999,-0.341225,-0.082575,-0.822725,-0.40092500000000003,-0.588975,-0.5235,-0.676575,-0.612225,-0.914275,-0.9054249999999999,-0.718,-0.47505000000000003,0.02045,-0.70575,-0.296375,-0.8228249999999999,-0.8979,-0.342075,-0.658325,-1.1344,-1.69595,-0.806675,-0.234175,-1.042575,0.551525,-0.22665,0.9259999999999999,-0.133025,-0.24864999999999998,-0.32865,0.0,0.0,0.0,0.0,0.0,0.0,0.0,0.0,0.0,0.0,0.0,0.0,0.0,0.0,0.0,0.0,0.0,0.0,0.0,0.0,0.0,0.0,0.0,0.0,0.0,0.0,0.0,0.0,0.0,0.0,0.0,0.0,0.0,0.0,0.0,0.0,0.0,0.0,0.0,0.0,0.0,0.0,0.0,0.0,0.0,0.0,0.0,0.0,0.0,0.0,0.0,0.0,0.0,0.0,0.0,0.0,0.0,0.0
0.0,0.0,0.0,0.0,0.0,0.0,0.0,0.0,0.0,0.0,0.0,0.0,0.0,0.0,0.0,0.0,0.0,0.0,0.0,0.0,0.0,0.0,0.0,0.0,0.0,0.0,0.0,0.0,0.0,0.0,0.0,0.0,0.0,0.0,0.0,0.0,0.0,0.0,0.0,0.0,0.0,0.0,0.0,0.0,0.0,0.0,0.0,0.0,0.0,0.0,0.0,0.0,0.0,0.0,0.0,0.0,0.0,0.0,0.0,2.1128,2.2904999999999998,2.2376750000000003,1.15625,1.8275000000000001,1.2643,2.576825,1.4916500000000001,1.43255,1.1208500000000001,1.079,2.17,1.636525,1.1697250000000001,0.991225,1.37515,2.166225,1.632525,1.201725,0.826875,1.6192000000000002,1.7231999999999998,1.433225,1.1929,1.1301999999999999,1.430275,1.45725,1.477975,0.9128499999999999,0.977,0.7023,1.270475,1.8267250000000002,1.037,0.884225,1.1408,1.683825,1.3269,1.267575,0.1794,0.76875,1.4731750000000001,1.482875,0.928775,0.5255000000000001,0.889975,1.588375,1.4535500000000001,0.64075,0.198225,0.7579750000000001,1.386625,1.3635,0.7664249999999999,0.646775,0.632525,1.156425,1.23095,0.7852750000000001,0.7622,0.1273,0.83755,1.51695,1.0015,0.614,0.5156499999999999,0.6228,1.0963250000000002,1.3232,0.18105,0.246875,0.8228,1.211625,1.118875,0.39905,0.30305000000000004,0.479,1.178325,0.699975,0.47225,0.58215,0.641575,1.117425,0.8047,0.698375,0.2272,0.538825,0.724725,0.66165,0.7348250000000001,0.239525,0.46912499999999996,0.739925,0.859325,0.4578,0.145225,0.1435,0.5244500000000001,1.1722,0.39492499999999997,0.14715,0.22125,0.891125,1.129425,0.46575,-0.2224,-0.1388,0.64645,0.627,0.514725,0.1732,0.382675,0.58555,0.7065,0.41352500000000003,-0.086225,0.369925,0.1711,0.503625,0.741975,0.20725,0.055125,0.349175,0.6441749999999999,0.355125,0.26525,-0.478575,0.09525,0.9048499999999999,0.448725,0.15255,-0.137875,0.22855,0.62425,0.56965,-0.05895,-0.301675,0.33585,0.6391,0.6743,0.06305,0.0442,0.041550000000000004,0.384175,0.47605,-0.06407500000000001,0.15990000000000001,-0.2792,0.1724,0.655975,0.377875,-0.15005000000000002,-0.122725,-0.137525,0.13092499999999999,0.335875,-0.38815,-0.36619999999999997,0.11274999999999999,0.5660499999999999,0.496575,-0.15639999999999998,-0.22922499999999998,-0.06847500000000001,0.40407499999999996,-0.045375,-0.23205,-0.037575,0.236,0.40195000000000003,0.0521,0.078,-0.50385,0.051525,-0.04575,-0.039275000000000004,0.140175,-0.206975,-0.1849,0.6426499999999999,0.197825,-0.21789999999999998,-0.08515,-1.0961,0.210425,0.15352500000000002,-0.2777,-0.046725,-0.31825000000000003,0.27705,0.271575,-0.1283,-0.40540000000000004,-0.445575,0.19119999999999998,-0.14329999999999998,-0.20985,-0.3607,-0.022074999999999997,0.04485,0.1143,-0.3278,-0.555,-0.05115,-0.25470000000000004,-0.045425,0.265,-0.214275,-0.5607,-0.068425,-0.132725,-0.437875,-0.27205,-0.81955,-0.4983,0.075725,0.016025,-0.29037500000000005,-0.709575,-0.60015,-0.016925000000000003,0.008,-0.7406,-0.557125,-0.122075,0.22085,0.007625000000000001,-0.330125,-0.4301,-0.594625,0.01725,-0.26285000000000003,-0.392575,-0.42827499999999996,-0.295725,-0.38127500000000003,-0.037975,0.047450000000000006,-0.7836,-0.652775,-0.674025,-0.1436,-0.0727,-1.037475,-0.91385,0.060425,-0.18895,-0.533325,-0.46975,-0.71375,-0.7158,-0.131225,-0.5626249999999999,-0.6666,-0.407025,-0.3954,0.11497500000000001,-0.5668500000000001,-0.344375,-0.757475,-0.384425,-0.6957,-0.778875,-0.0635,-0.456325,-0.906875,-0.137225,-0.27205,-0.601475,-0.6891750000000001,-1.3310250000000001,-0.347825,-0.7402,-0.0167,-0.7541,0.35935,-0.890725,0.692125,-0.675375,1.332325,0.004975,-2.7657249999999998,0.0,0.0,0.0,0.0,0.0,0.0,0.0,0.0,0.0,0.0,0.0,0.0,0.0,0.0,0.0,0.0,0.0,0.0,0.0,0.0,0.0,0.0,0.0,0.0,0.0,0.0,0.0,0.0,0.0,0.0,0.0,0.0,0.0,0.0,0.0,0.0,0.0,0.0,0.0,0.0,0.0,0.0,0.0,0.0,0.0,0.0,0.0,0.0,0.0,0.0,0.0,0.0,0.0,0.0,0.0,0.0,0.0,0.0,0.0
0.0,0.0,0.0,0.0,0.0,0.0,0.0,0.0,0.0,0.0,0.0,0.0,0.0,0.0,0.0,0.0,0.0,0.0,0.0,0.0,0.0,0.0,0.0,0.0,0.0,0.0,0.0,0.0,0.0,0.0,0.0,0.0,0.0,0.0,0.0,0.0,0.0,0.0,0.0,0.0,0.0,0.0,0.0,0.0,0.0,0.0,0.0,0.0,0.0,0.0,0.0,0.0,0.0,0.0,0.0,0.0,0.0,0.0,0.0,0.0,1.860325,1.584325,2.0037000000000003,1.4930249999999998,1.0195750000000001,0.8762,1.3927,2.65,1.551425,1.224875,0.6697500000000001,1.5168750000000002,2.090125,1.382,1.783825,0.53865,1.653,2.038225,1.40025,1.24085,0.840075,1.4053499999999999,1.7624,1.4597,0.597025,0.688225,1.1215,1.2124,1.9134,0.9111750000000001,0.9587,0.970175,1.2906749999999998,1.361625,1.08095,0.5543750000000001,0.722475,1.5475500000000002,1.4656250000000002,1.2933999999999999,0.7024250000000001,1.21885,1.52385,1.455225,0.8189500000000001,0.1787,0.9060250000000001,1.376225,1.431025,0.90795,0.608825,0.7146250000000001,1.2773750000000001,1.09925,0.34195,0.763425,0.559675,0.908575,1.384075,0.8422,0.79395,0.4696,0.88995,0.905,1.04105,0.47609999999999997,0.309475,0.908175,1.4684499999999998,1.129375,0.3014,0.3427,0.537875,1.124525,0.944175,0.157775,0.38060000000000005,0.986575,1.196475,0.865075,0.5243,0.06384999999999999,0.7958,1.0397,0.513,0.703825,0.321475,0.6982,1.0862,0.94,0.408925,0.15475,0.299975,0.463675,1.05935,0.5654250000000001,0.201475,0.23304999999999998,0.995225,1.1444,0.32577500000000004,0.20782499999999998,-0.11345,0.825825,0.994525,0.370625,0.264025,0.286275,0.67255,0.6644749999999999,0.488775,-0.2859,0.26955,0.352725,0.5750249999999999,0.734,0.11445,0.118275,0.184225,0.418,0.177625,0.25634999999999997,-0.04315,0.047625,0.603325,0.498525,0.22462500000000002,-0.27197499999999997,0.2005,0.5146,0.632875,0.093725,-0.43425,0.117875,0.65965,0.678925,0.014525,0.0275,0.1265,0.45455,0.2721,-0.27705,0.13722499999999999,0.08465,0.250425,0.5098,0.147725,-0.14845,-0.08205000000000001,0.13540000000000002,0.078125,0.22547499999999998,-0.32237499999999997,-0.167875,0.253925,0.526925,0.241925,-0.3328,-0.134175,-0.137425,0.6441,0.27942500000000003,-0.41745,-0.1108,0.38695,0.6132500000000001,0.03685,-0.23967500000000003,-0.47009999999999996,0.17815,0.357725,-0.19505,-0.0811,-0.14115,-0.111525,0.368725,0.15925,-0.35875,-0.3553,-0.042249999999999996,-0.04605,0.219825,-0.10110000000000001,-0.170325,-0.6156999999999999,0.340625,0.3457,-0.32515,-0.35005,-0.655175,0.2557,0.49477499999999996,-0.05935,-0.278,-0.13024999999999998,0.068275,0.047675,-0.249275,-0.674275,-0.167025,-0.10464999999999999,0.1974,0.059,-0.219525,-0.29695,-0.28550000000000003,-0.0278,-0.5163249999999999,-0.17935,-0.498175,-0.44825000000000004,-0.128975,-0.224375,-0.19685,-0.6275,0.03725,-0.12494999999999999,-0.13419999999999999,-0.441875,-0.8686750000000001,-0.273225,0.12965,-0.065175,-0.381075,-0.275225,-0.48255000000000003,-0.060275,-0.26695,-0.73895,-0.08477499999999999,-0.44025000000000003,-0.27785000000000004,-0.16747499999999998,-0.31584999999999996,-0.11215,-0.73685,-0.2016,-0.52605,-0.319525,-0.482,-0.7846,-0.634525,0.154875,-0.168425,-1.02875,-0.487225,-0.471475,-0.138875,-0.488075,-0.6459,-0.30889999999999995,0.050775,0.3432,-0.547025,-0.66415,-0.900875,-0.279675,-0.14805000000000001,-0.87385,-0.48602500000000004,-0.72595,-0.9076,-0.42117499999999997,-0.35557500000000003,-0.443375,-0.9428,-1.0459749999999999,-1.1261999999999999,0.1269,-0.5871999999999999,-0.5440499999999999,-1.2533,-1.0053750000000001,-0.89655,-0.274975,-0.7687999999999999,-0.98345,-1.189475,0.35835,0.28225,0.0,0.0,0.0,0.0,0.0,0.0,0.0,0.0,0.0,0.0,0.0,0.0,0.0,0.0,0.0,0.0,0.0,0.0,0.0,0.0,0.0,0.0,0.0,0.0,0.0,0.0,0.0,0.0,0.0,0.0,0.0,0.0,0.0,0.0,0.0,0.0,0.0,0.0,0.0,0.0,0.0,0.0,0.0,0.0,0.0,0.0,0.0,0.0,0.0,0.0,0.0,0.0,0.0,0.0,0.0,0.0,0.0,0.0,0.0,0.0
0.0,0.0,0.0,0.0,0.0,0.0,0.0,0.0,0.0,0.0,0.0,0.0,0.0,0.0,0.0,0.0,0.0,0.0,0.0,0.0,0.0,0.0,0.0,0.0,0.0,0.0,0.0,0.0,0.0,0.0,0.0,0.0,0.0,0.0,0.0,0.0,0.0,0.0,0.0,0.0,0.0,0.0,0.0,0.0,0.0,0.0,0.0,0.0,0.0,0.0,0.0,0.0,0.0,0.0,0.0,0.0,0.0,0.0,0.0,0.0,0.93225,0.9823,0.998775,1.7915,1.578725,1.5077749999999999,1.4701,1.748075,2.099,1.6667999999999998,1.0380500000000001,1.9917,0.924175,1.82955,2.072875,1.7200499999999999,1.239025,1.1508749999999999,1.942425,1.80445,1.276575,0.65325,1.09895,1.746225,1.36175,1.180175,1.020975,1.3504749999999999,1.5275999999999998,1.9425249999999998,1.1753749999999998,0.6196250000000001,0.690825,0.75585,1.493075,1.4153250000000002,1.0429249999999999,0.9019,1.3233,1.585125,1.459875,0.8871,0.000975,0.947475,1.656525,1.550525,0.7916,0.30924999999999997,0.9148499999999999,1.495125,1.42425,0.19565,0.341325,0.7021,1.290425,1.346875,0.748175,0.6194999999999999,0.634725,1.279825,0.7701,0.686725,0.6278,0.2726,0.947425,1.51485,1.022975,0.374675,0.529525,0.5654,1.183,1.0432249999999998,0.1444,0.531425,0.922425,1.29745,0.9452,0.465825,0.226425,0.7146250000000001,1.112475,0.372675,0.5166499999999999,0.30565,0.8606499999999999,0.987475,0.5923999999999999,0.389375,0.179925,0.655675,0.54175,0.7418750000000001,0.49712500000000004,0.449025,0.263875,1.016225,0.7468250000000001,0.2202,0.18655,-0.06185,0.7279,1.1616,0.2051,0.1923,0.4563,0.9763999999999999,0.676075,0.29872499999999996,-0.2993,0.3282,0.9369000000000001,0.5756,0.367425,-0.023075000000000002,0.4413,0.6769000000000001,0.632925,0.058675,0.08735,0.10355,0.105325,0.738075,0.576125,0.2265,-0.1934,0.380325,0.7183,0.3887,0.286825,-0.45235000000000003,0.2427,1.06495,0.63995,0.047049999999999995,-0.05895,0.19735,0.62755,0.645525,-0.37292499999999995,-0.064925,0.138375,0.6057,0.655875,0.009925,-0.024749999999999998,-0.027075,0.34235,-0.07575,0.17875,-0.061225,-0.042775,0.23505,0.4533,0.26685000000000003,-0.312975,-0.196325,-0.126625,0.3392,0.29025,-0.24789999999999998,-0.01095,0.385075,0.519775,0.026325,-0.22647499999999998,-0.317425,0.20379999999999998,0.35835,-0.25882499999999997,-0.1784,-0.128325,0.266025,0.339775,-0.065025,-0.158075,-0.370825,0.036775,-0.100925,0.070325,0.09525,0.1238,-0.413875,0.073475,0.23235,-0.48495,-0.1138,-0.558875,0.26632500000000003,0.325525,-0.154225,-0.29102500000000003,0.0451,0.181025,0.09762499999999999,-0.4014,-0.812825,-0.14995,0.3626,-0.060725,0.012575,-0.37479999999999997,-0.010475,0.13,0.18027500000000002,-0.5774999999999999,-0.5169,-0.41505,-0.228075,-0.044,-0.1935,-0.263075,-0.5711999999999999,-0.372475,-0.115525,-0.147175,-0.29002500000000003,-0.90455,-0.16497499999999998,0.355925,0.064075,-0.37815,-0.6094499999999999,-0.495625,0.19849999999999998,0.06255,-0.87695,-0.4833,-0.374725,0.079575,-0.00805,-0.315725,-0.68335,-0.24885,-0.18675,-0.405775,-0.456525,-0.649025,-0.785575,-0.5136,-0.2469,-0.016775,-0.6513249999999999,-0.867275,-0.6980000000000001,-0.59065,-0.27925,-1.067525,-0.4947,-0.054075,-0.146925,-0.450925,-0.7401500000000001,-0.756275,-0.13145,0.118225,-0.6506,-0.49822500000000003,-0.423875,-0.30567500000000003,-0.160775,-0.5140250000000001,-0.6351,-0.826375,-0.55575,-1.1622750000000002,-0.215225,-0.9327,-0.6152,-0.761225,-1.138325,-0.703375,-0.82665,-0.8172,-1.2808,-0.3908,0.26597499999999996,-1.553225,-0.6456999999999999,-0.435575,-0.0457,0.0,0.0,0.0,0.0,0.0,0.0,0.0,0.0,0.0,0.0,0.0,0.0,0.0,0.0,0.0,0.0,0.0,0.0,0.0,0.0,0.0,0.0,0.0,0.0,0.0,0.0,0.0,0.0,0.0,0.0,0.0,0.0,0.0,0.0,0.0,0.0,0.0,0.0,0.0,0.0,0.0,0.0,0.0,0.0,0.0,0.0,0.0,0.0,0.0,0.0,0.0,0.0,0.0,0.0,0.0,0.0,0.0,0.0,0.0,0.0
0.0,0.0,0.0,0.0,0.0,0.0,0.0,0.0,0.0,0.0,0.0,0.0,0.0,0.0,0.0,0.0,0.0,0.0,0.0,0.0,0.0,0.0,0.0,0.0,0.0,0.0,0.0,0.0,0.0,0.0,0.0,0.0,0.0,0.0,0.0,0.0,0.0,0.0,0.0,0.0,0.0,0.0,0.0,0.0,0.0,0.0,0.0,0.0,0.0,0.0,0.0,0.0,0.0,0.0,0.0,0.0,0.0,0.0,0.0,0.0,0.0,2.244875,1.76315,1.24005,1.6575,2.692775,1.848725,1.405725,1.3547,1.490675,1.593675,1.966375,1.3732,1.3994499999999999,1.1141999999999999,2.3093500000000002,2.01025,1.2624,0.3686,0.876125,1.62,1.6545,1.221675,1.101875,1.2575500000000002,1.122225,1.712075,1.28495,0.4848,1.3438999999999999,1.329175,1.4590999999999998,1.546725,0.951025,1.225625,1.353325,1.58705,0.9351499999999999,1.1091,0.4012,0.740075,1.71055,1.193575,1.069275,0.479175,0.8627,1.18825,1.1744999999999999,0.29615,0.34615,1.062025,1.22335,1.2823,0.599375,0.6392,0.679375,1.4899,0.9924,0.45935,0.8108249999999999,0.617425,1.08285,1.20085,0.8245,0.418775,0.774,1.004625,0.9138000000000001,1.0172500000000002,0.277725,0.4845,1.0343,1.241925,0.947,0.344925,0.255325,0.7602,1.430175,0.40647500000000003,0.178825,0.455925,1.1654,1.34,0.765475,0.1645,0.1062,0.92965,0.7748,0.7125,0.5477,0.247775,0.623475,0.9798250000000001,0.72135,0.027075000000000002,0.4484,0.033325,0.6985250000000001,0.8968,0.306375,0.25739999999999996,0.14595,0.8914249999999999,0.68865,0.4381,-0.1865,0.131775,0.952725,0.6999,0.42825,0.058374999999999996,0.507225,0.555575,0.4692,-0.008675,-0.20270000000000002,0.343625,0.4793,0.6137250000000001,0.424325,0.199575,0.158625,0.5332,0.3757,0.005974999999999999,0.29115,-0.24917499999999998,0.21585,0.7255,0.331875,-0.045375,-0.028,0.3614,0.373575,0.49115,-0.36124999999999996,-0.145475,0.4506,0.746625,0.377425,-0.135075,0.15605000000000002,0.07845,0.53475,0.035225,-0.27695000000000003,0.177925,0.159825,0.45694999999999997,0.32492499999999996,0.039075,-0.242375,0.193,0.1205,0.246025,0.31475,-0.4456,0.00565,0.374525,0.586825,0.169875,-0.335675,-0.327225,0.1429,0.47675,-0.125275,-0.342275,-0.11565,0.6164,0.374875,-0.22395,-0.41745,-0.49355,0.211625,0.112925,0.002425,-0.1412,-0.005125,-0.0005,0.34435000000000004,-0.080625,-0.49269999999999997,-0.223025,-0.5351250000000001,0.041175,0.333725,-0.23467500000000002,-0.26380000000000003,-0.30905,0.18867499999999998,0.19742500000000002,-0.26055,-0.54245,-0.432875,0.30275,-0.02515,-0.12762500000000002,-0.4349,-0.049275,0.048275,0.090125,-0.196575,-0.439375,-0.003725,-0.19255,-0.17635,-0.20020000000000002,-0.361525,-0.559025,-0.053425,-0.336375,-0.53015,-0.341325,-0.743975,-0.25570000000000004,0.267825,-0.298675,-0.380925,-0.637675,-0.54565,-0.06774999999999999,-0.12915000000000001,-0.43237499999999995,-0.787875,-0.13615,0.330675,0.0953,-0.5878749999999999,-0.0779,-0.48262499999999997,-0.3427,-0.288575,-0.4766,-0.3662,-0.39685,-0.0494,-0.288625,0.135725,-0.52005,-0.25155000000000005,-0.836625,-0.55335,-0.29935,-0.644075,-1.12385,0.122175,-0.266775,-0.912175,-0.929575,-0.6156250000000001,-0.4283,0.02435,-0.513475,-0.652075,-0.864175,0.049325,-0.2933,-0.282775,-0.9358249999999999,-0.836075,-0.22665000000000002,-0.38027500000000003,-0.272025,-0.565875,-0.484975,-1.03565,-0.11347499999999999,-0.1932,-2.0301,-0.7137,-0.69085,-0.64065,0.221475,0.24085,-1.04835,-0.77185,0.7017,-0.9020750000000001,-0.581225,0.0,0.0,0.0,0.0,0.0,0.0,0.0,0.0,0.0,0.0,0.0,0.0,0.0,0.0,0.0,0.0,0.0,0.0,0.0,0.0,0.0,0.0,0.0,0.0,0.0,0.0,0.0,0.0,0.0,0.0,0.0,0.0,0.0,0.0,0.0,0.0,0.0,0.0,0.0,0.0,0.0,0.0,0.0,0.0,0.0,0.0,0.0,0.0,0.0,0.0,0.0,0.0,0.0,0.0,0.0,0.0,0.0,0.0,0.0,0.0,0.0
0.0,0.0,0.0,0.0,0.0,0.0,0.0,0.0,0.0,0.0,0.0,0.0,0.0,0.0,0.0,0.0,0.0,0.0,0.0,0.0,0.0,0.0,0.0,0.0,0.0,0.0,0.0,0.0,0.0,0.0,0.0,0.0,0.0,0.0,0.0,0.0,0.0,0.0,0.0,0.0,0.0,0.0,0.0,0.0,0.0,0.0,0.0,0.0,0.0,0.0,0.0,0.0,0.0,0.0,0.0,0.0,0.0,0.0,0.0,0.0,0.0,0.0,1.65225,1.91275,1.6089,1.400525,1.563175,1.663375,1.511875,1.6228,0.861475,1.059025,1.3668,1.44855,1.0526499999999999,1.0521,0.772725,1.9645,1.7568,1.404775,1.3926500000000002,0.7856,1.454675,2.2184,1.0156749999999999,0.198625,1.138625,1.66765,1.63185,1.1986249999999998,0.7752249999999999,1.084225,1.4614749999999999,1.6763249999999998,1.1208500000000001,0.681225,0.4534,1.2081,1.6141,1.003475,1.0921500000000002,0.448775,1.13215,1.0704250000000002,1.258225,0.7438750000000001,0.082025,1.0804,1.587475,1.344125,0.6670750000000001,0.5475749999999999,0.677675,1.642825,1.123075,0.31155,0.5044249999999999,0.698725,1.5201500000000001,1.324,0.736025,0.4671,0.6814,1.0818249999999998,0.8469,0.992575,0.289975,0.6061,1.082575,1.2796500000000002,0.952775,0.457625,0.434075,0.599275,1.1798,0.626675,0.212625,0.47365,0.967075,0.965375,0.53885,0.39065,0.06572499999999999,1.10185,1.0034,0.458625,0.570075,0.426925,0.881225,1.0572249999999999,0.71845,-0.107925,0.454325,0.3779,0.5963499999999999,0.7772,0.201225,0.33292499999999997,0.43595,0.97635,0.6582,0.3039,-0.046475,0.060899999999999996,1.0187249999999999,0.8138,0.309775,0.14327499999999999,0.6646,0.80165,0.63625,0.16545,-0.280075,0.57355,0.8170999999999999,0.61895,0.331525,0.016375,0.25575,0.78695,0.492425,-0.003575,0.202325,0.005625,0.545875,0.769925,0.43605000000000005,0.15087499999999998,-0.081525,0.41655000000000003,0.35207499999999997,0.325125,-0.118325,-0.36182499999999995,0.41969999999999996,0.791625,0.508675,-0.08812500000000001,-0.085275,0.05385,0.697075,0.46525,-0.352875,0.21739999999999998,0.276525,0.4578,0.22535,-0.026250000000000002,-0.2212,0.23817500000000003,0.16144999999999998,-0.15137499999999998,0.299025,-0.135275,0.102525,0.19255,0.419225,0.042525,-0.345,-0.071275,-0.046549999999999994,0.548875,0.0474,-0.346025,-0.11482500000000001,0.47245,0.415625,-0.201625,-0.1997,-0.49682499999999996,0.38605,0.301325,-0.049800000000000004,-0.0472,0.013775,0.30152500000000004,0.22485,-0.188675,-0.5071749999999999,-0.07555,0.1268,0.00825,0.14705000000000001,-0.363375,-0.013075,-0.037075,0.25505,0.00855,-0.212425,-0.33435,-0.2736,0.37977500000000003,0.0792,-0.35535,-0.42725,0.02415,0.105375,0.043875000000000004,-0.4202,-0.760375,0.185975,0.2165,-0.025525,-0.184,-0.322375,-0.337775,0.055975,-0.17045,-0.495925,-0.307,-0.51315,-0.14452500000000001,-0.043775,-0.26697499999999996,-0.301875,-0.62135,-0.027725,-0.02065,-0.064975,-0.6126499999999999,-0.907725,-0.31,0.195675,-0.24515,-0.5091249999999999,-0.125775,-0.488475,0.1195,-0.633775,-0.8576,-0.3548,-0.3486,-0.12965,-0.768975,-0.262,-0.482575,-0.61925,-0.230925,-0.589975,-0.235125,-0.6628999999999999,-0.170575,-0.16575,-0.2181,-0.56315,-0.472975,-0.8607750000000001,-0.282225,-0.055224999999999996,-0.20715,-0.64205,-0.415775,0.305,-0.5595749999999999,-0.6655500000000001,-0.6921999999999999,-0.853875,-0.052025,-0.20665,-0.6792750000000001,-0.6924,-0.5605249999999999,-0.40965,-1.0509,-0.723675,-0.430125,0.22875,-0.65625,-0.07665,-0.70075,-0.26187499999999997,0.035625000000000004,-0.36545000000000005,0.751725,-0.9289499999999999,-1.07605,-1.074925,-0.18195,0.0,0.0,0.0,0.0,0.0,0.0,0.0,0.0,0.0,0.0,0.0,0.0,0.0,0.0,0.0,0.0,0.0,0.0,0.0,0.0,0.0,0.0,0.0,0.0,0.0,0.0,0.0,0.0,0.0,0.0,0.0,0.0,0.0,0.0,0.0,0.0,0.0,0.0,0.0,0.0,0.0,0.0,0.0,0.0,0.0,0.0,0.0,0.0,0.0,0.0,0.0,0.0,0.0,0.0,0.0,0.0,0.0,0.0,0.0,0.0,0.0,0.0
0.0,0.0,0.0,0.0,0.0,0.0,0.0,0.0,0.0,0.0,0.0,0.0,0.0,0.0,0.0,0.0,0.0,0.0,0.0,0.0,0.0,0.0,0.0,0.0,0.0,0.0,0.0,0.0,0.0,0.0,0.0,0.0,0.0,0.0,0.0,0.0,0.0,0.0,0.0,0.0,0.0,0.0,0.0,0.0,0.0,0.0,0.0,0.0,0.0,0.0,0.0,0.0,0.0,0.0,0.0,0.0,0.0,0.0,0.0,0.0,0.0,0.0,0.0,1.74805,2.7245500000000002,2.621925,2.10675,1.5966,1.381425,2.257375,2.1035,0.823025,1.0386,0.7862,1.7899500000000002,2.222325,1.0457,1.154525,1.003875,1.546125,1.61145,1.40735,0.530475,0.922975,1.9034749999999998,1.068,1.38725,0.6324749999999999,1.190725,1.749175,1.3708,0.8948,1.31145,1.044625,1.547825,1.72045,1.06265,0.7482,1.0390000000000001,1.3800750000000002,1.290875,0.8876,0.804325,0.342125,1.1628,1.6216499999999998,1.10845,0.771225,0.9485750000000001,0.9362250000000001,1.2049750000000001,1.2478,0.022725,0.798475,1.13425,1.466375,0.96485,0.33287500000000003,0.5062,1.00845,1.357,0.558575,0.5654,0.5110250000000001,0.971275,1.1721249999999999,1.13335,0.608825,0.22447499999999998,0.8212,0.880525,1.0772,0.8032999999999999,0.19155,0.66435,1.3424,1.107675,0.559325,0.03585,0.11925000000000001,1.031675,1.0839750000000001,0.4057,0.4218,0.52535,1.322625,1.202125,0.6033,-0.0059,0.230425,0.86695,0.6529,0.54715,0.59175,0.45245,0.541875,0.9169499999999999,0.6569,0.116275,0.1277,-0.04185,0.8226,0.780825,0.282875,0.0493,0.624675,0.73765,0.653,0.21425,-0.35355000000000003,0.49415,0.88405,0.71235,0.25579999999999997,-0.00135,0.4229,0.6889,0.484375,-0.1699,0.1767,0.3743,0.5681,0.5547,0.021,0.316875,0.1388,0.678275,0.272625,0.362375,0.1714,-0.098875,0.497725,0.721325,0.4311,-0.1743,0.10617499999999999,0.27515,0.598025,0.187,-0.5093,0.17005,0.475225,0.8281000000000001,0.20302499999999998,-0.33514999999999995,-0.29350000000000004,0.16075,0.476275,0.028125,-0.147125,-0.06695000000000001,0.4271,0.213975,0.1422,-0.169825,-0.294925,0.045925,0.180575,0.37079999999999996,0.19025,-0.2374,0.013425,0.4892,0.22244999999999998,-0.236975,-0.25355,-0.4133,0.44537499999999997,0.2881,-0.15155000000000002,-0.247875,-0.24225,0.419925,0.266125,-0.074275,-0.5024,-0.308975,0.22915000000000002,-0.11245,-0.053525,-0.18075,-0.06415,-0.100525,0.144175,-0.245875,-0.268875,-0.29835,-0.40237500000000004,0.2291,0.343025,-0.13824999999999998,-0.294275,0.30169999999999997,-0.0369,-0.0007999999999999999,-0.4027,-0.79495,0.004125,0.3071,0.0524,-0.2154,-0.415825,-0.13090000000000002,-0.038825,-0.2656,-0.67025,-0.5095500000000001,-0.26745,-0.041925000000000004,-0.027049999999999998,-0.189225,-0.192575,-0.641925,-0.012375,-0.353475,-0.175425,-0.169025,-0.6415249999999999,-0.11625,0.1753,-0.16655,-0.419475,-0.09,-0.3961,0.0918,-0.31479999999999997,-1.070775,-0.13972500000000002,0.06925,0.114975,-0.3393,-0.61065,-0.649825,-0.182525,-0.27375,-0.62505,-0.773375,-0.227525,-0.38075,-0.44637499999999997,-0.539925,-0.603475,-0.743425,-0.464725,-0.5433749999999999,0.021625,-0.231825,-0.7827,-0.29447500000000004,0.2495,-0.22,-0.726325,-0.422925,-1.00365,-0.14079999999999998,0.022925,-0.88445,-0.597325,-0.40325,-0.38,-0.641675,-0.5433749999999999,-1.2912750000000002,-0.78245,-0.128625,0.1417,-0.368575,-1.163775,-0.9923500000000001,-0.58085,0.16217499999999999,-0.262275,-1.3114,-0.9973000000000001,-0.24509999999999998,-0.4391,-0.101825,0.0,0.0,0.0,0.0,0.0,0.0,0.0,0.0,0.0,0.0,0.0,0.0,0.0,0.0,0.0,0.0,0.0,0.0,0.0,0.0,0.0,0.0,0.0,0.0,0.0,0.0,0.0,0.0,0.0,0.0,0.0,0.0,0.0,0.0,0.0,0.0,0.0,0.0,0.0,0.0,0.0,0.0,0.0,0.0,0.0,0.0,0.0,0.0,0.0,0.0,0.0,0.0,0.0,0.0,0.0,0.0,0.0,0.0,0.0,0.0,0.0,0.0,0.0
0.0,0.0,0.0,0.0,0.0,0.0,0.0,0.0,0.0,0.0,0.0,0.0,0.0,0.0,0.0,0.0,0.0,0.0,0.0,0.0,0.0,0.0,0.0,0.0,0.0,0.0,0.0,0.0,0.0,0.0,0.0,0.0,0.0,0.0,0.0,0.0,0.0,0.0,0.0,0.0,0.0,0.0,0.0,0.0,0.0,0.0,0.0,0.0,0.0,0.0,0.0,0.0,0.0,0.0,0.0,0.0,0.0,0.0,0.0,0.0,0.0,0.0,0.0,0.0,1.43865,2.26025,2.0294,1.381375,1.2654,1.176475,1.0143,1.7618999999999998,1.3262,1.414025,1.376675,1.40615,2.002325,1.3799000000000001,1.2763,-0.0849,1.3003,2.2279,1.813625,1.332225,0.719275,1.3002,1.95105,2.16395,0.6913,0.6888,1.1445500000000002,1.587125,1.53715,1.0725,0.88165,0.940025,1.745325,1.29345,0.892925,0.877175,0.66385,1.41165,1.5281,1.366625,0.761675,0.758275,0.8596250000000001,1.3114249999999998,1.0674,0.2863,0.3085,1.1538249999999999,1.7318500000000001,1.3596249999999999,0.3583,0.553025,0.880725,1.59555,0.8393,0.37165000000000004,0.6936,1.195775,1.34185,1.15635,0.5326,0.352275,0.93045,0.6512,0.844275,0.8887,0.4502,0.849025,1.152575,0.971,0.547475,0.464275,0.383575,0.8534499999999999,0.976925,0.32289999999999996,0.262125,0.624375,1.28605,1.064425,0.503825,0.069075,0.28755,1.111325,0.774125,0.3382,0.256775,0.6435,0.7839,0.9815499999999999,0.403775,-0.072975,0.728375,0.374475,0.80985,0.703325,0.2818,0.466525,0.5451,0.775925,0.426075,0.3244,-0.1669,0.5516749999999999,0.939775,0.50275,0.20975,0.02655,0.7124250000000001,0.800625,0.5613,-0.15505,-0.22010000000000002,0.52485,0.8895500000000001,0.561625,0.080125,0.22347499999999998,0.200325,0.644775,0.24917499999999998,-0.05975,0.18445,0.01145,0.559625,0.8990250000000001,0.357175,-0.010775,0.197825,0.212675,0.48035,0.389125,-0.29365,-0.13475,0.32772500000000004,0.74135,0.27905,-0.15685000000000002,0.107625,0.22895,0.50295,-0.1595,-0.2306,0.14555,0.6099,0.386625,0.1841,-0.114175,-0.38665,0.35092500000000004,0.04645,-0.005124999999999999,0.23215,-0.133075,0.1431,0.42885,0.17835,-0.304375,-0.187775,-0.2814,0.25715,0.37655000000000005,-0.213675,-0.26580000000000004,-0.038775,0.6211,0.262225,-0.11307500000000001,-0.444975,-0.30722499999999997,0.574475,0.055325,-0.31527499999999997,-0.25705,0.18775,0.15575,0.29845,-0.286875,-0.605825,0.166925,-0.03515,0.21252500000000002,0.0406,-0.19955,-0.1849,0.217125,0.091475,-0.20615,-0.2364,-0.47935,0.0141,0.20479999999999998,0.048925,-0.278575,-0.5572,0.058975,0.0286,-0.04,-0.6230749999999999,-0.49065000000000003,-0.14245000000000002,0.118175,-0.357425,-0.17857499999999998,-0.29405,-0.2059,0.077775,-0.46285,-0.47845000000000004,-0.30269999999999997,-0.527725,-0.057675,-0.1454,-0.2244,-0.359375,-0.5415249999999999,-0.3608,-0.1331,-0.026475,-0.658475,-0.303575,-0.225775,0.451325,-0.530275,-0.982475,-0.7338749999999999,-0.508725,0.129625,-0.5687500000000001,-1.040875,-0.12755,-0.00047499999999999994,-0.868825,-0.684825,-0.17525000000000002,-0.8390249999999999,0.013525,-0.53545,-0.6242749999999999,-0.38585,-0.4627,-0.508575,-0.395475,-0.482075,-0.54295,-0.48307500000000003,-0.788175,-0.49115,-0.47440000000000004,-0.576125,-0.7796500000000001,-0.2405,0.21315,-0.562475,-0.45135000000000003,-0.885275,-0.893575,-0.185,-0.408025,-0.6527999999999999,-0.9023249999999999,-1.2595,-0.34425,0.194275,-0.8852,-0.845575,0.090325,-1.244075,-1.793625,-0.2055,-2.112525,0.231025,0.0,0.0,0.0,0.0,0.0,0.0,0.0,0.0,0.0,0.0,0.0,0.0,0.0,0.0,0.0,0.0,0.0,0.0,0.0,0.0,0.0,0.0,0.0,0.0,0.0,0.0,0.0,0.0,0.0,0.0,0.0,0.0,0.0,0.0,0.0,0.0,0.0,0.0,0.0,0.0,0.0,0.0,0.0,0.0,0.0,0.0,0.0,0.0,0.0,0.0,0.0,0.0,0.0,0.0,0.0,0.0,0.0,0.0,0.0,0.0,0.0,0.0,0.0,0.0
0.0,0.0,0.0,0.0,0.0,0.0,0.0,0.0,0.0,0.0,0.0,0.0,0.0,0.0,0.0,0.0,0.0,0.0,0.0,0.0,0.0,0.0,0.0,0.0,0.0,0.0,0.0,0.0,0.0,0.0,0.0,0.0,0.0,0.0,0.0,0.0,0.0,0.0,0.0,0.0,0.0,0.0,0.0,0.0,0.0,0.0,0.0,0.0,0.0,0.0,0.0,0.0,0.0,0.0,0.0,0.0,0.0,0.0,0.0,0.0,0.0,0.0,0.0,0.0,0.0,1.5818500000000002,1.3167,1.610175,1.4994,2.06555,1.45,1.286225,1.226725,2.02785,1.538375,1.3403,1.032,1.55505,1.6264750000000001,1.3396,1.216275,0.818025,1.522175,1.884975,1.644775,0.967525,0.8099,1.3935,1.813775,1.6616,0.934925,0.9257,1.22815,2.066575,1.5140500000000001,0.541,0.8896,1.05815,1.50995,1.4423249999999999,0.9091,0.6983250000000001,0.716725,1.0725,1.0992250000000001,0.926175,0.515125,0.591275,1.55185,1.656,1.1831,0.601275,0.644525,0.758,1.6478,0.846075,0.171875,0.7337750000000001,1.413125,1.489375,1.172925,0.29735,0.414425,1.149025,1.1455,0.7350000000000001,0.5745250000000001,0.450575,1.1551,1.152725,0.8524,0.53675,0.498725,0.595475,1.0597,1.055725,0.446,0.463625,0.5451,1.303475,0.8472,0.5741750000000001,0.1644,0.1635,1.2986,1.2196500000000001,0.539925,0.363425,0.598425,0.957175,0.9062749999999999,0.3775,-0.03295,0.6412249999999999,0.46425,0.70445,0.562975,0.19275,0.456525,0.66935,0.6553249999999999,0.26892499999999997,0.285875,0.10685,0.43972500000000003,0.803125,0.7153999999999999,0.327125,0.10045,0.73125,0.6936500000000001,0.6782,-0.045649999999999996,-0.2574,0.6701250000000001,0.8651,0.4154,0.161,0.162725,0.261175,0.75045,0.25235,-0.189025,0.25215,0.1726,0.646725,0.456325,0.247825,0.084725,0.1626,0.422875,0.213625,0.38015,-0.101575,0.07055,0.58685,0.82125,0.14275,-0.29075,-0.09,0.037750000000000006,0.645275,0.076875,-0.31620000000000004,0.182025,0.538325,0.4116,-0.0564,-0.20900000000000002,-0.295875,0.5758749999999999,0.31855,-0.17057499999999998,-0.03215,-0.238175,0.34382500000000005,0.341575,0.204125,-0.243625,-0.11197499999999999,-0.1003,0.171125,0.2989,-0.0881,-0.217425,0.021325,0.772675,0.24845,-0.280675,-0.40955,-0.5291250000000001,0.53825,0.399,-0.007275,-0.18064999999999998,0.13275,0.12440000000000001,0.147625,-0.377325,-0.700025,-0.00575,-0.02275,-0.038224999999999995,-0.046775,-0.339275,-0.015375,-0.09305000000000001,0.16067499999999998,-0.1765,-0.20297500000000002,-0.4637,-0.12359999999999999,0.23185,-0.1423,-0.218725,-0.357225,0.2101,-0.15525,0.08047499999999999,-0.4029,-0.87185,0.42455,0.369975,-0.052750000000000005,-0.46730000000000005,-0.35462499999999997,-0.375575,-0.0477,-0.462475,-0.6577,-0.00835,-0.21384999999999998,0.1938,-0.26995,-0.477975,-0.26765,-0.2059,-0.21225,-0.300675,-0.084825,-0.5772999999999999,-0.3721,-0.11449999999999999,0.0724,-0.34375,-0.384925,-0.04805,-0.548,-0.00135,-0.585125,-0.9445,-0.7369,0.057375,-0.636375,-0.67945,-0.5379,-0.571975,0.218025,-0.32315,-0.6592,-0.458175,-0.7866,-0.2374,0.00845,-0.535625,-0.7453500000000001,-0.22605,-0.44122500000000003,-0.33625000000000005,-0.34604999999999997,-0.67795,-0.7175,-0.4269,-0.12685000000000002,-0.269275,-0.41125,-0.9470000000000001,-0.692,0.14400000000000002,-0.489775,-1.26975,-0.69145,-0.040825,-0.6471,-0.20645,-0.51165,-0.349925,-0.417075,-0.14545,-0.078975,-1.08625,-0.8562,-1.144075,-1.235775,-0.31415000000000004,0.0,0.0,0.0,0.0,0.0,0.0,0.0,0.0,0.0,0.0,0.0,0.0,0.0,0.0,0.0,0.0,0.0,0.0,0.0,0.0,0.0,0.0,0.0,0.0,0.0,0.0,0.0,0.0,0.0,0.0,0.0,0.0,0.0,0.0,0.0,0.0,0.0,0.0,0.0,0.0,0.0,0.0,0.0,0.0,0.0,0.0,0.0,0.0,0.0,0.0,0.0,0.0,0.0,0.0,0.0,0.0,0.0,0.0,0.0,0.0,0.0,0.0,0.0,0.0,0.0
0.0,0.0,0.0,0.0,0.0,0.0,0.0,0.0,0.0,0.0,0.0,0.0,0.0,0.0,0.0,0.0,0.0,0.0,0.0,0.0,0.0,0.0,0.0,0.0,0.0,0.0,0.0,0.0,0.0,0.0,0.0,0.0,0.0,0.0,0.0,0.0,0.0,0.0,0.0,0.0,0.0,0.0,0.0,0.0,0.0,0.0,0.0,0.0,0.0,0.0,0.0,0.0,0.0,0.0,0.0,0.0,0.0,0.0,0.0,0.0,0.0,0.0,0.0,0.0,0.0,2.6986749999999997,1.399125,0.53005,1.96285,2.254275,1.637625,1.43545,0.906125,0.99525,0.949125,1.747325,1.89875,1.2827,1.4923250000000001,2.19965,1.5513249999999998,1.51315,1.83895,0.122775,1.576875,1.7412,1.462075,1.198625,0.7302,1.4463249999999999,1.6634,1.3006250000000001,0.4835,0.617375,1.4039,1.8409,1.3506,0.508725,0.561875,0.9022,1.7403,1.060325,0.9477249999999999,0.64395,0.78735,1.5577,1.38715,1.0125250000000001,0.519325,0.723225,0.7049,1.381125,0.784725,0.3901,0.71265,1.235425,1.3471250000000001,0.99475,0.24482500000000001,0.4107,1.061775,1.307,0.5399999999999999,0.40704999999999997,0.81325,1.348875,1.2362,0.636575,0.36615,0.3065,0.8245250000000001,0.69,0.665725,0.6255,0.590375,0.900825,1.40215,0.708125,0.406425,0.34855,0.32572500000000004,1.0151249999999998,0.86285,0.336075,0.581675,0.7341,1.12445,0.9802,0.3057,-0.104175,0.56105,0.97205,0.49915,0.3161,0.29285,0.8285750000000001,0.87285,0.9225,0.0828,0.20635,0.495975,0.4532,0.9086,0.568775,0.43624999999999997,0.289625,0.9068499999999999,0.66035,0.459625,0.19515,-0.3534,0.944525,0.97865,0.493625,0.207,0.1366,0.631025,0.76895,0.37255,-0.390675,0.14095,0.6358999999999999,0.9589000000000001,0.44892499999999996,0.01185,-0.031325000000000006,0.225125,0.4506,0.157,0.102925,0.11915,0.29452500000000004,0.577,0.68215,0.182125,-0.119,0.254475,-0.084125,0.5744750000000001,0.16735,-0.24385,0.143175,0.6094250000000001,0.50075,0.059825,-0.27647499999999997,-0.268525,0.4425,0.39549999999999996,-0.147525,-0.098925,-0.002875,0.665425,0.35492500000000005,-0.10225000000000001,-0.43955,-0.175875,0.206525,0.072825,0.092475,0.1019,0.051875,0.014175,0.4697,-0.00805,-0.06462499999999999,-0.035525,-0.22062500000000002,0.596975,0.147525,-0.1507,-0.14315,0.01015,0.36745,0.15435,-0.19145,-0.542975,0.129475,0.31965,0.0289,-0.2404,-0.25135,0.13725,0.024900000000000002,-0.075675,-0.38815,-0.247725,0.11195000000000001,0.0872,0.297625,0.046175,-0.134225,-0.346325,0.46740000000000004,-0.004225,-0.19365,-0.3277,-0.772875,0.24155000000000001,0.33582500000000004,-0.05675,-0.640375,-0.283375,-0.2141,0.392475,-0.22425,-0.780675,-0.36970000000000003,0.014325000000000001,0.19855,-0.243025,-0.32152499999999995,-0.47567499999999996,-0.2258,0.07827500000000001,-0.44489999999999996,-0.419125,-0.107775,-0.395475,-0.049675,0.157975,-0.20755,-0.44285,-0.2026,-0.5488000000000001,0.230025,-0.1745,-0.7553500000000001,-0.34257499999999996,-0.45690000000000003,-0.3884,-0.72,-0.522875,-0.7771999999999999,-0.524325,0.027925,-0.5073,-0.5235000000000001,-0.5182249999999999,-0.013375,-0.585,-0.4934,-0.7629,-0.60745,-0.202575,-0.44945,0.03245,-0.600575,-0.2753,-0.9133,-0.1839,-0.170975,-0.188775,-0.474375,-0.6255000000000001,-0.3521,-0.223575,-0.10445,-0.722675,-0.37395,-0.49062500000000003,-0.5517,-0.27165,-0.029025000000000002,0.072925,-0.267525,-0.176675,0.062474999999999996,-0.4133,-0.006525,-0.598625,0.149575,-0.6664249999999999,-1.0063,-0.05915,0.0,0.0,0.0,0.0,0.0,0.0,0.0,0.0,0.0,0.0,0.0,0.0,0.0,0.0,0.0,0.0,0.0,0.0,0.0,0.0,0.0,0.0,0.0,0.0,0.0,0.0,0.0,0.0,0.0,0.0,0.0,0.0,0.0,0.0,0.0,0.0,0.0,0.0,0.0,0.0,0.0,0.0,0.0,0.0,0.0,0.0,0.0,0.0,0.0,0.0,0.0,0.0,0.0,0.0,0.0,0.0,0.0,0.0,0.0,0.0,0.0,0.0,0.0,0.0,0.0
0.0,0.0,0.0,0.0,0.0,0.0,0.0,0.0,0.0,0.0,0.0,0.0,0.0,0.0,0.0,0.0,0.0,0.0,0.0,0.0,0.0,0.0,0.0,0.0,0.0,0.0,0.0,0.0,0.0,0.0,0.0,0.0,0.0,0.0,0.0,0.0,0.0,0.0,0.0,0.0,0.0,0.0,0.0,0.0,0.0,0.0,0.0,0.0,0.0,0.0,0.0,0.0,0.0,0.0,0.0,0.0,0.0,0.0,0.0,0.0,0.0,0.0,0.0,0.0,0.0,0.0,2.6552249999999997,2.66065,1.936775,0.785475,1.34565,1.860225,1.67945,1.2127,0.94355,1.139525,2.20235,1.296925,1.461575,1.2663,0.37570000000000003,1.745525,2.2591,1.6572,0.8285250000000001,0.8108500000000001,1.278625,1.7595,1.6566,0.5074500000000001,0.837725,1.275925,2.3621749999999997,1.521825,1.07855,1.1529500000000001,1.339525,1.879425,0.9159250000000001,0.6304000000000001,1.02195,1.0081,1.4376250000000002,1.029,0.780025,0.62985,1.06405,1.0530249999999999,1.2116250000000002,0.781925,0.534475,0.75195,1.298125,1.5695,0.89385,0.302425,0.546525,1.24875,1.2864,0.539075,0.39392499999999997,0.7097249999999999,1.6002999999999998,1.216825,0.8865,0.2684,0.28385000000000005,1.1941000000000002,0.863475,0.6168,0.53505,0.6795249999999999,1.121875,1.1748750000000001,0.6582250000000001,0.482275,0.6613,0.63175,1.058175,0.8426250000000001,0.354825,0.174625,0.29007499999999997,1.2966250000000001,0.744875,0.672025,0.05195,0.47204999999999997,1.4094,0.95975,0.20135,0.25935,0.64175,0.800125,0.92145,0.0867,0.01945,0.6782250000000001,0.7569250000000001,0.771675,0.567525,0.359375,0.456075,0.9507249999999999,0.3809,0.3594,0.2487,-0.080925,0.72975,0.8597,0.43225,0.201975,0.07375,0.48619999999999997,0.54215,0.5090749999999999,-0.1751,0.00855,0.682525,0.846775,0.3278,0.17155,0.29064999999999996,0.238925,0.81915,0.013725,0.03985,0.21995,0.45305,0.4094,0.5922999999999999,0.08725,-0.044575000000000004,0.4148,0.1968,0.338425,0.272775,-0.238875,0.42445,0.651,0.4867,-0.030775000000000004,-0.2641,-0.1685,0.368025,0.49424999999999997,-0.143675,-0.23252499999999998,0.192725,0.83695,0.22922499999999998,-0.07675,-0.3414,-0.13067499999999999,0.6730750000000001,0.052,-0.012,-0.129125,0.01835,0.45925000000000005,0.412725,-0.10525,-0.302425,-0.103025,-0.171075,0.48802500000000004,0.24025,-0.139,-0.119725,-0.047075,0.300825,-0.019424999999999998,-0.2801,-0.50075,-0.098525,0.43289999999999995,-0.074975,-0.383375,-0.189075,0.228625,0.045625,0.002425,-0.657225,-0.526075,0.112825,0.031675,0.234825,0.0167,-0.063875,0.018975000000000002,0.2196,-0.15485,-0.34512499999999996,-0.19115,-0.4696,0.18675,0.0834,-0.258325,-0.351525,-0.349275,-0.102525,-0.259975,-0.10495,-0.76725,-0.472975,0.1469,0.4435,-0.45030000000000003,-0.4015,-0.18575,-0.202375,0.12275,-0.620525,-0.484425,-0.02435,-0.054849999999999996,0.17035,-0.1758,-0.66075,-0.38117500000000004,0.114925,-0.36015,-0.08122499999999999,-0.1496,-0.37177499999999997,-0.10645,-0.13165,-0.445675,-0.5896250000000001,-0.3468,-0.7108,0.131425,-0.6874499999999999,-0.5510999999999999,-0.411025,-0.49365,-0.230425,-0.0881,-0.525625,-0.831625,-0.787425,0.07835,-0.1407,-0.24659999999999999,-0.47095,-0.31875,-0.03655,0.004625,-0.738475,-0.8748,-0.40895,-0.638625,-0.3457,-0.18972499999999998,-0.09865,-1.065225,-0.470825,-0.8009,-0.21545,-0.616825,-1.163175,-0.73645,-0.215675,-0.082875,-0.8212999999999999,-0.31125,-0.483675,-0.415975,1.1479,-1.541725,-2.09765,-0.518575,-0.78935,0.9106,0.0,0.0,0.0,0.0,0.0,0.0,0.0,0.0,0.0,0.0,0.0,0.0,0.0,0.0,0.0,0.0,0.0,0.0,0.0,0.0,0.0,0.0,0.0,0.0,0.0,0.0,0.0,0.0,0.0,0.0,0.0,0.0,0.0,0.0,0.0,0.0,0.0,0.0,0.0,0.0,0.0,0.0,0.0,0.0,0.0,0.0,0.0,0.0,0.0,0.0,0.0,0.0,0.0,0.0,0.0,0.0,0.0,0.0,0.0,0.0,0.0,0.0,0.0,0.0,0.0,0.0
0.0,0.0,0.0,0.0,0.0,0.0,0.0,0.0,0.0,0.0,0.0,0.0,0.0,0.0,0.0,0.0,0.0,0.0,0.0,0.0,0.0,0.0,0.0,0.0,0.0,0.0,0.0,0.0,0.0,0.0,0.0,0.0,0.0,0.0,0.0,0.0,0.0,0.0,0.0,0.0,0.0,0.0,0.0,0.0,0.0,0.0,0.0,0.0,0.0,0.0,0.0,0.0,0.0,0.0,0.0,0.0,0.0,0.0,0.0,0.0,0.0,0.0,0.0,0.0,0.0,0.0,0.0,2.130125,2.8305749999999996,2.632025,1.09985,1.6060750000000001,1.0159500000000001,1.7944,1.432025,1.4969,1.255325,0.791025,1.7790000000000001,1.755175,1.987975,1.3506,1.444275,1.585025,1.4868,1.1360999999999999,0.5777,0.441525,1.937275,2.4485,1.6978499999999999,1.203375,0.889875,1.3359,1.912025,1.1912,0.12085,0.8485499999999999,1.3014,1.9315,1.387975,0.859625,0.8169,1.3398249999999998,1.148175,0.87415,0.841675,0.5200499999999999,1.1859250000000001,1.15515,1.4308750000000001,0.742575,0.5547,0.865675,0.81005,1.308875,0.56395,0.514625,0.871475,1.4684249999999999,1.29995,0.757625,0.3307,0.517825,1.6711500000000001,1.04975,0.59145,0.67285,0.7725,1.2233,1.1279,0.337575,0.058875,0.713325,0.729175,0.88775,0.690125,0.5389499999999999,0.5109750000000001,0.8793,1.1756,0.550025,0.43027499999999996,0.215975,0.3694,1.228375,1.24075,0.396125,0.36367499999999997,0.9080999999999999,0.9589500000000001,0.64745,0.170775,-0.18910000000000002,0.86735,0.908725,0.8005249999999999,0.446075,0.5221,0.646775,0.8785999999999999,0.51815,-0.049174999999999996,0.35265,0.484825,0.8449,0.72205,0.5826,0.215325,0.098325,0.727675,0.436825,0.59565,0.0424,-0.0119,0.8173250000000001,1.088125,0.4834,0.09855,0.11860000000000001,0.512125,0.999125,0.15935,-0.12965,0.20732499999999998,0.390875,0.8573,0.2511,0.1335,-0.08929999999999999,0.47075,0.36135,0.02725,0.209475,0.004425,0.458725,0.506425,0.5323249999999999,0.005075,-0.0533,0.010624999999999999,0.290675,0.5029750000000001,-0.076875,-0.242525,0.202725,0.6458250000000001,0.19515,-0.02825,-0.30355,-0.254625,0.7846,0.124825,-0.1674,-0.08445,0.18007499999999999,0.5372250000000001,0.2547,-0.15085,-0.526875,0.078625,0.11875,0.180525,-0.01105,-0.0394,0.13605,0.1354,0.4534,-0.08249999999999999,-0.31484999999999996,-0.2853,-0.1457,0.427925,0.28864999999999996,-0.193,-0.2637,0.36002500000000004,0.1248,-0.077775,-0.5739,-0.45430000000000004,0.383775,0.027375,0.06195,-0.39390000000000003,-0.158225,0.111625,0.40345000000000003,0.049925,-0.330925,0.025249999999999998,-0.01065,0.35897500000000004,0.21910000000000002,-0.03225,-0.27155,-0.288025,-0.13305,-0.230925,-0.139025,-0.52195,-0.5094749999999999,0.09645000000000001,0.21175,-0.317825,-0.51535,-0.3351,-0.19592500000000002,0.353225,-0.353525,-0.538975,-0.4104,0.055900000000000005,0.1621,-0.48525,-0.5846750000000001,-0.2174,-0.0316,-0.400525,-0.303425,-0.13965,-0.26235,-0.279675,0.014375,0.07765,-0.516525,-0.635675,-0.42495,-0.530125,-0.08310000000000001,-0.473625,-0.625675,-0.574025,0.296675,-0.63185,-0.626925,-0.6019749999999999,-0.762875,0.461025,-0.33140000000000003,-0.7201,-0.784425,-0.16044999999999998,-0.140925,-0.13635000000000003,-0.6064499999999999,-0.7753749999999999,-0.274,-0.362275,-0.825375,0.046725,-0.6107250000000001,-0.9773000000000001,-0.453925,-0.227825,-0.37785,-0.58655,-0.457275,-0.91125,-0.49227499999999996,-0.07205,-0.043449999999999996,-0.22125,0.203875,-1.2066,-0.301325,-1.322975,-1.1269,-0.72585,-0.150425,0.5569,-1.61985,-1.232,0.0,0.0,0.0,0.0,0.0,0.0,0.0,0.0,0.0,0.0,0.0,0.0,0.0,0.0,0.0,0.0,0.0,0.0,0.0,0.0,0.0,0.0,0.0,0.0,0.0,0.0,0.0,0.0,0.0,0.0,0.0,0.0,0.0,0.0,0.0,0.0,0.0,0.0,0.0,0.0,0.0,0.0,0.0,0.0,0.0,0.0,0.0,0.0,0.0,0.0,0.0,0.0,0.0,0.0,0.0,0.0,0.0,0.0,0.0,0.0,0.0,0.0,0.0,0.0,0.0,0.0,0.0
0.0,0.0,0.0,0.0,0.0,0.0,0.0,0.0,0.0,0.0,0.0,0.0,0.0,0.0,0.0,0.0,0.0,0.0,0.0,0.0,0.0,0.0,0.0,0.0,0.0,0.0,0.0,0.0,0.0,0.0,0.0,0.0,0.0,0.0,0.0,0.0,0.0,0.0,0.0,0.0,0.0,0.0,0.0,0.0,0.0,0.0,0.0,0.0,0.0,0.0,0.0,0.0,0.0,0.0,0.0,0.0,0.0,0.0,0.0,0.0,0.0,0.0,0.0,0.0,0.0,0.0,0.0,0.0,0.9617249999999999,2.362175,1.8135750000000002,1.744,0.6608,0.8304,0.823925,1.6920250000000001,1.4063,1.88285,1.4457,0.932775,1.91315,1.56565,1.204775,1.254775,1.365575,1.66745,1.9117,1.663375,0.941125,1.015725,1.563425,1.3493,1.189025,0.48769999999999997,1.13845,1.44795,1.803475,1.3917,0.52495,0.8484,1.330375,1.5376249999999998,0.6498,0.78155,0.997,1.2388249999999998,1.51105,1.132375,0.566025,0.8434250000000001,1.2413249999999998,1.1275,1.345175,0.848975,0.506475,0.94335,1.49485,1.2478,0.7242000000000001,0.431,0.538575,1.47385,1.05315,0.40785000000000005,0.32342499999999996,0.75205,1.4467249999999998,1.08135,0.5478500000000001,0.1261,0.41185,1.1463,0.7199,0.7173499999999999,0.544975,0.891525,1.0372999999999999,1.252375,0.35875,0.28995,0.296825,0.533325,0.982125,0.86365,0.510475,0.5341750000000001,0.852225,1.047575,0.864725,0.10844999999999999,-0.12095,0.857575,1.153025,0.786725,0.18330000000000002,0.21842499999999998,0.7054,0.93785,0.51035,-0.15912500000000002,0.42157500000000003,0.6838249999999999,0.9402999999999999,0.702075,0.532775,0.43189999999999995,0.38875,0.8421,0.21052500000000002,0.13805,0.17302499999999998,0.1401,0.870025,0.72,0.2511,0.09962499999999999,0.284175,0.400475,0.9003,0.2968,-0.22465,0.46015,0.7632749999999999,0.982575,0.030725,-0.120325,0.24012499999999998,0.59365,0.44105,-0.11385,-0.11372499999999999,0.33904999999999996,0.6644,0.46395,0.14987499999999998,-0.069375,-0.027875,0.519225,0.15232500000000002,0.42927499999999996,0.047975000000000004,-0.1432,0.47912499999999997,0.8355,0.171,-0.158675,-0.328475,-0.132825,0.72565,0.17645,-0.355475,-0.248275,0.158025,0.73665,0.1787,-0.027225,-0.4961,0.090625,0.4982,0.202125,0.00755,-0.101625,0.24845,0.139775,0.34075,-0.33485,-0.18005,-0.078325,-0.12435,0.42005,0.163375,-0.276575,-0.25634999999999997,0.1357,-0.176075,0.031625,-0.3276,-0.521325,0.0369,0.179975,0.033125,-0.4072,-0.359,-0.028125,0.293225,-0.12785,-0.594125,-0.203475,0.15725,0.353925,0.014825000000000001,0.0586,-0.17672500000000002,-0.08589999999999999,0.0727,-0.39337500000000003,-0.20534999999999998,-0.275125,-0.2492,0.290875,0.2233,-0.41375,-0.43815,-0.28765,-0.330675,-0.0197,-0.24725,-0.5626249999999999,-0.065325,0.356225,0.264375,-0.6190500000000001,-0.446875,-0.3493,-0.0474,0.16244999999999998,-0.65115,-0.24977500000000002,-0.113125,0.21545,-0.1243,-0.042125,-0.548325,-0.681575,0.190225,-0.666425,0.01215,-0.79405,-0.45235000000000003,-0.28452500000000003,0.480625,-0.234675,-0.7663500000000001,-0.6262000000000001,-1.219025,0.40205,-0.334325,-1.04345,-1.0638999999999998,-0.604125,-0.044275,-0.037575,-0.7307,-0.925,-0.054900000000000004,-0.0121,-0.098675,-0.5136000000000001,-0.177875,-0.45547499999999996,0.01415,0.016524999999999998,-0.813375,-0.47402500000000003,-0.5099499999999999,-0.3202,-0.382075,-0.15555000000000002,-0.644725,-0.536,-0.47152499999999997,0.17615,-0.379,-0.8555,-1.0483,-1.1434250000000001,-0.30675,-0.1661,-1.716075,-0.12995,-0.08285,-0.588075,0.0,0.0,0.0,0.0,0.0,0.0,0.0,0.0,0.0,0.0,0.0,0.0,0.0,0.0,0.0,0.0,0.0,0.0,0.0,0.0,0.0,0.0,0.0,0.0,0.0,0.0,0.0,0.0,0.0,0.0,0.0,0.0,0.0,0.0,0.0,0.0,0.0,0.0,0.0,0.0,0.0,0.0,0.0,0.0,0.0,0.0,0.0,0.0,0.0,0.0,0.0,0.0,0.0,0.0,0.0,0.0,0.0,0.0,0.0,0.0,0.0,0.0,0.0,0.0,0.0,0.0,0.0,0.0
0.0,0.0,0.0,0.0,0.0,0.0,0.0,0.0,0.0,0.0,0.0,0.0,0.0,0.0,0.0,0.0,0.0,0.0,0.0,0.0,0.0,0.0,0.0,0.0,0.0,0.0,0.0,0.0,0.0,0.0,0.0,0.0,0.0,0.0,0.0,0.0,0.0,0.0,0.0,0.0,0.0,0.0,0.0,0.0,0.0,0.0,0.0,0.0,0.0,0.0,0.0,0.0,0.0,0.0,0.0,0.0,0.0,0.0,0.0,0.0,0.0,0.0,0.0,0.0,0.0,0.0,0.0,0.0,0.0,1.038975,1.3284,2.001175,2.3032000000000004,1.735225,1.0299,0.9136,1.658175,1.7285249999999999,1.4718,1.353825,1.5248249999999999,0.47845,2.11845,1.475525,1.3725749999999999,0.6773250000000001,0.84465,1.462025,1.7045,1.582325,0.6201,0.7719,1.8895,2.041625,1.288975,0.86865,0.937475,1.060375,1.92755,0.7434999999999999,0.8137749999999999,0.559925,1.7553,1.506075,1.05385,0.68425,0.66475,1.4714,0.953825,0.696,0.877,0.975275,1.2562250000000001,1.5427,1.1668749999999999,0.553025,0.7319,0.590425,1.2392249999999998,1.322325,0.542,0.525775,1.0059749999999998,1.48015,0.9847250000000001,0.4257,0.162925,0.742325,1.5265250000000001,0.8743,0.5088250000000001,0.396125,1.0557249999999998,1.103,1.162725,0.22355,0.16635,1.095975,0.748675,1.1557,0.694275,0.5919749999999999,0.57685,0.80905,0.8699,0.5748,0.45685,0.1752,0.8688,0.9644,0.63515,0.241625,0.057999999999999996,0.964275,0.9345,0.7374499999999999,-0.121925,0.132725,1.112075,0.929975,0.584875,0.255625,0.38415,0.622575,1.1365750000000001,0.101575,0.1823,0.33787500000000004,0.41822499999999996,1.048,0.660725,0.251775,0.11560000000000001,0.3391,0.420275,0.52805,0.24635,-0.2888,0.22594999999999998,0.7680250000000001,0.912175,0.08695,0.108325,0.103075,0.523575,0.827925,-0.155,-0.121475,0.35845,0.6661250000000001,0.581175,0.2277,-0.146425,-0.019625,0.69025,0.026225,0.2681,0.170025,0.04705,0.512975,0.503875,0.271875,-0.0513,0.030375,-0.064175,0.305275,0.267625,-0.050825,-0.2472,0.22712500000000002,0.6179250000000001,0.111025,-0.174625,-0.3805,0.037775,0.6538499999999999,0.12805,-0.00315,0.119725,0.520625,0.579275,0.307125,-0.3408,-0.265625,0.43727499999999997,-0.025975,0.28795,-0.10195,-0.106625,-0.0040750000000000005,0.070075,-0.05205,-0.11309999999999999,-0.151675,-0.37945,0.244025,0.35135,-0.0266,-0.38355,-0.134525,0.383175,-0.14229999999999998,-0.12329999999999999,-0.6947749999999999,-0.272125,0.576225,0.3791,-0.1096,-0.1204,-0.11185,0.2177,0.44827500000000003,-0.5295,-0.24855,-0.14205,0.04215,0.280575,0.082825,-0.229225,-0.5078499999999999,-0.16735,-0.206925,-0.0246,-0.2662,-0.674375,-0.32920000000000005,-0.037075,0.40415,-0.211325,-0.27207499999999996,-0.28764999999999996,-0.1409,0.1802,-0.546275,-0.4135,-0.128075,0.02915,-0.264475,-0.11405,-0.5904,-0.3176,0.165825,-0.510825,-0.369425,-0.045925,-0.17865,-0.460675,-0.711875,-0.45105,-0.93215,-0.583,-0.6140749999999999,-0.43005,-0.6109,-0.39905,-0.619125,-0.429375,-0.0655,-0.300375,-0.624275,-0.971725,-0.5880500000000001,-0.1219,-0.2158,-0.59345,0.10907499999999999,0.12204999999999999,0.16797499999999999,-0.54555,-1.01095,-0.10535,0.08779999999999999,-0.33385,-0.0924,-0.5293,-0.24557500000000002,-0.8643500000000001,-0.519525,-0.4807,-0.1206,-0.7742,-0.2433,-0.204625,-0.491375,0.170425,-1.0351000000000001,-0.3178,-0.645425,-0.537125,-1.304475,-1.22075,0.0,0.0,0.0,0.0,0.0,0.0,0.0,0.0,0.0,0.0,0.0,0.0,0.0,0.0,0.0,0.0,0.0,0.0,0.0,0.0,0.0,0.0,0.0,0.0,0.0,0.0,0.0,0.0,0.0,0.0,0.0,0.0,0.0,0.0,0.0,0.0,0.0,0.0,0.0,0.0,0.0,0.0,0.0,0.0,0.0,0.0,0.0,0.0,0.0,0.0,0.0,0.0,0.0,0.0,0.0,0.0,0.0,0.0,0.0,0.0,0.0,0.0,0.0,0.0,0.0,0.0,0.0,0.0,0.0
0.0,0.0,0.0,0.0,0.0,0.0,0.0,0.0,0.0,0.0,0.0,0.0,0.0,0.0,0.0,0.0,0.0,0.0,0.0,0.0,0.0,0.0,0.0,0.0,0.0,0.0,0.0,0.0,0.0,0.0,0.0,0.0,0.0,0.0,0.0,0.0,0.0,0.0,0.0,0.0,0.0,0.0,0.0,0.0,0.0,0.0,0.0,0.0,0.0,0.0,0.0,0.0,0.0,0.0,0.0,0.0,0.0,0.0,0.0,0.0,0.0,0.0,0.0,0.0,0.0,0.0,0.0,0.0,0.0,0.0,1.799925,0.8087,1.0483250000000002,2.102875,2.340075,0.516625,0.9872000000000001,1.266275,1.723925,1.9234749999999998,0.939025,1.143975,1.130325,1.072725,1.3477999999999999,1.5993249999999999,1.5839999999999999,1.148225,0.9543,1.125675,1.9695,1.171675,1.046675,1.595275,1.07125,1.693775,0.954275,0.596275,1.1363,1.60065,1.559925,0.868825,0.5858749999999999,0.811075,1.3779,1.0601,0.6156,0.70355,0.9143,1.3308499999999999,1.21325,0.731375,0.510375,0.763175,0.96035,1.1093000000000002,1.397625,0.74135,0.5602,1.104275,1.64385,0.86815,0.6898,0.17222500000000002,0.4453,1.5915,0.96825,0.64215,0.36214999999999997,1.0022250000000001,1.5584500000000001,1.1666,0.396,0.068175,0.80795,0.950425,0.88075,0.5694250000000001,0.399325,0.716675,0.9048499999999999,0.916675,0.30195000000000005,0.46875,0.31825,0.702825,0.9881,0.6736,0.500825,0.2544,1.0276750000000001,0.621575,0.6494249999999999,0.08615,0.1467,1.06405,0.904525,0.7169,0.313625,0.371675,0.640425,1.07355,0.19735,-0.076375,0.59625,0.48695,0.903475,0.326275,0.26082500000000003,0.185075,0.52325,0.81885,0.23405,0.2451,0.128225,0.3748,0.7589,0.6936,0.1769,0.276925,0.25687499999999996,0.358325,0.901225,-0.023575,-0.057575,0.5008,0.8236,0.7624,0.134,-0.039474999999999996,0.007825,0.815,0.279125,-0.038375,0.0187,0.21955,0.817875,0.37105,0.168275,-0.311,0.11964999999999999,0.2744,0.363825,0.340075,-0.01815,-0.097075,-0.020225,0.58445,0.060475,-0.09492500000000001,-0.395175,-0.10595,0.720575,0.08295,-0.17455,-0.24795,0.31057500000000005,0.546125,0.398825,-0.207175,-0.38625,0.46094999999999997,0.398225,0.21275,-0.206225,-0.188725,0.07585,0.07555,0.055075,-0.365925,-0.185525,-0.2999,0.050574999999999995,0.27815,0.260925,-0.2188,-0.040275000000000005,0.2837,-0.020649999999999998,0.0843,-0.6504,-0.46665,0.511575,0.3616,-0.13215,-0.29557500000000003,-0.031825,0.041550000000000004,0.381925,-0.420375,-0.39837500000000003,0.145925,-0.0432,0.17207499999999998,-0.28555,-0.2431,-0.20655,-0.06545000000000001,-0.114775,-0.273475,-0.04475,-0.121625,-0.031725,0.11044999999999999,0.084525,-0.57905,-0.7233750000000001,-0.4269,-0.270875,0.2695,-0.459325,-0.3872,-0.044700000000000004,0.07455,0.04545,-0.29405,-0.574425,-0.44437499999999996,0.47154999999999997,-0.15225,-0.7307250000000001,-0.33615,-0.2708,0.1688,-0.1494,-0.3149,-0.629025,-0.18607500000000002,-0.61065,-0.0567,-0.086675,0.15245,-0.920275,-0.24332499999999999,0.21150000000000002,-0.49305,-0.41117499999999996,-0.9047000000000001,-0.737525,0.48260000000000003,-0.618225,-0.6085,-0.553125,0.01325,-0.167125,-0.12987500000000002,-1.0170249999999998,-0.4102,-0.469025,0.187575,-0.139125,-0.2363,-0.831125,-0.387875,-0.85365,0.19865,-0.7148749999999999,-0.35245000000000004,-0.46755,-0.30295,-0.307525,-0.572675,-0.847825,0.0704,0.09115000000000001,-1.2909249999999999,0.5045999999999999,-1.508775,-0.25922500000000004,-0.45735,0.0,0.0,0.0,0.0,0.0,0.0,0.0,0.0,0.0,0.0,0.0,0.0,0.0,0.0,0.0,0.0,0.0,0.0,0.0,0.0,0.0,0.0,0.0,0.0,0.0,0.0,0.0,0.0,0.0,0.0,0.0,0.0,0.0,0.0,0.0,0.0,0.0,0.0,0.0,0.0,0.0,0.0,0.0,0.0,0.0,0.0,0.0,0.0,0.0,0.0,0.0,0.0,0.0,0.0,0.0,0.0,0.0,0.0,0.0,0.0,0.0,0.0,0.0,0.0,0.0,0.0,0.0,0.0,0.0,0.0
0.0,0.0,0.0,0.0,0.0,0.0,0.0,0.0,0.0,0.0,0.0,0.0,0.0,0.0,0.0,0.0,0.0,0.0,0.0,0.0,0.0,0.0,0.0,0.0,0.0,0.0,0.0,0.0,0.0,0.0,0.0,0.0,0.0,0.0,0.0,0.0,0.0,0.0,0.0,0.0,0.0,0.0,0.0,0.0,0.0,0.0,0.0,0.0,0.0,0.0,0.0,0.0,0.0,0.0,0.0,0.0,0.0,0.0,0.0,0.0,0.0,0.0,0.0,0.0,0.0,0.0,0.0,0.0,0.0,0.0,0.0,1.76055,1.624375,0.9059999999999999,0.79815,1.4526999999999999,2.022975,1.73825,0.6381,1.809225,1.676675,2.33975,1.2107999999999999,1.34785,1.02965,1.2367,1.703325,1.75965,1.041325,1.1279249999999998,1.1907750000000001,1.238925,1.221125,1.1630500000000001,1.032625,1.34375,1.593,1.3528,0.892425,0.694975,0.578475,1.5002499999999999,2.0125,0.7903,0.72695,1.095725,1.762225,1.0345499999999999,1.087625,0.43022499999999997,0.64495,1.09435,1.060675,0.929,0.620075,0.7802,1.4832999999999998,1.445075,1.145775,0.731175,0.62845,0.70225,1.3542,0.958525,0.4572,0.5722,1.2552750000000001,1.424375,0.950725,0.376825,0.10844999999999999,1.1109,1.338625,0.767525,0.52395,0.51085,1.0570249999999999,0.936825,0.99265,0.146425,0.53765,0.964725,0.906575,0.930575,0.6277999999999999,0.317025,0.6517999999999999,1.310425,0.456575,0.63435,0.177825,0.212525,1.19595,1.015625,0.6690750000000001,0.20047500000000001,0.430225,0.8987,1.07375,0.395425,-0.07435,0.3397,0.906725,0.9557249999999999,0.531325,0.357825,0.2407,0.615575,0.756425,-0.150225,0.291625,0.378225,0.607675,0.8176749999999999,0.702,0.05555,0.0325,0.380025,0.25429999999999997,0.801025,0.11105,-0.0132,0.41547500000000004,0.6898500000000001,0.761575,0.04405,0.01065,0.072225,0.622175,0.4738,-0.058275,0.141175,0.518975,0.9826250000000001,0.235175,0.051275,-0.2097,0.208275,0.6092,0.00865,0.22185,0.05865,0.2193,0.36885,0.54445,-0.312125,-0.233625,-0.125575,-0.06497499999999999,0.6326750000000001,0.1034,0.03225,-0.177525,0.3957,0.5196999999999999,-0.07037500000000001,-0.3432,-0.366625,0.3883,0.549925,0.07165,-0.13035,0.171475,0.440225,0.32830000000000004,0.21292499999999998,-0.550775,-0.104025,0.1166,0.195425,0.016524999999999998,-0.12555,-0.093975,-0.025575,0.4514,-0.239,-0.029925,-0.345625,-0.2163,0.569825,0.220975,-0.2036,-0.39437500000000003,-0.25895,0.162725,0.184175,-0.2404,-0.7165,-0.1318,0.49165,0.491575,-0.2149,-0.36515,-0.264775,0.13977499999999998,0.125075,-0.6251749999999999,-0.28847500000000004,-0.26442499999999997,-0.09975,0.22190000000000001,0.26375000000000004,-0.356875,-0.213675,-0.0065249999999999996,-0.4022,0.0038,-0.270475,-0.5393,-0.06430000000000001,0.3386,-0.065075,-0.36762500000000004,-0.5671999999999999,-0.30872499999999997,0.23625,-0.258175,-0.658925,-0.46475,0.101175,0.108575,-0.6637500000000001,0.248225,-0.678025,-0.502675,-0.2586,-0.6181,-0.39935,-0.431775,-0.408425,-0.24527500000000002,-0.179325,-0.41247500000000004,-0.467075,-0.671125,-0.474475,-0.083975,-0.043425,-0.7103999999999999,-0.872225,-0.2157,-0.22485,-0.1597,-0.5610999999999999,-0.7683249999999999,-0.24475000000000002,-0.004725,-0.5851999999999999,-1.072975,0.2001,-0.0786,-0.010175,-0.717825,-0.4798,-0.50765,-0.044024999999999995,0.342375,0.29735,-0.4971,-1.101975,-0.5471250000000001,-0.17307499999999998,-0.516175,-0.373825,-0.917325,-0.1635,-0.17115,-1.2148,-1.586725,0.0,0.0,0.0,0.0,0.0,0.0,0.0,0.0,0.0,0.0,0.0,0.0,0.0,0.0,0.0,0.0,0.0,0.0,0.0,0.0,0.0,0.0,0.0,0.0,0.0,0.0,0.0,0.0,0.0,0.0,0.0,0.0,0.0,0.0,0.0,0.0,0.0,0.0,0.0,0.0,0.0,0.0,0.0,0.0,0.0,0.0,0.0,0.0,0.0,0.0,0.0,0.0,0.0,0.0,0.0,0.0,0.0,0.0,0.0,0.0,0.0,0.0,0.0,0.0,0.0,0.0,0.0,0.0,0.0,0.0,0.0
0.0,0.0,0.0,0.0,0.0,0.0,0.0,0.0,0.0,0.0,0.0,0.0,0.0,0.0,0.0,0.0,0.0,0.0,0.0,0.0,0.0,0.0,0.0,0.0,0.0,0.0,0.0,0.0,0.0,0.0,0.0,0.0,0.0,0.0,0.0,0.0,0.0,0.0,0.0,0.0,0.0,0.0,0.0,0.0,0.0,0.0,0.0,0.0,0.0,0.0,0.0,0.0,0.0,0.0,0.0,0.0,0.0,0.0,0.0,0.0,0.0,0.0,0.0,0.0,0.0,0.0,0.0,0.0,0.0,0.0,0.0,0.0,1.6817250000000001,1.581425,1.2418,2.079275,1.5208750000000002,1.370575,2.096425,0.86095,1.20125,1.6510250000000002,2.03545,2.7869,1.4037,1.079975,1.2864499999999999,1.4186,1.52865,1.731525,1.1258,0.903625,1.116675,1.675475,1.4911249999999998,0.8066,1.1964,0.848675,1.653275,1.248425,0.4494,0.7644500000000001,1.33955,1.862525,1.3061749999999999,1.2991249999999999,0.34335,0.9598,1.5168,1.0317749999999999,0.6717500000000001,0.6572,0.9550000000000001,1.529075,1.4972500000000002,0.7461,0.5486249999999999,0.78605,1.1003500000000002,1.32565,0.8686,0.44055,0.8183,1.1395,1.436375,0.88545,0.507525,0.06325,0.8239000000000001,1.56705,0.85885,0.579,0.4152,1.2221000000000002,0.89805,0.8288249999999999,-0.04375,0.49385,1.04685,0.7409250000000001,0.86355,0.644975,0.49670000000000003,0.840625,1.0234,0.565775,0.2081,0.414275,0.240525,1.045775,0.6633249999999999,0.642325,0.33182500000000004,0.39605,0.9150499999999999,0.755875,0.79,-0.04105,0.4425,1.000675,0.8526499999999999,0.4011,0.212225,0.3032,0.6281,0.9279,-0.2203,0.073075,0.6128750000000001,0.763425,0.809075,0.5137750000000001,0.1841,0.173475,0.816025,0.345975,0.383125,0.15075,0.2006,0.596325,0.7737750000000001,0.579375,0.12919999999999998,0.022949999999999998,0.23024999999999998,0.437475,0.6001000000000001,-0.0471,0.0892,0.8192,1.026125,0.362075,0.18617499999999998,-0.42327499999999996,0.2059,0.926175,0.15985,0.136775,-0.0001,0.26797499999999996,0.58995,0.4442,-0.11955,-0.286775,0.1395,-0.052375,0.337325,-0.0066,0.033325,-0.08215,0.172325,0.538825,-0.0028,-0.1553,-0.51545,0.19165,0.5185500000000001,0.22870000000000001,-0.098775,0.1734,0.455625,0.35502500000000003,0.225225,-0.502575,-0.22875,0.30835,0.13075,0.092625,-0.3055,-0.131925,0.013125000000000001,0.19765,-0.421275,-0.081375,-0.13315,-0.150675,0.297925,-0.019125,0.23267500000000002,-0.507075,-0.11080000000000001,-0.0031,0.07617499999999999,-0.09282499999999999,-0.71165,-0.35660000000000003,0.44465,0.2561,-0.2509,-0.142225,-0.19090000000000001,0.1747,0.22575,-0.7456,-0.1887,-0.10679999999999999,0.049425,0.1235,-0.147825,-0.23820000000000002,-0.15302500000000002,0.199525,-0.24207499999999998,-0.21805,-0.2938,-0.2816,0.056475,0.0156,0.011575,-0.4668,-0.149425,-0.23702499999999999,0.023774999999999998,-0.096575,-0.526825,-0.4101,0.302475,0.114775,-0.569225,-0.4155,-0.8489,-0.143225,0.09655,-0.5303,-0.33375,-0.5899749999999999,0.308425,-0.253675,-0.2306,-0.553175,-0.667075,-0.319475,-0.65495,-0.15102500000000002,-0.4006,-0.7775,-0.727025,-0.00295,0.23485,-0.51605,-0.5369,-1.13625,-0.18814999999999998,0.20015,-0.33752499999999996,-0.928975,-0.5159499999999999,0.3854,-0.03535,-0.023575,-0.914025,-0.51275,-0.095375,-0.3168,-0.70585,-0.1346,-0.5211,-0.939075,0.8558,-0.238875,-0.3669,-0.28047500000000003,-0.593275,-0.043125000000000004,-0.3048,0.872475,-2.156975,-0.050475,0.0,0.0,0.0,0.0,0.0,0.0,0.0,0.0,0.0,0.0,0.0,0.0,0.0,0.0,0.0,0.0,0.0,0.0,0.0,0.0,0.0,0.0,0.0,0.0,0.0,0.0,0.0,0.0,0.0,0.0,0.0,0.0,0.0,0.0,0.0,0.0,0.0,0.0,0.0,0.0,0.0,0.0,0.0,0.0,0.0,0.0,0.0,0.0,0.0,0.0,0.0,0.0,0.0,0.0,0.0,0.0,0.0,0.0,0.0,0.0,0.0,0.0,0.0,0.0,0.0,0.0,0.0,0.0,0.0,0.0,0.0,0.0
0.0,0.0,0.0,0.0,0.0,0.0,0.0,0.0,0.0,0.0,0.0,0.0,0.0,0.0,0.0,0.0,0.0,0.0,0.0,0.0,0.0,0.0,0.0,0.0,0.0,0.0,0.0,0.0,0.0,0.0,0.0,0.0,0.0,0.0,0.0,0.0,0.0,0.0,0.0,0.0,0.0,0.0,0.0,0.0,0.0,0.0,0.0,0.0,0.0,0.0,0.0,0.0,0.0,0.0,0.0,0.0,0.0,0.0,0.0,0.0,0.0,0.0,0.0,0.0,0.0,0.0,0.0,0.0,0.0,0.0,0.0,0.0,0.0,1.399775,1.572375,2.437175,1.443625,0.28495,0.824,1.5201,2.007175,1.9390749999999999,0.99535,1.420475,1.44605,1.6392250000000002,1.3758,0.6421749999999999,1.175975,1.614175,1.9008,1.364475,0.84885,1.0859,1.4673,1.1897499999999999,1.3457249999999998,1.0751,0.640875,1.254675,1.66975,1.48545,1.06495,0.649575,0.8893500000000001,1.800275,1.063175,0.818675,0.9919,1.254175,1.531475,1.22105,0.6796,0.452125,1.1114000000000002,0.9461,0.8472999999999999,0.953675,1.0275750000000001,1.034325,1.127125,1.329575,0.13625,0.623475,0.5565,0.781475,1.33545,0.7975,0.486625,0.5236,1.416175,1.0832,0.9531000000000001,0.10335,0.2394,1.3692,1.197,0.9579,0.341625,0.638125,1.12985,1.20235,0.572325,0.21115,0.5668500000000001,0.70185,1.0201,0.672725,0.6408750000000001,0.3145,0.577575,0.953125,0.300925,0.572225,-0.01285,0.3325,1.344125,0.9038499999999999,0.360075,0.09505,0.49545,0.778925,1.0507499999999999,0.2201,0.022175,0.440125,0.8743,0.9116249999999999,0.10135,0.290325,0.228425,0.630425,0.526525,0.32745,0.242725,0.2707,0.649875,0.607475,0.546575,-0.2187,0.26645,0.17654999999999998,0.361325,0.819475,0.0539,0.08415,0.5165,0.9082,0.3371,0.12772499999999998,-0.058725,0.133225,0.868875,0.117025,-0.002575,-0.021225,0.41159999999999997,0.71945,0.30674999999999997,-0.13337500000000002,-0.24045,0.455725,0.38225,0.30227499999999996,0.1542,0.028550000000000002,0.313125,0.421375,0.536775,-0.360225,0.120825,-0.20829999999999999,0.153475,0.57465,0.2011,-0.2329,0.153725,0.40375,0.09675,0.292025,-0.526175,0.0027,0.629475,0.278125,0.102175,-0.428,0.07832499999999999,0.207175,0.305975,-0.270825,-0.447125,-0.006475,0.074975,0.30115,0.123125,0.086125,-0.25335,0.07195,0.374025,-0.2208,0.029725,-0.49735,-0.1068,0.68815,0.1446,-0.395975,-0.225025,-0.118825,0.25997499999999996,0.40885,-0.57425,-0.506625,-0.035925,0.35605,0.29964999999999997,-0.4794,-0.5901,-0.3452,0.2369,-0.19749999999999998,-0.278625,-0.1709,0.19440000000000002,0.161825,0.1162,-0.0274,-0.4431,-0.282225,-0.336625,-0.291525,0.098875,-0.4022,-0.5436500000000001,-0.234875,0.3109,-0.1577,-0.24005,-0.525525,-0.32299999999999995,0.021675,-0.351775,-0.600325,-0.46745000000000003,-0.08405,0.13585,-0.20605,-0.5097499999999999,-0.67025,-0.4124,-0.122675,-0.492525,-0.2346,-0.424275,-0.385825,-0.514375,-0.442925,-1.067275,-0.8151,-1.20445,-0.156375,-0.262175,-0.2431,-0.69765,0.172775,-0.38325,-0.2573,-0.23525,-0.55965,-0.691975,0.113025,0.095425,-0.131225,-0.6284,-0.599125,-0.199725,-0.201625,-0.22485,-0.7875,-0.700425,-0.023775,-0.66965,0.793275,0.1561,0.77995,-1.347175,-0.078325,0.5366500000000001,0.0,0.0,0.0,0.0,0.0,0.0,0.0,0.0,0.0,0.0,0.0,0.0,0.0,0.0,0.0,0.0,0.0,0.0,0.0,0.0,0.0,0.0,0.0,0.0,0.0,0.0,0.0,0.0,0.0,0.0,0.0,0.0,0.0,0.0,0.0,0.0,0.0,0.0,0.0,0.0,0.0,0.0,0.0,0.0,0.0,0.0,0.0,0.0,0.0,0.0,0.0,0.0,0.0,0.0,0.0,0.0,0.0,0.0,0.0,0.0,0.0,0.0,0.0,0.0,0.0,0.0,0.0,0.0,0.0,0.0,0.0,0.0,0.0
0.0,0.0,0.0,0.0,0.0,0.0,0.0,0.0,0.0,0.0,0.0,0.0,0.0,0.0,0.0,0.0,0.0,0.0,0.0,0.0,0.0,0.0,0.0,0.0,0.0,0.0,0.0,0.0,0.0,0.0,0.0,0.0,0.0,0.0,0.0,0.0,0.0,0.0,0.0,0.0,0.0,0.0,0.0,0.0,0.0,0.0,0.0,0.0,0.0,0.0,0.0,0.0,0.0,0.0,0.0,0.0,0.0,0.0,0.0,0.0,0.0,0.0,0.0,0.0,0.0,0.0,0.0,0.0,0.0,0.0,0.0,0.0,0.0,0.0,1.32845,1.089475,2.5452500000000002,2.33635,1.782875,0.70595,0.9219999999999999,1.97135,2.029275,0.7395499999999999,2.095525,1.626625,1.597975,1.2390249999999998,1.261125,0.77915,1.15665,1.83135,0.9852,1.2585,0.935575,1.0306,1.7673750000000001,1.522375,1.3046250000000001,0.956,0.7785,1.014425,1.36825,1.223475,0.4679,0.722125,1.6935499999999999,1.8806500000000002,1.0148000000000001,0.39175,0.312075,1.22265,1.355175,0.867525,0.9918750000000001,0.80625,1.099425,1.5607,1.349275,0.45642499999999997,0.66615,0.762125,0.6407499999999999,1.173425,0.922925,0.9307,0.7801499999999999,0.88255,1.207875,0.9158499999999999,0.36305,0.2073,1.2214999999999998,1.1835,0.77435,0.5201,0.59565,0.994775,1.4006,0.64375,0.032475000000000004,0.6007499999999999,0.872075,1.0127249999999999,0.7662,0.5755,0.53705,0.8261000000000001,0.956325,0.294725,0.558325,0.275825,0.526525,1.097775,0.73355,0.44415,0.3717,0.46835,0.7534,0.845525,0.13240000000000002,0.0234,0.7256750000000001,0.9736750000000001,1.0486499999999999,0.220625,0.18062499999999998,0.36322499999999996,0.83025,0.5417,-0.221675,0.1949,0.651375,1.1299000000000001,0.66205,0.314675,-0.014275,0.36160000000000003,0.617225,0.23049999999999998,0.4687,0.097675,0.20055,0.8582,0.699125,0.21635,-0.0581,-0.08205,0.020475,0.7969999999999999,0.10792500000000001,0.150625,0.14815,0.8227,0.6455,0.08952500000000001,-0.11482500000000001,-0.42012499999999997,0.532925,0.80085,0.15395,0.0539,0.0509,0.49024999999999996,0.4523,0.21305,-0.38175,0.019,0.125425,0.068725,0.38705,0.052375000000000005,-0.026425,-0.09235,0.24505,0.135,0.151475,-0.237775,-0.320525,0.39965,0.188725,0.0247,-0.38127500000000003,0.111125,0.324025,0.236375,-0.244675,-0.598625,-0.023674999999999998,0.192625,0.24045,-0.0003,-0.07125,-0.03995,0.20815,0.23422500000000002,-0.4189,0.018075,-0.09865,-0.09355000000000001,0.31899999999999995,0.16365,0.0083,-0.22555,-0.152675,-0.09565,0.14605,-0.2838,-0.369225,0.015175,0.24795,0.171175,-0.62735,-0.370375,-0.240375,0.13674999999999998,0.12425,-0.6141749999999999,-0.2991,0.2487,0.35567499999999996,-0.017075,-0.1983,-0.638625,0.02945,-0.0494,-0.28847500000000004,0.01005,-0.47967499999999996,-0.138075,-0.162875,0.326325,-0.231425,-0.676375,-0.57685,-0.397325,0.1195,-0.5933,-0.40049999999999997,-0.6114,0.301725,0.07250000000000001,-0.43119999999999997,-0.7363500000000001,-1.012425,-0.239875,0.10477500000000001,-0.5119750000000001,-0.0958,-0.11585,-0.70065,-0.276175,-0.130075,-1.24455,-0.87475,-0.5586,-0.29525,0.19175,-0.7658,-0.356525,-0.40915,-0.102825,-0.36335,-0.408925,-0.60945,-1.1251250000000002,-0.5747500000000001,-0.45105,-0.030574999999999998,-0.04355,-0.565825,-0.401475,0.535,-0.679175,-0.9117249999999999,-0.262125,-0.633225,-0.223325,-0.432225,-0.644025,0.233025,0.295775,-0.1066,-1.164475,-1.0133,1.148825,0.0,0.0,0.0,0.0,0.0,0.0,0.0,0.0,0.0,0.0,0.0,0.0,0.0,0.0,0.0,0.0,0.0,0.0,0.0,0.0,0.0,0.0,0.0,0.0,0.0,0.0,0.0,0.0,0.0,0.0,0.0,0.0,0.0,0.0,0.0,0.0,0.0,0.0,0.0,0.0,0.0,0.0,0.0,0.0,0.0,0.0,0.0,0.0,0.0,0.0,0.0,0.0,0.0,0.0,0.0,0.0,0.0,0.0,0.0,0.0,0.0,0.0,0.0,0.0,0.0,0.0,0.0,0.0,0.0,0.0,0.0,0.0,0.0,0.0
0.0,0.0,0.0,0.0,0.0,0.0,0.0,0.0,0.0,0.0,0.0,0.0,0.0,0.0,0.0,0.0,0.0,0.0,0.0,0.0,0.0,0.0,0.0,0.0,0.0,0.0,0.0,0.0,0.0,0.0,0.0,0.0,0.0,0.0,0.0,0.0,0.0,0.0,0.0,0.0,0.0,0.0,0.0,0.0,0.0,0.0,0.0,0.0,0.0,0.0,0.0,0.0,0.0,0.0,0.0,0.0,0.0,0.0,0.0,0.0,0.0,0.0,0.0,0.0,0.0,0.0,0.0,0.0,0.0,0.0,0.0,0.0,0.0,0.0,0.0,0.8926,0.803275,1.320875,1.7030750000000001,1.4496,1.3544,1.439375,1.3853,1.8037999999999998,2.277875,1.24555,0.579025,1.478875,1.458625,0.88515,1.47925,0.9052,1.166075,2.012025,1.42055,0.97015,0.853425,1.2141250000000001,0.973075,1.101325,1.3147000000000002,0.954125,0.55315,1.7102249999999999,1.85275,1.16455,0.716925,0.2274,1.014425,1.6083,1.0441,0.6134000000000001,1.26435,1.292025,1.43055,1.086375,0.61785,0.6604,1.32975,1.2236,0.980175,0.3701,0.614575,0.903275,1.18215,1.112125,0.55215,0.6133,0.50115,1.2488,1.4082999999999999,0.954,0.505275,0.9179,1.3968,0.876425,0.741825,-0.20245,0.48655,1.074325,1.029325,0.654675,0.221475,0.5517,1.0134750000000001,1.024925,0.277875,0.25372500000000003,0.468025,0.78765,1.03695,0.3897,0.40275,0.26315,0.86565,0.5667249999999999,0.8024,0.20804999999999998,0.164275,0.5265249999999999,1.2063,1.077525,0.360125,0.3102,0.26745,0.93985,0.9964,-0.073275,0.315975,0.48585,0.9972,0.630125,0.257175,-0.0359,0.285525,1.0302,0.13045,0.215975,0.122725,0.518575,0.7413,0.496825,0.11722500000000001,-0.11699999999999999,0.287925,0.22392499999999999,0.5838,0.47807499999999997,0.1053,0.140825,0.682575,0.7076250000000001,0.00975,0.0438,-0.34985,0.5261,0.8553499999999999,0.026775,-0.047275,0.11647500000000001,0.536225,0.7623500000000001,0.17065,-0.36992499999999995,-0.031825,0.466075,0.33744999999999997,0.27825,-0.129925,0.21097500000000002,0.19415,0.501,0.078975,-0.19829999999999998,-0.054425,-0.061375,0.34255,0.5692499999999999,0.047725000000000004,-0.246025,0.2774,0.43305,0.135125,0.1638,-0.6317,0.15912500000000002,0.500325,0.212925,-0.165125,-0.14650000000000002,0.051725,0.382725,0.370925,-0.550225,-0.139,-0.011075,0.1707,0.470225,-0.128625,-0.1774,-0.209575,0.08097499999999999,-0.123375,-0.25072500000000003,-0.33840000000000003,-0.3909,-0.045725,0.61725,0.20525,-0.5085500000000001,-0.23800000000000002,-0.218275,0.2624,0.2344,-0.641875,-0.313125,0.194025,0.23315,-0.036675,-0.298325,-0.361675,-0.06570000000000001,0.1747,-0.36285,-0.077575,-0.302925,0.28822499999999995,-0.0309,-0.17309999999999998,-0.358775,-0.5516249999999999,-0.406025,-0.226425,-0.163425,-0.08095,-0.43979999999999997,-0.35745,0.08977500000000001,0.042249999999999996,-0.375325,-0.52705,-0.7364999999999999,-0.69165,0.4293,-0.374975,-0.26165,-0.2576,0.043574999999999996,0.08952500000000001,-0.15175,-0.93245,-0.5839000000000001,-0.138425,0.032850000000000004,-0.22685,-0.613725,-0.237625,-0.62185,0.34455,-0.30525,-0.566025,-0.555175,-0.6097,-0.334875,-0.013024999999999998,-0.200775,-0.64795,-0.1303,-0.215925,-0.09405,-0.3264,-0.843575,0.68565,0.4103,-0.7934249999999999,-0.42075,-0.9165,-1.177475,0.267925,-0.158,0.135675,-0.66785,-0.52835,-0.61755,-0.6826,0.0,0.0,0.0,0.0,0.0,0.0,0.0,0.0,0.0,0.0,0.0,0.0,0.0,0.0,0.0,0.0,0.0,0.0,0.0,0.0,0.0,0.0,0.0,0.0,0.0,0.0,0.0,0.0,0.0,0.0,0.0,0.0,0.0,0.0,0.0,0.0,0.0,0.0,0.0,0.0,0.0,0.0,0.0,0.0,0.0,0.0,0.0,0.0,0.0,0.0,0.0,0.0,0.0,0.0,0.0,0.0,0.0,0.0,0.0,0.0,0.0,0.0,0.0,0.0,0.0,0.0,0.0,0.0,0.0,0.0,0.0,0.0,0.0,0.0,0.0
0.0,0.0,0.0,0.0,0.0,0.0,0.0,0.0,0.0,0.0,0.0,0.0,0.0,0.0,0.0,0.0,0.0,0.0,0.0,0.0,0.0,0.0,0.0,0.0,0.0,0.0,0.0,0.0,0.0,0.0,0.0,0.0,0.0,0.0,0.0,0.0,0.0,0.0,0.0,0.0,0.0,0.0,0.0,0.0,0.0,0.0,0.0,0.0,0.0,0.0,0.0,0.0,0.0,0.0,0.0,0.0,0.0,0.0,0.0,0.0,0.0,0.0,0.0,0.0,0.0,0.0,0.0,0.0,0.0,0.0,0.0,0.0,0.0,0.0,0.0,0.0,1.967425,0.96265,0.181925,2.06535,1.255975,2.2488,1.44095,1.03965,1.6948750000000001,1.700275,1.1231499999999999,1.03795,1.042725,1.100275,2.0990249999999997,0.9857,0.6782,0.6782250000000001,1.654575,1.102375,1.334775,1.738325,0.570625,1.148675,1.592875,1.448025,0.900375,0.7257,0.4659,1.08405,1.92375,1.170725,0.71705,0.47857500000000003,1.03985,1.5269,0.98335,0.5193000000000001,0.2711,1.2405499999999998,1.337825,1.054475,0.466625,0.88805,1.140575,1.615875,1.142525,0.1461,0.623175,0.758475,1.1163750000000001,1.2188999999999999,0.66815,0.64725,1.0184,1.331125,0.72785,0.9029,0.13572499999999998,0.6219,1.3314249999999999,1.0091999999999999,0.64615,0.2714,0.848975,0.9741500000000001,1.09005,0.16775,0.059975,0.69515,1.072025,1.151325,0.74,0.455325,0.2973,0.854225,0.5757749999999999,0.2583,0.609225,0.35285,0.71385,0.9914499999999999,0.7226250000000001,0.1518,0.395175,0.5564250000000001,0.71305,0.7937,-0.204075,0.172325,0.83675,1.172925,0.8477,0.113425,0.054900000000000004,0.44179999999999997,0.952175,0.239775,-0.068375,0.237925,0.7329,0.9547749999999999,0.4313,0.35764999999999997,-0.0399,0.6567999999999999,0.560925,0.3022,0.44775,0.07125,0.34382500000000005,0.8654,0.506575,-0.08197499999999999,0.0046,-0.11525,0.4565,0.92255,-0.030775,-0.08099999999999999,-0.14205,0.5719500000000001,0.597575,0.217,-0.32555,-0.23985,0.535325,0.37229999999999996,0.23875000000000002,0.037175,0.15635,0.26937500000000003,0.429725,-0.027999999999999997,-0.19727499999999998,0.212,0.174225,0.3513,0.3125,-0.027075,-0.15465,0.151175,0.194575,0.046825000000000006,0.219425,-0.5031,0.20127499999999998,0.597925,0.2292,0.027475,-0.402875,0.043475,0.2072,0.229125,-0.47902500000000003,-0.191075,0.16770000000000002,0.549525,0.40255,-0.46135000000000004,-0.14155,-0.2313,0.264925,-0.141675,-0.26535000000000003,-0.030425,-0.15255,0.101675,0.1421,0.052675,-0.52035,-0.043949999999999996,-0.108,-0.26897499999999996,0.32255,-0.6478,-0.27237500000000003,0.262625,0.13185,0.236525,-0.408225,-0.512725,-0.0060999999999999995,0.48655,-0.33375,-0.4235,-0.22745,0.303175,0.1909,-0.17885,-0.4002,-0.5266500000000001,-0.0128,-0.393625,-0.185475,0.096775,-0.2044,-0.17315,0.17452499999999999,-0.014975,-0.183975,-0.454925,-0.859375,0.156275,0.395125,-0.37055,-0.60715,-0.27845000000000003,0.06459999999999999,0.306725,-0.28069999999999995,-0.9043249999999999,-0.59785,0.1457,0.16675,-0.281875,-0.40864999999999996,-0.23445,-0.5372,-0.323925,-0.3635,-0.7566999999999999,-0.23149999999999998,0.03075,-0.408325,-0.3792,-0.409175,-0.45275,-0.1139,-0.287825,-0.510625,-0.550525,-0.69625,-0.3681,0.2011,0.052875,0.3054,-1.1426500000000002,0.39765,-0.9757,-0.434875,-0.45245,-1.0582,-0.259025,1.420375,-1.5350000000000001,2.302275,0.30422499999999997,0.0,0.0,0.0,0.0,0.0,0.0,0.0,0.0,0.0,0.0,0.0,0.0,0.0,0.0,0.0,0.0,0.0,0.0,0.0,0.0,0.0,0.0,0.0,0.0,0.0,0.0,0.0,0.0,0.0,0.0,0.0,0.0,0.0,0.0,0.0,0.0,0.0,0.0,0.0,0.0,0.0,0.0,0.0,0.0,0.0,0.0,0.0,0.0,0.0,0.0,0.0,0.0,0.0,0.0,0.0,0.0,0.0,0.0,0.0,0.0,0.0,0.0,0.0,0.0,0.0,0.0,0.0,0.0,0.0,0.0,0.0,0.0,0.0,0.0,0.0,0.0
0.0,0.0,0.0,0.0,0.0,0.0,0.0,0.0,0.0,0.0,0.0,0.0,0.0,0.0,0.0,0.0,0.0,0.0,0.0,0.0,0.0,0.0,0.0,0.0,0.0,0.0,0.0,0.0,0.0,0.0,0.0,0.0,0.0,0.0,0.0,0.0,0.0,0.0,0.0,0.0,0.0,0.0,0.0,0.0,0.0,0.0,0.0,0.0,0.0,0.0,0.0,0.0,0.0,0.0,0.0,0.0,0.0,0.0,0.0,0.0,0.0,0.0,0.0,0.0,0.0,0.0,0.0,0.0,0.0,0.0,0.0,0.0,0.0,0.0,0.0,0.0,0.0,1.4273,3.032825,0.7752,1.117225,0.89835,1.6739000000000002,1.5671249999999999,0.704675,1.2331750000000001,1.7783,2.45395,0.9867,1.062525,0.780025,1.297,1.16025,0.7048749999999999,1.448725,0.7156750000000001,1.076425,2.0254250000000003,1.16795,0.9849,1.133075,0.987075,0.7764,1.601725,0.983675,0.7519750000000001,0.909575,1.727,1.2067999999999999,1.236875,0.5015499999999999,0.253925,0.84785,1.434575,0.76865,0.340625,1.1582,1.465325,1.300025,0.997825,0.16825,0.9391999999999999,1.183125,0.965125,1.143875,0.791625,0.756475,1.0939,1.2629000000000001,0.736375,0.754275,0.3776,0.904625,1.4094,0.995,0.800175,0.23254999999999998,1.0559500000000002,0.74465,0.971625,0.347825,-0.169125,0.90645,1.3326500000000001,1.12905,0.295825,0.36872499999999997,0.38935,1.2554500000000002,0.8486750000000001,0.170575,0.320275,0.392075,1.26075,1.11055,0.261225,0.313175,0.352975,0.616425,0.672925,0.7841750000000001,0.264275,0.337425,0.6892750000000001,0.87415,0.5890249999999999,-0.079025,0.125125,0.369375,0.795625,0.5618,0.00375,0.35085,0.6308,0.8426,0.451875,0.030975000000000003,-0.08145,0.653375,0.801925,0.282125,0.1758,0.226325,0.52595,0.5683750000000001,0.419725,-0.1065,0.125025,0.13177499999999998,0.2646,0.530125,0.0131,0.052875,-0.01365,0.84465,0.46285,0.19232500000000002,-0.22715000000000002,-0.27565,0.716475,0.59425,0.051375000000000004,-0.003775,0.45905,0.5600999999999999,0.636125,0.16874999999999998,-0.6023499999999999,0.260325,0.366975,0.2465,0.2878,0.032225,0.11837500000000001,0.3623,0.3444,-0.41159999999999997,-0.12204999999999999,-0.35459999999999997,0.169975,0.5367,0.287025,-0.0344,-0.4487,0.252025,0.3144,0.149275,-0.31535,-0.60375,0.199775,0.46615,0.350125,-0.309275,-0.2025,-0.077525,0.25165000000000004,0.051775,-0.6528,0.183725,-0.13217500000000001,0.2424,0.16655,-0.197625,-0.45475,-0.321725,-0.116825,0.0624,0.327275,-0.401575,-0.360625,-0.01535,0.309125,-0.130975,-0.50615,-0.3456,-0.294075,0.4023,-0.0507,-0.48395,-0.23650000000000002,0.1745,0.524725,-0.4913,-0.35807500000000003,-0.51065,0.39237500000000003,0.31745,-0.290925,-0.2829,-0.514975,-0.400725,-0.01615,-0.095625,-0.09617500000000001,-0.2113,-0.39232500000000003,-0.41204999999999997,-0.22312500000000002,-0.172825,-0.3411,-0.5798749999999999,0.3998,-0.334,-0.455575,-0.362,-0.9803999999999999,0.08399999999999999,0.05275,-0.5038750000000001,-0.614575,0.300625,-0.020075,-0.65225,-0.46885,-1.042575,-0.4498,-0.00955,-0.005075,-0.18485000000000001,-0.697325,-0.6421250000000001,-0.212075,-0.213375,-0.767875,-0.1989,-0.771,0.4462,-0.43274999999999997,-0.0967,-0.4235,-0.8956500000000001,-0.9658,-0.5761499999999999,-0.2509,-1.040675,-1.33985,-0.60775,1.1854,-0.77215,-0.1674,-0.602975,-1.407875,0.5634250000000001,0.0,0.0,0.0,0.0,0.0,0.0,0.0,0.0,0.0,0.0,0.0,0.0,0.0,0.0,0.0,0.0,0.0,0.0,0.0,0.0,0.0,0.0,0.0,0.0,0.0,0.0,0.0,0.0,0.0,0.0,0.0,0.0,0.0,0.0,0.0,0.0,0.0,0.0,0.0,0.0,0.0,0.0,0.0,0.0,0.0,0.0,0.0,0.0,0.0,0.0,0.0,0.0,0.0,0.0,0.0,0.0,0.0,0.0,0.0,0.0,0.0,0.0,0.0,0.0,0.0,0.0,0.0,0.0,0.0,0.0,0.0,0.0,0.0,0.0,0.0,0.0,0.0
0.0,0.0,0.0,0.0,0.0,0.0,0.0,0.0,0.0,0.0,0.0,0.0,0.0,0.0,0.0,0.0,0.0,0.0,0.0,0.0,0.0,0.0,0.0,0.0,0.0,0.0,0.0,0.0,0.0,0.0,0.0,0.0,0.0,0.0,0.0,0.0,0.0,0.0,0.0,0.0,0.0,0.0,0.0,0.0,0.0,0.0,0.0,0.0,0.0,0.0,0.0,0.0,0.0,0.0,0.0,0.0,0.0,0.0,0.0,0.0,0.0,0.0,0.0,0.0,0.0,0.0,0.0,0.0,0.0,0.0,0.0,0.0,0.0,0.0,0.0,0.0,0.0,0.0,0.8451,1.32785,2.2348500000000002,0.6126499999999999,1.553525,1.6009000000000002,2.1686,1.520525,1.937425,0.216175,0.95305,1.8287749999999998,1.069275,1.1565750000000001,1.00515,1.88185,1.9913500000000002,1.5726499999999999,0.8349249999999999,0.51885,1.0103,0.8698250000000001,1.2982500000000001,1.0102,1.033175,1.4001000000000001,1.271425,1.6641,0.461175,0.577825,0.46605,1.2089,1.67445,0.889575,0.6305999999999999,0.393075,1.3526250000000002,1.7509,1.0543,-0.09842500000000001,0.838275,1.10725,1.255775,1.0588250000000001,0.625175,0.9233750000000001,1.3095249999999998,1.051175,0.5724,0.49577499999999997,0.68685,0.92065,1.1538,0.8947,0.815425,0.3422,1.0764,1.07985,0.6415249999999999,0.5234,-0.05835,0.91345,1.250075,0.96385,0.509825,0.45489999999999997,0.722875,1.1397249999999999,0.7898,0.150725,0.482375,0.9702999999999999,1.1885,0.8468249999999999,0.309075,0.21725,0.6369750000000001,1.0614,0.334075,0.47115,0.33955,0.4654,0.9622999999999999,0.981225,0.6016750000000001,0.1797,0.4452,0.27695000000000003,0.7536750000000001,0.5038,0.064,0.37934999999999997,1.0639,1.118525,0.200725,0.158525,-0.213825,0.7949250000000001,0.857325,-0.0365,0.0309,0.22755,0.783725,0.9508,0.31585,-0.14752500000000002,-0.08405,0.37672500000000003,0.26015,0.5371250000000001,0.15335,0.13145,0.34459999999999996,0.7216750000000001,0.40407499999999996,-0.115225,-0.0334,-0.3571,0.6288750000000001,0.7837,0.00975,0.041475000000000005,0.0998,0.32845,0.50055,0.1585,-0.378325,0.241925,0.43067500000000003,0.5066499999999999,0.07325,-0.154325,0.24225,0.334925,0.24315,-0.11099999999999999,-0.152725,0.02035,0.2099,0.1048,-0.033725000000000005,0.03955,-0.177675,0.5124,0.222525,0.0907,-0.114475,-0.419625,0.27849999999999997,0.667375,0.21034999999999998,-0.460725,-0.20105,0.080575,0.2835,0.0532,-0.583575,0.062125,0.16055,0.413525,0.063675,-0.276525,-0.26680000000000004,0.00945,0.150075,-0.28795,-0.26805,-0.3994,0.1095,0.0266,0.15337499999999998,-0.20445,-0.59695,-0.11015,-0.278575,0.024975,0.184025,-0.40197499999999997,-0.0442,0.28365,0.16275,-0.208375,-0.39902499999999996,-0.484975,0.268675,0.36862500000000004,-0.172425,-0.303375,-0.11280000000000001,0.04035,0.010275,-0.41175,-0.733325,-0.23055,0.019125,0.0294,-0.136825,-0.09475,-0.038900000000000004,-0.56855,-0.34142500000000003,-0.05115,-0.4395,-0.42312500000000003,-0.6434249999999999,-0.09,-0.049575,-0.5115500000000001,-0.827175,0.130775,-0.27255,-0.2658,-0.5505249999999999,-1.152675,-0.188025,-0.06722500000000001,-0.2064,0.046175,-0.616375,-0.43965,-0.529,-0.5128,-0.8645,-0.705325,-0.192625,-0.33039999999999997,-0.442125,0.671,-0.2675,-0.138175,0.805975,-0.8731,-0.131275,-0.44835,-0.37760000000000005,-0.672575,0.88435,-0.530675,-1.8941,-0.970575,-0.66265,-0.2916,-0.861275,-0.66175,0.0,0.0,0.0,0.0,0.0,0.0,0.0,0.0,0.0,0.0,0.0,0.0,0.0,0.0,0.0,0.0,0.0,0.0,0.0,0.0,0.0,0.0,0.0,0.0,0.0,0.0,0.0,0.0,0.0,0.0,0.0,0.0,0.0,0.0,0.0,0.0,0.0,0.0,0.0,0.0,0.0,0.0,0.0,0.0,0.0,0.0,0.0,0.0,0.0,0.0,0.0,0.0,0.0,0.0,0.0,0.0,0.0,0.0,0.0,0.0,0.0,0.0,0.0,0.0,0.0,0.0,0.0,0.0,0.0,0.0,0.0,0.0,0.0,0.0,0.0,0.0,0.0,0.0
0.0,0.0,0.0,0.0,0.0,0.0,0.0,0.0,0.0,0.0,0.0,0.0,0.0,0.0,0.0,0.0,0.0,0.0,0.0,0.0,0.0,0.0,0.0,0.0,0.0,0.0,0.0,0.0,0.0,0.0,0.0,0.0,0.0,0.0,0.0,0.0,0.0,0.0,0.0,0.0,0.0,0.0,0.0,0.0,0.0,0.0,0.0,0.0,0.0,0.0,0.0,0.0,0.0,0.0,0.0,0.0,0.0,0.0,0.0,0.0,0.0,0.0,0.0,0.0,0.0,0.0,0.0,0.0,0.0,0.0,0.0,0.0,0.0,0.0,0.0,0.0,0.0,0.0,0.0,1.55425,1.85955,2.037075,1.521675,0.9163749999999999,0.865475,1.002025,1.6021750000000001,1.3128,0.7291000000000001,1.488025,2.1745,1.1725999999999999,1.46835,0.7791750000000001,0.6176,1.2157499999999999,1.834575,1.2958749999999999,1.401525,1.4731,1.44585,2.04505,1.2767499999999998,0.973975,1.174325,0.6826,1.2719,1.4118249999999999,1.01245,0.59895,1.278925,1.42595,1.186825,0.66185,0.06620000000000001,0.5956250000000001,1.292975,1.305025,1.10145,0.39545,0.979525,1.552725,1.59165,0.6756249999999999,0.5569999999999999,0.8397749999999999,1.0774,1.092475,0.9583,0.939475,0.770775,1.3409499999999999,1.124275,0.729,0.6513,0.49082499999999996,1.1592500000000001,1.1674499999999999,0.632975,0.58655,0.41752500000000003,0.7999,1.3033000000000001,1.0258500000000002,0.04695,0.1925,0.811275,1.376375,0.809075,0.39505,0.24145,0.48319999999999996,1.294775,0.5858749999999999,0.335175,0.31575,0.6214999999999999,0.8809750000000001,0.7119,0.3325,0.3655,0.493575,0.5892,0.6803250000000001,0.5386249999999999,-0.03935,0.29159999999999997,0.97305,0.83885,0.40025,0.0554,0.007025,0.8437749999999999,0.90505,0.094425,0.159475,0.22045,1.0002,0.7514,0.22895000000000001,0.0117,0.0174,0.760025,0.45642499999999997,0.36612500000000003,0.22260000000000002,0.4494,0.6184,0.7833,0.22144999999999998,-0.260825,0.260625,0.10785,0.622625,0.57735,0.06795,0.11977499999999999,0.2419,0.615075,0.5124500000000001,0.206575,-0.361175,0.363125,0.7011000000000001,0.3828,0.089675,-0.099275,0.400825,0.46375,0.5180750000000001,-0.103925,-0.3075,0.29969999999999997,0.4059,0.45185,-0.035124999999999997,-0.0535,-0.1915,0.5667500000000001,0.27075000000000005,-0.317075,0.007225,-0.2982,0.39305,0.647725,0.187925,-0.221025,-0.267775,-0.111425,0.3522,0.175225,-0.3538,-0.23754999999999998,0.27,0.473175,-0.081025,-0.52905,-0.209275,0.02895,0.1719,-0.291975,-0.12835,-0.21055000000000001,-0.05065,0.2572,0.04535,-0.17965,-0.40175,0.20415,-0.24782500000000002,-0.218975,0.10855,-0.4516,-0.13042499999999999,0.0818,0.275375,0.1717,-0.375325,-0.39542499999999997,0.07087500000000001,0.313,-0.35402500000000003,-0.45694999999999997,-0.2549,0.26397499999999996,0.464025,-0.167325,-0.567275,-0.5282,-0.039075,-0.141725,-0.34545000000000003,-0.040975,0.02505,-0.083775,-0.42625,-0.03995,-0.5161,-0.3662,-0.8363,-0.38605,-0.21257500000000001,-0.25185,-0.278175,-0.064375,0.3787,-0.400075,-0.658625,-0.7487999999999999,-0.19365,0.12035,0.020925,-0.46055,-0.5446500000000001,-0.1091,-0.43720000000000003,-0.15940000000000001,-0.90055,-0.5276000000000001,-0.436175,-0.09095,-0.091275,-0.40255,0.01615,0.06672499999999999,0.084175,-0.486975,-0.79475,-0.25870000000000004,-0.19474999999999998,-0.049125,0.215225,0.193025,-0.44725,-0.380825,0.7978000000000001,0.8333999999999999,-0.34575,0.035925,0.318925,0.54045,0.0,0.0,0.0,0.0,0.0,0.0,0.0,0.0,0.0,0.0,0.0,0.0,0.0,0.0,0.0,0.0,0.0,0.0,0.0,0.0,0.0,0.0,0.0,0.0,0.0,0.0,0.0,0.0,0.0,0.0,0.0,0.0,0.0,0.0,0.0,0.0,0.0,0.0,0.0,0.0,0.0,0.0,0.0,0.0,0.0,0.0,0.0,0.0,0.0,0.0,0.0,0.0,0.0,0.0,0.0,0.0,0.0,0.0,0.0,0.0,0.0,0.0,0.0,0.0,0.0,0.0,0.0,0.0,0.0,0.0,0.0,0.0,0.0,0.0,0.0,0.0,0.0,0.0,0.0
0.0,0.0,0.0,0.0,0.0,0.0,0.0,0.0,0.0,0.0,0.0,0.0,0.0,0.0,0.0,0.0,0.0,0.0,0.0,0.0,0.0,0.0,0.0,0.0,0.0,0.0,0.0,0.0,0.0,0.0,0.0,0.0,0.0,0.0,0.0,0.0,0.0,0.0,0.0,0.0,0.0,0.0,0.0,0.0,0.0,0.0,0.0,0.0,0.0,0.0,0.0,0.0,0.0,0.0,0.0,0.0,0.0,0.0,0.0,0.0,0.0,0.0,0.0,0.0,0.0,0.0,0.0,0.0,0.0,0.0,0.0,0.0,0.0,0.0,0.0,0.0,0.0,0.0,0.0,0.0,1.491625,0.913175,1.7760250000000002,1.693975,1.3296,0.3486,1.37275,2.5116,1.4701,0.57155,0.824425,1.038,2.190625,1.443025,0.90325,0.66995,1.01585,1.7272,1.4708,0.8286250000000001,0.99115,0.657225,1.53965,1.2121,1.053125,1.202,0.8513,0.9598,1.345975,0.987125,0.38554999999999995,0.306775,0.5228999999999999,1.3388499999999999,1.5285250000000001,1.298025,0.19595,0.9756750000000001,1.704725,1.068325,0.827625,0.403975,0.89595,1.4061249999999998,1.38215,1.1702249999999998,0.7248,0.769075,1.34485,1.0342,0.1202,0.693125,0.733175,1.002375,1.02455,0.883875,0.45155,0.571775,0.9033249999999999,0.8265,0.998725,0.185425,0.221875,0.9658249999999999,1.3245,0.7805,0.18505,0.582075,0.59315,1.22095,0.6449,0.17895,0.5065999999999999,1.037925,1.147275,0.8412,0.2682,-0.03305,0.83715,0.870325,0.482525,0.557175,0.13665,0.658575,0.798675,0.719175,0.239675,0.108175,0.322825,0.394625,0.898,0.402625,-0.002425,0.41045,1.2066,0.6617,0.11035,-0.15505,-0.258325,0.8651249999999999,0.767625,0.14527500000000002,0.1116,0.25379999999999997,0.629475,0.5928249999999999,0.27302499999999996,-0.1513,0.39785,0.351025,0.460325,0.496075,-0.036475,0.25325,0.272775,0.672375,0.239975,0.20155,-0.1508,0.12480000000000001,0.630375,0.48595,0.156975,-0.1076,0.46377500000000005,0.555825,0.39959999999999996,-0.16415,-0.44789999999999996,0.332225,0.559125,0.1538,0.0853,-0.09765,0.060325,0.430075,0.22355,-0.381625,0.016225,-0.0997,0.476525,0.3745,-0.0475,-0.100275,-0.094475,0.11785000000000001,0.137075,0.21545,-0.311875,-0.22755,0.184175,0.764375,0.1515,-0.375025,-0.0839,-0.107425,0.47257499999999997,-0.013075,-0.43567500000000003,0.1328,0.185025,0.2409,-0.03565,-0.191525,-0.46395,0.17620000000000002,-0.1754,-0.219675,-0.074575,-0.428725,0.31179999999999997,0.280275,-0.0954,-0.440875,-0.2973,-0.0921,-0.0565,0.14465,-0.05615,-0.3466,-0.155825,0.536475,0.023425,-0.3987,-0.5012,-0.54745,0.2437,-0.22365000000000002,-0.6494,-0.344775,-0.194525,0.201975,0.22342499999999998,-0.624575,-1.1589749999999999,-0.201325,-0.08410000000000001,-0.30405000000000004,-0.203175,-0.538525,-0.28,-0.46225,-0.07245,-0.036975,-0.04385,-0.46047499999999997,-0.42325,-0.35115,-0.034425,-0.029825,-0.500425,-0.4628,-0.1978,-0.087825,-0.37605,-0.6351749999999999,-0.27442500000000003,-0.036199999999999996,-0.7585999999999999,-0.60145,-0.550125,-0.013125000000000001,-0.11762500000000001,0.2439,-0.311125,0.4503,-0.8537,0.173975,-0.212225,0.83465,-0.38735,-0.6196,-0.484225,-0.6205750000000001,0.038125,0.223375,-0.57385,-0.6995,0.2828,3.6993,0.0,0.0,0.0,0.0,0.0,0.0,0.0,0.0,0.0,0.0,0.0,0.0,0.0,0.0,0.0,0.0,0.0,0.0,0.0,0.0,0.0,0.0,0.0,0.0,0.0,0.0,0.0,0.0,0.0,0.0,0.0,0.0,0.0,0.0,0.0,0.0,0.0,0.0,0.0,0.0,0.0,0.0,0.0,0.0,0.0,0.0,0.0,0.0,0.0,0.0,0.0,0.0,0.0,0.0,0.0,0.0,0.0,0.0,0.0,0.0,0.0,0.0,0.0,0.0,0.0,0.0,0.0,0.0,0.0,0.0,0.0,0.0,0.0,0.0,0.0,0.0,0.0,0.0,0.0,0.0
0.0,0.0,0.0,0.0,0.0,0.0,0.0,0.0,0.0,0.0,0.0,0.0,0.0,0.0,0.0,0.0,0.0,0.0,0.0,0.0,0.0,0.0,0.0,0.0,0.0,0.0,0.0,0.0,0.0,0.0,0.0,0.0,0.0,0.0,0.0,0.0,0.0,0.0,0.0,0.0,0.0,0.0,0.0,0.0,0.0,0.0,0.0,0.0,0.0,0.0,0.0,0.0,0.0,0.0,0.0,0.0,0.0,0.0,0.0,0.0,0.0,0.0,0.0,0.0,0.0,0.0,0.0,0.0,0.0,0.0,0.0,0.0,0.0,0.0,0.0,0.0,0.0,0.0,0.0,0.0,0.0,1.752675,1.327475,1.7134749999999999,2.5054,2.3544,1.451825,0.8804500000000001,1.2499,1.52355,2.50715,1.542575,0.509425,1.1617,1.1675,1.979425,1.179775,0.466625,1.305,1.38135,1.217375,0.8354250000000001,1.21075,1.854725,1.0154,1.3717,1.3208,1.10095,0.81965,0.620475,1.31685,1.155725,0.982575,0.748375,1.4341249999999999,1.159375,1.126275,0.5497,0.20905,1.194525,1.43485,1.0124,0.985625,0.428,1.0086,1.6559499999999998,1.0332249999999998,0.290575,0.260625,0.91275,1.4847249999999999,1.3265500000000001,0.5106499999999999,0.68855,0.69395,1.225025,0.66845,0.64215,0.36675,0.4272,1.21495,1.4553,0.751,0.46204999999999996,0.63365,0.564675,1.216775,0.8709,-0.0728,0.5147,0.9643999999999999,1.20715,0.869325,0.22449999999999998,-0.005825,0.837475,1.089,0.163725,0.186225,0.4557,0.967875,0.9849,0.897675,0.346075,0.0582,0.623875,0.472425,0.897975,0.6533249999999999,0.225625,0.465725,1.00035,0.498525,0.3351,0.1245,-0.19140000000000001,0.8001,0.6812,-0.0634,0.07442499999999999,0.36785,0.7831250000000001,0.491625,0.130275,-0.105575,0.337075,0.54655,0.431275,0.263625,0.072525,0.72565,0.63695,0.6009249999999999,0.124,-0.07125000000000001,0.2029,0.25582499999999997,0.633325,0.510175,0.141725,0.052324999999999997,0.498525,0.187475,0.10835,-0.048975,-0.454675,0.552125,0.7383500000000001,0.265925,0.006125,-0.146675,0.16245,0.651,0.0832,-0.49102500000000004,0.0163,0.2933,0.5819500000000001,0.215825,-0.111575,-0.07930000000000001,-0.049800000000000004,0.4205,-0.100925,-0.050475,-0.010475,-0.1408,0.310975,0.697325,0.07970000000000001,-0.323275,-0.04935,-0.047625,0.3872,0.098,-0.5563750000000001,-0.045899999999999996,0.4223,0.45940000000000003,-0.09135,-0.461325,-0.258725,0.1059,0.081575,-0.7373,-0.225575,-0.12365,0.193325,0.26175,-0.02035,-0.333275,-0.437275,-0.00615,-0.3638,0.25705,-0.095275,-0.156475,-0.100475,0.302025,0.00125,-0.54695,-0.020300000000000002,-0.208725,0.42022499999999996,0.191275,-0.108825,-0.26932500000000004,-0.06605,0.022275,-0.165725,-0.630325,-0.8916000000000001,0.10935,-0.0036,-0.1788,-0.350275,-0.0831,0.22015,-0.3523,0.10444999999999999,-0.6018249999999999,-0.736725,-0.319275,-0.15445,-0.1225,0.187575,-0.227825,-0.645475,0.0452,-0.0609,-0.6441749999999999,-0.30255,-0.580325,-0.151925,0.168675,0.07325,-0.87165,-0.8422,-0.1465,0.20475,0.2946,-0.99825,-0.6128499999999999,0.62805,0.425625,-0.663625,-0.1557,0.026575,-1.0720999999999998,-1.3713000000000002,-1.0943,-0.5321750000000001,-0.878225,0.057025,-0.006025,0.9505250000000001,-0.912075,-0.345725,-1.111525,0.0,0.0,0.0,0.0,0.0,0.0,0.0,0.0,0.0,0.0,0.0,0.0,0.0,0.0,0.0,0.0,0.0,0.0,0.0,0.0,0.0,0.0,0.0,0.0,0.0,0.0,0.0,0.0,0.0,0.0,0.0,0.0,0.0,0.0,0.0,0.0,0.0,0.0,0.0,0.0,0.0,0.0,0.0,0.0,0.0,0.0,0.0,0.0,0.0,0.0,0.0,0.0,0.0,0.0,0.0,0.0,0.0,0.0,0.0,0.0,0.0,0.0,0.0,0.0,0.0,0.0,0.0,0.0,0.0,0.0,0.0,0.0,0.0,0.0,0.0,0.0,0.0,0.0,0.0,0.0,0.0
0.0,0.0,0.0,0.0,0.0,0.0,0.0,0.0,0.0,0.0,0.0,0.0,0.0,0.0,0.0,0.0,0.0,0.0,0.0,0.0,0.0,0.0,0.0,0.0,0.0,0.0,0.0,0.0,0.0,0.0,0.0,0.0,0.0,0.0,0.0,0.0,0.0,0.0,0.0,0.0,0.0,0.0,0.0,0.0,0.0,0.0,0.0,0.0,0.0,0.0,0.0,0.0,0.0,0.0,0.0,0.0,0.0,0.0,0.0,0.0,0.0,0.0,0.0,0.0,0.0,0.0,0.0,0.0,0.0,0.0,0.0,0.0,0.0,0.0,0.0,0.0,0.0,0.0,0.0,0.0,0.0,0.0,1.9413,1.346825,0.9149750000000001,1.014525,1.374925,2.532425,0.44075,0.5212,0.826525,2.0349,1.6325749999999999,0.610525,0.3067,0.6942999999999999,2.5202,1.716275,1.21625,1.10285,1.2337,1.3579,1.70695,0.88285,1.001625,1.481375,0.714575,1.75765,1.0039500000000001,0.501225,0.547475,1.433725,1.034125,0.913925,0.822525,0.44327500000000003,1.01295,1.2458,1.665425,0.579575,0.81015,1.325275,1.470925,1.22125,0.36810000000000004,0.28875,1.20065,1.523175,0.7785,0.571875,0.712325,0.67455,1.4918,0.642325,0.39337500000000003,0.8049,0.589775,1.3508,1.2566,0.347125,0.44037499999999996,0.5184,0.8556,0.99575,0.7843,0.28557499999999997,0.624625,1.078375,1.521425,0.93925,0.29710000000000003,0.19669999999999999,0.802725,1.136825,0.40425,0.1908,0.5911,1.0851,1.0458500000000002,0.74565,0.223875,0.0947,1.0517500000000002,0.44535,0.460675,0.49512500000000004,0.1728,0.6692,1.107225,0.437375,0.19455,0.29914999999999997,0.196575,1.0497,0.89315,0.050625,0.13855,0.390675,0.97905,0.548675,-0.09705,-0.021500000000000002,0.24465,1.012425,0.72855,0.13525,0.1274,0.502775,0.54665,0.889525,-0.062450000000000006,-0.241375,0.370325,0.09865,0.569275,0.47935,0.260075,0.25305,0.6335500000000001,0.288925,0.102775,0.2056,-0.4241,0.38832500000000003,0.54235,0.372425,0.048775,-0.13245,0.44595,0.44530000000000003,0.135,-0.41705000000000003,-0.126025,0.5507500000000001,0.657525,0.165625,-0.0745,0.047275000000000005,-0.10065,0.47685,-0.33085000000000003,-0.29305000000000003,0.25682499999999997,0.2243,0.366325,0.365375,-0.007,-0.442125,0.10785,-0.14585,-0.004525,0.05525,-0.41185000000000005,0.074225,0.32594999999999996,0.336325,-0.16770000000000002,-0.470275,-0.018775,-0.023275,0.149975,-0.560775,-0.362425,0.19820000000000002,0.4087,-0.023375,-0.19692500000000002,-0.274925,-0.25495,0.48529999999999995,-0.0102,-0.110025,0.045774999999999996,0.004275,-0.06995000000000001,0.557175,-0.47605,-0.901625,-0.305125,-0.471275,0.5649,0.124975,-0.179125,-0.20415,-0.0165,0.35047500000000004,-0.23197500000000001,-0.8096249999999999,-1.089,-0.8348,0.5212749999999999,0.14865,-0.696175,-0.64225,-0.030325,0.118975,-0.307675,-0.30522499999999997,-0.6740999999999999,-0.37277499999999997,-0.192375,-0.609125,0.068825,-0.196125,-0.8923749999999999,0.07405,-0.35805,-0.5265249999999999,-0.36475,-0.5222,0.202175,0.029025000000000002,-0.5444500000000001,-0.422075,-0.7429,-0.131,-0.400625,-0.255525,-0.8405,-0.603,-0.49265,0.49929999999999997,-0.442,-0.24015,-0.599575,0.580825,-0.307825,-0.08495,-1.910025,0.681125,-0.4696,-0.46697500000000003,-0.578175,-1.32075,-0.403325,-0.6612750000000001,-1.03185,-1.3932499999999999,0.0,0.0,0.0,0.0,0.0,0.0,0.0,0.0,0.0,0.0,0.0,0.0,0.0,0.0,0.0,0.0,0.0,0.0,0.0,0.0,0.0,0.0,0.0,0.0,0.0,0.0,0.0,0.0,0.0,0.0,0.0,0.0,0.0,0.0,0.0,0.0,0.0,0.0,0.0,0.0,0.0,0.0,0.0,0.0,0.0,0.0,0.0,0.0,0.0,0.0,0.0,0.0,0.0,0.0,0.0,0.0,0.0,0.0,0.0,0.0,0.0,0.0,0.0,0.0,0.0,0.0,0.0,0.0,0.0,0.0,0.0,0.0,0.0,0.0,0.0,0.0,0.0,0.0,0.0,0.0,0.0,0.0
0.0,0.0,0.0,0.0,0.0,0.0,0.0,0.0,0.0,0.0,0.0,0.0,0.0,0.0,0.0,0.0,0.0,0.0,0.0,0.0,0.0,0.0,0.0,0.0,0.0,0.0,0.0,0.0,0.0,0.0,0.0,0.0,0.0,0.0,0.0,0.0,0.0,0.0,0.0,0.0,0.0,0.0,0.0,0.0,0.0,0.0,0.0,0.0,0.0,0.0,0.0,0.0,0.0,0.0,0.0,0.0,0.0,0.0,0.0,0.0,0.0,0.0,0.0,0.0,0.0,0.0,0.0,0.0,0.0,0.0,0.0,0.0,0.0,0.0,0.0,0.0,0.0,0.0,0.0,0.0,0.0,0.0,0.0,0.0,1.81365,1.126675,0.914875,1.582125,2.115125,1.687725,1.36855,1.190875,0.14905,1.804,2.1207,1.2033,1.3591,1.3563,1.869975,2.151425,0.75265,0.353325,1.2143,1.204375,1.7556,0.84925,0.69265,1.1477,1.471375,1.842475,1.28885,0.801825,0.7356,0.9065,1.569075,0.8693,0.718625,0.806975,1.47385,0.9368000000000001,0.8899,0.29365,0.31545,1.33305,1.8362,0.966025,0.6607,0.47000000000000003,0.8276,1.5515249999999998,0.7027749999999999,0.12810000000000002,0.9836750000000001,0.832325,1.309225,0.860575,0.6464749999999999,0.5002,0.7072999999999999,0.837275,0.589225,0.7148,0.217125,0.797575,1.147675,1.50705,0.6649,0.169325,0.718475,0.83045,1.288225,0.620225,-0.033725,0.6376499999999999,1.0554999999999999,1.01085,0.43527499999999997,0.21785,0.152825,1.0378,0.6974750000000001,0.38665000000000005,0.21265,0.5095,0.924575,0.759525,0.358525,0.056225,0.383775,0.31685,0.6555249999999999,0.669375,0.208175,0.262725,0.5992,1.05865,0.40915,0.110625,-0.09875,-0.050825,0.86595,0.9205,0.14859999999999998,0.08357500000000001,0.471475,0.6890999999999999,0.45089999999999997,-0.1595,-0.284175,0.7033499999999999,0.590775,0.6502749999999999,0.08875000000000001,0.198,0.29605,0.58355,0.24664999999999998,-0.1301,0.187,-0.01715,0.5702499999999999,0.669825,0.217475,-0.13772500000000001,-0.0697,0.37125,0.308175,0.49405,-0.29905000000000004,-0.32835000000000003,0.5794,0.62545,0.166575,0.02085,-0.029625,0.0978,0.6696249999999999,-0.0407,-0.332475,-0.001,0.21425,0.5492750000000001,0.054150000000000004,-0.073675,-0.3427,0.060875,0.14625,-0.00855,0.035275,-0.276,0.234125,0.253175,0.38282499999999997,-0.1173,-0.29145,-0.044375,-0.091375,0.200875,-0.30065000000000003,-0.3337,-0.07465000000000001,0.329675,0.0253,-0.332025,-0.139275,-0.49717500000000003,0.15535,0.0287,-0.26937500000000003,0.1202,-0.0518,0.31980000000000003,0.26134999999999997,-0.206675,-0.472925,-0.0387,-0.138425,-0.24585,0.022675,-0.0784,-0.26665,-0.097625,0.27825,-0.00745,-0.34305,-0.47967499999999996,-0.4647,0.2252,-0.23345,-0.3957,0.014750000000000001,0.295375,-0.10475,-0.6197,-0.46475,-0.6299750000000001,-0.0668,-0.00135,-0.272175,-0.093875,-0.66145,-0.3015,-0.1528,-0.33187500000000003,-0.359525,-0.36845,-0.14115,-0.5087,0.086575,-0.3448,-0.746175,-0.24507500000000002,0.381625,-0.332275,0.17745,-0.917275,-0.77825,0.1079,0.24309999999999998,0.20235,0.18215,-0.703875,-0.38525,-0.095325,-0.4394,-0.600825,0.27907499999999996,0.195425,0.61975,-0.27045,-1.113375,-0.9212750000000001,0.2047,-0.20427499999999998,-0.4985,0.8824000000000001,0.0,0.0,0.0,0.0,0.0,0.0,0.0,0.0,0.0,0.0,0.0,0.0,0.0,0.0,0.0,0.0,0.0,0.0,0.0,0.0,0.0,0.0,0.0,0.0,0.0,0.0,0.0,0.0,0.0,0.0,0.0,0.0,0.0,0.0,0.0,0.0,0.0,0.0,0.0,0.0,0.0,0.0,0.0,0.0,0.0,0.0,0.0,0.0,0.0,0.0,0.0,0.0,0.0,0.0,0.0,0.0,0.0,0.0,0.0,0.0,0.0,0.0,0.0,0.0,0.0,0.0,0.0,0.0,0.0,0.0,0.0,0.0,0.0,0.0,0.0,0.0,0.0,0.0,0.0,0.0,0.0,0.0,0.0,0.0
0.0,0.0,0.0,0.0,0.0,0.0,0.0,0.0,0.0,0.0,0.0,0.0,0.0,0.0,0.0,0.0,0.0,0.0,0.0,0.0,0.0,0.0,0.0,0.0,0.0,0.0,0.0,0.0,0.0,0.0,0.0,0.0,0.0,0.0,0.0,0.0,0.0,0.0,0.0,0.0,0.0,0.0,0.0,0.0,0.0,0.0,0.0,0.0,0.0,0.0,0.0,0.0,0.0,0.0,0.0,0.0,0.0,0.0,0.0,0.0,0.0,0.0,0.0,0.0,0.0,0.0,0.0,0.0,0.0,0.0,0.0,0.0,0.0,0.0,0.0,0.0,0.0,0.0,0.0,0.0,0.0,0.0,0.0,0.0,0.0,2.4476,1.314525,1.2565,0.5396,0.868775,1.7363,1.576475,0.77725,0.47805,0.92615,1.8538999999999999,2.1553,0.73695,0.8067249999999999,1.61665,1.1713,1.6122,0.8291,0.9979750000000001,1.245775,1.621875,1.4937999999999998,0.940725,0.47767499999999996,0.8834,1.3576,0.48575,0.9023749999999999,1.209125,0.6626,0.883975,0.79505,0.828775,0.5931,0.7423249999999999,1.324925,1.4715500000000001,0.9668,0.5669,0.912975,1.1568,1.44855,0.968925,0.066625,0.638625,1.174,1.499675,0.730025,0.26537499999999997,0.72605,1.0089,1.0112,0.4685,0.5473750000000001,0.473625,0.9243,1.0985,0.895,0.36865,0.2315,0.86805,0.621275,0.960375,0.583575,0.250525,0.7872,1.309675,0.99005,0.300025,0.172325,0.12990000000000002,0.897825,0.779075,0.240075,0.2869,0.5136000000000001,1.274575,0.893725,0.31032499999999996,0.0577,0.2573,0.97005,0.591925,0.352075,0.426475,0.31735,0.6338250000000001,0.9183,0.3554,0.324775,0.25470000000000004,-0.031275,0.756325,0.71415,0.157675,0.19422499999999998,0.650275,0.768275,0.3479,-0.061599999999999995,-0.26825,0.556675,0.7050500000000001,0.412925,0.23507499999999998,0.2719,0.706925,0.458125,0.369425,-0.263275,-0.023225000000000003,0.488,0.505475,0.2256,0.45705,0.07675,0.07785,0.6830750000000001,0.13692500000000002,0.148025,0.102475,-0.26365,0.5923,0.5735,0.16975,-0.24395,0.15395,-0.005424999999999999,0.449025,0.0352,-0.401525,0.12052500000000001,0.451925,0.5958,0.115125,-0.17945,-0.23865,0.17235,0.28115,-0.022375,-0.0198,0.308375,0.4153,0.32020000000000004,0.1895,-0.241325,-0.418375,0.271175,-0.117725,0.24559999999999998,-0.0089,-0.43515,-0.10085,0.47572499999999995,0.166125,-0.1766,-0.51995,-0.48307500000000003,0.344325,0.020175,-0.608525,-0.26855,2.5e-05,0.5777749999999999,-0.016900000000000002,-0.030575,-0.547975,-0.06325,0.311475,-0.07675,-0.0465,-0.433925,0.0252,-0.024475,0.16265,-0.42765,-0.332275,-0.13845000000000002,-0.600925,0.29002500000000003,0.019275,-0.54175,-0.6068,-0.044375,-0.25532499999999997,-0.059875,-0.4404,-0.856425,-0.092975,0.3824,-0.32485,-0.3658,-0.34075,-0.245325,-0.094775,-0.641375,-0.8642000000000001,-0.37335,-0.127475,-0.300525,-0.10025,-0.074625,-0.12605,-0.21947499999999998,-0.36295,-0.62645,-0.317625,0.028425,-0.5760749999999999,0.26875,-0.378475,-0.1865,-0.731025,-0.4707,-0.656075,0.252525,-0.811825,0.1563,0.0938,0.65175,0.70265,-0.189425,-0.099075,-1.423875,-0.1771,-0.901275,-0.501825,0.5854999999999999,-0.678575,0.09815,0.0,0.0,0.0,0.0,0.0,0.0,0.0,0.0,0.0,0.0,0.0,0.0,0.0,0.0,0.0,0.0,0.0,0.0,0.0,0.0,0.0,0.0,0.0,0.0,0.0,0.0,0.0,0.0,0.0,0.0,0.0,0.0,0.0,0.0,0.0,0.0,0.0,0.0,0.0,0.0,0.0,0.0,0.0,0.0,0.0,0.0,0.0,0.0,0.0,0.0,0.0,0.0,0.0,0.0,0.0,0.0,0.0,0.0,0.0,0.0,0.0,0.0,0.0,0.0,0.0,0.0,0.0,0.0,0.0,0.0,0.0,0.0,0.0,0.0,0.0,0.0,0.0,0.0,0.0,0.0,0.0,0.0,0.0,0.0,0.0
0.0,0.0,0.0,0.0,0.0,0.0,0.0,0.0,0.0,0.0,0.0,0.0,0.0,0.0,0.0,0.0,0.0,0.0,0.0,0.0,0.0,0.0,0.0,0.0,0.0,0.0,0.0,0.0,0.0,0.0,0.0,0.0,0.0,0.0,0.0,0.0,0.0,0.0,0.0,0.0,0.0,0.0,0.0,0.0,0.0,0.0,0.0,0.0,0.0,0.0,0.0,0.0,0.0,0.0,0.0,0.0,0.0,0.0,0.0,0.0,0.0,0.0,0.0,0.0,0.0,0.0,0.0,0.0,0.0,0.0,0.0,0.0,0.0,0.0,0.0,0.0,0.0,0.0,0.0,0.0,0.0,0.0,0.0,0.0,0.0,0.0,1.69255,1.8578000000000001,2.141925,1.1833500000000001,1.5131000000000001,1.616625,1.8085,1.2776,0.9594,1.2229,1.152925,1.795875,1.4506750000000002,0.8919999999999999,0.58895,1.3584749999999999,1.3544,1.48625,1.0188,0.200125,1.42055,1.53715,1.507975,1.169325,0.739025,1.31715,1.16335,0.916875,0.8388249999999999,0.8034,0.809725,1.846375,1.546775,1.36685,0.7425999999999999,0.7947000000000001,1.078125,1.409375,0.6946749999999999,0.297475,0.7207749999999999,1.2955999999999999,1.884325,0.8147500000000001,0.515925,0.9969250000000001,1.1430500000000001,1.5751249999999999,0.6792750000000001,0.39842500000000003,0.715425,1.3902999999999999,1.37375,0.921475,0.36265000000000003,0.47957500000000003,0.963375,0.83475,0.65845,0.7264999999999999,0.46275,1.00355,0.9758249999999999,1.1257000000000001,0.36660000000000004,0.465225,0.3931,1.0236,0.831475,0.3297,0.135525,0.83735,1.57365,0.7734,0.29357500000000003,-0.049874999999999996,0.2225,1.1712500000000001,0.74935,0.595625,0.457675,0.7247250000000001,0.7313500000000001,0.844975,0.32384999999999997,-0.10405,0.4356,0.3417,0.8201750000000001,0.49820000000000003,-0.0066500000000000005,0.31672500000000003,0.40675,0.70375,0.237,0.121825,0.058475,0.426725,0.7278,0.578375,0.0251,0.271575,0.6429750000000001,0.639775,0.597025,-0.32284999999999997,0.0092,0.8387249999999999,0.9152,0.38380000000000003,0.06625,0.11172499999999999,0.30005,0.850975,0.051525,-0.09535,0.173075,-0.035699999999999996,0.730775,0.405625,0.026750000000000003,-0.28825,-0.19385,0.19622499999999998,0.367,-0.0464,-0.5517,-0.08510000000000001,0.5155,0.79465,-0.0179,0.051824999999999996,0.0233,0.1739,0.535775,-0.3664,-0.186975,0.281425,0.290325,0.277075,0.17425000000000002,-0.359225,-0.06025,0.48464999999999997,-0.3457,0.15635,-0.0157,-0.161225,0.00955,0.169225,0.0793,-0.58545,-0.34525,-0.231775,0.20625,-0.126975,-0.4648,-0.31457500000000005,-0.008150000000000001,0.424375,0.2146,-0.3235,-0.408475,-0.012400000000000001,0.5744,0.0066,-0.13465,-0.092125,0.21664999999999998,0.16752499999999998,0.12985,-0.563775,-0.38597499999999996,-0.14047500000000002,-0.3205,0.4834,-0.374625,-0.1502,-0.349425,-0.149225,0.0487,-0.281075,-0.0776,-0.248025,0.068025,-0.01525,-0.571175,-0.9331,-0.10049999999999999,0.40904999999999997,0.12027499999999999,0.36920000000000003,-0.6463,-0.2576,0.474225,0.58025,0.009575,-0.2663,-0.44772500000000004,-0.267225,0.10775,-0.6002749999999999,-0.393525,-0.272275,-0.5409999999999999,0.0806,-0.434925,-0.18177500000000002,-0.856575,-0.9013,0.4423,0.14535,-0.079675,-0.700725,-0.6854750000000001,-0.041625,-0.34797500000000003,-0.539225,-0.86545,0.2211,-0.6196,-0.5199750000000001,-1.6442999999999999,-0.943675,0.7469,2.1037,0.7659750000000001,1.788125,0.0,0.0,0.0,0.0,0.0,0.0,0.0,0.0,0.0,0.0,0.0,0.0,0.0,0.0,0.0,0.0,0.0,0.0,0.0,0.0,0.0,0.0,0.0,0.0,0.0,0.0,0.0,0.0,0.0,0.0,0.0,0.0,0.0,0.0,0.0,0.0,0.0,0.0,0.0,0.0,0.0,0.0,0.0,0.0,0.0,0.0,0.0,0.0,0.0,0.0,0.0,0.0,0.0,0.0,0.0,0.0,0.0,0.0,0.0,0.0,0.0,0.0,0.0,0.0,0.0,0.0,0.0,0.0,0.0,0.0,0.0,0.0,0.0,0.0,0.0,0.0,0.0,0.0,0.0,0.0,0.0,0.0,0.0,0.0,0.0,0.0
0.0,0.0,0.0,0.0,0.0,0.0,0.0,0.0,0.0,0.0,0.0,0.0,0.0,0.0,0.0,0.0,0.0,0.0,0.0,0.0,0.0,0.0,0.0,0.0,0.0,0.0,0.0,0.0,0.0,0.0,0.0,0.0,0.0,0.0,0.0,0.0,0.0,0.0,0.0,0.0,0.0,0.0,0.0,0.0,0.0,0.0,0.0,0.0,0.0,0.0,0.0,0.0,0.0,0.0,0.0,0.0,0.0,0.0,0.0,0.0,0.0,0.0,0.0,0.0,0.0,0.0,0.0,0.0,0.0,0.0,0.0,0.0,0.0,0.0,0.0,0.0,0.0,0.0,0.0,0.0,0.0,0.0,0.0,0.0,0.0,0.0,0.0,1.414375,2.122875,1.24295,0.868725,1.153425,0.999075,1.1217000000000001,1.518025,1.50875,1.5044250000000001,1.5879500000000002,1.731325,1.0103,1.055975,0.69845,0.7712249999999999,1.3429,1.7144249999999999,1.131175,1.1025500000000001,0.672675,1.41825,1.5187,0.9449,0.52585,0.774525,0.9969,1.54555,1.1896499999999999,0.38875,0.743725,0.65125,1.12785,0.900775,0.749725,0.45785,0.6550750000000001,1.0429,1.029975,0.952775,0.363125,0.69435,0.9844999999999999,1.52475,0.54095,0.19879999999999998,0.97,1.359175,1.14445,0.8947,0.448025,0.5275000000000001,1.2213,0.80125,0.6493249999999999,0.22012500000000002,0.581375,1.0042499999999999,1.169225,1.028675,0.35705000000000003,0.5671250000000001,0.5810249999999999,0.5882000000000001,0.88455,0.468075,0.3392,0.95635,1.288775,0.5327,0.44225,0.06705,0.14437499999999998,1.32605,0.544275,0.1918,0.436175,0.489725,1.1965249999999998,0.96355,0.2037,-0.18107499999999999,0.635825,0.475525,0.7019500000000001,0.48295,0.298925,0.425375,0.720225,0.7348250000000001,-0.012075,0.27365,0.098625,0.256525,0.7626000000000001,0.703675,0.127175,0.206625,0.824325,0.5152249999999999,0.485325,-0.3231,-0.13425,0.71255,0.602925,0.1026,0.11075,0.243525,0.3422,0.69725,-0.146775,-0.2476,0.10255,0.26792499999999997,0.6870999999999999,0.282975,0.18305,-0.08975,0.17980000000000002,0.21330000000000002,0.2314,0.38939999999999997,-0.048725,0.1408,0.6278250000000001,0.7153499999999999,-0.03515,-0.30705,-0.004999999999999999,0.04125,0.6299250000000001,-0.10555,-0.262675,0.406275,0.4571,0.510325,-0.126125,-0.20929999999999999,-0.14955000000000002,0.613275,-0.010199999999999999,-0.175825,-0.184425,0.020275,0.44565,0.297525,0.154625,-0.476975,-0.17379999999999998,0.027450000000000002,0.063775,-0.127625,-0.25395,-0.1016,-0.007775000000000001,0.615425,-0.07905000000000001,-0.135575,-0.489225,0.1859,0.57775,0.038725,-0.200125,-0.098375,0.346075,0.425575,0.202125,-0.44075000000000003,-0.5834750000000001,-0.058575,-0.00075,-0.19924999999999998,-0.257575,-0.045325000000000004,-0.242925,-0.1459,-0.12865,-0.32295,-0.368325,-0.601,-0.28305,0.6522,-0.02435,-0.63065,-0.591675,-0.19555,0.121225,-0.365025,-0.6539,-0.5065,-0.184325,-0.040625,-0.44075,-0.6634,-0.13685,0.3194,-0.04795,-0.35755,-0.42662500000000003,-0.24430000000000002,-0.332375,-0.124025,-0.35555,-0.619725,-0.49617500000000003,-0.17865,-0.27425,-0.16147499999999998,-0.293275,-0.8547750000000001,0.223475,-0.5387000000000001,0.1683,-0.471325,0.49319999999999997,-0.69775,-0.629425,-0.9414,-0.19705,-0.9784,-0.8266249999999999,0.708675,-0.28695,0.8632000000000001,-0.46725,2.22025,0.0,0.0,0.0,0.0,0.0,0.0,0.0,0.0,0.0,0.0,0.0,0.0,0.0,0.0,0.0,0.0,0.0,0.0,0.0,0.0,0.0,0.0,0.0,0.0,0.0,0.0,0.0,0.0,0.0,0.0,0.0,0.0,0.0,0.0,0.0,0.0,0.0,0.0,0.0,0.0,0.0,0.0,0.0,0.0,0.0,0.0,0.0,0.0,0.0,0.0,0.0,0.0,0.0,0.0,0.0,0.0,0.0,0.0,0.0,0.0,0.0,0.0,0.0,0.0,0.0,0.0,0.0,0.0,0.0,0.0,0.0,0.0,0.0,0.0,0.0,0.0,0.0,0.0,0.0,0.0,0.0,0.0,0.0,0.0,0.0,0.0,0.0
0.0,0.0,0.0,0.0,0.0,0.0,0.0,0.0,0.0,0.0,0.0,0.0,0.0,0.0,0.0,0.0,0.0,0.0,0.0,0.0,0.0,0.0,0.0,0.0,0.0,0.0,0.0,0.0,0.0,0.0,0.0,0.0,0.0,0.0,0.0,0.0,0.0,0.0,0.0,0.0,0.0,0.0,0.0,0.0,0.0,0.0,0.0,0.0,0.0,0.0,0.0,0.0,0.0,0.0,0.0,0.0,0.0,0.0,0.0,0.0,0.0,0.0,0.0,0.0,0.0,0.0,0.0,0.0,0.0,0.0,0.0,0.0,0.0,0.0,0.0,0.0,0.0,0.0,0.0,0.0,0.0,0.0,0.0,0.0,0.0,0.0,0.0,0.0,1.32765,1.376025,0.7013499999999999,2.11785,1.42375,0.455325,0.9015249999999999,2.139525,1.565925,1.6306749999999999,1.31885,0.5918,1.2712,1.6762,1.3056,0.747575,0.645775,0.94435,1.84045,1.319,0.938975,0.700325,1.564075,1.45715,0.8931,0.50445,0.8448,1.5601,1.01175,0.68575,0.6325999999999999,0.7128749999999999,0.660025,1.2809,1.6812,0.708,0.634725,1.17785,1.019425,1.25565,0.6088,0.32789999999999997,0.74585,1.5233750000000001,1.6396,0.61805,0.406575,0.4578,1.279025,1.293425,0.5488999999999999,0.5536749999999999,0.919225,1.4048,0.866925,0.958175,0.18309999999999998,0.762525,0.961075,0.526275,0.6443,0.5573,0.5637,1.16465,0.9506,0.8029999999999999,0.250125,0.37835,0.342175,1.2003249999999999,0.6181,0.161425,0.309575,1.011875,1.132225,0.621275,0.193825,0.05775,0.678025,1.0187249999999999,0.6985250000000001,0.25155,0.510775,0.777625,0.7307250000000001,0.64235,-0.086725,0.200125,0.34199999999999997,0.4494,0.84405,0.348675,0.157,0.1711,0.8099,0.19115,0.460275,-0.199925,-0.042725,1.00265,0.6887749999999999,0.45405,-0.0075250000000000004,0.09225,0.801925,0.949125,0.022,-0.4445,0.20405,0.5621750000000001,0.6548,0.14442500000000003,0.0009,0.0012,0.4468,0.6370750000000001,0.0211,0.116425,0.07805000000000001,0.20385,0.6658499999999999,0.49522499999999997,0.150025,-0.1401,0.3047,0.17207499999999998,0.569225,-0.27037500000000003,-0.309925,0.0946,0.573675,0.49805,-0.14395,-0.32852499999999996,-0.3104,0.392625,0.138125,-0.2575,-0.22745,0.2931,0.30469999999999997,0.00745,-0.0383,-0.29522499999999996,-0.145325,0.276225,-0.0857,0.110425,0.051750000000000004,0.092775,-0.079875,0.20029999999999998,-0.12165,0.06947500000000001,-0.476575,-0.245425,0.67245,0.220175,-0.12484999999999999,-0.1948,0.06745,0.39497499999999997,0.095475,-0.3712,-0.433575,0.073275,0.01435,0.057025,-0.3536,0.0118,0.204925,0.10625,-0.107475,-0.559225,-0.356125,0.07300000000000001,-0.25875,-0.01235,-0.025025,-0.42955,0.143125,0.4438,-0.641175,-0.299675,-0.555825,-0.915075,0.0753,0.342725,-0.145975,-0.667925,0.246025,-0.116425,0.29705000000000004,-0.5682750000000001,-0.360325,-0.435575,0.13540000000000002,0.6008,-0.703125,-0.5288250000000001,-0.471825,-0.0649,-0.35555000000000003,-0.809825,-0.205225,-0.2116,-0.194375,0.053474999999999995,-0.344025,-0.3285,-0.34235,0.2261,-0.639475,0.6823,-1.10435,-0.728575,-0.7176,-0.09565,0.172975,-0.44642499999999996,-0.818125,0.52,0.7156,0.27704999999999996,0.0,0.0,0.0,0.0,0.0,0.0,0.0,0.0,0.0,0.0,0.0,0.0,0.0,0.0,0.0,0.0,0.0,0.0,0.0,0.0,0.0,0.0,0.0,0.0,0.0,0.0,0.0,0.0,0.0,0.0,0.0,0.0,0.0,0.0,0.0,0.0,0.0,0.0,0.0,0.0,0.0,0.0,0.0,0.0,0.0,0.0,0.0,0.0,0.0,0.0,0.0,0.0,0.0,0.0,0.0,0.0,0.0,0.0,0.0,0.0,0.0,0.0,0.0,0.0,0.0,0.0,0.0,0.0,0.0,0.0,0.0,0.0,0.0,0.0,0.0,0.0,0.0,0.0,0.0,0.0,0.0,0.0,0.0,0.0,0.0,0.0,0.0,0.0
0.0,0.0,0.0,0.0,0.0,0.0,0.0,0.0,0.0,0.0,0.0,0.0,0.0,0.0,0.0,0.0,0.0,0.0,0.0,0.0,0.0,0.0,0.0,0.0,0.0,0.0,0.0,0.0,0.0,0.0,0.0,0.0,0.0,0.0,0.0,0.0,0.0,0.0,0.0,0.0,0.0,0.0,0.0,0.0,0.0,0.0,0.0,0.0,0.0,0.0,0.0,0.0,0.0,0.0,0.0,0.0,0.0,0.0,0.0,0.0,0.0,0.0,0.0,0.0,0.0,0.0,0.0,0.0,0.0,0.0,0.0,0.0,0.0,0.0,0.0,0.0,0.0,0.0,0.0,0.0,0.0,0.0,0.0,0.0,0.0,0.0,0.0,0.0,0.0,0.0,1.31615,1.708575,1.64975,1.5326,0.8035,1.8441,0.592075,1.582675,1.473475,1.39225,0.6861499999999999,0.88025,1.44915,0.896425,1.29335,0.39345,0.95465,1.4465,1.54915,1.6583999999999999,0.873225,0.847925,1.4797500000000001,1.03385,0.562775,0.8628750000000001,0.90395,0.9999,1.4466,1.203775,0.37535,0.450975,0.9788,1.026125,1.3690250000000002,1.025725,0.350675,0.854325,1.25015,1.1883249999999999,0.824975,0.68845,0.6802250000000001,1.24125,1.2695500000000002,0.5044,0.487975,0.792625,1.3631,1.090975,0.58615,0.2947,0.704725,1.417375,0.601225,0.870725,0.517175,0.5301,1.40625,1.1733500000000001,0.7257750000000001,0.388125,0.49385,0.191075,1.0216,0.905925,0.20605,0.467925,0.67735,1.191225,0.538525,0.2648,-0.005875,0.72,1.304225,0.6715249999999999,0.370225,0.397025,0.72895,0.8497250000000001,0.66875,-0.074975,0.28285,0.8673,0.567225,0.856,0.3479,0.44065,0.26285,0.558225,0.18425,0.022275,0.239375,0.034325,0.69275,0.3906,0.486125,0.043125,0.130425,0.594825,0.54095,0.24662499999999998,-0.3931,0.113875,0.70185,0.691975,0.402775,0.227475,0.24875,0.736875,0.58375,-0.301075,0.0012499999999999998,0.33205,0.5434249999999999,0.574875,0.127775,-0.138525,0.131225,0.335425,0.21894999999999998,0.31615000000000004,0.15910000000000002,-0.16155,0.34352499999999997,0.5201,0.27599999999999997,-0.12915,-0.2563,-0.077575,0.51635,0.2206,-0.511325,-0.165625,0.489375,0.653075,0.175425,-0.031575,-0.3864,0.041025,0.588875,-0.123225,-0.13572499999999998,-0.2455,-0.041550000000000004,0.248475,0.274075,-0.050624999999999996,-0.26282500000000003,-0.14725,0.00215,0.6350750000000001,-0.01595,-0.159975,-0.25784999999999997,0.177025,0.569475,-0.2838,-0.329325,-0.807825,-0.163025,0.6007750000000001,-0.10665,-0.387475,-0.1718,0.3871,0.15215,-0.0087,-0.6228750000000001,-0.12505,0.0404,-0.291775,-0.193075,0.1032,-0.11615,-0.24159999999999998,0.041525,-0.24887499999999999,0.054974999999999996,-0.55965,-0.6436,-0.084625,-0.021474999999999998,0.246975,-0.348875,-0.31779999999999997,-0.0458,0.0092,-0.20472500000000002,-0.6558,-0.254825,0.492725,0.30924999999999997,-0.071725,-0.396925,-0.172825,0.1181,0.33475,-0.598425,-0.2781,-0.174675,-0.00955,0.183525,0.29662499999999997,-0.8708,-0.369825,-0.3097,0.018224999999999998,-0.3812,-0.35035000000000005,1.0547499999999999,-1.0916249999999998,-0.29185000000000005,0.570875,-0.057825,0.337975,0.91745,-1.15755,-0.481775,-2.75745,0.0,0.0,0.0,0.0,0.0,0.0,0.0,0.0,0.0,0.0,0.0,0.0,0.0,0.0,0.0,0.0,0.0,0.0,0.0,0.0,0.0,0.0,0.0,0.0,0.0,0.0,0.0,0.0,0.0,0.0,0.0,0.0,0.0,0.0,0.0,0.0,0.0,0.0,0.0,0.0,0.0,0.0,0.0,0.0,0.0,0.0,0.0,0.0,0.0,0.0,0.0,0.0,0.0,0.0,0.0,0.0,0.0,0.0,0.0,0.0,0.0,0.0,0.0,0.0,0.0,0.0,0.0,0.0,0.0,0.0,0.0,0.0,0.0,0.0,0.0,0.0,0.0,0.0,0.0,0.0,0.0,0.0,0.0,0.0,0.0,0.0,0.0,0.0,0.0,0.0
0.0,0.0,0.0,0.0,0.0,0.0,0.0,0.0,0.0,0.0,0.0,0.0,0.0,0.0,0.0,0.0,0.0,0.0,0.0,0.0,0.0,0.0,0.0,0.0,0.0,0.0,0.0,0.0,0.0,0.0,0.0,0.0,0.0,0.0,0.0,0.0,0.0,0.0,0.0,0.0,0.0,0.0,0.0,0.0,0.0,0.0,0.0,0.0,0.0,0.0,0.0,0.0,0.0,0.0,0.0,0.0,0.0,0.0,0.0,0.0,0.0,0.0,0.0,0.0,0.0,0.0,0.0,0.0,0.0,0.0,0.0,0.0,0.0,0.0,0.0,0.0,0.0,0.0,0.0,0.0,0.0,0.0,0.0,0.0,0.0,0.0,0.0,0.0,0.0,0.0,0.0,0.5017,1.922075,0.75305,1.36155,1.932775,1.2835,0.715325,1.534675,1.86395,1.5355500000000002,1.7995,0.630625,0.470175,1.323775,1.826775,0.97675,0.76115,0.790225,1.326725,1.6405500000000002,1.0937999999999999,0.804075,0.7321,1.3783750000000001,2.000325,1.1365500000000002,0.774975,0.760475,1.3462749999999999,1.29735,0.7221,0.911925,0.212825,0.8986000000000001,1.534775,1.302875,0.25192499999999995,0.7161,0.538575,1.38425,1.507075,0.63945,0.7019500000000001,0.956325,1.4095,1.1506750000000001,0.466175,0.437875,0.7490749999999999,1.37915,0.8980250000000001,0.39382500000000004,0.577125,0.8291,1.18525,0.6801999999999999,0.33852499999999996,0.4434,0.65625,0.665925,0.804325,0.55535,0.09555,0.4274,0.99465,1.389275,0.46587500000000004,0.383625,0.22815000000000002,0.560575,1.05365,0.522525,0.691275,0.35707500000000003,0.98595,1.0475249999999998,0.69085,-0.209175,0.209775,0.933125,0.832,0.66255,0.1278,0.3559,0.78555,0.94395,0.324825,0.113625,0.228475,0.3223,0.616875,0.48535,0.51325,-0.000625,0.282725,0.581125,0.229325,0.58995,-0.05485,0.19565,1.035425,0.9798250000000001,0.21842499999999998,-0.151775,0.14015,0.45675,0.854375,-0.1373,-0.381,0.28015,0.5548,0.894825,0.056525,-0.073875,0.20495,0.300375,0.05665,-0.0999,0.02465,-0.033174999999999996,0.418225,0.534125,0.64865,-0.214775,-0.08274999999999999,0.162375,0.052450000000000004,0.31245,-0.198275,0.017525,0.195625,0.51815,0.07695,-0.432875,-0.32537499999999997,0.072375,0.752225,-0.07055,-0.184,-0.2186,0.1377,0.491075,-0.107625,-0.208575,-0.55905,-0.014775,-0.039025000000000004,0.007825,0.00295,0.09585,-0.10477500000000001,0.267075,0.366225,-0.465075,-0.31145,-0.22085,0.256475,0.44545,0.16870000000000002,-0.167175,-0.325,0.31255,-0.05595,-0.0955,-0.7751,-0.24455000000000002,0.35195,0.1938,-0.064925,-0.49665,-0.019200000000000002,0.11855,0.1018,-0.12035,-0.539375,0.251025,-0.5238,-0.07819999999999999,0.072125,-0.1996,-0.4901,0.070875,0.497575,-0.08399999999999999,-0.390375,-0.473525,-0.096775,0.050875,0.111325,-0.148025,-0.4576,0.218675,-0.36585,0.387625,-0.499,-0.7053750000000001,-0.621925,0.530825,0.055775,-0.65125,-0.307975,-0.3466,0.031175,-0.65215,-0.29669999999999996,-0.5019,-0.566425,-0.388225,-0.4457,0.69775,-1.14505,-0.7954749999999999,0.2072,-1.50835,-0.179425,0.181175,-2.111475,-0.65325,0.0,0.0,0.0,0.0,0.0,0.0,0.0,0.0,0.0,0.0,0.0,0.0,0.0,0.0,0.0,0.0,0.0,0.0,0.0,0.0,0.0,0.0,0.0,0.0,0.0,0.0,0.0,0.0,0.0,0.0,0.0,0.0,0.0,0.0,0.0,0.0,0.0,0.0,0.0,0.0,0.0,0.0,0.0,0.0,0.0,0.0,0.0,0.0,0.0,0.0,0.0,0.0,0.0,0.0,0.0,0.0,0.0,0.0,0.0,0.0,0.0,0.0,0.0,0.0,0.0,0.0,0.0,0.0,0.0,0.0,0.0,0.0,0.0,0.0,0.0,0.0,0.0,0.0,0.0,0.0,0.0,0.0,0.0,0.0,0.0,0.0,0.0,0.0,0.0,0.0,0.0
0.0,0.0,0.0,0.0,0.0,0.0,0.0,0.0,0.0,0.0,0.0,0.0,0.0,0.0,0.0,0.0,0.0,0.0,0.0,0.0,0.0,0.0,0.0,0.0,0.0,0.0,0.0,0.0,0.0,0.0,0.0,0.0,0.0,0.0,0.0,0.0,0.0,0.0,0.0,0.0,0.0,0.0,0.0,0.0,0.0,0.0,0.0,0.0,0.0,0.0,0.0,0.0,0.0,0.0,0.0,0.0,0.0,0.0,0.0,0.0,0.0,0.0,0.0,0.0,0.0,0.0,0.0,0.0,0.0,0.0,0.0,0.0,0.0,0.0,0.0,0.0,0.0,0.0,0.0,0.0,0.0,0.0,0.0,0.0,0.0,0.0,0.0,0.0,0.0,0.0,0.0,0.0,2.05035,1.2542749999999998,1.408675,1.2148999999999999,1.697575,1.0943500000000002,1.38495,0.71685,1.147925,1.329525,1.134825,1.1208999999999998,0.6109749999999999,1.01525,1.3133,1.1817250000000001,0.95615,0.656675,1.25865,1.5456500000000002,1.75695,1.11435,0.8100499999999999,1.1392,1.717225,1.129975,0.87485,0.944425,0.74915,1.0475999999999999,1.1407500000000002,1.063225,0.649675,1.035075,1.162625,1.0856,1.1644999999999999,0.326225,0.563675,1.205625,1.551225,1.154275,0.52155,0.283375,0.736375,1.7727,1.160225,-0.091525,0.6226750000000001,1.05805,1.513925,0.879725,0.40685,0.080725,0.914625,0.988375,0.8880250000000001,0.578775,0.6279750000000001,0.79445,0.9702500000000001,1.2073500000000001,0.204125,0.216425,0.382775,0.9402999999999999,1.483025,0.70645,0.13985,0.296525,0.67715,0.7917,0.58775,0.119075,0.197675,0.6778,0.4728,0.456875,0.243375,0.5177499999999999,0.9407,0.669425,0.33485,-0.39555,0.368975,0.896375,0.8658750000000001,0.5929,0.16275,0.16599999999999998,0.449825,0.784725,0.06425,0.285325,-0.179325,0.23220000000000002,1.096875,0.93555,0.12967499999999998,-0.01295,0.49275,0.545375,0.67265,0.051074999999999995,-0.225825,0.441925,0.74955,0.5903499999999999,0.078175,0.108125,-0.069275,0.6691,0.7313999999999999,-0.4727,0.058775,0.24095,0.39592499999999997,0.34487500000000004,0.21635000000000001,-0.25997499999999996,0.146225,0.2397,0.21925,0.45785,-0.20287500000000003,-0.260725,0.55065,0.445925,0.003775,-0.308075,-0.499175,-0.117925,0.501025,0.171575,-0.14765,-0.168775,0.634775,0.5629,0.075375,-0.1609,-0.7500249999999999,0.160875,0.316275,0.067325,-0.034475,-0.012325,-0.15115,0.2044,-0.208475,-0.46845,-0.051975,-0.035625000000000004,-0.19767500000000002,0.28115,-0.124325,-0.15802500000000003,-0.24735,0.2102,0.005025,0.05725,-0.356225,-0.557425,0.150725,0.141025,0.18935,-0.60325,0.633575,0.145175,-0.18115,-0.2204,-0.556825,-0.07894999999999999,0.3438,0.005350000000000001,-0.484375,-0.36334999999999995,-0.285375,-0.06135,-0.1223,-0.257375,-0.048174999999999996,-0.6733,-0.129475,0.057825,-0.149225,-0.46754999999999997,-0.3455,0.095775,0.0842,-0.171875,-0.6209250000000001,-0.8948,-0.5531499999999999,0.27855,0.06185,-0.5279,-0.752725,0.220525,-0.1173,-0.492625,-1.1513,-0.6234500000000001,0.31925,0.337025,0.5191749999999999,0.26055,-0.58985,-0.6037250000000001,-1.292125,0.50505,-0.8204,0.27065,0.89765,-0.669675,-0.005175000000000001,-1.686975,0.0,0.0,0.0,0.0,0.0,0.0,0.0,0.0,0.0,0.0,0.0,0.0,0.0,0.0,0.0,0.0,0.0,0.0,0.0,0.0,0.0,0.0,0.0,0.0,0.0,0.0,0.0,0.0,0.0,0.0,0.0,0.0,0.0,0.0,0.0,0.0,0.0,0.0,0.0,0.0,0.0,0.0,0.0,0.0,0.0,0.0,0.0,0.0,0.0,0.0,0.0,0.0,0.0,0.0,0.0,0.0,0.0,0.0,0.0,0.0,0.0,0.0,0.0,0.0,0.0,0.0,0.0,0.0,0.0,0.0,0.0,0.0,0.0,0.0,0.0,0.0,0.0,0.0,0.0,0.0,0.0,0.0,0.0,0.0,0.0,0.0,0.0,0.0,0.0,0.0,0.0,0.0
0.0,0.0,0.0,0.0,0.0,0.0,0.0,0.0,0.0,0.0,0.0,0.0,0.0,0.0,0.0,0.0,0.0,0.0,0.0,0.0,0.0,0.0,0.0,0.0,0.0,0.0,0.0,0.0,0.0,0.0,0.0,0.0,0.0,0.0,0.0,0.0,0.0,0.0,0.0,0.0,0.0,0.0,0.0,0.0,0.0,0.0,0.0,0.0,0.0,0.0,0.0,0.0,0.0,0.0,0.0,0.0,0.0,0.0,0.0,0.0,0.0,0.0,0.0,0.0,0.0,0.0,0.0,0.0,0.0,0.0,0.0,0.0,0.0,0.0,0.0,0.0,0.0,0.0,0.0,0.0,0.0,0.0,0.0,0.0,0.0,0.0,0.0,0.0,0.0,0.0,0.0,0.0,0.0,1.633275,0.262375,0.718275,0.9447,1.052475,1.9292,1.135475,1.088875,1.3267250000000002,1.239175,1.028875,2.14135,0.793075,-0.142775,1.0862749999999999,1.696725,1.8456,0.38107500000000005,0.966125,0.639675,1.30715,1.617525,0.50225,0.289825,1.0118,1.4923,1.3336000000000001,0.634875,0.50855,0.616025,1.142,0.85165,1.18675,0.975875,0.5587249999999999,1.27525,1.5652,1.218325,0.34697500000000003,0.935625,0.846325,1.267225,1.0771,0.36307500000000004,0.377225,1.1653,1.4727,1.050125,0.5072,0.07542499999999999,0.729525,1.4836,0.91155,0.60835,0.66865,1.0323,1.1831,0.686025,0.266075,0.550675,0.68695,0.712725,0.9730749999999999,0.45975,0.377425,0.700475,0.960125,0.807025,0.201325,0.048100000000000004,0.185275,1.231975,1.052725,0.493825,0.280775,0.423,0.859975,0.763975,0.538625,-0.2752,0.16152499999999997,0.9638,0.6362000000000001,0.569,0.4151,0.466525,0.473225,0.80565,-0.006875,0.3136,0.36214999999999997,0.5924,0.7195,0.369675,0.295375,-0.086925,0.310475,0.647925,0.36697500000000005,0.17245,-0.2642,0.46435000000000004,0.8451,0.563025,-0.1487,0.07075000000000001,0.0861,0.6787000000000001,0.682125,-0.1868,-0.05775,0.62175,0.92565,0.44855,-0.06355000000000001,-0.1264,-0.0191,0.44875,-0.0533,0.2454,0.11665,0.19735,0.474325,0.32682500000000003,0.27797499999999997,-0.34265,-0.15710000000000002,-0.038099999999999995,0.126075,0.2587,-0.09325,-0.108275,0.238375,0.5588249999999999,-0.224375,0.032175,-0.28385000000000005,0.43320000000000003,0.412375,-0.241475,-0.29457500000000003,0.097625,0.243825,0.273025,0.047975,-0.37095,0.11805,0.1248,-0.22125,0.116825,-0.1495,0.0645,0.12915,0.358775,0.17099999999999999,-0.228125,-0.2229,-0.1316,0.2014,0.1747,0.004824999999999999,-0.211975,0.15402500000000002,0.017349999999999997,-0.13290000000000002,0.0861,-0.70615,-0.21305000000000002,0.580025,-0.162175,-0.07095,-0.3345,-0.57095,-0.13695,0.06805,-0.35657500000000003,-0.38497499999999996,-0.211775,-0.216175,0.020900000000000002,0.121925,-0.13897500000000002,-0.32915,-0.18755,-0.2341,-0.06445000000000001,-0.463975,-0.769725,-0.3385,0.3351,0.43074999999999997,-0.37695,0.043175,-0.6698,0.140625,0.1896,-0.70685,0.16667500000000002,-0.234375,0.235725,-0.17022500000000002,-0.760275,-0.82575,-0.487975,0.47075,-0.741675,-0.8397749999999999,-0.802675,0.44837499999999997,-0.33962499999999995,-0.050475,0.5261,-0.21277500000000002,-0.748075,0.0,0.0,0.0,0.0,0.0,0.0,0.0,0.0,0.0,0.0,0.0,0.0,0.0,0.0,0.0,0.0,0.0,0.0,0.0,0.0,0.0,0.0,0.0,0.0,0.0,0.0,0.0,0.0,0.0,0.0,0.0,0.0,0.0,0.0,0.0,0.0,0.0,0.0,0.0,0.0,0.0,0.0,0.0,0.0,0.0,0.0,0.0,0.0,0.0,0.0,0.0,0.0,0.0,0.0,0.0,0.0,0.0,0.0,0.0,0.0,0.0,0.0,0.0,0.0,0.0,0.0,0.0,0.0,0.0,0.0,0.0,0.0,0.0,0.0,0.0,0.0,0.0,0.0,0.0,0.0,0.0,0.0,0.0,0.0,0.0,0.0,0.0,0.0,0.0,0.0,0.0,0.0,0.0
0.0,0.0,0.0,0.0,0.0,0.0,0.0,0.0,0.0,0.0,0.0,0.0,0.0,0.0,0.0,0.0,0.0,0.0,0.0,0.0,0.0,0.0,0.0,0.0,0.0,0.0,0.0,0.0,0.0,0.0,0.0,0.0,0.0,0.0,0.0,0.0,0.0,0.0,0.0,0.0,0.0,0.0,0.0,0.0,0.0,0.0,0.0,0.0,0.0,0.0,0.0,0.0,0.0,0.0,0.0,0.0,0.0,0.0,0.0,0.0,0.0,0.0,0.0,0.0,0.0,0.0,0.0,0.0,0.0,0.0,0.0,0.0,0.0,0.0,0.0,0.0,0.0,0.0,0.0,0.0,0.0,0.0,0.0,0.0,0.0,0.0,0.0,0.0,0.0,0.0,0.0,0.0,0.0,0.0,0.0,1.21855,1.778975,1.5517249999999998,1.35305,1.19035,2.09305,0.9113249999999999,1.5321500000000001,0.691225,0.75875,1.8598999999999999,1.452725,0.5688,1.22745,1.022675,1.710875,1.41625,0.7120500000000001,0.18930000000000002,1.29185,1.9932500000000002,1.770625,0.397275,0.248525,1.5262250000000002,1.75825,1.03145,0.411575,0.585925,1.0168,1.56525,1.811925,1.0575999999999999,0.3367,1.0829,1.193375,1.10775,1.040875,0.45265,0.9405,1.1264,1.4574,0.9944500000000001,0.7794749999999999,0.239375,0.750575,1.51395,0.407925,0.532775,0.5140750000000001,1.1162,1.33745,0.74585,0.140575,-0.0102,0.9775750000000001,0.6127,0.672925,0.56455,0.834525,0.56045,0.957,1.08995,0.20650000000000002,0.34835,0.303375,0.741225,0.965025,0.2522,0.46057499999999996,0.6049,0.903675,0.7205,0.6802750000000001,-0.215175,0.324575,1.0610249999999999,0.964325,0.3078,0.03755,0.4224,0.8356750000000001,0.686025,0.12555,-0.099025,0.532375,0.463825,0.6827500000000001,0.32334999999999997,0.453475,0.168275,0.9692999999999999,0.5715,0.18817499999999998,0.37465000000000004,-0.261825,0.441125,0.8617750000000001,0.7279,-0.0631,0.23052499999999998,0.274175,0.56065,0.6064499999999999,-0.3215,-0.1401,0.44642499999999996,0.642075,0.45130000000000003,0.022675,0.013649999999999999,0.22057500000000002,0.580225,-0.08232500000000001,-0.02685,-0.138,0.51495,0.7914,0.39154999999999995,0.19172499999999998,-0.4845,0.3764,0.225475,-0.0013,0.12792499999999998,-0.104725,-0.0829,0.49122499999999997,0.32972500000000005,-0.28400000000000003,-0.10175000000000001,-0.4113,0.2248,0.78395,-0.21815,-0.130025,-0.256,0.5493250000000001,0.327425,-0.08835000000000001,-0.5708,-0.455575,0.38625,0.08852499999999999,-0.104075,0.0665,-0.101525,0.1054,0.2377,0.06215,-0.201075,-0.435525,-0.48335,0.082125,0.3106,0.0334,-0.34325,-0.00035,0.4533,-0.08082500000000001,-0.015574999999999999,-0.42915000000000003,-0.29447500000000004,0.250325,0.2245,-0.16635,-0.5464,-0.06145,-0.265625,-0.03125,-0.2717,-0.5561,-0.16852499999999998,0.722475,-0.09865,-0.272125,0.1395,-0.327025,-0.231825,-0.35345000000000004,-0.03075,-0.26535,-0.13985,-0.010575000000000001,-0.057075,-1.0061749999999998,-0.5060749999999999,-0.1225,-0.052375,-0.23452499999999998,0.10175000000000001,-0.83755,-0.6560750000000001,-0.20345,0.366775,0.10965,-0.46385,-0.452225,0.38339999999999996,0.53945,-0.8520749999999999,-1.228075,-0.30695,0.76085,0.238225,-0.69005,1.06045,-0.347075,0.1419,1.5103,0.0,0.0,0.0,0.0,0.0,0.0,0.0,0.0,0.0,0.0,0.0,0.0,0.0,0.0,0.0,0.0,0.0,0.0,0.0,0.0,0.0,0.0,0.0,0.0,0.0,0.0,0.0,0.0,0.0,0.0,0.0,0.0,0.0,0.0,0.0,0.0,0.0,0.0,0.0,0.0,0.0,0.0,0.0,0.0,0.0,0.0,0.0,0.0,0.0,0.0,0.0,0.0,0.0,0.0,0.0,0.0,0.0,0.0,0.0,0.0,0.0,0.0,0.0,0.0,0.0,0.0,0.0,0.0,0.0,0.0,0.0,0.0,0.0,0.0,0.0,0.0,0.0,0.0,0.0,0.0,0.0,0.0,0.0,0.0,0.0,0.0,0.0,0.0,0.0,0.0,0.0,0.0,0.0,0.0,0.0
0.0,0.0,0.0,0.0,0.0,0.0,0.0,0.0,0.0,0.0,0.0,0.0,0.0,0.0,0.0,0.0,0.0,0.0,0.0,0.0,0.0,0.0,0.0,0.0,0.0,0.0,0.0,0.0,0.0,0.0,0.0,0.0,0.0,0.0,0.0,0.0,0.0,0.0,0.0,0.0,0.0,0.0,0.0,0.0,0.0,0.0,0.0,0.0,0.0,0.0,0.0,0.0,0.0,0.0,0.0,0.0,0.0,0.0,0.0,0.0,0.0,0.0,0.0,0.0,0.0,0.0,0.0,0.0,0.0,0.0,0.0,0.0,0.0,0.0,0.0,0.0,0.0,0.0,0.0,0.0,0.0,0.0,0.0,0.0,0.0,0.0,0.0,0.0,0.0,0.0,0.0,0.0,0.0,0.0,0.0,0.0,2.104575,1.699525,1.426125,1.734225,1.20885,0.90205,1.4227750000000001,1.7094749999999999,1.3467,1.028025,1.820575,1.181325,1.96695,-0.11495,0.41355,1.645,2.3777,1.4573749999999999,0.5595,0.474875,0.6527499999999999,1.7953999999999999,1.879375,0.324925,1.01205,1.030825,2.010425,1.12425,1.01115,0.054875,1.458975,1.468025,1.158275,1.1115,0.591675,0.5393,1.243625,1.0636999999999999,0.80565,0.58065,0.4676,0.9372,0.998025,0.687,0.662125,0.5211250000000001,1.267775,1.455325,0.67615,0.695525,0.139025,0.86585,1.156325,0.2931,0.4787,1.0320500000000001,1.1858499999999998,1.0328249999999999,0.871275,-0.24477500000000002,0.6762,1.0868250000000002,0.961025,0.914225,0.3412,0.157425,0.5019,1.0452750000000002,0.60565,0.47975,0.386675,0.33335,1.2265,0.662875,0.5210250000000001,0.05185,0.6565749999999999,0.769775,0.684375,0.14535,-0.173175,0.533525,1.192625,0.656275,0.36995,0.4836,0.285175,0.663,0.56855,-0.2275,0.47925,0.31332499999999996,0.6215499999999999,0.894825,0.6693,0.019025,-0.043625,0.375075,0.20705,0.6360250000000001,0.063525,-0.080375,0.23727499999999999,0.418825,0.49372499999999997,0.09057499999999999,0.07715,0.057075,0.6582250000000001,0.221675,-0.151675,0.10339999999999999,0.5530250000000001,0.4396,0.2056,-0.10185,-0.25439999999999996,0.341225,0.341725,0.14252499999999999,0.45847499999999997,0.017125,0.46135,0.5603750000000001,0.37979999999999997,-0.12205,-0.140575,-0.24245,0.024175000000000002,0.468075,-0.028425,-0.208875,-0.25025000000000003,0.6881250000000001,0.49222499999999997,0.139875,-0.175425,-0.552025,0.448625,0.33549999999999996,-0.2301,-0.2041,0.23120000000000002,0.49655,0.7484500000000001,0.052475,-0.66615,-0.095675,0.261075,0.289525,0.24664999999999998,-0.296975,-0.185575,-0.521475,0.07555,-0.407875,0.155975,-0.453875,0.18685,0.44584999999999997,0.16535,0.1208,-0.491475,-0.22955,0.06382499999999999,-0.45585000000000003,-0.51185,-0.7361500000000001,0.2856,0.6335999999999999,-0.0916,-0.243875,-0.4807,-0.465675,-0.042874999999999996,0.048,-0.342275,-0.22445,-0.5284249999999999,-0.2746,0.37777499999999997,0.164275,-0.5461,-0.209775,-0.249725,-0.618825,0.3872,-0.041999999999999996,-0.310975,0.283625,-0.45532500000000004,-0.155275,-0.6814749999999999,-0.55395,-0.68055,0.6251249999999999,0.10842500000000001,-0.704675,0.089575,0.811575,-0.8932,1.0908,0.227125,-0.17545,0.27895000000000003,0.4446,1.018825,-1.01705,0.0,0.0,0.0,0.0,0.0,0.0,0.0,0.0,0.0,0.0,0.0,0.0,0.0,0.0,0.0,0.0,0.0,0.0,0.0,0.0,0.0,0.0,0.0,0.0,0.0,0.0,0.0,0.0,0.0,0.0,0.0,0.0,0.0,0.0,0.0,0.0,0.0,0.0,0.0,0.0,0.0,0.0,0.0,0.0,0.0,0.0,0.0,0.0,0.0,0.0,0.0,0.0,0.0,0.0,0.0,0.0,0.0,0.0,0.0,0.0,0.0,0.0,0.0,0.0,0.0,0.0,0.0,0.0,0.0,0.0,0.0,0.0,0.0,0.0,0.0,0.0,0.0,0.0,0.0,0.0,0.0,0.0,0.0,0.0,0.0,0.0,0.0,0.0,0.0,0.0,0.0,0.0,0.0,0.0,0.0,0.0
0.0,0.0,0.0,0.0,0.0,0.0,0.0,0.0,0.0,0.0,0.0,0.0,0.0,0.0,0.0,0.0,0.0,0.0,0.0,0.0,0.0,0.0,0.0,0.0,0.0,0.0,0.0,0.0,0.0,0.0,0.0,0.0,0.0,0.0,0.0,0.0,0.0,0.0,0.0,0.0,0.0,0.0,0.0,0.0,0.0,0.0,0.0,0.0,0.0,0.0,0.0,0.0,0.0,0.0,0.0,0.0,0.0,0.0,0.0,0.0,0.0,0.0,0.0,0.0,0.0,0.0,0.0,0.0,0.0,0.0,0.0,0.0,0.0,0.0,0.0,0.0,0.0,0.0,0.0,0.0,0.0,0.0,0.0,0.0,0.0,0.0,0.0,0.0,0.0,0.0,0.0,0.0,0.0,0.0,0.0,0.0,0.0,0.0,1.7839,1.534125,1.5747499999999999,2.012525,0.7698499999999999,1.8718249999999999,1.5096500000000002,1.3735,0.055375,0.939775,1.655025,1.6367500000000001,1.7708499999999998,1.011225,0.30245,1.081175,1.2215250000000002,1.6437249999999999,0.6389499999999999,0.243175,1.101975,1.32295,1.0574,0.556775,0.346175,1.4587750000000002,1.367175,0.624225,0.87875,0.868775,1.308575,1.548025,1.117775,0.96925,0.43035,0.52315,0.5792999999999999,1.3784,0.5197,0.3973,0.58375,1.4377499999999999,1.07645,0.5608,0.49815,0.23062500000000002,1.078475,1.358975,1.018025,0.3564,0.8599,0.8296,1.1468250000000002,0.7404499999999999,-0.0939,0.876225,1.1467999999999998,0.77815,0.96065,0.35802500000000004,0.48575,0.616225,0.87975,0.20215,0.2858,0.332975,0.431025,1.07305,0.934175,0.451675,0.06075,0.8025,0.9933000000000001,0.604125,0.506375,-0.22752499999999998,0.7376750000000001,1.020475,0.9450999999999999,0.3234,0.13849999999999998,0.43457500000000004,0.840725,0.593075,-0.193325,0.182925,0.31105000000000005,0.685075,0.647175,0.342575,-0.038175,0.201825,0.6895,0.407125,0.07755000000000001,-0.0094,0.347725,0.6238250000000001,0.635825,0.244925,-0.20375,0.047825,0.185475,0.48535,0.33165,-0.46852499999999997,0.0734,0.6891,0.7641,0.023774999999999998,-0.099875,-0.30435,0.46302499999999996,0.602525,-0.0658,0.0945,0.15535,0.5686500000000001,0.59565,0.0701,-0.1122,-0.344225,0.38589999999999997,0.22675,0.431,0.125775,-0.24655,-0.173175,0.6097,0.206125,-0.130725,-0.112175,-0.40645000000000003,0.48419999999999996,0.57295,-0.029525,-0.196425,-0.112375,0.2294,0.23325,-0.2801,-0.3873,-0.114125,0.311625,0.44422500000000004,-0.018275,-0.13749999999999998,-0.1529,0.236375,0.20402499999999998,-0.371675,-0.413575,-0.404575,-0.068025,0.0775,-0.204775,-0.0399,-0.5562499999999999,0.1858,0.14202499999999998,0.2642,-0.347475,-0.728875,0.43635,0.158875,0.119075,-0.097775,-0.32130000000000003,0.218975,-0.0008749999999999999,-0.147925,-0.661825,0.050374999999999996,0.117075,0.128275,-0.40842500000000004,-0.41305000000000003,-0.005549999999999999,-0.567475,-0.1163,-0.623675,0.566975,-0.4816,-0.051925,0.225125,0.041025,-0.23750000000000002,-0.73575,-0.32085,-0.2813,-0.399175,-0.511,-0.8442999999999999,-0.490425,0.16294999999999998,-0.015175000000000001,-0.6203,-0.64265,-0.0904,0.27935,-0.33695,1.1022750000000001,-0.210225,-0.7661749999999999,0.0,0.0,0.0,0.0,0.0,0.0,0.0,0.0,0.0,0.0,0.0,0.0,0.0,0.0,0.0,0.0,0.0,0.0,0.0,0.0,0.0,0.0,0.0,0.0,0.0,0.0,0.0,0.0,0.0,0.0,0.0,0.0,0.0,0.0,0.0,0.0,0.0,0.0,0.0,0.0,0.0,0.0,0.0,0.0,0.0,0.0,0.0,0.0,0.0,0.0,0.0,0.0,0.0,0.0,0.0,0.0,0.0,0.0,0.0,0.0,0.0,0.0,0.0,0.0,0.0,0.0,0.0,0.0,0.0,0.0,0.0,0.0,0.0,0.0,0.0,0.0,0.0,0.0,0.0,0.0,0.0,0.0,0.0,0.0,0.0,0.0,0.0,0.0,0.0,0.0,0.0,0.0,0.0,0.0,0.0,0.0,0.0,0.0
0.0,0.0,0.0,0.0,0.0,0.0,0.0,0.0,0.0,0.0,0.0,0.0,0.0,0.0,0.0,0.0,0.0,0.0,0.0,0.0,0.0,0.0,0.0,0.0,0.0,0.0,0.0,0.0,0.0,0.0,0.0,0.0,0.0,0.0,0.0,0.0,0.0,0.0,0.0,0.0,0.0,0.0,0.0,0.0,0.0,0.0,0.0,0.0,0.0,0.0,0.0,0.0,0.0,0.0,0.0,0.0,0.0,0.0,0.0,0.0,0.0,0.0,0.0,0.0,0.0,0.0,0.0,0.0,0.0,0.0,0.0,0.0,0.0,0.0,0.0,0.0,0.0,0.0,0.0,0.0,0.0,0.0,0.0,0.0,0.0,0.0,0.0,0.0,0.0,0.0,0.0,0.0,0.0,0.0,0.0,0.0,0.0,0.0,0.0,1.67015,1.160575,1.744125,1.103725,1.2149999999999999,0.5401750000000001,1.0359500000000001,1.31475,1.399125,0.82935,1.538125,0.866,1.556,1.339875,0.6291249999999999,0.5813,1.7149999999999999,1.301525,1.82705,1.0853000000000002,0.5545,0.877775,1.3035750000000002,0.6172,0.37987499999999996,1.20585,1.4287750000000001,1.4959500000000001,1.044475,0.5106999999999999,0.080625,0.878075,0.871225,0.96495,-0.1891,0.914625,0.964975,1.337475,1.150075,0.44605,0.957125,0.46957499999999996,0.918875,1.291925,0.624375,0.44329999999999997,0.7633749999999999,1.34375,1.073075,0.5892,-0.018325,0.50775,0.867825,0.6598,0.5076999999999999,0.497475,1.1698,0.88845,0.9115,0.42,0.005625,0.827775,0.78235,0.734625,0.66035,0.770175,0.3071,0.962175,0.704975,0.26792499999999997,0.47725,-0.25255000000000005,0.6677500000000001,1.3722249999999998,0.4229,0.078275,0.100925,0.49682499999999996,0.813525,0.8138,-0.21025,0.1296,0.637875,1.12385,0.688,-0.039349999999999996,0.250825,0.1812,0.810725,0.24330000000000002,0.1604,0.41555,0.34049999999999997,0.512475,0.2145,0.5535,-0.21365,0.2504,0.428625,0.2923,0.514575,-0.309775,-0.005575,0.573375,0.6754749999999999,0.3475,-0.060075,-0.215175,0.4602,0.82155,0.10592499999999999,-0.201175,0.259525,0.7463249999999999,0.3004,-0.061524999999999996,-0.091525,-0.12467500000000001,0.481975,0.16967500000000002,0.287325,0.054475,0.137175,0.227225,0.4606,0.06875,-0.233775,-0.194325,-0.260625,0.309925,0.182275,0.058325,-0.333475,0.1689,0.607525,0.21689999999999998,-0.00185,-0.624425,-0.112675,0.47650000000000003,0.169375,-0.1124,-0.213175,0.091,0.3183,0.1303,-0.27697499999999997,-0.652575,0.7781750000000001,-0.00315,0.511775,0.14325,-0.15389999999999998,-0.16125,0.46665,0.173075,-0.62805,-0.070275,-0.83235,0.26925,0.7091,0.26822500000000005,-0.033350000000000005,-0.6839,-0.29215,-0.1579,0.12335,-0.882275,-0.2157,-0.06395,0.30015,-0.340525,-0.467825,-0.13267500000000002,-0.22485,0.19225,-1.56115,-0.46499999999999997,0.062,-0.624275,0.01225,0.185925,0.36645,-0.57275,0.1251,-0.7925249999999999,0.316,-0.29414999999999997,-0.832475,-0.445925,0.044725,0.8442000000000001,-0.398325,-0.6683,-0.350325,-0.94935,0.1799,0.015825,-0.39527500000000004,-1.4282750000000002,0.2771,-0.361975,0.0,0.0,0.0,0.0,0.0,0.0,0.0,0.0,0.0,0.0,0.0,0.0,0.0,0.0,0.0,0.0,0.0,0.0,0.0,0.0,0.0,0.0,0.0,0.0,0.0,0.0,0.0,0.0,0.0,0.0,0.0,0.0,0.0,0.0,0.0,0.0,0.0,0.0,0.0,0.0,0.0,0.0,0.0,0.0,0.0,0.0,0.0,0.0,0.0,0.0,0.0,0.0,0.0,0.0,0.0,0.0,0.0,0.0,0.0,0.0,0.0,0.0,0.0,0.0,0.0,0.0,0.0,0.0,0.0,0.0,0.0,0.0,0.0,0.0,0.0,0.0,0.0,0.0,0.0,0.0,0.0,0.0,0.0,0.0,0.0,0.0,0.0,0.0,0.0,0.0,0.0,0.0,0.0,0.0,0.0,0.0,0.0,0.0,0.0
0.0,0.0,0.0,0.0,0.0,0.0,0.0,0.0,0.0,0.0,0.0,0.0,0.0,0.0,0.0,0.0,0.0,0.0,0.0,0.0,0.0,0.0,0.0,0.0,0.0,0.0,0.0,0.0,0.0,0.0,0.0,0.0,0.0,0.0,0.0,0.0,0.0,0.0,0.0,0.0,0.0,0.0,0.0,0.0,0.0,0.0,0.0,0.0,0.0,0.0,0.0,0.0,0.0,0.0,0.0,0.0,0.0,0.0,0.0,0.0,0.0,0.0,0.0,0.0,0.0,0.0,0.0,0.0,0.0,0.0,0.0,0.0,0.0,0.0,0.0,0.0,0.0,0.0,0.0,0.0,0.0,0.0,0.0,0.0,0.0,0.0,0.0,0.0,0.0,0.0,0.0,0.0,0.0,0.0,0.0,0.0,0.0,0.0,0.0,0.0,1.0746250000000002,1.4124249999999998,1.859525,1.934725,0.724225,1.1357,1.829075,1.14035,0.679,1.741625,0.43069999999999997,1.3062500000000001,1.280425,1.410325,1.178925,1.291475,0.39225,0.7323,1.7674,0.849,-0.050425,0.607625,1.875025,1.648975,1.1763,0.944025,0.6622,1.285025,1.484375,0.805925,0.5468500000000001,0.6003000000000001,0.806775,2.0378749999999997,1.018825,0.7038,0.7282000000000001,0.49617500000000003,1.08215,1.3751,0.5831000000000001,0.575125,0.570925,1.46135,1.013875,0.804875,0.100775,0.13497499999999998,1.2892000000000001,1.502225,0.660375,0.00885,0.636875,0.92935,0.97685,0.28595000000000004,0.204375,0.7176250000000001,1.1869750000000001,0.9793,0.662025,0.628025,0.452575,0.88105,0.694175,0.39015,0.28825,0.23905,0.6995,0.8620749999999999,0.694475,0.46165,0.147625,0.407575,0.67735,0.44545,-0.005200000000000001,-0.13105,0.802925,1.1640249999999999,0.664625,0.06755,0.285675,0.33045,0.7393500000000001,0.222125,-0.2401,0.38515,0.4775,0.8276,0.705925,0.5755,-0.20465,0.310075,0.21810000000000002,0.145575,0.33485,0.16985,0.3771,0.8524499999999999,0.5865,0.0039000000000000003,-0.2466,0.24910000000000002,0.347225,0.5149,-0.14602500000000002,-0.2266,0.301075,0.7847999999999999,0.68005,-0.017224999999999997,-0.324575,-0.37682499999999997,0.7195499999999999,0.2597,-0.11415,0.09960000000000001,0.053475,0.574,0.5159750000000001,0.139075,-0.31545,0.1839,-0.086825,0.646975,0.34245,-0.24195,-0.18489999999999998,0.025725,0.201225,0.228375,0.0545,-0.34385,-0.369,0.9991,0.378925,0.08577499999999999,-0.2229,0.35475,-0.004425,-0.20035,-0.083575,-0.61765,0.194775,0.59755,-0.27892500000000003,-0.064225,0.074975,-0.205225,0.2117,0.14597500000000002,-0.417925,-0.21762499999999999,-0.308225,-0.080475,0.156,-0.021,0.371425,-0.239175,-0.3367,0.49605,0.043375000000000004,-0.417275,-0.5445249999999999,-0.058325,0.762,0.13915,-0.14354999999999998,-0.0558,-0.37967500000000004,0.41855000000000003,-0.4198,-0.39065000000000005,-0.95085,-0.206575,0.545925,-0.561275,0.568975,-0.7198249999999999,0.55,-0.08729999999999999,-0.019975,-0.437975,-0.933575,0.056875,0.0022,-0.030375,0.271725,-0.593775,0.5028,0.119725,0.037925,-0.3871,0.013600000000000001,-0.06985,0.55525,-0.484725,-0.1575,0.8459,0.0,0.0,0.0,0.0,0.0,0.0,0.0,0.0,0.0,0.0,0.0,0.0,0.0,0.0,0.0,0.0,0.0,0.0,0.0,0.0,0.0,0.0,0.0,0.0,0.0,0.0,0.0,0.0,0.0,0.0,0.0,0.0,0.0,0.0,0.0,0.0,0.0,0.0,0.0,0.0,0.0,0.0,0.0,0.0,0.0,0.0,0.0,0.0,0.0,0.0,0.0,0.0,0.0,0.0,0.0,0.0,0.0,0.0,0.0,0.0,0.0,0.0,0.0,0.0,0.0,0.0,0.0,0.0,0.0,0.0,0.0,0.0,0.0,0.0,0.0,0.0,0.0,0.0,0.0,0.0,0.0,0.0,0.0,0.0,0.0,0.0,0.0,0.0,0.0,0.0,0.0,0.0,0.0,0.0,0.0,0.0,0.0,0.0,0.0,0.0
0.0,0.0,0.0,0.0,0.0,0.0,0.0,0.0,0.0,0.0,0.0,0.0,0.0,0.0,0.0,0.0,0.0,0.0,0.0,0.0,0.0,0.0,0.0,0.0,0.0,0.0,0.0,0.0,0.0,0.0,0.0,0.0,0.0,0.0,0.0,0.0,0.0,0.0,0.0,0.0,0.0,0.0,0.0,0.0,0.0,0.0,0.0,0.0,0.0,0.0,0.0,0.0,0.0,0.0,0.0,0.0,0.0,0.0,0.0,0.0,0.0,0.0,0.0,0.0,0.0,0.0,0.0,0.0,0.0,0.0,0.0,0.0,0.0,0.0,0.0,0.0,0.0,0.0,0.0,0.0,0.0,0.0,0.0,0.0,0.0,0.0,0.0,0.0,0.0,0.0,0.0,0.0,0.0,0.0,0.0,0.0,0.0,0.0,0.0,0.0,0.0,0.0,1.554525,1.6295,1.745525,0.613075,1.407075,0.998375,1.1994,1.423375,2.0675499999999998,1.25955,0.727525,0.646775,1.288525,1.6629,1.1591500000000001,0.38029999999999997,0.485225,1.432025,1.523775,0.76915,0.87695,0.7834749999999999,1.2853750000000002,1.453125,0.978575,0.041425,1.1763,1.8415249999999999,1.2007750000000001,0.8410500000000001,0.71235,0.92015,1.314125,0.998,1.1109,0.3045,0.64655,1.1063749999999999,1.075075,0.8625,0.7834749999999999,0.48085,0.910775,0.92195,1.3618000000000001,0.7898999999999999,0.58675,1.0295,1.2441499999999999,0.8412999999999999,0.4845,0.010974999999999999,0.917175,1.005225,1.020225,0.780175,0.317475,0.7481,1.076375,0.96395,0.063075,0.346325,0.674975,1.084825,1.1103750000000001,0.45247499999999996,0.57055,0.3145,1.053125,0.4282,0.5818249999999999,0.36014999999999997,0.10235,0.85995,1.122825,0.7607250000000001,0.1826,0.1845,0.316975,0.989225,0.39602499999999996,-0.211225,0.083975,0.6499250000000001,0.94335,0.3681,0.18735,-0.0496,0.339075,0.5584,0.242975,0.239325,0.097525,0.439975,0.52615,0.6695,0.183875,0.1279,0.093,0.328075,0.38632500000000003,0.2504,0.110975,0.2504,1.0277500000000002,0.0281,-0.004625000000000001,-0.13435,-0.3791,0.7572000000000001,0.5952500000000001,-0.030350000000000002,0.1488,0.138475,0.48755,0.134275,-0.19255,-0.332575,0.096025,0.31672500000000003,0.035750000000000004,-0.012924999999999999,0.029475,0.035425,0.263275,0.41045,0.00925,-0.3381,0.092175,-0.097075,0.505575,0.34295,0.028375,-0.1042,0.508525,0.300925,0.197025,-0.1834,-0.42617499999999997,0.5958749999999999,0.64815,-0.13345,-0.3286,-0.017075,-0.054724999999999996,0.27355,0.5051249999999999,-0.558475,-0.573325,0.242325,0.31635,0.13125,-0.12685000000000002,0.0029,-0.36312500000000003,-0.127475,-0.229925,-0.152875,-0.455675,-0.4732,0.39644999999999997,0.7542249999999999,-0.121375,-0.559325,-0.23275,-0.439275,0.0897,-0.424425,-0.659025,0.0314,0.366325,0.025375,-0.193475,-0.292725,-0.775175,-0.360775,0.52325,-0.08552499999999999,0.5408000000000001,0.514825,0.263575,-0.129975,-0.051275,-0.43775000000000003,-0.923225,0.098325,0.037825,0.764275,0.24022500000000002,-0.16635,-0.605675,-0.111625,0.041075,0.29,-0.58145,-0.5789500000000001,0.0,0.0,0.0,0.0,0.0,0.0,0.0,0.0,0.0,0.0,0.0,0.0,0.0,0.0,0.0,0.0,0.0,0.0,0.0,0.0,0.0,0.0,0.0,0.0,0.0,0.0,0.0,0.0,0.0,0.0,0.0,0.0,0.0,0.0,0.0,0.0,0.0,0.0,0.0,0.0,0.0,0.0,0.0,0.0,0.0,0.0,0.0,0.0,0.0,0.0,0.0,0.0,0.0,0.0,0.0,0.0,0.0,0.0,0.0,0.0,0.0,0.0,0.0,0.0,0.0,0.0,0.0,0.0,0.0,0.0,0.0,0.0,0.0,0.0,0.0,0.0,0.0,0.0,0.0,0.0,0.0,0.0,0.0,0.0,0.0,0.0,0.0,0.0,0.0,0.0,0.0,0.0,0.0,0.0,0.0,0.0,0.0,0.0,0.0,0.0,0.0,0.0
0.0,0.0,0.0,0.0,0.0,0.0,0.0,0.0,0.0,0.0,0.0,0.0,0.0,0.0,0.0,0.0,0.0,0.0,0.0,0.0,0.0,0.0,0.0,0.0,0.0,0.0,0.0,0.0,0.0,0.0,0.0,0.0,0.0,0.0,0.0,0.0,0.0,0.0,0.0,0.0,0.0,0.0,0.0,0.0,0.0,0.0,0.0,0.0,0.0,0.0,0.0,0.0,0.0,0.0,0.0,0.0,0.0,0.0,0.0,0.0,0.0,0.0,0.0,0.0,0.0,0.0,0.0,0.0,0.0,0.0,0.0,0.0,0.0,0.0,0.0,0.0,0.0,0.0,0.0,0.0,0.0,0.0,0.0,0.0,0.0,0.0,0.0,0.0,0.0,0.0,0.0,0.0,0.0,0.0,0.0,0.0,0.0,0.0,0.0,0.0,0.0,0.0,0.0,1.4634500000000001,2.03885,1.84565,1.4381,2.1487,0.82515,1.103925,1.481625,0.9220999999999999,1.3223500000000001,0.736225,0.5845,1.551075,1.3384,1.749225,0.92405,0.81385,0.690025,1.3446,1.91435,0.783525,0.09684999999999999,0.6768500000000001,1.7579500000000001,1.56115,0.8692249999999999,0.66995,0.19940000000000002,1.56305,0.9775750000000001,1.223575,0.845525,1.012925,1.47075,1.5707,0.792925,0.26775,0.538125,0.41605,1.2401250000000001,1.249525,0.6532250000000001,0.7164250000000001,0.5650499999999999,1.211225,1.148875,0.654,0.08375,0.45865,1.14635,0.796375,0.462,0.261,0.7891250000000001,1.0204250000000001,0.86465,0.2138,0.04965,0.747625,0.807075,0.99975,0.5401750000000001,0.503225,0.6393249999999999,1.0521500000000001,0.2072,0.29935,0.23607499999999998,0.25680000000000003,0.8877999999999999,1.079125,0.24485,0.323225,0.42985,0.44504999999999995,0.7481,0.7041999999999999,-0.00295,0.29985,0.935375,1.160225,0.303825,-0.1281,0.23167500000000002,0.4836,0.9967,0.06805,0.196525,0.25560000000000005,0.8704999999999999,0.7343000000000001,0.435175,-0.0929,-0.056924999999999996,0.5766,0.485075,0.431825,0.4577,-0.16045,0.32155,0.65425,0.4101,0.047125,-0.0594,-0.318025,0.417075,0.630925,-0.183075,-0.052925,0.2321,0.844325,0.313775,-0.032825,-0.3685,-0.15835,0.5891,0.50305,-0.035975,0.27185000000000004,0.24967499999999998,0.24705,0.2658,-0.068275,-0.34667499999999996,0.2067,-0.13997500000000002,0.179,0.5525,-0.116725,-0.136,0.226225,0.045625,-0.2109,-0.40147499999999997,-0.36195,0.293375,0.02915,0.09985,-0.2378,-0.085325,0.15994999999999998,0.43125,-0.229775,-0.556025,-0.194675,0.409925,0.22114999999999999,0.28097500000000003,-0.416325,-0.2171,-0.384925,0.086125,-0.4862,-0.41585,-0.052025,0.224075,0.515725,0.6648000000000001,-0.199475,-0.46392500000000003,0.00775,-0.0651,-0.72305,0.239725,-0.6894,-0.268425,-0.015025,0.46699999999999997,-0.039525000000000005,-0.16905,0.03175,-0.30045,0.116225,-0.41185000000000005,-0.31437499999999996,0.051824999999999996,0.779675,0.006325000000000001,0.2467,-0.11357500000000001,-0.23895,0.5669,0.633,-0.755475,0.51675,-0.53845,-1.027,0.41105,0.172175,-0.6268750000000001,-0.06420000000000001,0.269275,-0.161225,-0.717,0.0,0.0,0.0,0.0,0.0,0.0,0.0,0.0,0.0,0.0,0.0,0.0,0.0,0.0,0.0,0.0,0.0,0.0,0.0,0.0,0.0,0.0,0.0,0.0,0.0,0.0,0.0,0.0,0.0,0.0,0.0,0.0,0.0,0.0,0.0,0.0,0.0,0.0,0.0,0.0,0.0,0.0,0.0,0.0,0.0,0.0,0.0,0.0,0.0,0.0,0.0,0.0,0.0,0.0,0.0,0.0,0.0,0.0,0.0,0.0,0.0,0.0,0.0,0.0,0.0,0.0,0.0,0.0,0.0,0.0,0.0,0.0,0.0,0.0,0.0,0.0,0.0,0.0,0.0,0.0,0.0,0.0,0.0,0.0,0.0,0.0,0.0,0.0,0.0,0.0,0.0,0.0,0.0,0.0,0.0,0.0,0.0,0.0,0.0,0.0,0.0,0.0,0.0
0.0,0.0,0.0,0.0,0.0,0.0,0.0,0.0,0.0,0.0,0.0,0.0,0.0,0.0,0.0,0.0,0.0,0.0,0.0,0.0,0.0,0.0,0.0,0.0,0.0,0.0,0.0,0.0,0.0,0.0,0.0,0.0,0.0,0.0,0.0,0.0,0.0,0.0,0.0,0.0,0.0,0.0,0.0,0.0,0.0,0.0,0.0,0.0,0.0,0.0,0.0,0.0,0.0,0.0,0.0,0.0,0.0,0.0,0.0,0.0,0.0,0.0,0.0,0.0,0.0,0.0,0.0,0.0,0.0,0.0,0.0,0.0,0.0,0.0,0.0,0.0,0.0,0.0,0.0,0.0,0.0,0.0,0.0,0.0,0.0,0.0,0.0,0.0,0.0,0.0,0.0,0.0,0.0,0.0,0.0,0.0,0.0,0.0,0.0,0.0,0.0,0.0,0.0,0.0,0.0,1.86635,0.5236999999999999,1.8357750000000002,1.9637,0.9627,0.670025,1.168725,1.682325,1.8210250000000001,1.867025,0.918675,0.9666,1.12405,1.236,1.284425,1.4096250000000001,0.741175,0.9889,1.872425,1.88635,0.53955,0.341675,0.801625,2.134375,1.11495,0.64935,0.658075,1.0085,1.2055500000000001,1.685675,1.00595,0.482025,0.812325,1.232275,1.23065,0.9083,0.32635000000000003,0.64195,1.0426,1.05485,0.8664999999999999,0.549175,0.758525,0.912,1.458475,0.89435,0.582275,0.102725,1.078625,0.810325,1.1926,0.2424,0.2216,1.198975,1.03695,0.9233250000000001,0.3674,0.6407999999999999,0.635475,1.09315,0.27559999999999996,-0.06655,0.4866,0.49675,1.04285,1.051975,0.526925,0.5311,0.18725,0.603325,0.26485000000000003,0.6828000000000001,-0.11069999999999999,0.39642499999999997,0.664025,1.463725,0.377725,-0.13520000000000001,0.1833,0.360625,1.0214,0.07925,-0.2152,0.165225,0.8467,0.721775,0.420975,-0.0367,-0.0299,0.8569,0.41935,0.3741,0.357,0.29545,0.6134000000000001,1.0301,0.131275,-0.1144,-0.144225,0.24914999999999998,0.4121,0.5675250000000001,0.149025,-0.075125,0.4132,0.87795,0.09345,-0.02015,-0.166125,-0.1158,0.84875,0.28075,-0.0785,-0.16135,0.2971,0.357275,0.5238,-0.217,-0.50295,0.4693,0.0135,0.303825,0.23915,-0.123025,-0.09315,0.199525,0.33757499999999996,-0.029249999999999998,0.13815,-0.294125,0.332675,0.33675,0.1713,-0.127975,-0.40499999999999997,0.2226,0.259275,0.012925,-0.1754,-0.6789499999999999,0.288325,0.2179,-0.2269,-0.364,-0.272075,0.070675,0.5717,-0.38565,-0.276625,-0.028650000000000002,0.05555,0.703525,0.055075,-0.256475,-0.046650000000000004,-0.303825,0.346675,0.031125,-0.236175,0.154925,-0.318375,-0.20845,0.25,-0.300325,-0.40449999999999997,-0.1644,-0.572425,0.522825,-0.10915,-0.21625,-0.005225,0.38402499999999995,-0.26215,-0.585475,-0.554,-0.60965,0.1024,0.04735,-0.430975,0.025825,0.56515,0.0315,0.84205,0.377675,-0.8964749999999999,-1.182325,-0.044925,0.75295,2.046475,0.203625,0.0,0.0,0.0,0.0,0.0,0.0,0.0,0.0,0.0,0.0,0.0,0.0,0.0,0.0,0.0,0.0,0.0,0.0,0.0,0.0,0.0,0.0,0.0,0.0,0.0,0.0,0.0,0.0,0.0,0.0,0.0,0.0,0.0,0.0,0.0,0.0,0.0,0.0,0.0,0.0,0.0,0.0,0.0,0.0,0.0,0.0,0.0,0.0,0.0,0.0,0.0,0.0,0.0,0.0,0.0,0.0,0.0,0.0,0.0,0.0,0.0,0.0,0.0,0.0,0.0,0.0,0.0,0.0,0.0,0.0,0.0,0.0,0.0,0.0,0.0,0.0,0.0,0.0,0.0,0.0,0.0,0.0,0.0,0.0,0.0,0.0,0.0,0.0,0.0,0.0,0.0,0.0,0.0,0.0,0.0,0.0,0.0,0.0,0.0,0.0,0.0,0.0,0.0,0.0,0.0
0.0,0.0,0.0,0.0,0.0,0.0,0.0,0.0,0.0,0.0,0.0,0.0,0.0,0.0,0.0,0.0,0.0,0.0,0.0,0.0,0.0,0.0,0.0,0.0,0.0,0.0,0.0,0.0,0.0,0.0,0.0,0.0,0.0,0.0,0.0,0.0,0.0,0.0,0.0,0.0,0.0,0.0,0.0,0.0,0.0,0.0,0.0,0.0,0.0,0.0,0.0,0.0,0.0,0.0,0.0,0.0,0.0,0.0,0.0,0.0,0.0,0.0,0.0,0.0,0.0,0.0,0.0,0.0,0.0,0.0,0.0,0.0,0.0,0.0,0.0,0.0,0.0,0.0,0.0,0.0,0.0,0.0,0.0,0.0,0.0,0.0,0.0,0.0,0.0,0.0,0.0,0.0,0.0,0.0,0.0,0.0,0.0,0.0,0.0,0.0,0.0,0.0,0.0,0.0,0.0,0.0,0.0,1.08815,0.4215,1.60735,1.339575,1.604475,1.151025,0.8467250000000001,1.485275,1.5995249999999999,1.61585,0.96765,0.393675,0.6069,1.905325,2.175175,0.647975,0.731,0.6636,1.186575,1.542025,0.627475,0.7387,0.82655,1.682875,1.31035,0.3507,0.160025,0.6826,1.1885750000000002,0.955925,0.875475,0.463675,1.065825,1.05545,1.3695249999999999,0.3041,0.21039999999999998,0.52855,0.76145,1.0583,0.971075,0.5663,0.347225,1.438,1.04025,0.99155,0.5002,-0.054625,1.191525,1.0021499999999999,1.2697749999999999,0.14889999999999998,0.544825,0.569325,0.92595,0.44694999999999996,-0.2857,0.5902499999999999,0.532675,0.9825999999999999,0.27947500000000003,0.24585,0.43472500000000003,0.800675,0.8107,0.430075,0.42555,0.264825,0.6484749999999999,0.8224,0.6466,0.381825,0.042075,0.45899999999999996,0.4626,0.956275,0.352875,-0.144375,0.36305,0.9636250000000001,0.906825,0.21795,-0.016975,0.214625,1.0789499999999999,0.74785,0.044925,-0.0139,0.23885,1.00815,0.6185499999999999,0.15889999999999999,-0.19540000000000002,0.093375,0.4037,0.35755,0.009174999999999999,0.097825,0.138,0.23215000000000002,1.019425,0.18555,0.1275,-0.042525,-0.0050750000000000005,0.6438250000000001,0.387075,0.062375,-0.26605,0.038099999999999995,0.2821,0.359825,-0.080475,-0.577,0.42775,0.472425,0.20329999999999998,-0.026275,-0.016274999999999998,0.18905,0.003525,0.023025,-0.2071,0.04885,0.2012,0.0217,0.40212499999999995,0.296525,-0.1066,-0.377825,0.0006,-0.18715,-0.4013,-0.0604,-0.63525,0.1483,0.5404749999999999,-0.10945,-0.300575,-0.350325,0.407625,0.121925,-0.059024999999999994,-0.9782249999999999,-0.22225,-0.119425,0.44882500000000003,-0.17435,-0.273875,-0.302525,-0.262375,0.43375,-0.23415,0.08410000000000001,-0.17215,-0.2192,-0.09175,-0.104275,0.4007,-0.64975,0.091775,0.00165,-0.029775,-0.23152499999999998,-0.6909,-0.466325,0.6548999999999999,-0.60965,0.065775,-0.559575,-0.14429999999999998,0.69575,0.014425,-0.803725,-0.29705,0.29095,0.307775,-0.6822,-0.02645,-0.5856,-0.5293,1.069275,-0.0035,-0.46015,-0.29405000000000003,-0.8703500000000001,0.0,0.0,0.0,0.0,0.0,0.0,0.0,0.0,0.0,0.0,0.0,0.0,0.0,0.0,0.0,0.0,0.0,0.0,0.0,0.0,0.0,0.0,0.0,0.0,0.0,0.0,0.0,0.0,0.0,0.0,0.0,0.0,0.0,0.0,0.0,0.0,0.0,0.0,0.0,0.0,0.0,0.0,0.0,0.0,0.0,0.0,0.0,0.0,0.0,0.0,0.0,0.0,0.0,0.0,0.0,0.0,0.0,0.0,0.0,0.0,0.0,0.0,0.0,0.0,0.0,0.0,0.0,0.0,0.0,0.0,0.0,0.0,0.0,0.0,0.0,0.0,0.0,0.0,0.0,0.0,0.0,0.0,0.0,0.0,0.0,0.0,0.0,0.0,0.0,0.0,0.0,0.0,0.0,0.0,0.0,0.0,0.0,0.0,0.0,0.0,0.0,0.0,0.0,0.0,0.0,0.0,0.0
0.0,0.0,0.0,0.0,0.0,0.0,0.0,0.0,0.0,0.0,0.0,0.0,0.0,0.0,0.0,0.0,0.0,0.0,0.0,0.0,0.0,0.0,0.0,0.0,0.0,0.0,0.0,0.0,0.0,0.0,0.0,0.0,0.0,0.0,0.0,0.0,0.0,0.0,0.0,0.0,0.0,0.0,0.0,0.0,0.0,0.0,0.0,0.0,0.0,0.0,0.0,0.0,0.0,0.0,0.0,0.0,0.0,0.0,0.0,0.0,0.0,0.0,0.0,0.0,0.0,0.0,0.0,0.0,0.0,0.0,0.0,0.0,0.0,0.0,0.0,0.0,0.0,0.0,0.0,0.0,0.0,0.0,0.0,0.0,0.0,0.0,0.0,0.0,0.0,0.0,0.0,0.0,0.0,0.0,0.0,0.0,0.0,0.0,0.0,0.0,0.0,0.0,0.0,0.0,0.0,0.0,0.0,0.0,2.137025,0.7606,0.6071,1.15465,2.925375,0.5099,1.669475,1.3054999999999999,1.2074749999999999,1.493125,1.49665,1.06905,1.348925,0.844325,1.0973249999999999,1.1552,1.20195,0.935925,0.65135,1.6555,0.9289999999999999,0.578875,-0.0989,0.9471,1.5416500000000002,1.05885,0.982375,0.782575,1.162525,1.487375,1.56665,0.726325,0.4316,1.0081,0.637,1.115675,0.788175,0.48014999999999997,0.34957499999999997,1.457975,0.933225,0.69285,0.330175,0.799525,1.147275,1.50285,0.9642499999999999,0.27615,0.373875,0.91615,1.33785,0.76,-0.1784,0.1184,1.33355,1.2377250000000002,0.63745,0.148175,0.32955,0.50445,1.03725,0.263675,0.152925,0.4561,0.742425,0.9358,0.912825,0.55945,0.270175,0.930875,0.34954999999999997,0.73145,0.45494999999999997,-0.1311,0.37217500000000003,0.744975,0.8960250000000001,0.126675,0.12585,-0.29475,0.413075,0.9062250000000001,-0.132125,-0.10305,0.40802499999999997,0.8116,0.397275,-0.07042499999999999,-0.047625,-0.124125,0.7434000000000001,0.35872499999999996,0.231625,0.7395499999999999,0.373575,0.569225,0.773575,0.056325,-0.06525,0.218175,0.078375,0.669625,0.34835,-0.2107,-0.041525,0.2555,0.5786,0.164,-0.19094999999999998,-0.341325,0.5222,0.674525,0.532975,-0.20072500000000001,0.0058,0.52405,0.055825,0.289025,-0.45435000000000003,-0.43379999999999996,0.6243000000000001,0.286,0.08727499999999999,-0.0812,-0.36219999999999997,0.07235,0.3019,-0.24675,-0.317875,0.266025,-0.326975,0.6926,0.0282,0.3754,-0.014225,-0.49924999999999997,-0.13845,0.178825,0.19367499999999999,-0.548175,0.026174999999999997,0.0333,0.5307999999999999,0.36775,-0.4363,-0.177325,0.17555,0.180225,-0.281125,-0.322325,0.04085,-0.1186,0.16720000000000002,0.344375,-0.20915,0.12267499999999999,0.250375,-0.6773750000000001,-0.19737500000000002,0.118325,-0.464775,0.103625,0.296825,-0.0934,0.01175,-0.12612500000000001,-0.7751,0.2542,-0.570925,-0.0537,-0.0286,-0.63465,0.987125,-0.583075,-0.30425,0.250375,-0.0663,-0.6921,0.581475,-0.04265,-0.137075,0.40145,0.042825,-0.3486,0.0,0.0,0.0,0.0,0.0,0.0,0.0,0.0,0.0,0.0,0.0,0.0,0.0,0.0,0.0,0.0,0.0,0.0,0.0,0.0,0.0,0.0,0.0,0.0,0.0,0.0,0.0,0.0,0.0,0.0,0.0,0.0,0.0,0.0,0.0,0.0,0.0,0.0,0.0,0.0,0.0,0.0,0.0,0.0,0.0,0.0,0.0,0.0,0.0,0.0,0.0,0.0,0.0,0.0,0.0,0.0,0.0,0.0,0.0,0.0,0.0,0.0,0.0,0.0,0.0,0.0,0.0,0.0,0.0,0.0,0.0,0.0,0.0,0.0,0.0,0.0,0.0,0.0,0.0,0.0,0.0,0.0,0.0,0.0,0.0,0.0,0.0,0.0,0.0,0.0,0.0,0.0,0.0,0.0,0.0,0.0,0.0,0.0,0.0,0.0,0.0,0.0,0.0,0.0,0.0,0.0,0.0,0.0
0.0,0.0,0.0,0.0,0.0,0.0,0.0,0.0,0.0,0.0,0.0,0.0,0.0,0.0,0.0,0.0,0.0,0.0,0.0,0.0,0.0,0.0,0.0,0.0,0.0,0.0,0.0,0.0,0.0,0.0,0.0,0.0,0.0,0.0,0.0,0.0,0.0,0.0,0.0,0.0,0.0,0.0,0.0,0.0,0.0,0.0,0.0,0.0,0.0,0.0,0.0,0.0,0.0,0.0,0.0,0.0,0.0,0.0,0.0,0.0,0.0,0.0,0.0,0.0,0.0,0.0,0.0,0.0,0.0,0.0,0.0,0.0,0.0,0.0,0.0,0.0,0.0,0.0,0.0,0.0,0.0,0.0,0.0,0.0,0.0,0.0,0.0,0.0,0.0,0.0,0.0,0.0,0.0,0.0,0.0,0.0,0.0,0.0,0.0,0.0,0.0,0.0,0.0,0.0,0.0,0.0,0.0,0.0,0.0,0.0,0.406025,0.6222,0.9414,2.1205249999999998,1.8651,0.932975,0.91045,0.83335,0.434325,1.93545,1.259475,1.3253,1.43915,1.5692249999999999,0.6805,1.8830500000000001,1.212525,0.033375,0.569075,1.825825,1.185975,0.471675,0.9713750000000001,1.423275,1.107075,1.5663749999999999,0.0238,0.36345,1.2495500000000002,1.584425,0.48395,0.604675,0.813225,1.094575,1.122675,0.914625,0.65055,0.49829999999999997,0.392525,1.159625,0.857175,1.0332000000000001,0.486325,0.4272,1.2207000000000001,0.41745,0.5995,0.28745,-0.03015,1.3553,1.233025,0.4082,0.26985000000000003,0.477425,0.632675,1.3007,0.2819,-0.1953,0.7944,0.943325,0.966325,0.5512,0.16255,0.510175,1.0750250000000001,0.6743,0.4369,0.49622499999999997,0.527,0.5836250000000001,0.773725,0.7365,0.149125,0.499,0.306325,0.6286,0.559025,0.109775,-0.34525,0.7123999999999999,1.30715,0.7763,0.5447,0.047775000000000005,-0.206,1.235825,0.3009,-0.0554,0.1084,0.2912,0.8306,0.53485,0.25485,-0.408625,0.265075,0.6380250000000001,0.436625,0.08115,0.183675,0.086325,0.32987500000000003,0.471925,0.196825,0.022225,-0.371275,-0.397675,0.44010000000000005,0.6271,-0.242525,0.14497500000000002,0.44895,0.3755,0.2565,-0.42635,-0.48815000000000003,0.24275,0.47385,-0.017849999999999998,-0.237725,-0.095275,0.0301,0.409175,-0.1079,-0.42235,0.27415,-0.283175,0.206125,0.24539999999999998,0.14435,-0.387925,-0.148975,0.50815,0.34802500000000003,-0.23015000000000002,-0.1092,-0.484625,0.193075,0.30022499999999996,0.187075,-0.115325,-0.03615,-0.054025,0.35305,0.114675,-0.3708,0.46335,0.26765,0.12415,0.12107499999999999,0.15895,-0.1175,0.33225,-0.38295,0.19144999999999998,-0.086075,0.381775,-0.0814,-0.21,0.372725,-0.551675,-0.377725,-0.082575,-0.257075,0.490525,-0.700825,-0.391425,0.786625,0.6864,-0.38837499999999997,0.284275,-0.4627,-0.2552,0.0030749999999999996,-0.60195,0.537125,0.425775,-0.049800000000000004,1.394025,0.34095,-0.030100000000000002,0.0,0.0,0.0,0.0,0.0,0.0,0.0,0.0,0.0,0.0,0.0,0.0,0.0,0.0,0.0,0.0,0.0,0.0,0.0,0.0,0.0,0.0,0.0,0.0,0.0,0.0,0.0,0.0,0.0,0.0,0.0,0.0,0.0,0.0,0.0,0.0,0.0,0.0,0.0,0.0,0.0,0.0,0.0,0.0,0.0,0.0,0.0,0.0,0.0,0.0,0.0,0.0,0.0,0.0,0.0,0.0,0.0,0.0,0.0,0.0,0.0,0.0,0.0,0.0,0.0,0.0,0.0,0.0,0.0,0.0,0.0,0.0,0.0,0.0,0.0,0.0,0.0,0.0,0.0,0.0,0.0,0.0,0.0,0.0,0.0,0.0,0.0,0.0,0.0,0.0,0.0,0.0,0.0,0.0,0.0,0.0,0.0,0.0,0.0,0.0,0.0,0.0,0.0,0.0,0.0,0.0,0.0,0.0,0.0,0.0
0.0,0.0,0.0,0.0,0.0,0.0,0.0,0.0,0.0,0.0,0.0,0.0,0.0,0.0,0.0,0.0,0.0,0.0,0.0,0.0,0.0,0.0,0.0,0.0,0.0,0.0,0.0,0.0,0.0,0.0,0.0,0.0,0.0,0.0,0.0,0.0,0.0,0.0,0.0,0.0,0.0,0.0,0.0,0.0,0.0,0.0,0.0,0.0,0.0,0.0,0.0,0.0,0.0,0.0,0.0,0.0,0.0,0.0,0.0,0.0,0.0,0.0,0.0,0.0,0.0,0.0,0.0,0.0,0.0,0.0,0.0,0.0,0.0,0.0,0.0,0.0,0.0,0.0,0.0,0.0,0.0,0.0,0.0,0.0,0.0,0.0,0.0,0.0,0.0,0.0,0.0,0.0,0.0,0.0,0.0,0.0,0.0,0.0,0.0,0.0,0.0,0.0,0.0,0.0,0.0,0.0,0.0,0.0,0.0,0.0,0.0,0.0,0.831175,-0.11399999999999999,2.382225,1.016125,0.5740000000000001,1.2723499999999999,0.893575,1.097025,1.47075,2.17265,0.93745,1.206625,1.148225,1.4938,1.675675,1.0636999999999999,1.3274,0.219825,1.208,0.927,0.88405,0.26645,0.33247499999999997,1.1954500000000001,2.1430249999999997,1.195325,0.71575,0.573475,1.07965,1.3227250000000002,0.33325,0.23222500000000001,0.46205,1.067525,1.1752500000000001,0.8281999999999999,1.1145500000000002,0.411275,0.679,1.520425,0.8067,0.579125,0.20147500000000002,0.422425,0.9851500000000001,1.189575,0.439925,0.31635,0.424025,0.563025,0.891125,0.57365,-0.6793,0.47235,0.716275,1.106825,0.473925,0.52635,-0.0502,0.853425,0.864675,0.36907500000000004,0.29764999999999997,0.2632,0.9786,0.926125,0.521675,0.35785,0.312575,0.8306250000000001,0.33135,1.23925,0.714775,-0.08235,0.45725,1.14625,0.530925,0.005625,-0.00825,0.194225,1.20425,0.346325,-0.345325,-0.074975,0.21737499999999998,0.61825,0.6114250000000001,0.017075,-0.40025,0.42769999999999997,0.388825,0.30107500000000004,0.152225,0.10522500000000001,0.37945,0.3126,0.637325,-0.30685,0.25077499999999997,0.304125,0.000825,0.375625,0.25627500000000003,-0.2868,-0.0052499999999999995,0.5233,0.246075,0.3325,-0.317975,-0.47335,0.833775,0.7094750000000001,0.191025,-0.1903,-0.129275,0.41225,0.33909999999999996,0.3494,-0.748475,-0.34240000000000004,0.03155,0.239425,0.203875,0.48024999999999995,-0.240975,0.18917499999999998,0.296425,-0.4344,0.0317,-0.26322500000000004,-0.30475,0.29914999999999997,0.64455,-0.035625000000000004,0.035949999999999996,-0.161025,-0.32325,0.245475,-0.07780000000000001,-0.1668,0.11545,0.687975,0.691275,-0.0341,-0.2343,-0.1598,0.30945,0.6433500000000001,-0.2521,-0.12417500000000001,0.210125,0.403075,0.423825,0.7139249999999999,0.03435,0.15065,-0.1374,-0.596075,0.394825,0.030725000000000002,0.24004999999999999,-0.04635,0.5648,-0.00034999999999999983,-0.7359249999999999,-0.49295,-0.10135,-0.359175,0.38395,-0.32115000000000005,-0.05385,-0.4606,-0.550675,-0.5265,-0.995825,-0.05335,0.0,0.0,0.0,0.0,0.0,0.0,0.0,0.0,0.0,0.0,0.0,0.0,0.0,0.0,0.0,0.0,0.0,0.0,0.0,0.0,0.0,0.0,0.0,0.0,0.0,0.0,0.0,0.0,0.0,0.0,0.0,0.0,0.0,0.0,0.0,0.0,0.0,0.0,0.0,0.0,0.0,0.0,0.0,0.0,0.0,0.0,0.0,0.0,0.0,0.0,0.0,0.0,0.0,0.0,0.0,0.0,0.0,0.0,0.0,0.0,0.0,0.0,0.0,0.0,0.0,0.0,0.0,0.0,0.0,0.0,0.0,0.0,0.0,0.0,0.0,0.0,0.0,0.0,0.0,0.0,0.0,0.0,0.0,0.0,0.0,0.0,0.0,0.0,0.0,0.0,0.0,0.0,0.0,0.0,0.0,0.0,0.0,0.0,0.0,0.0,0.0,0.0,0.0,0.0,0.0,0.0,0.0,0.0,0.0,0.0,0.0,0.0
0.0,0.0,0.0,0.0,0.0,0.0,0.0,0.0,0.0,0.0,0.0,0.0,0.0,0.0,0.0,0.0,0.0,0.0,0.0,0.0,0.0,0.0,0.0,0.0,0.0,0.0,0.0,0.0,0.0,0.0,0.0,0.0,0.0,0.0,0.0,0.0,0.0,0.0,0.0,0.0,0.0,0.0,0.0,0.0,0.0,0.0,0.0,0.0,0.0,0.0,0.0,0.0,0.0,0.0,0.0,0.0,0.0,0.0,0.0,0.0,0.0,0.0,0.0,0.0,0.0,0.0,0.0,0.0,0.0,0.0,0.0,0.0,0.0,0.0,0.0,0.0,0.0,0.0,0.0,0.0,0.0,0.0,0.0,0.0,0.0,0.0,0.0,0.0,0.0,0.0,0.0,0.0,0.0,0.0,0.0,0.0,0.0,0.0,0.0,0.0,0.0,0.0,0.0,0.0,0.0,0.0,0.0,0.0,0.0,0.0,0.0,0.0,0.0,0.0,2.0899,0.83505,1.0589,1.2121,2.16475,0.526825,1.2992249999999999,0.992225,1.145825,1.4440499999999998,0.943225,1.7538500000000001,0.913675,0.9861,1.127725,1.147875,0.3127,0.28265,0.9895499999999999,1.630325,1.4457499999999999,0.8556,0.62885,0.757425,1.508425,1.35895,-0.046375,0.2264,0.9458,1.26895,0.679975,0.48767499999999997,0.723875,1.013275,1.503825,0.463675,0.58635,0.61405,0.7644249999999999,1.288375,1.525,0.40975,0.430875,0.8005,1.135325,1.0828250000000001,0.612975,0.0715,0.24315,0.929775,1.2898,0.2063,-0.0433,0.386025,0.5052,1.00815,0.28775,0.08335000000000001,0.746075,1.2252750000000001,0.6148750000000001,0.47045,0.24745,0.96775,0.7913749999999999,0.329075,0.46057499999999996,0.18510000000000001,0.3116,0.921575,0.919325,0.417775,-0.09605,0.37665,0.400625,0.5909,0.62085,0.51215,-0.206875,0.28915,1.068425,0.30815,0.0029249999999999996,-0.5408,0.4844,0.5382750000000001,0.31355,0.26105,0.252075,0.420325,0.4374,0.6707749999999999,0.03205,0.16972500000000001,0.25427500000000003,0.472725,0.32915,0.121725,0.240625,0.054849999999999996,0.442175,0.0499,0.229725,-0.1212,-0.47895,0.266875,0.522225,0.532125,-0.26455,0.229275,0.598625,0.024275,-0.00655,-0.596775,-0.005275,0.689025,0.450325,0.130775,0.22912500000000002,-0.1091,-0.0232,0.037175,-0.195125,0.0902,0.19772499999999998,-0.00030000000000000003,0.88175,-0.12492500000000001,-0.486475,-0.19055,0.04045,-0.399525,0.0474,0.10815,-0.130375,-0.06025,0.207325,0.9682,-0.43,-0.3789,-0.08565,0.24495,0.48317499999999997,-0.3879,-0.410775,0.618325,0.42452500000000004,-0.51105,0.151925,-0.33455,-0.21434999999999998,0.58765,0.124775,0.5621499999999999,-0.59015,0.16565,-0.6917,-0.9229999999999999,0.03,-0.6795,-0.0697,-0.176875,0.043425,0.242025,0.959625,-0.502525,0.387025,1.2464,-0.165325,0.033075,-1.09695,-0.0619,0.0,0.0,0.0,0.0,0.0,0.0,0.0,0.0,0.0,0.0,0.0,0.0,0.0,0.0,0.0,0.0,0.0,0.0,0.0,0.0,0.0,0.0,0.0,0.0,0.0,0.0,0.0,0.0,0.0,0.0,0.0,0.0,0.0,0.0,0.0,0.0,0.0,0.0,0.0,0.0,0.0,0.0,0.0,0.0,0.0,0.0,0.0,0.0,0.0,0.0,0.0,0.0,0.0,0.0,0.0,0.0,0.0,0.0,0.0,0.0,0.0,0.0,0.0,0.0,0.0,0.0,0.0,0.0,0.0,0.0,0.0,0.0,0.0,0.0,0.0,0.0,0.0,0.0,0.0,0.0,0.0,0.0,0.0,0.0,0.0,0.0,0.0,0.0,0.0,0.0,0.0,0.0,0.0,0.0,0.0,0.0,0.0,0.0,0.0,0.0,0.0,0.0,0.0,0.0,0.0,0.0,0.0,0.0,0.0,0.0,0.0,0.0,0.0,0.0
0.0,0.0,0.0,0.0,0.0,0.0,0.0,0.0,0.0,0.0,0.0,0.0,0.0,0.0,0.0,0.0,0.0,0.0,0.0,0.0,0.0,0.0,0.0,0.0,0.0,0.0,0.0,0.0,0.0,0.0,0.0,0.0,0.0,0.0,0.0,0.0,0.0,0.0,0.0,0.0,0.0,0.0,0.0,0.0,0.0,0.0,0.0,0.0,0.0,0.0,0.0,0.0,0.0,0.0,0.0,0.0,0.0,0.0,0.0,0.0,0.0,0.0,0.0,0.0,0.0,0.0,0.0,0.0,0.0,0.0,0.0,0.0,0.0,0.0,0.0,0.0,0.0,0.0,0.0,0.0,0.0,0.0,0.0,0.0,0.0,0.0,0.0,0.0,0.0,0.0,0.0,0.0,0.0,0.0,0.0,0.0,0.0,0.0,0.0,0.0,0.0,0.0,0.0,0.0,0.0,0.0,0.0,0.0,0.0,0.0,0.0,0.0,0.0,0.0,0.0,1.969925,0.313075,0.9523250000000001,1.5805250000000002,2.11785,1.754725,1.691325,1.069075,1.38165,2.11995,1.727725,0.696625,0.95705,0.62845,0.926925,1.8594249999999999,0.5443,0.526675,0.0279,1.5003000000000002,0.9561499999999999,1.9324249999999998,0.2828,0.6937,1.52135,0.6247,0.537075,0.771325,0.813375,1.202325,1.336,0.621175,0.725475,0.81865,1.4896500000000001,1.525425,1.1647500000000002,0.37229999999999996,0.23054999999999998,0.59165,0.9093,0.84285,0.74975,0.3586,0.60015,1.121775,1.163725,0.51425,0.30015000000000003,0.5419750000000001,0.574725,1.22695,0.47004999999999997,0.1664,0.547725,1.0156,0.76415,0.050075,0.01495,0.234175,1.075,0.79385,0.406325,0.2872,0.829925,1.066875,0.706875,0.414425,0.061375,0.523525,0.371175,0.781775,0.436875,0.25545,0.063625,0.52425,1.4504,0.4939,-0.076625,-0.05785,0.465675,0.942925,0.39035,0.44365,0.372725,0.692975,0.6826,0.4013,-0.261925,-0.09179999999999999,0.63025,0.6930999999999999,0.429375,-0.01005,0.58315,0.097025,0.3667,0.13582499999999997,-0.16155,0.012075,0.52195,0.508675,0.671125,0.43174999999999997,-0.46315,0.38095,0.8491,0.108075,0.10372500000000001,-0.222675,-0.1445,0.575575,0.256675,-0.052750000000000005,-0.11455,-0.40415,0.6489,0.40515,-0.341825,-0.291675,-0.032,0.1974,0.707925,-0.426075,-0.504875,-0.40885,0.4818,0.15990000000000001,-0.500825,-0.0031000000000000003,-0.1133,-0.1295,0.2124,1.2240250000000001,0.10785,0.06989999999999999,-0.12510000000000002,0.057725,-0.00435,-0.111675,-0.30585,0.06294999999999999,0.771825,0.16745,0.079375,-0.516325,0.391225,0.2528,-1.0941,-0.36415,-0.247325,0.3257,-0.24655,0.8104250000000001,0.2685,0.15762500000000002,0.183,-0.02,-0.442925,0.66135,-0.293975,-0.39952499999999996,-0.47662499999999997,-0.058175,-0.045125,0.12655,-1.053,-0.699125,1.041675,-0.147175,0.0,0.0,0.0,0.0,0.0,0.0,0.0,0.0,0.0,0.0,0.0,0.0,0.0,0.0,0.0,0.0,0.0,0.0,0.0,0.0,0.0,0.0,0.0,0.0,0.0,0.0,0.0,0.0,0.0,0.0,0.0,0.0,0.0,0.0,0.0,0.0,0.0,0.0,0.0,0.0,0.0,0.0,0.0,0.0,0.0,0.0,0.0,0.0,0.0,0.0,0.0,0.0,0.0,0.0,0.0,0.0,0.0,0.0,0.0,0.0,0.0,0.0,0.0,0.0,0.0,0.0,0.0,0.0,0.0,0.0,0.0,0.0,0.0,0.0,0.0,0.0,0.0,0.0,0.0,0.0,0.0,0.0,0.0,0.0,0.0,0.0,0.0,0.0,0.0,0.0,0.0,0.0,0.0,0.0,0.0,0.0,0.0,0.0,0.0,0.0,0.0,0.0,0.0,0.0,0.0,0.0,0.0,0.0,0.0,0.0,0.0,0.0,0.0,0.0,0.0
0.0,0.0,0.0,0.0,0.0,0.0,0.0,0.0,0.0,0.0,0.0,0.0,0.0,0.0,0.0,0.0,0.0,0.0,0.0,0.0,0.0,0.0,0.0,0.0,0.0,0.0,0.0,0.0,0.0,0.0,0.0,0.0,0.0,0.0,0.0,0.0,0.0,0.0,0.0,0.0,0.0,0.0,0.0,0.0,0.0,0.0,0.0,0.0,0.0,0.0,0.0,0.0,0.0,0.0,0.0,0.0,0.0,0.0,0.0,0.0,0.0,0.0,0.0,0.0,0.0,0.0,0.0,0.0,0.0,0.0,0.0,0.0,0.0,0.0,0.0,0.0,0.0,0.0,0.0,0.0,0.0,0.0,0.0,0.0,0.0,0.0,0.0,0.0,0.0,0.0,0.0,0.0,0.0,0.0,0.0,0.0,0.0,0.0,0.0,0.0,0.0,0.0,0.0,0.0,0.0,0.0,0.0,0.0,0.0,0.0,0.0,0.0,0.0,0.0,0.0,0.0,0.0,2.233375,1.362875,0.8762249999999999,1.09505,1.8902999999999999,2.093425,0.491775,1.31895,1.54825,2.0202,1.205075,1.250525,0.855925,1.8867,1.662925,0.7216750000000001,1.052275,0.650325,0.994325,1.7197,1.8661,1.490025,0.74875,1.2143000000000002,0.989375,1.170925,0.507725,0.1101,0.9500000000000001,1.0712000000000002,1.288675,0.5251,0.46175,0.9729,0.7398250000000001,0.9268,0.021675,1.0598750000000001,0.584775,0.797725,1.178175,0.88645,0.618125,0.587475,0.9285,0.4629,0.804875,0.40027500000000005,0.34404999999999997,0.62785,1.2617,0.80305,0.4883,0.203825,0.20802500000000002,0.986125,0.56085,0.21175,0.447375,0.9290499999999999,1.2094,0.6340749999999999,0.66025,-0.334075,0.596725,0.883525,0.6840999999999999,0.520675,0.29605000000000004,0.375825,0.674675,1.0481250000000002,-0.110625,0.30779999999999996,0.04165,0.44715,1.3095750000000002,0.32705,0.095575,-0.06905,0.35977499999999996,0.9959250000000001,0.420325,-0.145175,-0.29535,0.527325,0.805125,0.500125,0.07347500000000001,0.407325,0.468175,0.3242,0.358975,-0.278575,0.018275,0.21845,-0.0011749999999999998,0.46950000000000003,0.451875,0.500075,0.497,0.418525,-0.644,0.354125,-0.34904999999999997,-0.19387500000000002,1.0581999999999998,-0.1026,-0.057225,-0.467225,0.43229999999999996,0.5241,0.33475,-0.280675,-0.3945,0.29705,-0.20845,0.631625,-0.334175,-0.15425,0.08645,0.149925,0.5198750000000001,-0.21534999999999999,0.16302499999999998,0.35860000000000003,-0.12167499999999999,-0.007975,0.064175,-0.015799999999999998,-0.051875000000000004,0.55435,0.2571,0.629575,-0.30935,-0.35365,0.17055,0.415325,-0.11647500000000001,0.140425,-0.34354999999999997,0.27649999999999997,0.55915,-0.074375,0.484325,-0.5245,0.404775,0.8777999999999999,0.15725,-0.334275,-1.1492,-0.40492500000000003,0.325275,-0.2969,1.1427,-0.2335,0.04335,-0.0912,1.0716999999999999,-0.5756,-1.6926999999999999,-0.39027500000000004,-0.5313249999999999,0.12432499999999999,0.20695,-0.43894999999999995,0.0,0.0,0.0,0.0,0.0,0.0,0.0,0.0,0.0,0.0,0.0,0.0,0.0,0.0,0.0,0.0,0.0,0.0,0.0,0.0,0.0,0.0,0.0,0.0,0.0,0.0,0.0,0.0,0.0,0.0,0.0,0.0,0.0,0.0,0.0,0.0,0.0,0.0,0.0,0.0,0.0,0.0,0.0,0.0,0.0,0.0,0.0,0.0,0.0,0.0,0.0,0.0,0.0,0.0,0.0,0.0,0.0,0.0,0.0,0.0,0.0,0.0,0.0,0.0,0.0,0.0,0.0,0.0,0.0,0.0,0.0,0.0,0.0,0.0,0.0,0.0,0.0,0.0,0.0,0.0,0.0,0.0,0.0,0.0,0.0,0.0,0.0,0.0,0.0,0.0,0.0,0.0,0.0,0.0,0.0,0.0,0.0,0.0,0.0,0.0,0.0,0.0,0.0,0.0,0.0,0.0,0.0,0.0,0.0,0.0,0.0,0.0,0.0,0.0,0.0,0.0,0.0
0.0,0.0,0.0,0.0,0.0,0.0,0.0,0.0,0.0,0.0,0.0,0.0,0.0,0.0,0.0,0.0,0.0,0.0,0.0,0.0,0.0,0.0,0.0,0.0,0.0,0.0,0.0,0.0,0.0,0.0,0.0,0.0,0.0,0.0,0.0,0.0,0.0,0.0,0.0,0.0,0.0,0.0,0.0,0.0,0.0,0.0,0.0,0.0,0.0,0.0,0.0,0.0,0.0,0.0,0.0,0.0,0.0,0.0,0.0,0.0,0.0,0.0,0.0,0.0,0.0,0.0,0.0,0.0,0.0,0.0,0.0,0.0,0.0,0.0,0.0,0.0,0.0,0.0,0.0,0.0,0.0,0.0,0.0,0.0,0.0,0.0,0.0,0.0,0.0,0.0,0.0,0.0,0.0,0.0,0.0,0.0,0.0,0.0,0.0,0.0,0.0,0.0,0.0,0.0,0.0,0.0,0.0,0.0,0.0,0.0,0.0,0.0,0.0,0.0,0.0,0.0,0.0,0.0,0.0,2.654075,1.149575,1.155475,1.3677000000000001,1.7128999999999999,1.944925,1.274625,0.71305,1.632125,0.610275,1.321675,1.22665,0.519475,0.4061,0.904725,1.298975,0.65,0.456975,1.08335,1.1871,1.2703,1.09385,0.0511,0.4034,1.3367,1.2943,0.8961749999999999,0.86295,0.501625,0.8474999999999999,1.4579499999999999,0.48785,0.649925,0.748525,1.5174750000000001,1.1039249999999998,0.7517750000000001,0.237225,0.46365,1.06585,0.5436,0.9168,0.27005,0.3033,0.42567499999999997,1.0640749999999999,1.1409500000000001,0.1743,0.2592,0.5860000000000001,0.79215,0.839925,0.1759,0.4296,0.7091000000000001,1.2811249999999998,0.594525,0.684025,-0.35455000000000003,0.5628249999999999,0.98195,0.48455,0.683625,0.512525,0.7465999999999999,0.971125,0.57255,0.408775,0.344175,0.39125,0.7198,0.90255,0.200525,0.2633,-0.089875,0.8361000000000001,0.6864,0.1597,-0.14465,-0.15685,0.55095,0.63625,0.360525,-0.079275,0.517425,0.533025,0.726075,0.2726,-0.48205,0.384875,0.943225,0.36617500000000003,0.28275,-0.408725,-0.459325,0.608625,0.308425,0.2353,0.015325,0.380025,0.43825000000000003,0.862725,0.2067,0.92445,-0.5476500000000001,0.275175,0.11989999999999999,0.047775,0.202625,-0.62485,0.138675,0.2942,0.261175,-0.24055,0.282875,-0.1698,0.393075,0.419225,-0.324875,0.187425,-0.15065,0.270825,0.277425,0.11215,-0.43277499999999997,0.044125,0.337225,-0.595325,0.39597499999999997,-0.0585,0.0071,0.47825,-0.10875,0.269575,-0.1298,-0.76445,0.287,0.16194999999999998,0.8496250000000001,-0.236425,-0.213775,-0.13949999999999999,0.237825,-0.231325,-0.5342,-0.806175,0.07855000000000001,0.32735000000000003,-0.26325,0.124575,-0.3525,0.403175,-0.48655,0.48955000000000004,-0.462175,-1.0548,0.039175,-0.5018,0.964225,-0.042624999999999996,-0.9823999999999999,0.648775,0.0,0.0,0.0,0.0,0.0,0.0,0.0,0.0,0.0,0.0,0.0,0.0,0.0,0.0,0.0,0.0,0.0,0.0,0.0,0.0,0.0,0.0,0.0,0.0,0.0,0.0,0.0,0.0,0.0,0.0,0.0,0.0,0.0,0.0,0.0,0.0,0.0,0.0,0.0,0.0,0.0,0.0,0.0,0.0,0.0,0.0,0.0,0.0,0.0,0.0,0.0,0.0,0.0,0.0,0.0,0.0,0.0,0.0,0.0,0.0,0.0,0.0,0.0,0.0,0.0,0.0,0.0,0.0,0.0,0.0,0.0,0.0,0.0,0.0,0.0,0.0,0.0,0.0,0.0,0.0,0.0,0.0,0.0,0.0,0.0,0.0,0.0,0.0,0.0,0.0,0.0,0.0,0.0,0.0,0.0,0.0,0.0,0.0,0.0,0.0,0.0,0.0,0.0,0.0,0.0,0.0,0.0,0.0,0.0,0.0,0.0,0.0,0.0,0.0,0.0,0.0,0.0,0.0,0.0
0.0,0.0,0.0,0.0,0.0,0.0,0.0,0.0,0.0,0.0,0.0,0.0,0.0,0.0,0.0,0.0,0.0,0.0,0.0,0.0,0.0,0.0,0.0,0.0,0.0,0.0,0.0,0.0,0.0,0.0,0.0,0.0,0.0,0.0,0.0,0.0,0.0,0.0,0.0,0.0,0.0,0.0,0.0,0.0,0.0,0.0,0.0,0.0,0.0,0.0,0.0,0.0,0.0,0.0,0.0,0.0,0.0,0.0,0.0,0.0,0.0,0.0,0.0,0.0,0.0,0.0,0.0,0.0,0.0,0.0,0.0,0.0,0.0,0.0,0.0,0.0,0.0,0.0,0.0,0.0,0.0,0.0,0.0,0.0,0.0,0.0,0.0,0.0,0.0,0.0,0.0,0.0,0.0,0.0,0.0,0.0,0.0,0.0,0.0,0.0,0.0,0.0,0.0,0.0,0.0,0.0,0.0,0.0,0.0,0.0,0.0,0.0,0.0,0.0,0.0,0.0,0.0,0.0,0.0,0.0,0.0,1.084875,1.330775,1.0782500000000002,1.11215,2.195925,1.1763,1.766025,0.062575,1.848475,2.181975,0.443825,2.059425,0.4617,1.771825,1.81635,0.135025,1.1164,0.01055,1.199925,1.5492249999999999,1.1241,-0.019025,0.11197499999999999,0.7681,0.948375,1.095025,0.59085,0.3986,1.5532249999999999,1.662725,0.9918750000000001,0.634425,0.466625,0.8727,0.9765,0.567325,0.2796,0.2843,0.376475,1.0845500000000001,0.8893500000000001,0.829125,0.27785,0.0229,0.842275,0.783825,0.9667,0.168775,0.285225,1.00255,1.394525,0.4728,0.2576,-0.02905,1.05715,1.542975,0.539,0.03275,0.25705,0.444875,0.840275,0.7618499999999999,0.248275,0.1198,0.9382,0.42732499999999995,0.5839,0.626525,0.258625,0.439875,0.6274249999999999,0.79845,0.277325,0.321975,-0.25987499999999997,0.39955,0.994775,0.45237499999999997,-0.06895,0.388,0.60485,0.7486999999999999,0.19095,-0.689775,-0.3763,0.49524999999999997,0.6631750000000001,0.048275,-0.09204999999999999,0.138775,0.439925,0.4014,-0.16552499999999998,0.059925,-0.076575,0.5871999999999999,0.398725,0.5286,0.8194,0.123775,0.241025,0.458125,0.2026,-0.079175,-0.20965,0.135025,0.45327500000000004,0.515675,-0.188075,0.1265,0.00655,0.693225,0.33877500000000005,-0.5069,-0.2528,0.7602249999999999,0.767325,0.229025,-0.64855,0.1569,0.10827500000000001,0.336775,-0.362575,0.104575,0.18577500000000002,0.14125,0.4557,0.29965,0.423475,-0.13842500000000002,-0.260675,-0.2519,0.397025,0.44365,-0.19905,-0.64865,0.542525,0.716225,0.08174999999999999,-0.16445,-0.17155,0.1378,1.003175,0.19635,-0.367225,-0.3245,0.018475,-0.014700000000000001,-0.080275,-0.6651,-0.22565000000000002,-0.486325,-0.72205,0.57575,-0.32245,-0.707525,-0.070675,1.67245,0.0,0.0,0.0,0.0,0.0,0.0,0.0,0.0,0.0,0.0,0.0,0.0,0.0,0.0,0.0,0.0,0.0,0.0,0.0,0.0,0.0,0.0,0.0,0.0,0.0,0.0,0.0,0.0,0.0,0.0,0.0,0.0,0.0,0.0,0.0,0.0,0.0,0.0,0.0,0.0,0.0,0.0,0.0,0.0,0.0,0.0,0.0,0.0,0.0,0.0,0.0,0.0,0.0,0.0,0.0,0.0,0.0,0.0,0.0,0.0,0.0,0.0,0.0,0.0,0.0,0.0,0.0,0.0,0.0,0.0,0.0,0.0,0.0,0.0,0.0,0.0,0.0,0.0,0.0,0.0,0.0,0.0,0.0,0.0,0.0,0.0,0.0,0.0,0.0,0.0,0.0,0.0,0.0,0.0,0.0,0.0,0.0,0.0,0.0,0.0,0.0,0.0,0.0,0.0,0.0,0.0,0.0,0.0,0.0,0.0,0.0,0.0,0.0,0.0,0.0,0.0,0.0,0.0,0.0,0.0,0.0
0.0,0.0,0.0,0.0,0.0,0.0,0.0,0.0,0.0,0.0,0.0,0.0,0.0,0.0,0.0,0.0,0.0,0.0,0.0,0.0,0.0,0.0,0.0,0.0,0.0,0.0,0.0,0.0,0.0,0.0,0.0,0.0,0.0,0.0,0.0,0.0,0.0,0.0,0.0,0.0,0.0,0.0,0.0,0.0,0.0,0.0,0.0,0.0,0.0,0.0,0.0,0.0,0.0,0.0,0.0,0.0,0.0,0.0,0.0,0.0,0.0,0.0,0.0,0.0,0.0,0.0,0.0,0.0,0.0,0.0,0.0,0.0,0.0,0.0,0.0,0.0,0.0,0.0,0.0,0.0,0.0,0.0,0.0,0.0,0.0,0.0,0.0,0.0,0.0,0.0,0.0,0.0,0.0,0.0,0.0,0.0,0.0,0.0,0.0,0.0,0.0,0.0,0.0,0.0,0.0,0.0,0.0,0.0,0.0,0.0,0.0,0.0,0.0,0.0,0.0,0.0,0.0,0.0,0.0,0.0,0.0,0.0,0.0,0.5421499999999999,0.563375,1.6804000000000001,2.04085,2.3306,0.973025,0.6525000000000001,0.8612,2.1362,0.68915,0.345325,1.247725,0.92245,1.838725,2.18965,0.791875,-0.143325,0.571125,0.9576749999999999,0.929575,1.0926,0.1884,0.667225,0.7152999999999999,1.2449,0.7439749999999999,0.400175,0.358275,0.439125,1.5780500000000002,1.11625,0.204675,0.772625,0.854825,0.6558250000000001,1.089175,1.2613,0.534875,0.7454000000000001,0.365075,0.990425,0.782575,0.37422500000000003,0.629975,1.0462500000000001,0.662775,0.7392749999999999,-0.051275,0.613525,0.26637500000000003,1.09315,0.781425,0.3634,0.081425,1.1538,1.2973999999999999,0.735575,0.075875,0.015225,0.674175,0.680725,0.6008,-0.113425,0.956925,0.5463250000000001,1.1332749999999998,0.198325,-0.32477500000000004,0.235975,0.468275,0.3815,0.9027499999999999,0.20727500000000001,0.4119,0.08322500000000001,0.6626,0.7486250000000001,0.1474,-0.127975,-0.14325,0.8307,0.453525,0.063775,-0.086225,0.193025,0.43735,0.36815,0.12545,-0.369975,0.08382500000000001,0.7295,0.466175,0.1668,0.20185,0.34190000000000004,0.28604999999999997,0.762975,0.29979999999999996,0.45037499999999997,-0.1153,0.5848249999999999,0.6649,0.419475,-0.0409,-0.5408999999999999,-0.2488,0.664125,0.46852499999999997,-0.349375,-0.24855,-0.091475,0.842325,-0.111125,-0.23757499999999998,-0.6442,-0.24805,0.53305,0.726575,0.09140000000000001,0.425025,0.5032,0.677275,1.034325,0.0419,0.029375,0.61965,0.184425,-0.1841,0.48777499999999996,-0.096725,-0.074175,0.6875249999999999,0.15405000000000002,0.43805,0.310925,-0.3803,0.212375,0.144325,0.107475,-0.380725,-0.26580000000000004,0.008125,-0.070475,-0.249875,0.27965,-0.18395,0.648725,0.943325,0.53905,0.319925,0.117925,0.646725,-0.541175,-0.2392,0.0,0.0,0.0,0.0,0.0,0.0,0.0,0.0,0.0,0.0,0.0,0.0,0.0,0.0,0.0,0.0,0.0,0.0,0.0,0.0,0.0,0.0,0.0,0.0,0.0,0.0,0.0,0.0,0.0,0.0,0.0,0.0,0.0,0.0,0.0,0.0,0.0,0.0,0.0,0.0,0.0,0.0,0.0,0.0,0.0,0.0,0.0,0.0,0.0,0.0,0.0,0.0,0.0,0.0,0.0,0.0,0.0,0.0,0.0,0.0,0.0,0.0,0.0,0.0,0.0,0.0,0.0,0.0,0.0,0.0,0.0,0.0,0.0,0.0,0.0,0.0,0.0,0.0,0.0,0.0,0.0,0.0,0.0,0.0,0.0,0.0,0.0,0.0,0.0,0.0,0.0,0.0,0.0,0.0,0.0,0.0,0.0,0.0,0.0,0.0,0.0,0.0,0.0,0.0,0.0,0.0,0.0,0.0,0.0,0.0,0.0,0.0,0.0,0.0,0.0,0.0,0.0,0.0,0.0,0.0,0.0,0.0,0.0
0.0,0.0,0.0,0.0,0.0,0.0,0.0,0.0,0.0,0.0,0.0,0.0,0.0,0.0,0.0,0.0,0.0,0.0,0.0,0.0,0.0,0.0,0.0,0.0,0.0,0.0,0.0,0.0,0.0,0.0,0.0,0.0,0.0,0.0,0.0,0.0,0.0,0.0,0.0,0.0,0.0,0.0,0.0,0.0,0.0,0.0,0.0,0.0,0.0,0.0,0.0,0.0,0.0,0.0,0.0,0.0,0.0,0.0,0.0,0.0,0.0,0.0,0.0,0.0,0.0,0.0,0.0,0.0,0.0,0.0,0.0,0.0,0.0,0.0,0.0,0.0,0.0,0.0,0.0,0.0,0.0,0.0,0.0,0.0,0.0,0.0,0.0,0.0,0.0,0.0,0.0,0.0,0.0,0.0,0.0,0.0,0.0,0.0,0.0,0.0,0.0,0.0,0.0,0.0,0.0,0.0,0.0,0.0,0.0,0.0,0.0,0.0,0.0,0.0,0.0,0.0,0.0,0.0,0.0,0.0,0.0,0.0,0.0,0.0,0.0,0.0,2.146525,1.511175,1.17205,0.8991,-0.08197499999999999,1.65035,0.94155,1.34915,1.44805,0.726725,0.584425,1.371,1.104875,1.438575,0.6363,0.479875,0.94965,1.405975,0.84735,1.33445,0.0776,0.4091,0.764775,1.2818,1.036425,0.6726000000000001,0.682475,1.2049500000000002,1.2483499999999998,0.8198749999999999,0.6664000000000001,0.3359,0.7414499999999999,1.1595,0.45325,0.2221,0.110675,0.8428,0.98895,0.628325,0.84955,0.092825,0.4602,0.38887499999999997,0.6850499999999999,0.456525,0.1792,0.12617499999999998,1.5332249999999998,1.1973,0.310825,0.269825,-0.36817500000000003,0.7947249999999999,0.920225,0.52525,0.661575,0.206175,0.862025,0.7694,0.42815,0.004425,0.28495000000000004,1.040375,0.361625,0.417875,-0.05255,0.4042,0.7438,0.9745999999999999,0.45885,0.2804,0.054225,-0.11635,0.5562,1.19085,0.23315,-0.215825,0.552025,0.34650000000000003,0.828025,-0.0104,-0.64325,0.001,0.743975,0.65795,0.1659,0.22820000000000001,0.198425,0.28195,0.7587250000000001,-0.03395,0.34025,0.399425,0.47902500000000003,0.598625,0.22865,-0.247475,0.019375,0.375375,0.410775,-0.084675,-0.0541,-0.26795,0.409475,0.12587500000000001,0.451025,-0.3656,-0.3749,-0.320925,0.181925,0.255775,-0.5414000000000001,-0.219475,0.6209,0.40325,0.430875,0.052675,0.625775,0.718625,0.618425,-0.348975,0.07285,-0.0379,0.3319,0.6841999999999999,-0.20602499999999999,0.064,-0.126925,0.011474999999999999,0.278925,-0.023299999999999998,-0.16475,-0.0339,-0.19815,1.1638,0.5775,-0.42900000000000005,-0.62065,-0.72715,0.48407500000000003,0.167775,-0.5564,0.0678,0.44177500000000003,-0.1946,-0.079725,0.034725,0.0,0.0,0.0,0.0,0.0,0.0,0.0,0.0,0.0,0.0,0.0,0.0,0.0,0.0,0.0,0.0,0.0,0.0,0.0,0.0,0.0,0.0,0.0,0.0,0.0,0.0,0.0,0.0,0.0,0.0,0.0,0.0,0.0,0.0,0.0,0.0,0.0,0.0,0.0,0.0,0.0,0.0,0.0,0.0,0.0,0.0,0.0,0.0,0.0,0.0,0.0,0.0,0.0,0.0,0.0,0.0,0.0,0.0,0.0,0.0,0.0,0.0,0.0,0.0,0.0,0.0,0.0,0.0,0.0,0.0,0.0,0.0,0.0,0.0,0.0,0.0,0.0,0.0,0.0,0.0,0.0,0.0,0.0,0.0,0.0,0.0,0.0,0.0,0.0,0.0,0.0,0.0,0.0,0.0,0.0,0.0,0.0,0.0,0.0,0.0,0.0,0.0,0.0,0.0,0.0,0.0,0.0,0.0,0.0,0.0,0.0,0.0,0.0,0.0,0.0,0.0,0.0,0.0,0.0,0.0,0.0,0.0,0.0,0.0,0.0,0.0
0.0,0.0,0.0,0.0,0.0,0.0,0.0,0.0,0.0,0.0,0.0,0.0,0.0,0.0,0.0,0.0,0.0,0.0,0.0,0.0,0.0,0.0,0.0,0.0,0.0,0.0,0.0,0.0,0.0,0.0,0.0,0.0,0.0,0.0,0.0,0.0,0.0,0.0,0.0,0.0,0.0,0.0,0.0,0.0,0.0,0.0,0.0,0.0,0.0,0.0,0.0,0.0,0.0,0.0,0.0,0.0,0.0,0.0,0.0,0.0,0.0,0.0,0.0,0.0,0.0,0.0,0.0,0.0,0.0,0.0,0.0,0.0,0.0,0.0,0.0,0.0,0.0,0.0,0.0,0.0,0.0,0.0,0.0,0.0,0.0,0.0,0.0,0.0,0.0,0.0,0.0,0.0,0.0,0.0,0.0,0.0,0.0,0.0,0.0,0.0,0.0,0.0,0.0,0.0,0.0,0.0,0.0,0.0,0.0,0.0,0.0,0.0,0.0,0.0,0.0,0.0,0.0,0.0,0.0,0.0,0.0,0.0,0.0,0.0,0.0,0.0,0.0,0.0,0.7537499999999999,1.60645,0.7461249999999999,1.875825,1.8467500000000001,0.8860250000000001,1.237025,1.656375,1.35295,0.42885,1.32115,0.904875,0.652475,1.524825,0.8946999999999999,0.391525,0.889925,0.58865,1.171625,1.415975,0.17345,0.795525,0.73285,1.53285,1.26825,0.42205,0.524775,0.7342249999999999,1.097875,0.4292,0.38325,0.3503,0.960775,0.8524499999999999,0.7424,0.58835,0.204375,0.415925,0.6842999999999999,0.7048,0.8417,0.6109,0.6639,0.8787,0.87795,0.504625,0.652825,0.363925,0.900975,1.6778250000000001,0.76045,0.834175,0.41585,0.95035,0.635625,0.569025,-0.083,0.350025,0.952925,0.883175,0.27912499999999996,0.7061499999999999,0.947025,0.66855,1.04765,0.283675,-0.2336,0.3918,0.17727500000000002,0.714875,0.6172,0.4865,0.11405,1.145125,0.7283499999999999,0.323225,0.308125,-0.52705,0.186825,0.703875,0.587175,-0.31635,-0.241975,0.32175,0.491,0.206825,-0.598925,0.35495,0.045524999999999996,0.7918000000000001,0.7208,0.24812499999999998,-0.093675,0.16955,0.3056,0.348325,-0.3295,0.1251,0.311375,1.0388,0.999125,-0.135575,0.215275,0.27225,0.1734,0.546125,0.371025,-0.17067500000000002,0.2625,0.31884999999999997,1.068975,-0.0842,-0.0412,0.105,0.657125,0.60665,-0.045825,-0.42565000000000003,-0.1165,0.854425,0.297575,0.501225,0.4299,-0.13524999999999998,0.6541250000000001,0.17525,0.20055,-0.007925,0.36525,0.183125,0.317975,0.7457750000000001,-0.9031750000000001,-0.031125,-0.462725,-0.1747,0.770325,1.1127500000000001,-0.51235,-0.46715,-0.373,0.40405,-0.6964750000000001,-0.5618,0.0,0.0,0.0,0.0,0.0,0.0,0.0,0.0,0.0,0.0,0.0,0.0,0.0,0.0,0.0,0.0,0.0,0.0,0.0,0.0,0.0,0.0,0.0,0.0,0.0,0.0,0.0,0.0,0.0,0.0,0.0,0.0,0.0,0.0,0.0,0.0,0.0,0.0,0.0,0.0,0.0,0.0,0.0,0.0,0.0,0.0,0.0,0.0,0.0,0.0,0.0,0.0,0.0,0.0,0.0,0.0,0.0,0.0,0.0,0.0,0.0,0.0,0.0,0.0,0.0,0.0,0.0,0.0,0.0,0.0,0.0,0.0,0.0,0.0,0.0,0.0,0.0,0.0,0.0,0.0,0.0,0.0,0.0,0.0,0.0,0.0,0.0,0.0,0.0,0.0,0.0,0.0,0.0,0.0,0.0,0.0,0.0,0.0,0.0,0.0,0.0,0.0,0.0,0.0,0.0,0.0,0.0,0.0,0.0,0.0,0.0,0.0,0.0,0.0,0.0,0.0,0.0,0.0,0.0,0.0,0.0,0.0,0.0,0.0,0.0,0.0,0.0,0.0
0.0,0.0,0.0,0.0,0.0,0.0,0.0,0.0,0.0,0.0,0.0,0.0,0.0,0.0,0.0,0.0,0.0,0.0,0.0,0.0,0.0,0.0,0.0,0.0,0.0,0.0,0.0,0.0,0.0,0.0,0.0,0.0,0.0,0.0,0.0,0.0,0.0,0.0,0.0,0.0,0.0,0.0,0.0,0.0,0.0,0.0,0.0,0.0,0.0,0.0,0.0,0.0,0.0,0.0,0.0,0.0,0.0,0.0,0.0,0.0,0.0,0.0,0.0,0.0,0.0,0.0,0.0,0.0,0.0,0.0,0.0,0.0,0.0,0.0,0.0,0.0,0.0,0.0,0.0,0.0,0.0,0.0,0.0,0.0,0.0,0.0,0.0,0.0,0.0,0.0,0.0,0.0,0.0,0.0,0.0,0.0,0.0,0.0,0.0,0.0,0.0,0.0,0.0,0.0,0.0,0.0,0.0,0.0,0.0,0.0,0.0,0.0,0.0,0.0,0.0,0.0,0.0,0.0,0.0,0.0,0.0,0.0,0.0,0.0,0.0,0.0,0.0,0.0,0.0,0.0,0.18107499999999999,1.1207,1.5230000000000001,1.3851,0.6383749999999999,0.840875,1.2162,0.872675,1.6563999999999999,1.522975,0.43955,0.8632249999999999,1.4969,0.99695,0.855025,0.5105999999999999,0.883675,0.53325,1.7982749999999998,0.993625,0.370475,0.8906000000000001,0.5448500000000001,1.081675,0.30785,0.064025,0.581125,1.5504,0.923925,0.613225,0.10205,-0.121225,0.4586,1.0776,0.452425,0.992075,0.6225,0.8809,0.6986749999999999,0.5413250000000001,-0.146125,0.404925,0.599325,0.6124,1.556075,0.734875,0.21115,0.3105,1.009275,0.600425,0.35114999999999996,-0.3849,-0.177,0.924575,1.0858500000000002,0.368875,-0.1212,0.288675,0.774525,0.6455,0.7031000000000001,0.0111,0.8590249999999999,0.584475,0.57565,0.52225,0.2736,0.197075,0.838425,0.893225,0.20429999999999998,0.06914999999999999,0.36677499999999996,0.267525,0.2381,0.2388,0.0984,0.13245,0.335825,0.08522500000000001,0.31365,0.257825,-0.43127499999999996,0.6305,0.552625,0.45944999999999997,0.23035,-0.0649,0.487325,0.48105000000000003,0.395675,-0.456675,0.0006000000000000003,-0.003525,0.41425,0.69995,-0.1898,-0.2787,0.01385,-0.158425,-0.1198,0.049800000000000004,-0.042825,-0.312125,0.500175,0.398225,-0.165475,-0.749375,-0.388575,-0.021875,-0.10235,-0.23727499999999999,-0.3277,0.324125,0.25697499999999995,0.8934,-0.302,-0.19345,0.020725,0.609475,0.524625,-0.4024,0.25915,-0.25575,0.41469999999999996,0.4003,0.02135,-0.153275,-0.015625,0.29415,0.07452500000000001,0.178925,-0.490875,-0.146225,-0.46404999999999996,0.499425,0.66865,-0.48072499999999996,-0.015349999999999999,-0.487825,0.0,0.0,0.0,0.0,0.0,0.0,0.0,0.0,0.0,0.0,0.0,0.0,0.0,0.0,0.0,0.0,0.0,0.0,0.0,0.0,0.0,0.0,0.0,0.0,0.0,0.0,0.0,0.0,0.0,0.0,0.0,0.0,0.0,0.0,0.0,0.0,0.0,0.0,0.0,0.0,0.0,0.0,0.0,0.0,0.0,0.0,0.0,0.0,0.0,0.0,0.0,0.0,0.0,0.0,0.0,0.0,0.0,0.0,0.0,0.0,0.0,0.0,0.0,0.0,0.0,0.0,0.0,0.0,0.0,0.0,0.0,0.0,0.0,0.0,0.0,0.0,0.0,0.0,0.0,0.0,0.0,0.0,0.0,0.0,0.0,0.0,0.0,0.0,0.0,0.0,0.0,0.0,0.0,0.0,0.0,0.0,0.0,0.0,0.0,0.0,0.0,0.0,0.0,0.0,0.0,0.0,0.0,0.0,0.0,0.0,0.0,0.0,0.0,0.0,0.0,0.0,0.0,0.0,0.0,0.0,0.0,0.0,0.0,0.0,0.0,0.0,0.0,0.0,0.0,0.0
0.0,0.0,0.0,0.0,0.0,0.0,0.0,0.0,0.0,0.0,0.0,0.0,0.0,0.0,0.0,0.0,0.0,0.0,0.0,0.0,0.0,0.0,0.0,0.0,0.0,0.0,0.0,0.0,0.0,0.0,0.0,0.0,0.0,0.0,0.0,0.0,0.0,0.0,0.0,0.0,0.0,0.0,0.0,0.0,0.0,0.0,0.0,0.0,0.0,0.0,0.0,0.0,0.0,0.0,0.0,0.0,0.0,0.0,0.0,0.0,0.0,0.0,0.0,0.0,0.0,0.0,0.0,0.0,0.0,0.0,0.0,0.0,0.0,0.0,0.0,0.0,0.0,0.0,0.0,0.0,0.0,0.0,0.0,0.0,0.0,0.0,0.0,0.0,0.0,0.0,0.0,0.0,0.0,0.0,0.0,0.0,0.0,0.0,0.0,0.0,0.0,0.0,0.0,0.0,0.0,0.0,0.0,0.0,0.0,0.0,0.0,0.0,0.0,0.0,0.0,0.0,0.0,0.0,0.0,0.0,0.0,0.0,0.0,0.0,0.0,0.0,0.0,0.0,0.0,0.0,0.0,0.0,0.39445,0.99655,1.16535,0.88015,0.9202750000000001,0.4405,0.447625,1.17685,0.8514250000000001,0.454775,1.25115,0.7072,0.9235,1.1029,1.08585,0.6419999999999999,0.505575,1.0631,0.735925,0.804275,0.90325,0.745175,1.529125,1.391,0.7283999999999999,0.7086,0.1253,1.333575,0.764025,0.7456,1.121475,0.8051999999999999,1.24,0.9179499999999999,0.95595,0.203575,0.568625,0.36025,1.1276,0.862125,0.646,0.787025,0.6458,0.5176499999999999,0.793975,0.41835,-0.09092499999999999,0.27805,0.893125,0.451975,0.9043,0.105575,0.66615,0.9863,1.051975,0.426925,-0.191875,0.38285,0.953725,0.65645,0.49420000000000003,0.498925,0.5396,0.869775,0.3167,0.39552499999999996,0.1357,-0.12542499999999998,0.782675,0.38570000000000004,0.433925,0.1647,-0.28265,0.8351500000000001,0.5232,0.292725,0.193125,-0.408725,0.44284999999999997,0.601625,-0.093275,0.41774999999999995,0.1918,0.103825,1.0233500000000002,0.86395,-0.389,0.037525,0.04915,0.970075,0.5465249999999999,-0.29615,-0.33842500000000003,0.31825,0.411775,-0.135175,0.2388,-0.263125,-0.0152,0.1462,0.20985,0.3291,-0.091625,0.0898,0.036699999999999997,0.2848,0.020675,-0.20005,-0.034675,0.6093500000000001,-0.20525,0.06005,-0.41542500000000004,-0.204225,0.022625,0.1972,-0.12605,-0.3532,-0.21992499999999998,1.06425,0.147075,-0.536825,-0.25684999999999997,-0.10060000000000001,0.471425,0.83875,-0.1951,-0.495125,-0.101075,-0.263375,0.700175,0.24862499999999998,0.220775,1.6875749999999998,-0.19885,0.9692500000000001,0.0,0.0,0.0,0.0,0.0,0.0,0.0,0.0,0.0,0.0,0.0,0.0,0.0,0.0,0.0,0.0,0.0,0.0,0.0,0.0,0.0,0.0,0.0,0.0,0.0,0.0,0.0,0.0,0.0,0.0,0.0,0.0,0.0,0.0,0.0,0.0,0.0,0.0,0.0,0.0,0.0,0.0,0.0,0.0,0.0,0.0,0.0,0.0,0.0,0.0,0.0,0.0,0.0,0.0,0.0,0.0,0.0,0.0,0.0,0.0,0.0,0.0,0.0,0.0,0.0,0.0,0.0,0.0,0.0,0.0,0.0,0.0,0.0,0.0,0.0,0.0,0.0,0.0,0.0,0.0,0.0,0.0,0.0,0.0,0.0,0.0,0.0,0.0,0.0,0.0,0.0,0.0,0.0,0.0,0.0,0.0,0.0,0.0,0.0,0.0,0.0,0.0,0.0,0.0,0.0,0.0,0.0,0.0,0.0,0.0,0.0,0.0,0.0,0.0,0.0,0.0,0.0,0.0,0.0,0.0,0.0,0.0,0.0,0.0,0.0,0.0,0.0,0.0,0.0,0.0,0.0,0.0
0.0,0.0,0.0,0.0,0.0,0.0,0.0,0.0,0.0,0.0,0.0,0.0,0.0,0.0,0.0,0.0,0.0,0.0,0.0,0.0,0.0,0.0,0.0,0.0,0.0,0.0,0.0,0.0,0.0,0.0,0.0,0.0,0.0,0.0,0.0,0.0,0.0,0.0,0.0,0.0,0.0,0.0,0.0,0.0,0.0,0.0,0.0,0.0,0.0,0.0,0.0,0.0,0.0,0.0,0.0,0.0,0.0,0.0,0.0,0.0,0.0,0.0,0.0,0.0,0.0,0.0,0.0,0.0,0.0,0.0,0.0,0.0,0.0,0.0,0.0,0.0,0.0,0.0,0.0,0.0,0.0,0.0,0.0,0.0,0.0,0.0,0.0,0.0,0.0,0.0,0.0,0.0,0.0,0.0,0.0,0.0,0.0,0.0,0.0,0.0,0.0,0.0,0.0,0.0,0.0,0.0,0.0,0.0,0.0,0.0,0.0,0.0,0.0,0.0,0.0,0.0,0.0,0.0,0.0,0.0,0.0,0.0,0.0,0.0,0.0,0.0,0.0,0.0,0.0,0.0,0.0,0.0,0.0,0.0,0.0,1.212225,1.72885,1.0868,0.652925,1.0162,0.983725,1.29675,0.553025,0.95375,0.4207,1.163075,0.86215,0.8583500000000001,0.51555,0.40535,0.3295,0.86905,1.310375,1.139275,0.628825,0.5917250000000001,1.17835,0.8103250000000001,-0.034625,0.529425,1.0559500000000002,1.489975,1.0484,1.2825499999999999,0.552575,0.47995,1.373375,0.738325,0.5619999999999999,0.97575,0.707075,0.931425,1.43075,0.968375,0.416775,0.474175,0.18195,0.5731999999999999,0.8258,0.750375,0.24535,0.5322,0.936575,0.85695,0.300075,-0.200375,0.4184,1.30815,1.2254,0.1609,-0.051175,0.6528,1.06235,0.686475,0.159075,-0.14049999999999999,0.75585,1.06575,0.05645,0.6391,0.228125,-0.036899999999999995,0.977125,0.585225,0.212925,0.223,-0.3086,0.215825,0.4492,0.448975,-0.23115,0.348625,-0.064475,0.40185,0.31332499999999996,-0.469775,0.118875,0.8611,0.88635,0.315875,-0.36335,0.4041,0.207425,0.722875,-0.042175000000000004,0.34624999999999995,0.6642750000000001,0.76005,0.3237,0.72215,-0.5769,-0.06885,0.23622500000000002,0.26825,-0.37782499999999997,0.165575,-0.2517,0.13055,0.679125,0.292625,0.16262500000000002,-0.2172,-0.0485,0.76815,0.282325,-0.315825,-0.42065,0.048100000000000004,0.913775,0.7182,0.08975,-0.301025,-0.405175,0.697875,0.9196,-0.10535,0.58655,-0.51335,0.18587499999999998,0.05955,0.21855,-1.026975,0.49985,-0.036275,0.63885,0.0,0.0,0.0,0.0,0.0,0.0,0.0,0.0,0.0,0.0,0.0,0.0,0.0,0.0,0.0,0.0,0.0,0.0,0.0,0.0,0.0,0.0,0.0,0.0,0.0,0.0,0.0,0.0,0.0,0.0,0.0,0.0,0.0,0.0,0.0,0.0,0.0,0.0,0.0,0.0,0.0,0.0,0.0,0.0,0.0,0.0,0.0,0.0,0.0,0.0,0.0,0.0,0.0,0.0,0.0,0.0,0.0,0.0,0.0,0.0,0.0,0.0,0.0,0.0,0.0,0.0,0.0,0.0,0.0,0.0,0.0,0.0,0.0,0.0,0.0,0.0,0.0,0.0,0.0,0.0,0.0,0.0,0.0,0.0,0.0,0.0,0.0,0.0,0.0,0.0,0.0,0.0,0.0,0.0,0.0,0.0,0.0,0.0,0.0,0.0,0.0,0.0,0.0,0.0,0.0,0.0,0.0,0.0,0.0,0.0,0.0,0.0,0.0,0.0,0.0,0.0,0.0,0.0,0.0,0.0,0.0,0.0,0.0,0.0,0.0,0.0,0.0,0.0,0.0,0.0,0.0,0.0,0.0,0.0,0.0
0.0,0.0,0.0,0.0,0.0,0.0,0.0,0.0,0.0,0.0,0.0,0.0,0.0,0.0,0.0,0.0,0.0,0.0,0.0,0.0,0.0,0.0,0.0,0.0,0.0,0.0,0.0,0.0,0.0,0.0,0.0,0.0,0.0,0.0,0.0,0.0,0.0,0.0,0.0,0.0,0.0,0.0,0.0,0.0,0.0,0.0,0.0,0.0,0.0,0.0,0.0,0.0,0.0,0.0,0.0,0.0,0.0,0.0,0.0,0.0,0.0,0.0,0.0,0.0,0.0,0.0,0.0,0.0,0.0,0.0,0.0,0.0,0.0,0.0,0.0,0.0,0.0,0.0,0.0,0.0,0.0,0.0,0.0,0.0,0.0,0.0,0.0,0.0,0.0,0.0,0.0,0.0,0.0,0.0,0.0,0.0,0.0,0.0,0.0,0.0,0.0,0.0,0.0,0.0,0.0,0.0,0.0,0.0,0.0,0.0,0.0,0.0,0.0,0.0,0.0,0.0,0.0,0.0,0.0,0.0,0.0,0.0,0.0,0.0,0.0,0.0,0.0,0.0,0.0,0.0,0.0,0.0,0.0,0.0,0.0,0.0,0.0,0.0,1.445375,1.572125,0.98505,-0.285275,1.8408,1.439525,1.26865,0.866425,0.511575,1.04685,1.1293250000000001,2.4475,0.6607000000000001,-0.07905000000000001,0.37275,1.195125,0.3596,0.669975,0.5552,0.15345,1.556175,1.54895,0.2929,0.36810000000000004,0.114425,1.510975,1.24315,0.30555,0.532725,1.2247000000000001,0.6180749999999999,1.311325,0.082675,0.097175,0.593675,0.9941,0.6738,0.9416,0.2926,0.49160000000000004,0.6037,0.6231,0.5646500000000001,0.6848000000000001,0.0546,0.4743,1.7957,0.86155,0.44072500000000003,0.240325,0.9527749999999999,0.76515,0.6623249999999999,0.5807749999999999,-0.1562,1.0915,1.0927,0.271775,0.548075,-0.108975,0.831,1.031525,0.59805,-0.10464999999999999,-0.342475,0.20715,0.40292500000000003,0.7398,0.5723,0.177175,0.600025,0.279775,0.87005,0.396875,0.10285,0.28265,0.91365,0.86555,0.31947499999999995,-0.296175,0.542675,0.771325,0.330675,0.5769,0.028975,0.3794,0.4332,0.4585,0.8916499999999999,-0.13745000000000002,0.418625,0.45894999999999997,0.47495,-0.461775,0.43872500000000003,-0.19685,0.09265,0.6296999999999999,1.0993249999999999,-0.1471,-0.317825,0.022,0.1244,0.17412499999999997,-0.19365,-0.474725,0.04235,0.896325,0.43237499999999995,-0.215675,-0.14600000000000002,-0.23395,0.6137,0.670525,-0.15585,-0.3086,0.4047,1.14955,0.28317499999999995,0.220125,-0.17355,0.11735000000000001,0.23115,-0.699875,0.0,0.0,0.0,0.0,0.0,0.0,0.0,0.0,0.0,0.0,0.0,0.0,0.0,0.0,0.0,0.0,0.0,0.0,0.0,0.0,0.0,0.0,0.0,0.0,0.0,0.0,0.0,0.0,0.0,0.0,0.0,0.0,0.0,0.0,0.0,0.0,0.0,0.0,0.0,0.0,0.0,0.0,0.0,0.0,0.0,0.0,0.0,0.0,0.0,0.0,0.0,0.0,0.0,0.0,0.0,0.0,0.0,0.0,0.0,0.0,0.0,0.0,0.0,0.0,0.0,0.0,0.0,0.0,0.0,0.0,0.0,0.0,0.0,0.0,0.0,0.0,0.0,0.0,0.0,0.0,0.0,0.0,0.0,0.0,0.0,0.0,0.0,0.0,0.0,0.0,0.0,0.0,0.0,0.0,0.0,0.0,0.0,0.0,0.0,0.0,0.0,0.0,0.0,0.0,0.0,0.0,0.0,0.0,0.0,0.0,0.0,0.0,0.0,0.0,0.0,0.0,0.0,0.0,0.0,0.0,0.0,0.0,0.0,0.0,0.0,0.0,0.0,0.0,0.0,0.0,0.0,0.0,0.0,0.0,0.0,0.0,0.0,0.0
0.0,0.0,0.0,0.0,0.0,0.0,0.0,0.0,0.0,0.0,0.0,0.0,0.0,0.0,0.0,0.0,0.0,0.0,0.0,0.0,0.0,0.0,0.0,0.0,0.0,0.0,0.0,0.0,0.0,0.0,0.0,0.0,0.0,0.0,0.0,0.0,0.0,0.0,0.0,0.0,0.0,0.0,0.0,0.0,0.0,0.0,0.0,0.0,0.0,0.0,0.0,0.0,0.0,0.0,0.0,0.0,0.0,0.0,0.0,0.0,0.0,0.0,0.0,0.0,0.0,0.0,0.0,0.0,0.0,0.0,0.0,0.0,0.0,0.0,0.0,0.0,0.0,0.0,0.0,0.0,0.0,0.0,0.0,0.0,0.0,0.0,0.0,0.0,0.0,0.0,0.0,0.0,0.0,0.0,0.0,0.0,0.0,0.0,0.0,0.0,0.0,0.0,0.0,0.0,0.0,0.0,0.0,0.0,0.0,0.0,0.0,0.0,0.0,0.0,0.0,0.0,0.0,0.0,0.0,0.0,0.0,0.0,0.0,0.0,0.0,0.0,0.0,0.0,0.0,0.0,0.0,0.0,0.0,0.0,0.0,0.0,0.0,0.0,0.0,0.0,0.96255,1.128175,1.1289500000000001,0.35772499999999996,2.3571500000000003,0.9869249999999999,1.54685,0.9862,1.2071,0.734625,1.28605,1.6032250000000001,0.8173,0.143925,1.0488,2.718875,1.323525,0.318825,1.010675,0.4864,1.6210499999999999,1.1071,0.257375,0.082975,0.831825,0.91325,0.7626,0.562175,-0.595275,0.508875,0.9194249999999999,0.945525,0.654575,0.393475,0.998675,0.25455000000000005,0.732,0.682825,0.2649,-0.1717,0.482275,1.2728,0.559575,0.74595,-0.26985,0.8255750000000001,0.29435,0.818575,0.31305,-0.0922,1.2588499999999998,0.884725,0.5953,0.251075,0.4204,0.258125,0.893475,0.820675,-0.348825,0.073325,0.56515,0.550825,0.0571,0.21459999999999999,0.0275,0.54285,0.6725000000000001,0.6121,-0.090675,0.23965,-0.3958,1.0891250000000001,0.137475,0.202575,0.2336,0.359875,0.413975,0.7166,0.01555,-0.246675,-0.5123249999999999,0.944175,0.358375,0.238825,-0.32915,-0.516175,0.754125,0.15755000000000002,-0.431375,-0.32255,-0.0428,0.28035,0.5613250000000001,0.023774999999999998,0.5126499999999999,-0.406,-0.12295,0.032925,0.379625,0.026299999999999997,0.24880000000000002,-0.24230000000000002,0.95835,0.2146,-0.02195,-0.793625,-0.237125,0.93035,-0.03505,-0.868475,0.7603,0.720025,-0.43925,0.352425,-0.7015,0.222275,-0.0404,-0.5642499999999999,-0.0829,-0.030675,0.0,0.0,0.0,0.0,0.0,0.0,0.0,0.0,0.0,0.0,0.0,0.0,0.0,0.0,0.0,0.0,0.0,0.0,0.0,0.0,0.0,0.0,0.0,0.0,0.0,0.0,0.0,0.0,0.0,0.0,0.0,0.0,0.0,0.0,0.0,0.0,0.0,0.0,0.0,0.0,0.0,0.0,0.0,0.0,0.0,0.0,0.0,0.0,0.0,0.0,0.0,0.0,0.0,0.0,0.0,0.0,0.0,0.0,0.0,0.0,0.0,0.0,0.0,0.0,0.0,0.0,0.0,0.0,0.0,0.0,0.0,0.0,0.0,0.0,0.0,0.0,0.0,0.0,0.0,0.0,0.0,0.0,0.0,0.0,0.0,0.0,0.0,0.0,0.0,0.0,0.0,0.0,0.0,0.0,0.0,0.0,0.0,0.0,0.0,0.0,0.0,0.0,0.0,0.0,0.0,0.0,0.0,0.0,0.0,0.0,0.0,0.0,0.0,0.0,0.0,0.0,0.0,0.0,0.0,0.0,0.0,0.0,0.0,0.0,0.0,0.0,0.0,0.0,0.0,0.0,0.0,0.0,0.0,0.0,0.0,0.0,0.0,0.0,0.0,0.0
0.0,0.0,0.0,0.0,0.0,0.0,0.0,0.0,0.0,0.0,0.0,0.0,0.0,0.0,0.0,0.0,0.0,0.0,0.0,0.0,0.0,0.0,0.0,0.0,0.0,0.0,0.0,0.0,0.0,0.0,0.0,0.0,0.0,0.0,0.0,0.0,0.0,0.0,0.0,0.0,0.0,0.0,0.0,0.0,0.0,0.0,0.0,0.0,0.0,0.0,0.0,0.0,0.0,0.0,0.0,0.0,0.0,0.0,0.0,0.0,0.0,0.0,0.0,0.0,0.0,0.0,0.0,0.0,0.0,0.0,0.0,0.0,0.0,0.0,0.0,0.0,0.0,0.0,0.0,0.0,0.0,0.0,0.0,0.0,0.0,0.0,0.0,0.0,0.0,0.0,0.0,0.0,0.0,0.0,0.0,0.0,0.0,0.0,0.0,0.0,0.0,0.0,0.0,0.0,0.0,0.0,0.0,0.0,0.0,0.0,0.0,0.0,0.0,0.0,0.0,0.0,0.0,0.0,0.0,0.0,0.0,0.0,0.0,0.0,0.0,0.0,0.0,0.0,0.0,0.0,0.0,0.0,0.0,0.0,0.0,0.0,0.0,0.0,0.0,0.0,0.0,0.0,0.0,0.59935,1.0435750000000001,1.282175,0.901725,1.26855,0.781275,1.775525,0.5625,1.002525,1.1047,1.149225,0.469175,0.12625,0.42595,1.502625,1.05395,0.419825,-0.40615,1.2456749999999999,0.6797500000000001,1.104425,0.6101000000000001,-0.5508500000000001,0.505675,1.707175,0.56915,0.43055,0.42660000000000003,0.28702500000000003,0.8779250000000001,0.6397999999999999,0.294725,0.4408,0.69115,0.5063,0.8526,0.754625,0.42335,0.7508999999999999,0.962525,0.771625,0.56595,0.283225,-0.862325,1.0349499999999998,0.966175,0.486225,0.48714999999999997,0.513975,1.072325,1.121875,0.3503,-0.43374999999999997,-0.13772500000000001,1.219575,1.1328,0.8668,-0.186875,0.424375,0.554925,0.8533499999999999,0.21995,0.5232,-0.019075,0.28142500000000004,0.036574999999999996,1.6661,1.0363250000000002,-0.02765,0.30165,0.25695,0.693975,0.7151,0.40195000000000003,-0.273375,0.38032499999999997,1.183775,0.10575,-0.236475,-0.16065000000000002,0.486375,0.4688,-0.215925,-0.135225,0.348325,1.2586,0.49060000000000004,-0.421725,0.28459999999999996,0.16905,0.4453,0.7046749999999999,0.216025,0.161825,0.72465,-0.15487499999999998,0.7665,0.02265,-0.4554,-0.158625,0.134575,0.41085,-0.2268,0.33792500000000003,0.09745000000000001,0.184675,0.5737,0.06955,0.248175,-1.182775,-0.9148000000000001,0.139025,0.51545,-0.3324,0.0,0.0,0.0,0.0,0.0,0.0,0.0,0.0,0.0,0.0,0.0,0.0,0.0,0.0,0.0,0.0,0.0,0.0,0.0,0.0,0.0,0.0,0.0,0.0,0.0,0.0,0.0,0.0,0.0,0.0,0.0,0.0,0.0,0.0,0.0,0.0,0.0,0.0,0.0,0.0,0.0,0.0,0.0,0.0,0.0,0.0,0.0,0.0,0.0,0.0,0.0,0.0,0.0,0.0,0.0,0.0,0.0,0.0,0.0,0.0,0.0,0.0,0.0,0.0,0.0,0.0,0.0,0.0,0.0,0.0,0.0,0.0,0.0,0.0,0.0,0.0,0.0,0.0,0.0,0.0,0.0,0.0,0.0,0.0,0.0,0.0,0.0,0.0,0.0,0.0,0.0,0.0,0.0,0.0,0.0,0.0,0.0,0.0,0.0,0.0,0.0,0.0,0.0,0.0,0.0,0.0,0.0,0.0,0.0,0.0,0.0,0.0,0.0,0.0,0.0,0.0,0.0,0.0,0.0,0.0,0.0,0.0,0.0,0.0,0.0,0.0,0.0,0.0,0.0,0.0,0.0,0.0,0.0,0.0,0.0,0.0,0.0,0.0,0.0,0.0,0.0,0.0,0.0
0.0,0.0,0.0,0.0,0.0,0.0,0.0,0.0,0.0,0.0,0.0,0.0,0.0,0.0,0.0,0.0,0.0,0.0,0.0,0.0,0.0,0.0,0.0,0.0,0.0,0.0,0.0,0.0,0.0,0.0,0.0,0.0,0.0,0.0,0.0,0.0,0.0,0.0,0.0,0.0,0.0,0.0,0.0,0.0,0.0,0.0,0.0,0.0,0.0,0.0,0.0,0.0,0.0,0.0,0.0,0.0,0.0,0.0,0.0,0.0,0.0,0.0,0.0,0.0,0.0,0.0,0.0,0.0,0.0,0.0,0.0,0.0,0.0,0.0,0.0,0.0,0.0,0.0,0.0,0.0,0.0,0.0,0.0,0.0,0.0,0.0,0.0,0.0,0.0,0.0,0.0,0.0,0.0,0.0,0.0,0.0,0.0,0.0,0.0,0.0,0.0,0.0,0.0,0.0,0.0,0.0,0.0,0.0,0.0,0.0,0.0,0.0,0.0,0.0,0.0,0.0,0.0,0.0,0.0,0.0,0.0,0.0,0.0,0.0,0.0,0.0,0.0,0.0,0.0,0.0,0.0,0.0,0.0,0.0,0.0,0.0,0.0,0.0,0.0,0.0,0.0,0.0,0.0,0.0,0.0,0.0,0.506975,1.217425,1.477075,0.9128,1.31145,0.8446750000000001,-0.393725,0.507525,0.616475,0.73045,1.204925,0.64495,0.8109,1.236475,0.9208000000000001,1.417375,0.390725,0.554225,1.980875,1.063675,0.453225,0.1921,1.4286500000000002,1.11245,1.0908250000000002,0.3229,-0.2324,0.9961,0.803625,0.661025,1.04895,0.98995,-0.21515,1.3462,0.363,0.285375,0.703075,0.2849,0.864175,0.25375,1.167525,0.98085,0.234775,0.566275,0.794575,0.5247999999999999,-0.2044,0.0026,1.16165,1.417325,0.3186,0.448825,0.68415,0.557775,0.473175,-0.3196,-0.022175,0.5887249999999999,0.5463,1.3165499999999999,0.5221,0.0543,0.31074999999999997,0.290825,0.5455749999999999,-0.535625,-0.35195,0.370525,0.65515,0.8845999999999999,0.6252,0.38430000000000003,0.020425,0.2752,0.830775,0.5782,-0.187575,0.049525,-0.027674999999999998,1.284,0.15775,0.077725,-0.361325,-0.0411,0.424775,0.146725,-0.7138249999999999,0.32045,0.55955,0.21534999999999999,0.312575,-0.576425,-0.4033,0.390175,-0.043575,0.024175000000000002,-0.337875,0.310575,-0.40707499999999996,0.60075,1.127,-0.168275,-0.356475,-0.35245,-0.8137249999999999,1.503425,0.874025,-0.349725,0.0,0.0,0.0,0.0,0.0,0.0,0.0,0.0,0.0,0.0,0.0,0.0,0.0,0.0,0.0,0.0,0.0,0.0,0.0,0.0,0.0,0.0,0.0,0.0,0.0,0.0,0.0,0.0,0.0,0.0,0.0,0.0,0.0,0.0,0.0,0.0,0.0,0.0,0.0,0.0,0.0,0.0,0.0,0.0,0.0,0.0,0.0,0.0,0.0,0.0,0.0,0.0,0.0,0.0,0.0,0.0,0.0,0.0,0.0,0.0,0.0,0.0,0.0,0.0,0.0,0.0,0.0,0.0,0.0,0.0,0.0,0.0,0.0,0.0,0.0,0.0,0.0,0.0,0.0,0.0,0.0,0.0,0.0,0.0,0.0,0.0,0.0,0.0,0.0,0.0,0.0,0.0,0.0,0.0,0.0,0.0,0.0,0.0,0.0,0.0,0.0,0.0,0.0,0.0,0.0,0.0,0.0,0.0,0.0,0.0,0.0,0.0,0.0,0.0,0.0,0.0,0.0,0.0,0.0,0.0,0.0,0.0,0.0,0.0,0.0,0.0,0.0,0.0,0.0,0.0,0.0,0.0,0.0,0.0,0.0,0.0,0.0,0.0,0.0,0.0,0.0,0.0,0.0,0.0,0.0,0.0
0.0,0.0,0.0,0.0,0.0,0.0,0.0,0.0,0.0,0.0,0.0,0.0,0.0,0.0,0.0,0.0,0.0,0.0,0.0,0.0,0.0,0.0,0.0,0.0,0.0,0.0,0.0,0.0,0.0,0.0,0.0,0.0,0.0,0.0,0.0,0.0,0.0,0.0,0.0,0.0,0.0,0.0,0.0,0.0,0.0,0.0,0.0,0.0,0.0,0.0,0.0,0.0,0.0,0.0,0.0,0.0,0.0,0.0,0.0,0.0,0.0,0.0,0.0,0.0,0.0,0.0,0.0,0.0,0.0,0.0,0.0,0.0,0.0,0.0,0.0,0.0,0.0,0.0,0.0,0.0,0.0,0.0,0.0,0.0,0.0,0.0,0.0,0.0,0.0,0.0,0.0,0.0,0.0,0.0,0.0,0.0,0.0,0.0,0.0,0.0,0.0,0.0,0.0,0.0,0.0,0.0,0.0,0.0,0.0,0.0,0.0,0.0,0.0,0.0,0.0,0.0,0.0,0.0,0.0,0.0,0.0,0.0,0.0,0.0,0.0,0.0,0.0,0.0,0.0,0.0,0.0,0.0,0.0,0.0,0.0,0.0,0.0,0.0,0.0,0.0,0.0,0.0,0.0,0.0,0.0,0.0,0.0,0.0,0.0,0.0,1.309425,0.9934499999999999,0.7791,1.4282,0.492425,0.816425,1.382475,0.493275,0.9658,0.15995,0.63115,1.89995,1.027425,0.58595,0.052225,0.428775,1.2006999999999999,0.109475,0.7715000000000001,-0.074625,1.45995,1.804325,1.0834000000000001,0.7781,0.66205,0.9661,0.6278,1.1236,0.15889999999999999,0.9743250000000001,0.460425,0.537375,1.191675,1.0772249999999999,0.5235500000000001,0.544775,0.6735500000000001,0.6106499999999999,0.5087250000000001,-0.10214999999999999,0.4121,0.468375,1.120175,0.6702250000000001,-0.009275,0.2069,-0.08962500000000001,1.2894750000000001,0.124475,0.108425,0.699075,0.680775,0.9011250000000001,0.053825,-0.026875000000000003,0.0556,0.5122249999999999,0.9369500000000001,0.084525,0.18225,0.5964,0.800875,0.197825,0.146075,-0.22114999999999999,0.020475,-0.21137499999999998,1.2705,0.37129999999999996,0.290675,-0.6474249999999999,0.20529999999999998,0.58665,0.13342500000000002,0.56085,0.6474,0.049174999999999996,0.5704,0.89345,-0.023675,0.381125,0.111725,1.283375,0.1673,0.175925,-0.389875,0.5856250000000001,0.328375,-0.182275,-0.50135,0.590325,-0.4042,0.862775,-0.101325,0.7167749999999999,0.256,0.170525,-0.75665,-0.55935,-0.303225,0.0,0.0,0.0,0.0,0.0,0.0,0.0,0.0,0.0,0.0,0.0,0.0,0.0,0.0,0.0,0.0,0.0,0.0,0.0,0.0,0.0,0.0,0.0,0.0,0.0,0.0,0.0,0.0,0.0,0.0,0.0,0.0,0.0,0.0,0.0,0.0,0.0,0.0,0.0,0.0,0.0,0.0,0.0,0.0,0.0,0.0,0.0,0.0,0.0,0.0,0.0,0.0,0.0,0.0,0.0,0.0,0.0,0.0,0.0,0.0,0.0,0.0,0.0,0.0,0.0,0.0,0.0,0.0,0.0,0.0,0.0,0.0,0.0,0.0,0.0,0.0,0.0,0.0,0.0,0.0,0.0,0.0,0.0,0.0,0.0,0.0,0.0,0.0,0.0,0.0,0.0,0.0,0.0,0.0,0.0,0.0,0.0,0.0,0.0,0.0,0.0,0.0,0.0,0.0,0.0,0.0,0.0,0.0,0.0,0.0,0.0,0.0,0.0,0.0,0.0,0.0,0.0,0.0,0.0,0.0,0.0,0.0,0.0,0.0,0.0,0.0,0.0,0.0,0.0,0.0,0.0,0.0,0.0,0.0,0.0,0.0,0.0,0.0,0.0,0.0,0.0,0.0,0.0,0.0,0.0,0.0,0.0,0.0,0.0,0.0
0.0,0.0,0.0,0.0,0.0,0.0,0.0,0.0,0.0,0.0,0.0,0.0,0.0,0.0,0.0,0.0,0.0,0.0,0.0,0.0,0.0,0.0,0.0,0.0,0.0,0.0,0.0,0.0,0.0,0.0,0.0,0.0,0.0,0.0,0.0,0.0,0.0,0.0,0.0,0.0,0.0,0.0,0.0,0.0,0.0,0.0,0.0,0.0,0.0,0.0,0.0,0.0,0.0,0.0,0.0,0.0,0.0,0.0,0.0,0.0,0.0,0.0,0.0,0.0,0.0,0.0,0.0,0.0,0.0,0.0,0.0,0.0,0.0,0.0,0.0,0.0,0.0,0.0,0.0,0.0,0.0,0.0,0.0,0.0,0.0,0.0,0.0,0.0,0.0,0.0,0.0,0.0,0.0,0.0,0.0,0.0,0.0,0.0,0.0,0.0,0.0,0.0,0.0,0.0,0.0,0.0,0.0,0.0,0.0,0.0,0.0,0.0,0.0,0.0,0.0,0.0,0.0,0.0,0.0,0.0,0.0,0.0,0.0,0.0,0.0,0.0,0.0,0.0,0.0,0.0,0.0,0.0,0.0,0.0,0.0,0.0,0.0,0.0,0.0,0.0,0.0,0.0,0.0,0.0,0.0,0.0,0.0,0.0,0.0,0.0,0.0,0.0,0.0,1.4737749999999998,0.9703,0.506675,1.037925,1.094125,0.6119,0.867225,0.960025,0.5234000000000001,1.1826750000000001,1.6258249999999999,0.685025,-0.022,0.5303,0.6072249999999999,1.192275,0.8322499999999999,0.194475,0.7559750000000001,1.1623999999999999,0.6694,1.119475,0.308425,-0.1099,0.9666750000000001,0.79515,1.088475,0.645475,0.0324,0.926,1.50735,0.28245,0.359275,0.426175,0.6189,1.2479,0.495325,0.485725,0.358875,0.23035,1.0616249999999998,0.416025,0.084675,-0.7071,0.7404000000000001,1.31785,0.5735250000000001,-0.2249,-0.60775,-0.5371999999999999,0.43395,0.788375,0.264025,-0.345325,0.282375,0.6998500000000001,0.76975,0.660925,0.110725,-0.18625,0.80225,-0.4836,0.7038249999999999,0.621875,0.214125,0.419775,0.707525,-0.052075,-0.213725,-0.001725,-0.348725,0.001175,-0.249825,0.128775,0.206225,0.9059,0.824675,0.73475,-0.2676,-0.696675,0.142625,0.711975,0.41975,-0.310575,0.3304,0.521325,-0.174475,1.0344,-0.02085,0.7012499999999999,0.9469000000000001,-1.075875,0.9372499999999999,-0.7054,0.0,0.0,0.0,0.0,0.0,0.0,0.0,0.0,0.0,0.0,0.0,0.0,0.0,0.0,0.0,0.0,0.0,0.0,0.0,0.0,0.0,0.0,0.0,0.0,0.0,0.0,0.0,0.0,0.0,0.0,0.0,0.0,0.0,0.0,0.0,0.0,0.0,0.0,0.0,0.0,0.0,0.0,0.0,0.0,0.0,0.0,0.0,0.0,0.0,0.0,0.0,0.0,0.0,0.0,0.0,0.0,0.0,0.0,0.0,0.0,0.0,0.0,0.0,0.0,0.0,0.0,0.0,0.0,0.0,0.0,0.0,0.0,0.0,0.0,0.0,0.0,0.0,0.0,0.0,0.0,0.0,0.0,0.0,0.0,0.0,0.0,0.0,0.0,0.0,0.0,0.0,0.0,0.0,0.0,0.0,0.0,0.0,0.0,0.0,0.0,0.0,0.0,0.0,0.0,0.0,0.0,0.0,0.0,0.0,0.0,0.0,0.0,0.0,0.0,0.0,0.0,0.0,0.0,0.0,0.0,0.0,0.0,0.0,0.0,0.0,0.0,0.0,0.0,0.0,0.0,0.0,0.0,0.0,0.0,0.0,0.0,0.0,0.0,0.0,0.0,0.0,0.0,0.0,0.0,0.0,0.0,0.0,0.0,0.0,0.0,0.0,0.0,0.0
0.0,0.0,0.0,0.0,0.0,0.0,0.0,0.0,0.0,0.0,0.0,0.0,0.0,0.0,0.0,0.0,0.0,0.0,0.0,0.0,0.0,0.0,0.0,0.0,0.0,0.0,0.0,0.0,0.0,0.0,0.0,0.0,0.0,0.0,0.0,0.0,0.0,0.0,0.0,0.0,0.0,0.0,0.0,0.0,0.0,0.0,0.0,0.0,0.0,0.0,0.0,0.0,0.0,0.0,0.0,0.0,0.0,0.0,0.0,0.0,0.0,0.0,0.0,0.0,0.0,0.0,0.0,0.0,0.0,0.0,0.0,0.0,0.0,0.0,0.0,0.0,0.0,0.0,0.0,0.0,0.0,0.0,0.0,0.0,0.0,0.0,0.0,0.0,0.0,0.0,0.0,0.0,0.0,0.0,0.0,0.0,0.0,0.0,0.0,0.0,0.0,0.0,0.0,0.0,0.0,0.0,0.0,0.0,0.0,0.0,0.0,0.0,0.0,0.0,0.0,0.0,0.0,0.0,0.0,0.0,0.0,0.0,0.0,0.0,0.0,0.0,0.0,0.0,0.0,0.0,0.0,0.0,0.0,0.0,0.0,0.0,0.0,0.0,0.0,0.0,0.0,0.0,0.0,0.0,0.0,0.0,0.0,0.0,0.0,0.0,0.0,0.0,0.0,0.0,0.0,0.0,0.0,0.268825,1.120075,1.29055,1.110925,-0.177975,-0.1628,0.627675,0.9111750000000001,1.236225,1.3138,0.743225,1.2446,1.133,0.898425,1.0781,0.062975,0.14487499999999998,1.2551,1.071425,0.2926,0.6585,1.1248,0.531575,1.451,0.49195,0.511675,0.774825,0.7028,1.732925,0.15942499999999998,0.6869000000000001,0.4362,0.042925,1.543275,0.06915,0.63055,0.54245,0.73115,0.4266,0.613925,0.36212500000000003,0.194875,0.609175,0.184275,1.43415,-0.092575,-0.1711,0.5697,0.22205,1.627325,0.881525,0.4113,0.2379,0.843275,0.5256500000000001,0.301025,0.60735,0.646525,0.6909000000000001,1.037375,0.20987499999999998,-0.6724249999999999,-0.50855,-0.1364,0.4063,0.2061,0.47465,-0.0574,-0.43979999999999997,0.768525,-0.223925,-0.282925,-0.66245,-0.416475,0.827975,0.15505,0.2384,0.75915,0.6526,-0.22455,0.769,-0.278975,-0.12045,-0.174975,0.62045,0.7801,0.0,0.0,0.0,0.0,0.0,0.0,0.0,0.0,0.0,0.0,0.0,0.0,0.0,0.0,0.0,0.0,0.0,0.0,0.0,0.0,0.0,0.0,0.0,0.0,0.0,0.0,0.0,0.0,0.0,0.0,0.0,0.0,0.0,0.0,0.0,0.0,0.0,0.0,0.0,0.0,0.0,0.0,0.0,0.0,0.0,0.0,0.0,0.0,0.0,0.0,0.0,0.0,0.0,0.0,0.0,0.0,0.0,0.0,0.0,0.0,0.0,0.0,0.0,0.0,0.0,0.0,0.0,0.0,0.0,0.0,0.0,0.0,0.0,0.0,0.0,0.0,0.0,0.0,0.0,0.0,0.0,0.0,0.0,0.0,0.0,0.0,0.0,0.0,0.0,0.0,0.0,0.0,0.0,0.0,0.0,0.0,0.0,0.0,0.0,0.0,0.0,0.0,0.0,0.0,0.0,0.0,0.0,0.0,0.0,0.0,0.0,0.0,0.0,0.0,0.0,0.0,0.0,0.0,0.0,0.0,0.0,0.0,0.0,0.0,0.0,0.0,0.0,0.0,0.0,0.0,0.0,0.0,0.0,0.0,0.0,0.0,0.0,0.0,0.0,0.0,0.0,0.0,0.0,0.0,0.0,0.0,0.0,0.0,0.0,0.0,0.0,0.0,0.0,0.0,0.0,0.0,0.0
0.0,0.0,0.0,0.0,0.0,0.0,0.0,0.0,0.0,0.0,0.0,0.0,0.0,0.0,0.0,0.0,0.0,0.0,0.0,0.0,0.0,0.0,0.0,0.0,0.0,0.0,0.0,0.0,0.0,0.0,0.0,0.0,0.0,0.0,0.0,0.0,0.0,0.0,0.0,0.0,0.0,0.0,0.0,0.0,0.0,0.0,0.0,0.0,0.0,0.0,0.0,0.0,0.0,0.0,0.0,0.0,0.0,0.0,0.0,0.0,0.0,0.0,0.0,0.0,0.0,0.0,0.0,0.0,0.0,0.0,0.0,0.0,0.0,0.0,0.0,0.0,0.0,0.0,0.0,0.0,0.0,0.0,0.0,0.0,0.0,0.0,0.0,0.0,0.0,0.0,0.0,0.0,0.0,0.0,0.0,0.0,0.0,0.0,0.0,0.0,0.0,0.0,0.0,0.0,0.0,0.0,0.0,0.0,0.0,0.0,0.0,0.0,0.0,0.0,0.0,0.0,0.0,0.0,0.0,0.0,0.0,0.0,0.0,0.0,0.0,0.0,0.0,0.0,0.0,0.0,0.0,0.0,0.0,0.0,0.0,0.0,0.0,0.0,0.0,0.0,0.0,0.0,0.0,0.0,0.0,0.0,0.0,0.0,0.0,0.0,0.0,0.0,0.0,0.0,0.0,0.0,0.0,0.0,0.0,0.0,0.0,0.0,1.192075,1.773425,0.381125,1.045875,1.191075,1.0419,0.594775,-0.062625,0.48995,0.68535,1.3075,1.007275,-0.21905,1.1411,0.460075,1.5008,0.564225,-0.08587499999999999,0.989275,0.6244500000000001,1.3496000000000001,0.47454999999999997,0.432375,0.212725,1.21535,0.8254,0.5413250000000001,1.06335,0.270525,1.07675,0.94725,0.72185,0.280725,0.25279999999999997,-0.020925,0.30720000000000003,1.404225,0.14535,0.43789999999999996,0.656225,0.38417500000000004,1.5993249999999999,0.7621,0.22447499999999998,-0.065475,0.775325,0.13565,-0.24910000000000002,0.6719999999999999,0.241625,1.3500999999999999,0.48105000000000003,0.979425,-0.2946,0.332325,0.8373999999999999,0.2441,0.522825,-0.1383,-0.239625,0.29402500000000004,0.755625,0.058975,0.48435,-0.126975,-0.273175,0.0713,0.454275,-0.464675,-0.373525,0.9238999999999999,-0.13427499999999998,0.2769,-0.399275,-0.313075,0.532125,0.0,0.0,0.0,0.0,0.0,0.0,0.0,0.0,0.0,0.0,0.0,0.0,0.0,0.0,0.0,0.0,0.0,0.0,0.0,0.0,0.0,0.0,0.0,0.0,0.0,0.0,0.0,0.0,0.0,0.0,0.0,0.0,0.0,0.0,0.0,0.0,0.0,0.0,0.0,0.0,0.0,0.0,0.0,0.0,0.0,0.0,0.0,0.0,0.0,0.0,0.0,0.0,0.0,0.0,0.0,0.0,0.0,0.0,0.0,0.0,0.0,0.0,0.0,0.0,0.0,0.0,0.0,0.0,0.0,0.0,0.0,0.0,0.0,0.0,0.0,0.0,0.0,0.0,0.0,0.0,0.0,0.0,0.0,0.0,0.0,0.0,0.0,0.0,0.0,0.0,0.0,0.0,0.0,0.0,0.0,0.0,0.0,0.0,0.0,0.0,0.0,0.0,0.0,0.0,0.0,0.0,0.0,0.0,0.0,0.0,0.0,0.0,0.0,0.0,0.0,0.0,0.0,0.0,0.0,0.0,0.0,0.0,0.0,0.0,0.0,0.0,0.0,0.0,0.0,0.0,0.0,0.0,0.0,0.0,0.0,0.0,0.0,0.0,0.0,0.0,0.0,0.0,0.0,0.0,0.0,0.0,0.0,0.0,0.0,0.0,0.0,0.0,0.0,0.0,0.0,0.0,0.0,0.0,0.0,0.0,0.0,0.0
0.0,0.0,0.0,0.0,0.0,0.0,0.0,0.0,0.0,0.0,0.0,0.0,0.0,0.0,0.0,0.0,0.0,0.0,0.0,0.0,0.0,0.0,0.0,0.0,0.0,0.0,0.0,0.0,0.0,0.0,0.0,0.0,0.0,0.0,0.0,0.0,0.0,0.0,0.0,0.0,0.0,0.0,0.0,0.0,0.0,0.0,0.0,0.0,0.0,0.0,0.0,0.0,0.0,0.0,0.0,0.0,0.0,0.0,0.0,0.0,0.0,0.0,0.0,0.0,0.0,0.0,0.0,0.0,0.0,0.0,0.0,0.0,0.0,0.0,0.0,0.0,0.0,0.0,0.0,0.0,0.0,0.0,0.0,0.0,0.0,0.0,0.0,0.0,0.0,0.0,0.0,0.0,0.0,0.0,0.0,0.0,0.0,0.0,0.0,0.0,0.0,0.0,0.0,0.0,0.0,0.0,0.0,0.0,0.0,0.0,0.0,0.0,0.0,0.0,0.0,0.0,0.0,0.0,0.0,0.0,0.0,0.0,0.0,0.0,0.0,0.0,0.0,0.0,0.0,0.0,0.0,0.0,0.0,0.0,0.0,0.0,0.0,0.0,0.0,0.0,0.0,0.0,0.0,0.0,0.0,0.0,0.0,0.0,0.0,0.0,0.0,0.0,0.0,0.0,0.0,0.0,0.0,0.0,0.0,0.0,0.0,0.0,0.0,0.0,0.0,0.0,0.28245,-0.016050000000000002,0.8725499999999999,1.04455,1.043725,-0.027925,0.271675,0.7841750000000001,0.724325,0.252975,0.8153,0.11019999999999999,1.3581249999999998,1.5724500000000001,0.8858,0.333175,0.753925,1.6344,0.5015499999999999,0.70355,-0.26587500000000003,1.04105,0.687025,0.6804,0.78395,0.68465,-0.0834,1.071,0.6463749999999999,0.7761250000000001,0.180775,-0.1097,0.3992,0.873525,0.6693749999999999,-0.49115,0.748825,0.39255,0.222225,1.1376249999999999,-0.291675,-0.1164,0.5928,0.5731999999999999,0.152175,0.0055249999999999995,-0.8553999999999999,-0.2593,-0.08057500000000001,0.301775,1.17185,0.057025,0.30022499999999996,0.0949,0.57565,-0.1663,-0.525725,0.634375,0.117325,0.6211749999999999,0.965125,0.69075,-0.2818,0.254525,1.2906250000000001,0.19672499999999998,0.17285,0.417775,0.0,0.0,0.0,0.0,0.0,0.0,0.0,0.0,0.0,0.0,0.0,0.0,0.0,0.0,0.0,0.0,0.0,0.0,0.0,0.0,0.0,0.0,0.0,0.0,0.0,0.0,0.0,0.0,0.0,0.0,0.0,0.0,0.0,0.0,0.0,0.0,0.0,0.0,0.0,0.0,0.0,0.0,0.0,0.0,0.0,0.0,0.0,0.0,0.0,0.0,0.0,0.0,0.0,0.0,0.0,0.0,0.0,0.0,0.0,0.0,0.0,0.0,0.0,0.0,0.0,0.0,0.0,0.0,0.0,0.0,0.0,0.0,0.0,0.0,0.0,0.0,0.0,0.0,0.0,0.0,0.0,0.0,0.0,0.0,0.0,0.0,0.0,0.0,0.0,0.0,0.0,0.0,0.0,0.0,0.0,0.0,0.0,0.0,0.0,0.0,0.0,0.0,0.0,0.0,0.0,0.0,0.0,0.0,0.0,0.0,0.0,0.0,0.0,0.0,0.0,0.0,0.0,0.0,0.0,0.0,0.0,0.0,0.0,0.0,0.0,0.0,0.0,0.0,0.0,0.0,0.0,0.0,0.0,0.0,0.0,0.0,0.0,0.0,0.0,0.0,0.0,0.0,0.0,0.0,0.0,0.0,0.0,0.0,0.0,0.0,0.0,0.0,0.0,0.0,0.0,0.0,0.0,0.0,0.0,0.0,0.0,0.0,0.0,0.0,0.0,0.0
0.0,0.0,0.0,0.0,0.0,0.0,0.0,0.0,0.0,0.0,0.0,0.0,0.0,0.0,0.0,0.0,0.0,0.0,0.0,0.0,0.0,0.0,0.0,0.0,0.0,0.0,0.0,0.0,0.0,0.0,0.0,0.0,0.0,0.0,0.0,0.0,0.0,0.0,0.0,0.0,0.0,0.0,0.0,0.0,0.0,0.0,0.0,0.0,0.0,0.0,0.0,0.0,0.0,0.0,0.0,0.0,0.0,0.0,0.0,0.0,0.0,0.0,0.0,0.0,0.0,0.0,0.0,0.0,0.0,0.0,0.0,0.0,0.0,0.0,0.0,0.0,0.0,0.0,0.0,0.0,0.0,0.0,0.0,0.0,0.0,0.0,0.0,0.0,0.0,0.0,0.0,0.0,0.0,0.0,0.0,0.0,0.0,0.0,0.0,0.0,0.0,0.0,0.0,0.0,0.0,0.0,0.0,0.0,0.0,0.0,0.0,0.0,0.0,0.0,0.0,0.0,0.0,0.0,0.0,0.0,0.0,0.0,0.0,0.0,0.0,0.0,0.0,0.0,0.0,0.0,0.0,0.0,0.0,0.0,0.0,0.0,0.0,0.0,0.0,0.0,0.0,0.0,0.0,0.0,0.0,0.0,0.0,0.0,0.0,0.0,0.0,0.0,0.0,0.0,0.0,0.0,0.0,0.0,0.0,0.0,0.0,0.0,0.0,0.0,0.0,0.0,0.0,0.0,0.0,0.0,0.0,0.0,1.248075,0.908775,0.44915000000000005,1.18275,0.95165,0.7014,0.5838,0.16924999999999998,1.3753,1.05175,0.22885,0.519075,0.3292,0.79145,0.898975,0.6022,0.32994999999999997,0.27290000000000003,0.8652,0.728425,0.293275,0.624275,0.394525,0.735175,0.7639750000000001,0.302125,-0.00325,-0.002175,0.36850000000000005,0.5409,0.899475,-0.030525000000000004,0.34105,0.817375,0.97145,0.745575,0.220675,-0.49,-0.577575,1.422475,-0.32084999999999997,0.353675,-0.234675,1.2016,0.746125,1.205725,-0.14292500000000002,-0.221575,-0.0528,0.6393,1.5869749999999998,0.138875,0.2147,-0.46505,0.312025,1.07855,0.0,0.0,0.0,0.0,0.0,0.0,0.0,0.0,0.0,0.0,0.0,0.0,0.0,0.0,0.0,0.0,0.0,0.0,0.0,0.0,0.0,0.0,0.0,0.0,0.0,0.0,0.0,0.0,0.0,0.0,0.0,0.0,0.0,0.0,0.0,0.0,0.0,0.0,0.0,0.0,0.0,0.0,0.0,0.0,0.0,0.0,0.0,0.0,0.0,0.0,0.0,0.0,0.0,0.0,0.0,0.0,0.0,0.0,0.0,0.0,0.0,0.0,0.0,0.0,0.0,0.0,0.0,0.0,0.0,0.0,0.0,0.0,0.0,0.0,0.0,0.0,0.0,0.0,0.0,0.0,0.0,0.0,0.0,0.0,0.0,0.0,0.0,0.0,0.0,0.0,0.0,0.0,0.0,0.0,0.0,0.0,0.0,0.0,0.0,0.0,0.0,0.0,0.0,0.0,0.0,0.0,0.0,0.0,0.0,0.0,0.0,0.0,0.0,0.0,0.0,0.0,0.0,0.0,0.0,0.0,0.0,0.0,0.0,0.0,0.0,0.0,0.0,0.0,0.0,0.0,0.0,0.0,0.0,0.0,0.0,0.0,0.0,0.0,0.0,0.0,0.0,0.0,0.0,0.0,0.0,0.0,0.0,0.0,0.0,0.0,0.0,0.0,0.0,0.0,0.0,0.0,0.0,0.0,0.0,0.0,0.0,0.0,0.0,0.0,0.0,0.0,0.0,0.0,0.0,0.0,0.0,0.0
0.0,0.0,0.0,0.0,0.0,0.0,0.0,0.0,0.0,0.0,0.0,0.0,0.0,0.0,0.0,0.0,0.0,0.0,0.0,0.0,0.0,0.0,0.0,0.0,0.0,0.0,0.0,0.0,0.0,0.0,0.0,0.0,0.0,0.0,0.0,0.0,0.0,0.0,0.0,0.0,0.0,0.0,0.0,0.0,0.0,0.0,0.0,0.0,0.0,0.0,0.0,0.0,0.0,0.0,0.0,0.0,0.0,0.0,0.0,0.0,0.0,0.0,0.0,0.0,0.0,0.0,0.0,0.0,0.0,0.0,0.0,0.0,0.0,0.0,0.0,0.0,0.0,0.0,0.0,0.0,0.0,0.0,0.0,0.0,0.0,0.0,0.0,0.0,0.0,0.0,0.0,0.0,0.0,0.0,0.0,0.0,0.0,0.0,0.0,0.0,0.0,0.0,0.0,0.0,0.0,0.0,0.0,0.0,0.0,0.0,0.0,0.0,0.0,0.0,0.0,0.0,0.0,0.0,0.0,0.0,0.0,0.0,0.0,0.0,0.0,0.0,0.0,0.0,0.0,0.0,0.0,0.0,0.0,0.0,0.0,0.0,0.0,0.0,0.0,0.0,0.0,0.0,0.0,0.0,0.0,0.0,0.0,0.0,0.0,0.0,0.0,0.0,0.0,0.0,0.0,0.0,0.0,0.0,0.0,0.0,0.0,0.0,0.0,0.0,0.0,0.0,0.0,0.0,0.0,0.0,0.0,0.0,0.0,0.0,0.0,0.0,0.0,0.0,0.0,0.0,0.575825,0.2574,0.7234,0.9945499999999999,-0.312425,0.129625,0.78235,1.2652999999999999,0.546,0.219925,0.3797,1.6459,1.16985,0.961825,0.968075,0.0036749999999999994,0.79755,0.858775,-0.054425,0.7325,0.242425,0.43135,0.1048,1.06555,0.499225,0.153025,-0.165575,0.12275,1.0174249999999998,0.539725,0.47485,0.337375,0.3315,1.088125,0.030199999999999998,-0.78155,0.01145,0.815925,0.6428,0.231375,0.0,0.0,0.0,0.0,0.0,0.0,0.0,0.0,0.0,0.0,0.0,0.0,0.0,0.0,0.0,0.0,0.0,0.0,0.0,0.0,0.0,0.0,0.0,0.0,0.0,0.0,0.0,0.0,0.0,0.0,0.0,0.0,0.0,0.0,0.0,0.0,0.0,0.0,0.0,0.0,0.0,0.0,0.0,0.0,0.0,0.0,0.0,0.0,0.0,0.0,0.0,0.0,0.0,0.0,0.0,0.0,0.0,0.0,0.0,0.0,0.0,0.0,0.0,0.0,0.0,0.0,0.0,0.0,0.0,0.0,0.0,0.0,0.0,0.0,0.0,0.0,0.0,0.0,0.0,0.0,0.0,0.0,0.0,0.0,0.0,0.0,0.0,0.0,0.0,0.0,0.0,0.0,0.0,0.0,0.0,0.0,0.0,0.0,0.0,0.0,0.0,0.0,0.0,0.0,0.0,0.0,0.0,0.0,0.0,0.0,0.0,0.0,0.0,0.0,0.0,0.0,0.0,0.0,0.0,0.0,0.0,0.0,0.0,0.0,0.0,0.0,0.0,0.0,0.0,0.0,0.0,0.0,0.0,0.0,0.0,0.0,0.0,0.0,0.0,0.0,0.0,0.0,0.0,0.0,0.0,0.0,0.0,0.0,0.0,0.0,0.0,0.0,0.0,0.0,0.0,0.0,0.0,0.0,0.0,0.0,0.0,0.0,0.0,0.0,0.0,0.0,0.0,0.0,0.0,0.0,0.0,0.0,0.0,0.0,0.0,0.0,0.0,0.0,0.0,0.0
0.0,0.0,0.0,0.0,0.0,0.0,0.0,0.0,0.0,0.0,0.0,0.0,0.0,0.0,0.0,0.0,0.0,0.0,0.0,0.0,0.0,0.0,0.0,0.0,0.0,0.0,0.0,0.0,0.0,0.0,0.0,0.0,0.0,0.0,0.0,0.0,0.0,0.0,0.0,0.0,0.0,0.0,0.0,0.0,0.0,0.0,0.0,0.0,0.0,0.0,0.0,0.0,0.0,0.0,0.0,0.0,0.0,0.0,0.0,0.0,0.0,0.0,0.0,0.0,0.0,0.0,0.0,0.0,0.0,0.0,0.0,0.0,0.0,0.0,0.0,0.0,0.0,0.0,0.0,0.0,0.0,0.0,0.0,0.0,0.0,0.0,0.0,0.0,0.0,0.0,0.0,0.0,0.0,0.0,0.0,0.0,0.0,0.0,0.0,0.0,0.0,0.0,0.0,0.0,0.0,0.0,0.0,0.0,0.0,0.0,0.0,0.0,0.0,0.0,0.0,0.0,0.0,0.0,0.0,0.0,0.0,0.0,0.0,0.0,0.0,0.0,0.0,0.0,0.0,0.0,0.0,0.0,0.0,0.0,0.0,0.0,0.0,0.0,0.0,0.0,0.0,0.0,0.0,0.0,0.0,0.0,0.0,0.0,0.0,0.0,0.0,0.0,0.0,0.0,0.0,0.0,0.0,0.0,0.0,0.0,0.0,0.0,0.0,0.0,0.0,0.0,0.0,0.0,0.0,0.0,0.0,0.0,0.0,0.0,0.0,0.0,0.0,0.0,0.0,0.0,0.0,0.0,0.0,0.0,0.0,0.0,0.0,0.0,0.0,0.0,0.0,0.0,1.06735,0.344775,1.1817000000000002,0.985575,1.130525,-0.545225,0.09225,0.897475,1.7602000000000002,1.0193999999999999,0.110025,1.17175,0.765975,1.060975,0.919975,0.271675,0.0,0.0,0.0,0.0,0.0,0.0,0.0,0.0,0.0,0.0,0.0,0.0,0.0,0.0,0.0,0.0,0.0,0.0,0.0,0.0,0.0,0.0,0.0,0.0,0.0,0.0,0.0,0.0,0.0,0.0,0.0,0.0,0.0,0.0,0.0,0.0,0.0,0.0,0.0,0.0,0.0,0.0,0.0,0.0,0.0,0.0,0.0,0.0,0.0,0.0,0.0,0.0,0.0,0.0,0.0,0.0,0.0,0.0,0.0,0.0,0.0,0.0,0.0,0.0,0.0,0.0,0.0,0.0,0.0,0.0,0.0,0.0,0.0,0.0,0.0,0.0,0.0,0.0,0.0,0.0,0.0,0.0,0.0,0.0,0.0,0.0,0.0,0.0,0.0,0.0,0.0,0.0,0.0,0.0,0.0,0.0,0.0,0.0,0.0,0.0,0.0,0.0,0.0,0.0,0.0,0.0,0.0,0.0,0.0,0.0,0.0,0.0,0.0,0.0,0.0,0.0,0.0,0.0,0.0,0.0,0.0,0.0,0.0,0.0,0.0,0.0,0.0,0.0,0.0,0.0,0.0,0.0,0.0,0.0,0.0,0.0,0.0,0.0,0.0,0.0,0.0,0.0,0.0,0.0,0.0,0.0,0.0,0.0,0.0,0.0,0.0,0.0,0.0,0.0,0.0,0.0,0.0,0.0,0.0,0.0,0.0,0.0,0.0,0.0,0.0,0.0,0.0,0.0,0.0,0.0,0.0,0.0,0.0,0.0,0.0,0.0,0.0,0.0,0.0,0.0,0.0,0.0,0.0,0.0,0.0,0.0,0.0,0.0,0.0,0.0,0.0,0.0
0.0,0.0,0.0,0.0,0.0,0.0,0.0,0.0,0.0,0.0,0.0,0.0,0.0,0.0,0.0,0.0,0.0,0.0,0.0,0.0,0.0,0.0,0.0,0.0,0.0,0.0,0.0,0.0,0.0,0.0,0.0,0.0,0.0,0.0,0.0,0.0,0.0,0.0,0.0,0.0,0.0,0.0,0.0,0.0,0.0,0.0,0.0,0.0,0.0,0.0,0.0,0.0,0.0,0.0,0.0,0.0,0.0,0.0,0.0,0.0,0.0,0.0,0.0,0.0,0.0,0.0,0.0,0.0,0.0,0.0,0.0,0.0,0.0,0.0,0.0,0.0,0.0,0.0,0.0,0.0,0.0,0.0,0.0,0.0,0.0,0.0,0.0,0.0,0.0,0.0,0.0,0.0,0.0,0.0,0.0,0.0,0.0,0.0,0.0,0.0,0.0,0.0,0.0,0.0,0.0,0.0,0.0,0.0,0.0,0.0,0.0,0.0,0.0,0.0,0.0,0.0,0.0,0.0,0.0,0.0,0.0,0.0,0.0,0.0,0.0,0.0,0.0,0.0,0.0,0.0,0.0,0.0,0.0,0.0,0.0,0.0,0.0,0.0,0.0,0.0,0.0,0.0,0.0,0.0,0.0,0.0,0.0,0.0,0.0,0.0,0.0,0.0,0.0,0.0,0.0,0.0,0.0,0.0,0.0,0.0,0.0,0.0,0.0,0.0,0.0,0.0,0.0,0.0,0.0,0.0,0.0,0.0,0.0,0.0,0.0,0.0,0.0,0.0,0.0,0.0,0.0,0.0,0.0,0.0,0.0,0.0,0.0,0.0,0.0,0.0,0.0,0.0,0.0,0.0,0.0,0.0,0.0,0.0,0.0,0.0,0.0,0.0,0.0,0.0,0.0,0.0,0.0,0.0,0.0,0.0,0.0,0.0,0.0,0.0,0.0,0.0,0.0,0.0,0.0,0.0,0.0,0.0,0.0,0.0,0.0,0.0,0.0,0.0,0.0,0.0,0.0,0.0,0.0,0.0,0.0,0.0,0.0,0.0,0.0,0.0,0.0,0.0,0.0,0.0,0.0,0.0,0.0,0.0,0.0,0.0,0.0,0.0,0.0,0.0,0.0,0.0,0.0,0.0,0.0,0.0,0.0,0.0,0.0,0.0,0.0,0.0,0.0,0.0,0.0,0.0,0.0,0.0,0.0,0.0,0.0,0.0,0.0,0.0,0.0,0.0,0.0,0.0,0.0,0.0,0.0,0.0,0.0,0.0,0.0,0.0,0.0,0.0,0.0,0.0,0.0,0.0,0.0,0.0,0.0,0.0,0.0,0.0,0.0,0.0,0.0,0.0,0.0,0.0,0.0,0.0,0.0,0.0,0.0,0.0,0.0,0.0,0.0,0.0,0.0,0.0,0.0,0.0,0.0,0.0,0.0,0.0,0.0,0.0,0.0,0.0,0.0,0.0,0.0,0.0,0.0,0.0,0.0,0.0,0.0,0.0,0.0,0.0,0.0,0.0,0.0,0.0,0.0,0.0,0.0,0.0,0.0,0.0,0.0,0.0,0.0,0.0,0.0,0.0,0.0,0.0,0.0,0.0,0.0,0.0,0.0,0.0,0.0,0.0,0.0,0.0,0.0,0.0,0.0,0.0,0.0,0.0,0.0,0.0,0.0,0.0,0.0,0.0,0.0,0.0,0.0,0.0,0.0,0.0,0.0,0.0,0.0,0.0,0.0,0.0,0.0,0.0,0.0,0.0,0.0,0.0
0.0,0.0,0.0,0.0,0.0,0.0,0.0,0.0,0.0,0.0,0.0,0.0,0.0,0.0,0.0,0.0,0.0,0.0,0.0,0.0,0.0,0.0,0.0,0.0,0.0,0.0,0.0,0.0,0.0,0.0,0.0,0.0,0.0,0.0,0.0,0.0,0.0,0.0,0.0,0.0,0.0,0.0,0.0,0.0,0.0,0.0,0.0,0.0,0.0,0.0,0.0,0.0,0.0,0.0,0.0,0.0,0.0,0.0,0.0,0.0,0.0,0.0,0.0,0.0,0.0,0.0,0.0,0.0,0.0,0.0,0.0,0.0,0.0,0.0,0.0,0.0,0.0,0.0,0.0,0.0,0.0,0.0,0.0,0.0,0.0,0.0,0.0,0.0,0.0,0.0,0.0,0.0,0.0,0.0,0.0,0.0,0.0,0.0,0.0,0.0,0.0,0.0,0.0,0.0,0.0,0.0,0.0,0.0,0.0,0.0,0.0,0.0,0.0,0.0,0.0,0.0,0.0,0.0,0.0,0.0,0.0,0.0,0.0,0.0,0.0,0.0,0.0,0.0,0.0,0.0,0.0,0.0,0.0,0.0,0.0,0.0,0.0,0.0,0.0,0.0,0.0,0.0,0.0,0.0,0.0,0.0,0.0,0.0,0.0,0.0,0.0,0.0,0.0,0.0,0.0,0.0,0.0,0.0,0.0,0.0,0.0,0.0,0.0,0.0,0.0,0.0,0.0,0.0,0.0,0.0,0.0,0.0,0.0,0.0,0.0,0.0,0.0,0.0,0.0,0.0,0.0,0.0,0.0,0.0,0.0,0.0,0.0,0.0,0.0,0.0,0.0,0.0,0.0,0.0,0.0,0.0,0.0,0.0,0.0,0.0,0.0,0.0,0.0,0.0,0.0,0.0,0.0,0.0,0.0,0.0,0.0,0.0,0.0,0.0,0.0,0.0,0.0,0.0,0.0,0.0,0.0,0.0,0.0,0.0,0.0,0.0,0.0,0.0,0.0,0.0,0.0,0.0,0.0,0.0,0.0,0.0,0.0,0.0,0.0,0.0,0.0,0.0,0.0,0.0,0.0,0.0,0.0,0.0,0.0,0.0,0.0,0.0,0.0,0.0,0.0,0.0,0.0,0.0,0.0,0.0,0.0,0.0,0.0,0.0,0.0,0.0,0.0,0.0,0.0,0.0,0.0,0.0,0.0,0.0,0.0,0.0,0.0,0.0,0.0,0.0,0.0,0.0,0.0,0.0,0.0,0.0,0.0,0.0,0.0,0.0,0.0,0.0,0.0,0.0,0.0,0.0,0.0,0.0,0.0,0.0,0.0,0.0,0.0,0.0,0.0,0.0,0.0,0.0,0.0,0.0,0.0,0.0,0.0,0.0,0.0,0.0,0.0,0.0,0.0,0.0,0.0,0.0,0.0,0.0,0.0,0.0,0.0,0.0,0.0,0.0,0.0,0.0,0.0,0.0,0.0,0.0,0.0,0.0,0.0,0.0,0.0,0.0,0.0,0.0,0.0,0.0,0.0,0.0,0.0,0.0,0.0,0.0,0.0,0.0,0.0,0.0,0.0,0.0,0.0,0.0,0.0,0.0,0.0,0.0,0.0,0.0,0.0,0.0,0.0,0.0,0.0,0.0,0.0,0.0,0.0,0.0,0.0,0.0,0.0,0.0,0.0,0.0,0.0,0.0,0.0,0.0,0.0,0.0,0.0,0.0,0.0,0.0,0.0,0.0,0.0,0.0,0.0,0.0,0.0,0.0
0.0,0.0,0.0,0.0,0.0,0.0,0.0,0.0,0.0,0.0,0.0,0.0,0.0,0.0,0.0,0.0,0.0,0.0,0.0,0.0,0.0,0.0,0.0,0.0,0.0,0.0,0.0,0.0,0.0,0.0,0.0,0.0,0.0,0.0,0.0,0.0,0.0,0.0,0.0,0.0,0.0,0.0,0.0,0.0,0.0,0.0,0.0,0.0,0.0,0.0,0.0,0.0,0.0,0.0,0.0,0.0,0.0,0.0,0.0,0.0,0.0,0.0,0.0,0.0,0.0,0.0,0.0,0.0,0.0,0.0,0.0,0.0,0.0,0.0,0.0,0.0,0.0,0.0,0.0,0.0,0.0,0.0,0.0,0.0,0.0,0.0,0.0,0.0,0.0,0.0,0.0,0.0,0.0,0.0,0.0,0.0,0.0,0.0,0.0,0.0,0.0,0.0,0.0,0.0,0.0,0.0,0.0,0.0,0.0,0.0,0.0,0.0,0.0,0.0,0.0,0.0,0.0,0.0,0.0,0.0,0.0,0.0,0.0,0.0,0.0,0.0,0.0,0.0,0.0,0.0,0.0,0.0,0.0,0.0,0.0,0.0,0.0,0.0,0.0,0.0,0.0,0.0,0.0,0.0,0.0,0.0,0.0,0.0,0.0,0.0,0.0,0.0,0.0,0.0,0.0,0.0,0.0,0.0,0.0,0.0,0.0,0.0,0.0,0.0,0.0,0.0,0.0,0.0,0.0,0.0,0.0,0.0,0.0,0.0,0.0,0.0,0.0,0.0,0.0,0.0,0.0,0.0,0.0,0.0,0.0,0.0,0.0,0.0,0.0,0.0,0.0,0.0,0.0,0.0,0.0,0.0,0.0,0.0,0.0,0.0,0.0,0.0,0.0,0.0,0.0,0.0,0.0,0.0,0.0,0.0,0.0,0.0,0.0,0.0,0.0,0.0,0.0,0.0,0.0,0.0,0.0,0.0,0.0,0.0,0.0,0.0,0.0,0.0,0.0,0.0,0.0,0.0,0.0,0.0,0.0,0.0,0.0,0.0,0.0,0.0,0.0,0.0,0.0,0.0,0.0,0.0,0.0,0.0,0.0,0.0,0.0,0.0,0.0,0.0,0.0,0.0,0.0,0.0,0.0,0.0,0.0,0.0,0.0,0.0,0.0,0.0,0.0,0.0,0.0,0.0,0.0,0.0,0.0,0.0,0.0,0.0,0.0,0.0,0.0,0.0,0.0,0.0,0.0,0.0,0.0,0.0,0.0,0.0,0.0,0.0,0.0,0.0,0.0,0.0,0.0,0.0,0.0,0.0,0.0,0.0,0.0,0.0,0.0,0.0,0.0,0.0,0.0,0.0,0.0,0.0,0.0,0.0,0.0,0.0,0.0,0.0,0.0,0.0,0.0,0.0,0.0,0.0,0.0,0.0,0.0,0.0,0.0,0.0,0.0,0.0,0.0,0.0,0.0,0.0,0.0,0.0,0.0,0.0,0.0,0.0,0.0,0.0,0.0,0.0,0.0,0.0,0.0,0.0,0.0,0.0,0.0,0.0,0.0,0.0,0.0,0.0,0.0,0.0,0.0,0.0,0.0,0.0,0.0,0.0,0.0,0.0,0.0,0.0,0.0,0.0,0.0,0.0,0.0,0.0,0.0,0.0,0.0,0.0,0.0,0.0,0.0,0.0,0.0,0.0,0.0,0.0,0.0,0.0,0.0,0.0,0.0,0.0,0.0,0.0,0.0,0.0,0.0,0.0,0.0,0.0
0.0,0.0,0.0,0.0,0.0,0.0,0.0,0.0,0.0,0.0,0.0,0.0,0.0,0.0,0.0,0.0,0.0,0.0,0.0,0.0,0.0,0.0,0.0,0.0,0.0,0.0,0.0,0.0,0.0,0.0,0.0,0.0,0.0,0.0,0.0,0.0,0.0,0.0,0.0,0.0,0.0,0.0,0.0,0.0,0.0,0.0,0.0,0.0,0.0,0.0,0.0,0.0,0.0,0.0,0.0,0.0,0.0,0.0,0.0,0.0,0.0,0.0,0.0,0.0,0.0,0.0,0.0,0.0,0.0,0.0,0.0,0.0,0.0,0.0,0.0,0.0,0.0,0.0,0.0,0.0,0.0,0.0,0.0,0.0,0.0,0.0,0.0,0.0,0.0,0.0,0.0,0.0,0.0,0.0,0.0,0.0,0.0,0.0,0.0,0.0,0.0,0.0,0.0,0.0,0.0,0.0,0.0,0.0,0.0,0.0,0.0,0.0,0.0,0.0,0.0,0.0,0.0,0.0,0.0,0.0,0.0,0.0,0.0,0.0,0.0,0.0,0.0,0.0,0.0,0.0,0.0,0.0,0.0,0.0,0.0,0.0,0.0,0.0,0.0,0.0,0.0,0.0,0.0,0.0,0.0,0.0,0.0,0.0,0.0,0.0,0.0,0.0,0.0,0.0,0.0,0.0,0.0,0.0,0.0,0.0,0.0,0.0,0.0,0.0,0.0,0.0,0.0,0.0,0.0,0.0,0.0,0.0,0.0,0.0,0.0,0.0,0.0,0.0,0.0,0.0,0.0,0.0,0.0,0.0,0.0,0.0,0.0,0.0,0.0,0.0,0.0,0.0,0.0,0.0,0.0,0.0,0.0,0.0,0.0,0.0,0.0,0.0,0.0,0.0,0.0,0.0,0.0,0.0,0.0,0.0,0.0,0.0,0.0,0.0,0.0,0.0,0.0,0.0,0.0,0.0,0.0,0.0,0.0,0.0,0.0,0.0,0.0,0.0,0.0,0.0,0.0,0.0,0.0,0.0,0.0,0.0,0.0,0.0,0.0,0.0,0.0,0.0,0.0,0.0,0.0,0.0,0.0,0.0,0.0,0.0,0.0,0.0,0.0,0.0,0.0,0.0,0.0,0.0,0.0,0.0,0.0,0.0,0.0,0.0,0.0,0.0,0.0,0.0,0.0,0.0,0.0,0.0,0.0,0.0,0.0,0.0,0.0,0.0,0.0,0.0,0.0,0.0,0.0,0.0,0.0,0.0,0.0,0.0,0.0,0.0,0.0,0.0,0.0,0.0,0.0,0.0,0.0,0.0,0.0,0.0,0.0,0.0,0.0,0.0,0.0,0.0,0.0,0.0,0.0,0.0,0.0,0.0,0.0,0.0,0.0,0.0,0.0,0.0,0.0,0.0,0.0,0.0,0.0,0.0,0.0,0.0,0.0,0.0,0.0,0.0,0.0,0.0,0.0,0.0,0.0,0.0,0.0,0.0,0.0,0.0,0.0,0.0,0.0,0.0,0.0,0.0,0.0,0.0,0.0,0.0,0.0,0.0,0.0,0.0,0.0,0.0,0.0,0.0,0.0,0.0,0.0,0.0,0.0,0.0,0.0,0.0,0.0,0.0,0.0,0.0,0.0,0.0,0.0,0.0,0.0,0.0,0.0,0.0,0.0,0.0,0.0,0.0,0.0,0.0,0.0,0.0,0.0,0.0,0.0,0.0,0.0,0.0,0.0,0.0,0.0,0.0,0.0,0.0,0.0,0.0
0.0,0.0,0.0,0.0,0.0,0.0,0.0,0.0,0.0,0.0,0.0,0.0,0.0,0.0,0.0,0.0,0.0,0.0,0.0,0.0,0.0,0.0,0.0,0.0,0.0,0.0,0.0,0.0,0.0,0.0,0.0,0.0,0.0,0.0,0.0,0.0,0.0,0.0,0.0,0.0,0.0,0.0,0.0,0.0,0.0,0.0,0.0,0.0,0.0,0.0,0.0,0.0,0.0,0.0,0.0,0.0,0.0,0.0,0.0,0.0,0.0,0.0,0.0,0.0,0.0,0.0,0.0,0.0,0.0,0.0,0.0,0.0,0.0,0.0,0.0,0.0,0.0,0.0,0.0,0.0,0.0,0.0,0.0,0.0,0.0,0.0,0.0,0.0,0.0,0.0,0.0,0.0,0.0,0.0,0.0,0.0,0.0,0.0,0.0,0.0,0.0,0.0,0.0,0.0,0.0,0.0,0.0,0.0,0.0,0.0,0.0,0.0,0.0,0.0,0.0,0.0,0.0,0.0,0.0,0.0,0.0,0.0,0.0,0.0,0.0,0.0,0.0,0.0,0.0,0.0,0.0,0.0,0.0,0.0,0.0,0.0,0.0,0.0,0.0,0.0,0.0,0.0,0.0,0.0,0.0,0.0,0.0,0.0,0.0,0.0,0.0,0.0,0.0,0.0,0.0,0.0,0.0,0.0,0.0,0.0,0.0,0.0,0.0,0.0,0.0,0.0,0.0,0.0,0.0,0.0,0.0,0.0,0.0,0.0,0.0,0.0,0.0,0.0,0.0,0.0,0.0,0.0,0.0,0.0,0.0,0.0,0.0,0.0,0.0,0.0,0.0,0.0,0.0,0.0,0.0,0.0,0.0,0.0,0.0,0.0,0.0,0.0,0.0,0.0,0.0,0.0,0.0,0.0,0.0,0.0,0.0,0.0,0.0,0.0,0.0,0.0,0.0,0.0,0.0,0.0,0.0,0.0,0.0,0.0,0.0,0.0,0.0,0.0,0.0,0.0,0.0,0.0,0.0,0.0,0.0,0.0,0.0,0.0,0.0,0.0,0.0,0.0,0.0,0.0,0.0,0.0,0.0,0.0,0.0,0.0,0.0,0.0,0.0,0.0,0.0,0.0,0.0,0.0,0.0,0.0,0.0,0.0,0.0,0.0,0.0,0.0,0.0,0.0,0.0,0.0,0.0,0.0,0.0,0.0,0.0,0.0,0.0,0.0,0.0,0.0,0.0,0.0,0.0,0.0,0.0,0.0,0.0,0.0,0.0,0.0,0.0,0.0,0.0,0.0,0.0,0.0,0.0,0.0,0.0,0.0,0.0,0.0,0.0,0.0,0.0,0.0,0.0,0.0,0.0,0.0,0.0,0.0,0.0,0.0,0.0,0.0,0.0,0.0,0.0,0.0,0.0,0.0,0.0,0.0,0.0,0.0,0.0,0.0,0.0,0.0,0.0,0.0,0.0,0.0,0.0,0.0,0.0,0.0,0.0,0.0,0.0,0.0,0.0,0.0,0.0,0.0,0.0,0.0,0.0,0.0,0.0,0.0,0.0,0.0,0.0,0.0,0.0,0.0,0.0,0.0,0.0,0.0,0.0,0.0,0.0,0.0,0.0,0.0,0.0,0.0,0.0,0.0,0.0,0.0,0.0,0.0,0.0,0.0,0.0,0.0,0.0,0.0,0.0,0.0,0.0,0.0,0.0,0.0,0.0,0.0,0.0,0.0,0.0,0.0,0.0,0.0,0.0,0.0,0.0,0.0
0.0,0.0,0.0,0.0,0.0,0.0,0.0,0.0,0.0,0.0,0.0,0.0,0.0,0.0,0.0,0.0,0.0,0.0,0.0,0.0,0.0,0.0,0.0,0.0,0.0,0.0,0.0,0.0,0.0,0.0,0.0,0.0,0.0,0.0,0.0,0.0,0.0,0.0,0.0,0.0,0.0,0.0,0.0,0.0,0.0,0.0,0.0,0.0,0.0,0.0,0.0,0.0,0.0,0.0,0.0,0.0,0.0,0.0,0.0,0.0,0.0,0.0,0.0,0.0,0.0,0.0,0.0,0.0,0.0,0.0,0.0,0.0,0.0,0.0,0.0,0.0,0.0,0.0,0.0,0.0,0.0,0.0,0.0,0.0,0.0,0.0,0.0,0.0,0.0,0.0,0.0,0.0,0.0,0.0,0.0,0.0,0.0,0.0,0.0,0.0,0.0,0.0,0.0,0.0,0.0,0.0,0.0,0.0,0.0,0.0,0.0,0.0,0.0,0.0,0.0,0.0,0.0,0.0,0.0,0.0,0.0,0.0,0.0,0.0,0.0,0.0,0.0,0.0,0.0,0.0,0.0,0.0,0.0,0.0,0.0,0.0,0.0,0.0,0.0,0.0,0.0,0.0,0.0,0.0,0.0,0.0,0.0,0.0,0.0,0.0,0.0,0.0,0.0,0.0,0.0,0.0,0.0,0.0,0.0,0.0,0.0,0.0,0.0,0.0,0.0,0.0,0.0,0.0,0.0,0.0,0.0,0.0,0.0,0.0,0.0,0.0,0.0,0.0,0.0,0.0,0.0,0.0,0.0,0.0,0.0,0.0,0.0,0.0,0.0,0.0,0.0,0.0,0.0,0.0,0.0,0.0,0.0,0.0,0.0,0.0,0.0,0.0,0.0,0.0,0.0,0.0,0.0,0.0,0.0,0.0,0.0,0.0,0.0,0.0,0.0,0.0,0.0,0.0,0.0,0.0,0.0,0.0,0.0,0.0,0.0,0.0,0.0,0.0,0.0,0.0,0.0,0.0,0.0,0.0,0.0,0.0,0.0,0.0,0.0,0.0,0.0,0.0,0.0,0.0,0.0,0.0,0.0,0.0,0.0,0.0,0.0,0.0,0.0,0.0,0.0,0.0,0.0,0.0,0.0,0.0,0.0,0.0,0.0,0.0,0.0,0.0,0.0,0.0,0.0,0.0,0.0,0.0,0.0,0.0,0.0,0.0,0.0,0.0,0.0,0.0,0.0,0.0,0.0,0.0,0.0,0.0,0.0,0.0,0.0,0.0,0.0,0.0,0.0,0.0,0.0,0.0,0.0,0.0,0.0,0.0,0.0,0.0,0.0,0.0,0.0,0.0,0.0,0.0,0.0,0.0,0.0,0.0,0.0,0.0,0.0,0.0,0.0,0.0,0.0,0.0,0.0,0.0,0.0,0.0,0.0,0.0,0.0,0.0,0.0,0.0,0.0,0.0,0.0,0.0,0.0,0.0,0.0,0.0,0.0,0.0,0.0,0.0,0.0,0.0,0.0,0.0,0.0,0.0,0.0,0.0,0.0,0.0,0.0,0.0,0.0,0.0,0.0,0.0,0.0,0.0,0.0,0.0,0.0,0.0,0.0,0.0,0.0,0.0,0.0,0.0,0.0,0.0,0.0,0.0,0.0,0.0,0.0,0.0,0.0,0.0,0.0,0.0,0.0,0.0,0.0,0.0,0.0,0.0,0.0,0.0,0.0,0.0,0.0,0.0,0.0,0.0,0.0,0.0,0.0,0.0
0.0,0.0,0.0,0.0,0.0,0.0,0.0,0.0,0.0,0.0,0.0,0.0,0.0,0.0,0.0,0.0,0.0,0.0,0.0,0.0,0.0,0.0,0.0,0.0,0.0,0.0,0.0,0.0,0.0,0.0,0.0,0.0,0.0,0.0,0.0,0.0,0.0,0.0,0.0,0.0,0.0,0.0,0.0,0.0,0.0,0.0,0.0,0.0,0.0,0.0,0.0,0.0,0.0,0.0,0.0,0.0,0.0,0.0,0.0,0.0,0.0,0.0,0.0,0.0,0.0,0.0,0.0,0.0,0.0,0.0,0.0,0.0,0.0,0.0,0.0,0.0,0.0,0.0,0.0,0.0,0.0,0.0,0.0,0.0,0.0,0.0,0.0,0.0,0.0,0.0,0.0,0.0,0.0,0.0,0.0,0.0,0.0,0.0,0.0,0.0,0.0,0.0,0.0,0.0,0.0,0.0,0.0,0.0,0.0,0.0,0.0,0.0,0.0,0.0,0.0,0.0,0.0,0.0,0.0,0.0,0.0,0.0,0.0,0.0,0.0,0.0,0.0,0.0,0.0,0.0,0.0,0.0,0.0,0.0,0.0,0.0,0.0,0.0,0.0,0.0,0.0,0.0,0.0,0.0,0.0,0.0,0.0,0.0,0.0,0.0,0.0,0.0,0.0,0.0,0.0,0.0,0.0,0.0,0.0,0.0,0.0,0.0,0.0,0.0,0.0,0.0,0.0,0.0,0.0,0.0,0.0,0.0,0.0,0.0,0.0,0.0,0.0,0.0,0.0,0.0,0.0,0.0,0.0,0.0,0.0,0.0,0.0,0.0,0.0,0.0,0.0,0.0,0.0,0.0,0.0,0.0,0.0,0.0,0.0,0.0,0.0,0.0,0.0,0.0,0.0,0.0,0.0,0.0,0.0,0.0,0.0,0.0,0.0,0.0,0.0,0.0,0.0,0.0,0.0,0.0,0.0,0.0,0.0,0.0,0.0,0.0,0.0,0.0,0.0,0.0,0.0,0.0,0.0,0.0,0.0,0.0,0.0,0.0,0.0,0.0,0.0,0.0,0.0,0.0,0.0,0.0,0.0,0.0,0.0,0.0,0.0,0.0,0.0,0.0,0.0,0.0,0.0,0.0,0.0,0.0,0.0,0.0,0.0,0.0,0.0,0.0,0.0,0.0,0.0,0.0,0.0,0.0,0.0,0.0,0.0,0.0,0.0,0.0,0.0,0.0,0.0,0.0,0.0,0.0,0.0,0.0,0.0,0.0,0.0,0.0,0.0,0.0,0.0,0.0,0.0,0.0,0.0,0.0,0.0,0.0,0.0,0.0,0.0,0.0,0.0,0.0,0.0,0.0,0.0,0.0,0.0,0.0,0.0,0.0,0.0,0.0,0.0,0.0,0.0,0.0,0.0,0.0,0.0,0.0,0.0,0.0,0.0,0.0,0.0,0.0,0.0,0.0,0.0,0.0,0.0,0.0,0.0,0.0,0.0,0.0,0.0,0.0,0.0,0.0,0.0,0.0,0.0,0.0,0.0,0.0,0.0,0.0,0.0,0.0,0.0,0.0,0.0,0.0,0.0,0.0,0.0,0.0,0.0,0.0,0.0,0.0,0.0,0.0,0.0,0.0,0.0,0.0,0.0,0.0,0.0,0.0,0.0,0.0,0.0,0.0,0.0,0.0,0.0,0.0,0.0,0.0,0.0,0.0,0.0,0.0,0.0,0.0,0.0,0.0,0.0,0.0,0.0,0.0,0.0,0.0
0.0,0.0,0.0,0.0,0.0,0.0,0.0,0.0,0.0,0.0,0.0,0.0,0.0,0.0,0.0,0.0,0.0,0.0,0.0,0.0,0.0,0.0,0.0,0.0,0.0,0.0,0.0,0.0,0.0,0.0,0.0,0.0,0.0,0.0,0.0,0.0,0.0,0.0,0.0,0.0,0.0,0.0,0.0,0.0,0.0,0.0,0.0,0.0,0.0,0.0,0.0,0.0,0.0,0.0,0.0,0.0,0.0,0.0,0.0,0.0,0.0,0.0,0.0,0.0,0.0,0.0,0.0,0.0,0.0,0.0,0.0,0.0,0.0,0.0,0.0,0.0,0.0,0.0,0.0,0.0,0.0,0.0,0.0,0.0,0.0,0.0,0.0,0.0,0.0,0.0,0.0,0.0,0.0,0.0,0.0,0.0,0.0,0.0,0.0,0.0,0.0,0.0,0.0,0.0,0.0,0.0,0.0,0.0,0.0,0.0,0.0,0.0,0.0,0.0,0.0,0.0,0.0,0.0,0.0,0.0,0.0,0.0,0.0,0.0,0.0,0.0,0.0,0.0,0.0,0.0,0.0,0.0,0.0,0.0,0.0,0.0,0.0,0.0,0.0,0.0,0.0,0.0,0.0,0.0,0.0,0.0,0.0,0.0,0.0,0.0,0.0,0.0,0.0,0.0,0.0,0.0,0.0,0.0,0.0,0.0,0.0,0.0,0.0,0.0,0.0,0.0,0.0,0.0,0.0,0.0,0.0,0.0,0.0,0.0,0.0,0.0,0.0,0.0,0.0,0.0,0.0,0.0,0.0,0.0,0.0,0.0,0.0,0.0,0.0,0.0,0.0,0.0,0.0,0.0,0.0,0.0,0.0,0.0,0.0,0.0,0.0,0.0,0.0,0.0,0.0,0.0,0.0,0.0,0.0,0.0,0.0,0.0,0.0,0.0,0.0,0.0,0.0,0.0,0.0,0.0,0.0,0.0,0.0,0.0,0.0,0.0,0.0,0.0,0.0,0.0,0.0,0.0,0.0,0.0,0.0,0.0,0.0,0.0,0.0,0.0,0.0,0.0,0.0,0.0,0.0,0.0,0.0,0.0,0.0,0.0,0.0,0.0,0.0,0.0,0.0,0.0,0.0,0.0,0.0,0.0,0.0,0.0,0.0,0.0,0.0,0.0,0.0,0.0,0.0,0.0,0.0,0.0,0.0,0.0,0.0,0.0,0.0,0.0,0.0,0.0,0.0,0.0,0.0,0.0,0.0,0.0,0.0,0.0,0.0,0.0,0.0,0.0,0.0,0.0,0.0,0.0,0.0,0.0,0.0,0.0,0.0,0.0,0.0,0.0,0.0,0.0,0.0,0.0,0.0,0.0,0.0,0.0,0.0,0.0,0.0,0.0,0.0,0.0,0.0,0.0,0.0,0.0,0.0,0.0,0.0,0.0,0.0,0.0,0.0,0.0,0.0,0.0,0.0,0.0,0.0,0.0,0.0,0.0,0.0,0.0,0.0,0.0,0.0,0.0,0.0,0.0,0.0,0.0,0.0,0.0,0.0,0.0,0.0,0.0,0.0,0.0,0.0,0.0,0.0,0.0,0.0,0.0,0.0,0.0,0.0,0.0,0.0,0.0,0.0,0.0,0.0,0.0,0.0,0.0,0.0,0.0,0.0,0.0,0.0,0.0,0.0,0.0,0.0,0.0,0.0,0.0,0.0,0.0,0.0,0.0,0.0,0.0,0.0,0.0,0.0,0.0,0.0,0.0,0.0,0.0
0.0,0.0,0.0,0.0,0.0,0.0,0.0,0.0,0.0,0.0,0.0,0.0,0.0,0.0,0.0,0.0,0.0,0.0,0.0,0.0,0.0,0.0,0.0,0.0,0.0,0.0,0.0,0.0,0.0,0.0,0.0,0.0,0.0,0.0,0.0,0.0,0.0,0.0,0.0,0.0,0.0,0.0,0.0,0.0,0.0,0.0,0.0,0.0,0.0,0.0,0.0,0.0,0.0,0.0,0.0,0.0,0.0,0.0,0.0,0.0,0.0,0.0,0.0,0.0,0.0,0.0,0.0,0.0,0.0,0.0,0.0,0.0,0.0,0.0,0.0,0.0,0.0,0.0,0.0,0.0,0.0,0.0,0.0,0.0,0.0,0.0,0.0,0.0,0.0,0.0,0.0,0.0,0.0,0.0,0.0,0.0,0.0,0.0,0.0,0.0,0.0,0.0,0.0,0.0,0.0,0.0,0.0,0.0,0.0,0.0,0.0,0.0,0.0,0.0,0.0,0.0,0.0,0.0,0.0,0.0,0.0,0.0,0.0,0.0,0.0,0.0,0.0,0.0,0.0,0.0,0.0,0.0,0.0,0.0,0.0,0.0,0.0,0.0,0.0,0.0,0.0,0.0,0.0,0.0,0.0,0.0,0.0,0.0,0.0,0.0,0.0,0.0,0.0,0.0,0.0,0.0,0.0,0.0,0.0,0.0,0.0,0.0,0.0,0.0,0.0,0.0,0.0,0.0,0.0,0.0,0.0,0.0,0.0,0.0,0.0,0.0,0.0,0.0,0.0,0.0,0.0,0.0,0.0,0.0,0.0,0.0,0.0,0.0,0.0,0.0,0.0,0.0,0.0,0.0,0.0,0.0,0.0,0.0,0.0,0.0,0.0,0.0,0.0,0.0,0.0,0.0,0.0,0.0,0.0,0.0,0.0,0.0,0.0,0.0,0.0,0.0,0.0,0.0,0.0,0.0,0.0,0.0,0.0,0.0,0.0,0.0,0.0,0.0,0.0,0.0,0.0,0.0,0.0,0.0,0.0,0.0,0.0,0.0,0.0,0.0,0.0,0.0,0.0,0.0,0.0,0.0,0.0,0.0,0.0,0.0,0.0,0.0,0.0,0.0,0.0,0.0,0.0,0.0,0.0,0.0,0.0,0.0,0.0,0.0,0.0,0.0,0.0,0.0,0.0,0.0,0.0,0.0,0.0,0.0,0.0,0.0,0.0,0.0,0.0,0.0,0.0,0.0,0.0,0.0,0.0,0.0,0.0,0.0,0.0,0.0,0.0,0.0,0.0,0.0,0.0,0.0,0.0,0.0,0.0,0.0,0.0,0.0,0.0,0.0,0.0,0.0,0.0,0.0,0.0,0.0,0.0,0.0,0.0,0.0,0.0,0.0,0.0,0.0,0.0,0.0,0.0,0.0,0.0,0.0,0.0,0.0,0.0,0.0,0.0,0.0,0.0,0.0,0.0,0.0,0.0,0.0,0.0,0.0,0.0,0.0,0.0,0.0,0.0,0.0,0.0,0.0,0.0,0.0,0.0,0.0,0.0,0.0,0.0,0.0,0.0,0.0,0.0,0.0,0.0,0.0,0.0,0.0,0.0,0.0,0.0,0.0,0.0,0.0,0.0,0.0,0.0,0.0,0.0,0.0,0.0,0.0,0.0,0.0,0.0,0.0,0.0,0.0,0.0,0.0,0.0,0.0,0.0,0.0,0.0,0.0,0.0,0.0,0.0,0.0,0.0,0.0,0.0,0.0,0.0,0.0
0.0,0.0,0.0,0.0,0.0,0.0,0.0,0.0,0.0,0.0,0.0,0.0,0.0,0.0,0.0,0.0,0.0,0.0,0.0,0.0,0.0,0.0,0.0,0.0,0.0,0.0,0.0,0.0,0.0,0.0,0.0,0.0,0.0,0.0,0.0,0.0,0.0,0.0,0.0,0.0,0.0,0.0,0.0,0.0,0.0,0.0,0.0,0.0,0.0,0.0,0.0,0.0,0.0,0.0,0.0,0.0,0.0,0.0,0.0,0.0,0.0,0.0,0.0,0.0,0.0,0.0,0.0,0.0,0.0,0.0,0.0,0.0,0.0,0.0,0.0,0.0,0.0,0.0,0.0,0.0,0.0,0.0,0.0,0.0,0.0,0.0,0.0,0.0,0.0,0.0,0.0,0.0,0.0,0.0,0.0,0.0,0.0,0.0,0.0,0.0,0.0,0.0,0.0,0.0,0.0,0.0,0.0,0.0,0.0,0.0,0.0,0.0,0.0,0.0,0.0,0.0,0.0,0.0,0.0,0.0,0.0,0.0,0.0,0.0,0.0,0.0,0.0,0.0,0.0,0.0,0.0,0.0,0.0,0.0,0.0,0.0,0.0,0.0,0.0,0.0,0.0,0.0,0.0,0.0,0.0,0.0,0.0,0.0,0.0,0.0,0.0,0.0,0.0,0.0,0.0,0.0,0.0,0.0,0.0,0.0,0.0,0.0,0.0,0.0,0.0,0.0,0.0,0.0,0.0,0.0,0.0,0.0,0.0,0.0,0.0,0.0,0.0,0.0,0.0,0.0,0.0,0.0,0.0,0.0,0.0,0.0,0.0,0.0,0.0,0.0,0.0,0.0,0.0,0.0,0.0,0.0,0.0,0.0,0.0,0.0,0.0,0.0,0.0,0.0,0.0,0.0,0.0,0.0,0.0,0.0,0.0,0.0,0.0,0.0,0.0,0.0,0.0,0.0,0.0,0.0,0.0,0.0,0.0,0.0,0.0,0.0,0.0,0.0,0.0,0.0,0.0,0.0,0.0,0.0,0.0,0.0,0.0,0.0,0.0,0.0,0.0,0.0,0.0,0.0,0.0,0.0,0.0,0.0,0.0,0.0,0.0,0.0,0.0,0.0,0.0,0.0,0.0,0.0,0.0,0.0,0.0,0.0,0.0,0.0,0.0,0.0,0.0,0.0,0.0,0.0,0.0,0.0,0.0,0.0,0.0,0.0,0.0,0.0,0.0,0.0,0.0,0.0,0.0,0.0,0.0,0.0,0.0,0.0,0.0,0.0,0.0,0.0,0.0,0.0,0.0,0.0,0.0,0.0,0.0,0.0,0.0,0.0,0.0,0.0,0.0,0.0,0.0,0.0,0.0,0.0,0.0,0.0,0.0,0.0,0.0,0.0,0.0,0.0,0.0,0.0,0.0,0.0,0.0,0.0,0.0,0.0,0.0,0.0,0.0,0.0,0.0,0.0,0.0,0.0,0.0,0.0,0.0,0.0,0.0,0.0,0.0,0.0,0.0,0.0,0.0,0.0,0.0,0.0,0.0,0.0,0.0,0.0,0.0,0.0,0.0,0.0,0.0,0.0,0.0,0.0,0.0,0.0,0.0,0.0,0.0,0.0,0.0,0.0,0.0,0.0,0.0,0.0,0.0,0.0,0.0,0.0,0.0,0.0,0.0,0.0,0.0,0.0,0.0,0.0,0.0,0.0,0.0,0.0,0.0,0.0,0.0,0.0,0.0,0.0,0.0,0.0,0.0,0.0,0.0,0.0
0.0,0.0,0.0,0.0,0.0,0.0,0.0,0.0,0.0,0.0,0.0,0.0,0.0,0.0,0.0,0.0,0.0,0.0,0.0,0.0,0.0,0.0,0.0,0.0,0.0,0.0,0.0,0.0,0.0,0.0,0.0,0.0,0.0,0.0,0.0,0.0,0.0,0.0,0.0,0.0,0.0,0.0,0.0,0.0,0.0,0.0,0.0,0.0,0.0,0.0,0.0,0.0,0.0,0.0,0.0,0.0,0.0,0.0,0.0,0.0,0.0,0.0,0.0,0.0,0.0,0.0,0.0,0.0,0.0,0.0,0.0,0.0,0.0,0.0,0.0,0.0,0.0,0.0,0.0,0.0,0.0,0.0,0.0,0.0,0.0,0.0,0.0,0.0,0.0,0.0,0.0,0.0,0.0,0.0,0.0,0.0,0.0,0.0,0.0,0.0,0.0,0.0,0.0,0.0,0.0,0.0,0.0,0.0,0.0,0.0,0.0,0.0,0.0,0.0,0.0,0.0,0.0,0.0,0.0,0.0,0.0,0.0,0.0,0.0,0.0,0.0,0.0,0.0,0.0,0.0,0.0,0.0,0.0,0.0,0.0,0.0,0.0,0.0,0.0,0.0,0.0,0.0,0.0,0.0,0.0,0.0,0.0,0.0,0.0,0.0,0.0,0.0,0.0,0.0,0.0,0.0,0.0,0.0,0.0,0.0,0.0,0.0,0.0,0.0,0.0,0.0,0.0,0.0,0.0,0.0,0.0,0.0,0.0,0.0,0.0,0.0,0.0,0.0,0.0,0.0,0.0,0.0,0.0,0.0,0.0,0.0,0.0,0.0,0.0,0.0,0.0,0.0,0.0,0.0,0.0,0.0,0.0,0.0,0.0,0.0,0.0,0.0,0.0,0.0,0.0,0.0,0.0,0.0,0.0,0.0,0.0,0.0,0.0,0.0,0.0,0.0,0.0,0.0,0.0,0.0,0.0,0.0,0.0,0.0,0.0,0.0,0.0,0.0,0.0,0.0,0.0,0.0,0.0,0.0,0.0,0.0,0.0,0.0,0.0,0.0,0.0,0.0,0.0,0.0,0.0,0.0,0.0,0.0,0.0,0.0,0.0,0.0,0.0,0.0,0.0,0.0,0.0,0.0,0.0,0.0,0.0,0.0,0.0,0.0,0.0,0.0,0.0,0.0,0.0,0.0,0.0,0.0,0.0,0.0,0.0,0.0,0.0,0.0,0.0,0.0,0.0,0.0,0.0,0.0,0.0,0.0,0.0,0.0,0.0,0.0,0.0,0.0,0.0,0.0,0.0,0.0,0.0,0.0,0.0,0.0,0.0,0.0,0.0,0.0,0.0,0.0,0.0,0.0,0.0,0.0,0.0,0.0,0.0,0.0,0.0,0.0,0.0,0.0,0.0,0.0,0.0,0.0,0.0,0.0,0.0,0.0,0.0,0.0,0.0,0.0,0.0,0.0,0.0,0.0,0.0,0.0,0.0,0.0,0.0,0.0,0.0,0.0,0.0,0.0,0.0,0.0,0.0,0.0,0.0,0.0,0.0,0.0,0.0,0.0,0.0,0.0,0.0,0.0,0.0,0.0,0.0,0.0,0.0,0.0,0.0,0.0,0.0,0.0,0.0,0.0,0.0,0.0,0.0,0.0,0.0,0.0,0.0,0.0,0.0,0.0,0.0,0.0,0.0,0.0,0.0,0.0,0.0,0.0,0.0,0.0,0.0,0.0,0.0,0.0,0.0,0.0,0.0,0.0,0.0,0.0
0.0,0.0,0.0,0.0,0.0,0.0,0.0,0.0,0.0,0.0,0.0,0.0,0.0,0.0,0.0,0.0,0.0,0.0,0.0,0.0,0.0,0.0,0.0,0.0,0.0,0.0,0.0,0.0,0.0,0.0,0.0,0.0,0.0,0.0,0.0,0.0,0.0,0.0,0.0,0.0,0.0,0.0,0.0,0.0,0.0,0.0,0.0,0.0,0.0,0.0,0.0,0.0,0.0,0.0,0.0,0.0,0.0,0.0,0.0,0.0,0.0,0.0,0.0,0.0,0.0,0.0,0.0,0.0,0.0,0.0,0.0,0.0,0.0,0.0,0.0,0.0,0.0,0.0,0.0,0.0,0.0,0.0,0.0,0.0,0.0,0.0,0.0,0.0,0.0,0.0,0.0,0.0,0.0,0.0,0.0,0.0,0.0,0.0,0.0,0.0,0.0,0.0,0.0,0.0,0.0,0.0,0.0,0.0,0.0,0.0,0.0,0.0,0.0,0.0,0.0,0.0,0.0,0.0,0.0,0.0,0.0,0.0,0.0,0.0,0.0,0.0,0.0,0.0,0.0,0.0,0.0,0.0,0.0,0.0,0.0,0.0,0.0,0.0,0.0,0.0,0.0,0.0,0.0,0.0,0.0,0.0,0.0,0.0,0.0,0.0,0.0,0.0,0.0,0.0,0.0,0.0,0.0,0.0,0.0,0.0,0.0,0.0,0.0,0.0,0.0,0.0,0.0,0.0,0.0,0.0,0.0,0.0,0.0,0.0,0.0,0.0,0.0,0.0,0.0,0.0,0.0,0.0,0.0,0.0,0.0,0.0,0.0,0.0,0.0,0.0,0.0,0.0,0.0,0.0,0.0,0.0,0.0,0.0,0.0,0.0,0.0,0.0,0.0,0.0,0.0,0.0,0.0,0.0,0.0,0.0,0.0,0.0,0.0,0.0,0.0,0.0,0.0,0.0,0.0,0.0,0.0,0.0,0.0,0.0,0.0,0.0,0.0,0.0,0.0,0.0,0.0,0.0,0.0,0.0,0.0,0.0,0.0,0.0,0.0,0.0,0.0,0.0,0.0,0.0,0.0,0.0,0.0,0.0,0.0,0.0,0.0,0.0,0.0,0.0,0.0,0.0,0.0,0.0,0.0,0.0,0.0,0.0,0.0,0.0,0.0,0.0,0.0,0.0,0.0,0.0,0.0,0.0,0.0,0.0,0.0,0.0,0.0,0.0,0.0,0.0,0.0,0.0,0.0,0.0,0.0,0.0,0.0,0.0,0.0,0.0,0.0,0.0,0.0,0.0,0.0,0.0,0.0,0.0,0.0,0.0,0.0,0.0,0.0,0.0,0.0,0.0,0.0,0.0,0.0,0.0,0.0,0.0,0.0,0.0,0.0,0.0,0.0,0.0,0.0,0.0,0.0,0.0,0.0,0.0,0.0,0.0,0.0,0.0,0.0,0.0,0.0,0.0,0.0,0.0,0.0,0.0,0.0,0.0,0.0,0.0,0.0,0.0,0.0,0.0,0.0,0.0,0.0,0.0,0.0,0.0,0.0,0.0,0.0,0.0,0.0,0.0,0.0,0.0,0.0,0.0,0.0,0.0,0.0,0.0,0.0,0.0,0.0,0.0,0.0,0.0,0.0,0.0,0.0,0.0,0.0,0.0,0.0,0.0,0.0,0.0,0.0,0.0,0.0,0.0,0.0,0.0,0.0,0.0,0.0,0.0,0.0,0.0,0.0,0.0,0.0,0.0,0.0,0.0,0.0,0.0
0.0,0.0,0.0,0.0,0.0,0.0,0.0,0.0,0.0,0.0,0.0,0.0,0.0,0.0,0.0,0.0,0.0,0.0,0.0,0.0,0.0,0.0,0.0,0.0,0.0,0.0,0.0,0.0,0.0,0.0,0.0,0.0,0.0,0.0,0.0,0.0,0.0,0.0,0.0,0.0,0.0,0.0,0.0,0.0,0.0,0.0,0.0,0.0,0.0,0.0,0.0,0.0,0.0,0.0,0.0,0.0,0.0,0.0,0.0,0.0,0.0,0.0,0.0,0.0,0.0,0.0,0.0,0.0,0.0,0.0,0.0,0.0,0.0,0.0,0.0,0.0,0.0,0.0,0.0,0.0,0.0,0.0,0.0,0.0,0.0,0.0,0.0,0.0,0.0,0.0,0.0,0.0,0.0,0.0,0.0,0.0,0.0,0.0,0.0,0.0,0.0,0.0,0.0,0.0,0.0,0.0,0.0,0.0,0.0,0.0,0.0,0.0,0.0,0.0,0.0,0.0,0.0,0.0,0.0,0.0,0.0,0.0,0.0,0.0,0.0,0.0,0.0,0.0,0.0,0.0,0.0,0.0,0.0,0.0,0.0,0.0,0.0,0.0,0.0,0.0,0.0,0.0,0.0,0.0,0.0,0.0,0.0,0.0,0.0,0.0,0.0,0.0,0.0,0.0,0.0,0.0,0.0,0.0,0.0,0.0,0.0,0.0,0.0,0.0,0.0,0.0,0.0,0.0,0.0,0.0,0.0,0.0,0.0,0.0,0.0,0.0,0.0,0.0,0.0,0.0,0.0,0.0,0.0,0.0,0.0,0.0,0.0,0.0,0.0,0.0,0.0,0.0,0.0,0.0,0.0,0.0,0.0,0.0,0.0,0.0,0.0,0.0,0.0,0.0,0.0,0.0,0.0,0.0,0.0,0.0,0.0,0.0,0.0,0.0,0.0,0.0,0.0,0.0,0.0,0.0,0.0,0.0,0.0,0.0,0.0,0.0,0.0,0.0,0.0,0.0,0.0,0.0,0.0,0.0,0.0,0.0,0.0,0.0,0.0,0.0,0.0,0.0,0.0,0.0,0.0,0.0,0.0,0.0,0.0,0.0,0.0,0.0,0.0,0.0,0.0,0.0,0.0,0.0,0.0,0.0,0.0,0.0,0.0,0.0,0.0,0.0,0.0,0.0,0.0,0.0,0.0,0.0,0.0,0.0,0.0,0.0,0.0,0.0,0.0,0.0,0.0,0.0,0.0,0.0,0.0,0.0,0.0,0.0,0.0,0.0,0.0,0.0,0.0,0.0,0.0,0.0,0.0,0.0,0.0,0.0,0.0,0.0,0.0,0.0,0.0,0.0,0.0,0.0,0.0,0.0,0.0,0.0,0.0,0.0,0.0,0.0,0.0,0.0,0.0,0.0,0.0,0.0,0.0,0.0,0.0,0.0,0.0,0.0,0.0,0.0,0.0,0.0,0.0,0.0,0.0,0.0,0.0,0.0,0.0,0.0,0.0,0.0,0.0,0.0,0.0,0.0,0.0,0.0,0.0,0.0,0.0,0.0,0.0,0.0,0.0,0.0,0.0,0.0,0.0,0.0,0.0,0.0,0.0,0.0,0.0,0.0,0.0,0.0,0.0,0.0,0.0,0.0,0.0,0.0,0.0,0.0,0.0,0.0,0.0,0.0,0.0,0.0,0.0,0.0,0.0,0.0,0.0,0.0,0.0,0.0,0.0,0.0,0.0,0.0,0.0,0.0,0.0,0.0,0.0,0.0
0.0,0.0,0.0,0.0,0.0,0.0,0.0,0.0,0.0,0.0,0.0,0.0,0.0,0.0,0.0,0.0,0.0,0.0,0.0,0.0,0.0,0.0,0.0,0.0,0.0,0.0,0.0,0.0,0.0,0.0,0.0,0.0,0.0,0.0,0.0,0.0,0.0,0.0,0.0,0.0,0.0,0.0,0.0,0.0,0.0,0.0,0.0,0.0,0.0,0.0,0.0,0.0,0.0,0.0,0.0,0.0,0.0,0.0,0.0,0.0,0.0,0.0,0.0,0.0,0.0,0.0,0.0,0.0,0.0,0.0,0.0,0.0,0.0,0.0,0.0,0.0,0.0,0.0,0.0,0.0,0.0,0.0,0.0,0.0,0.0,0.0,0.0,0.0,0.0,0.0,0.0,0.0,0.0,0.0,0.0,0.0,0.0,0.0,0.0,0.0,0.0,0.0,0.0,0.0,0.0,0.0,0.0,0.0,0.0,0.0,0.0,0.0,0.0,0.0,0.0,0.0,0.0,0.0,0.0,0.0,0.0,0.0,0.0,0.0,0.0,0.0,0.0,0.0,0.0,0.0,0.0,0.0,0.0,0.0,0.0,0.0,0.0,0.0,0.0,0.0,0.0,0.0,0.0,0.0,0.0,0.0,0.0,0.0,0.0,0.0,0.0,0.0,0.0,0.0,0.0,0.0,0.0,0.0,0.0,0.0,0.0,0.0,0.0,0.0,0.0,0.0,0.0,0.0,0.0,0.0,0.0,0.0,0.0,0.0,0.0,0.0,0.0,0.0,0.0,0.0,0.0,0.0,0.0,0.0,0.0,0.0,0.0,0.0,0.0,0.0,0.0,0.0,0.0,0.0,0.0,0.0,0.0,0.0,0.0,0.0,0.0,0.0,0.0,0.0,0.0,0.0,0.0,0.0,0.0,0.0,0.0,0.0,0.0,0.0,0.0,0.0,0.0,0.0,0.0,0.0,0.0,0.0,0.0,0.0,0.0,0.0,0.0,0.0,0.0,0.0,0.0,0.0,0.0,0.0,0.0,0.0,0.0,0.0,0.0,0.0,0.0,0.0,0.0,0.0,0.0,0.0,0.0,0.0,0.0,0.0,0.0,0.0,0.0,0.0,0.0,0.0,0.0,0.0,0.0,0.0,0.0,0.0,0.0,0.0,0.0,0.0,0.0,0.0,0.0,0.0,0.0,0.0,0.0,0.0,0.0,0.0,0.0,0.0,0.0,0.0,0.0,0.0,0.0,0.0,0.0,0.0,0.0,0.0,0.0,0.0,0.0,0.0,0.0,0.0,0.0,0.0,0.0,0.0,0.0,0.0,0.0,0.0,0.0,0.0,0.0,0.0,0.0,0.0,0.0,0.0,0.0,0.0,0.0,0.0,0.0,0.0,0.0,0.0,0.0,0.0,0.0,0.0,0.0,0.0,0.0,0.0,0.0,0.0,0.0,0.0,0.0,0.0,0.0,0.0,0.0,0.0,0.0,0.0,0.0,0.0,0.0,0.0,0.0,0.0,0.0,0.0,0.0,0.0,0.0,0.0,0.0,0.0,0.0,0.0,0.0,0.0,0.0,0.0,0.0,0.0,0.0,0.0,0.0,0.0,0.0,0.0,0.0,0.0,0.0,0.0,0.0,0.0,0.0,0.0,0.0,0.0,0.0,0.0,0.0,0.0,0.0,0.0,0.0,0.0,0.0,0.0,0.0,0.0,0.0,0.0,0.0,0.0,0.0,0.0,0.0,0.0,0.0,0.0,0.0,0.0
0.0,0.0,0.0,0.0,0.0,0.0,0.0,0.0,0.0,0.0,0.0,0.0,0.0,0.0,0.0,0.0,0.0,0.0,0.0,0.0,0.0,0.0,0.0,0.0,0.0,0.0,0.0,0.0,0.0,0.0,0.0,0.0,0.0,0.0,0.0,0.0,0.0,0.0,0.0,0.0,0.0,0.0,0.0,0.0,0.0,0.0,0.0,0.0,0.0,0.0,0.0,0.0,0.0,0.0,0.0,0.0,0.0,0.0,0.0,0.0,0.0,0.0,0.0,0.0,0.0,0.0,0.0,0.0,0.0,0.0,0.0,0.0,0.0,0.0,0.0,0.0,0.0,0.0,0.0,0.0,0.0,0.0,0.0,0.0,0.0,0.0,0.0,0.0,0.0,0.0,0.0,0.0,0.0,0.0,0.0,0.0,0.0,0.0,0.0,0.0,0.0,0.0,0.0,0.0,0.0,0.0,0.0,0.0,0.0,0.0,0.0,0.0,0.0,0.0,0.0,0.0,0.0,0.0,0.0,0.0,0.0,0.0,0.0,0.0,0.0,0.0,0.0,0.0,0.0,0.0,0.0,0.0,0.0,0.0,0.0,0.0,0.0,0.0,0.0,0.0,0.0,0.0,0.0,0.0,0.0,0.0,0.0,0.0,0.0,0.0,0.0,0.0,0.0,0.0,0.0,0.0,0.0,0.0,0.0,0.0,0.0,0.0,0.0,0.0,0.0,0.0,0.0,0.0,0.0,0.0,0.0,0.0,0.0,0.0,0.0,0.0,0.0,0.0,0.0,0.0,0.0,0.0,0.0,0.0,0.0,0.0,0.0,0.0,0.0,0.0,0.0,0.0,0.0,0.0,0.0,0.0,0.0,0.0,0.0,0.0,0.0,0.0,0.0,0.0,0.0,0.0,0.0,0.0,0.0,0.0,0.0,0.0,0.0,0.0,0.0,0.0,0.0,0.0,0.0,0.0,0.0,0.0,0.0,0.0,0.0,0.0,0.0,0.0,0.0,0.0,0.0,0.0,0.0,0.0,0.0,0.0,0.0,0.0,0.0,0.0,0.0,0.0,0.0,0.0,0.0,0.0,0.0,0.0,0.0,0.0,0.0,0.0,0.0,0.0,0.0,0.0,0.0,0.0,0.0,0.0,0.0,0.0,0.0,0.0,0.0,0.0,0.0,0.0,0.0,0.0,0.0,0.0,0.0,0.0,0.0,0.0,0.0,0.0,0.0,0.0,0.0,0.0,0.0,0.0,0.0,0.0,0.0,0.0,0.0,0.0,0.0,0.0,0.0,0.0,0.0,0.0,0.0,0.0,0.0,0.0,0.0,0.0,0.0,0.0,0.0,0.0,0.0,0.0,0.0,0.0,0.0,0.0,0.0,0.0,0.0,0.0,0.0,0.0,0.0,0.0,0.0,0.0,0.0,0.0,0.0,0.0,0.0,0.0,0.0,0.0,0.0,0.0,0.0,0.0,0.0,0.0,0.0,0.0,0.0,0.0,0.0,0.0,0.0,0.0,0.0,0.0,0.0,0.0,0.0,0.0,0.0,0.0,0.0,0.0,0.0,0.0,0.0,0.0,0.0,0.0,0.0,0.0,0.0,0.0,0.0,0.0,0.0,0.0,0.0,0.0,0.0,0.0,0.0,0.0,0.0,0.0,0.0,0.0,0.0,0.0,0.0,0.0,0.0,0.0,0.0,0.0,0.0,0.0,0.0,0.0,0.0,0.0,0.0,0.0,0.0,0.0,0.0,0.0,0.0,0.0
0.0,0.0,0.0,0.0,0.0,0.0,0.0,0.0,0.0,0.0,0.0,0.0,0.0,0.0,0.0,0.0,0.0,0.0,0.0,0.0,0.0,0.0,0.0,0.0,0.0,0.0,0.0,0.0,0.0,0.0,0.0,0.0,0.0,0.0,0.0,0.0,0.0,0.0,0.0,0.0,0.0,0.0,0.0,0.0,0.0,0.0,0.0,0.0,0.0,0.0,0.0,0.0,0.0,0.0,0.0,0.0,0.0,0.0,0.0,0.0,0.0,0.0,0.0,0.0,0.0,0.0,0.0,0.0,0.0,0.0,0.0,0.0,0.0,0.0,0.0,0.0,0.0,0.0,0.0,0.0,0.0,0.0,0.0,0.0,0.0,0.0,0.0,0.0,0.0,0.0,0.0,0.0,0.0,0.0,0.0,0.0,0.0,0.0,0.0,0.0,0.0,0.0,0.0,0.0,0.0,0.0,0.0,0.0,0.0,0.0,0.0,0.0,0.0,0.0,0.0,0.0,0.0,0.0,0.0,0.0,0.0,0.0,0.0,0.0,0.0,0.0,0.0,0.0,0.0,0.0,0.0,0.0,0.0,0.0,0.0,0.0,0.0,0.0,0.0,0.0,0.0,0.0,0.0,0.0,0.0,0.0,0.0,0.0,0.0,0.0,0.0,0.0,0.0,0.0,0.0,0.0,0.0,0.0,0.0,0.0,0.0,0.0,0.0,0.0,0.0,0.0,0.0,0.0,0.0,0.0,0.0,0.0,0.0,0.0,0.0,0.0,0.0,0.0,0.0,0.0,0.0,0.0,0.0,0.0,0.0,0.0,0.0,0.0,0.0,0.0,0.0,0.0,0.0,0.0,0.0,0.0,0.0,0.0,0.0,0.0,0.0,0.0,0.0,0.0,0.0,0.0,0.0,0.0,0.0,0.0,0.0,0.0,0.0,0.0,0.0,0.0,0.0,0.0,0.0,0.0,0.0,0.0,0.0,0.0,0.0,0.0,0.0,0.0,0.0,0.0,0.0,0.0,0.0,0.0,0.0,0.0,0.0,0.0,0.0,0.0,0.0,0.0,0.0,0.0,0.0,0.0,0.0,0.0,0.0,0.0,0.0,0.0,0.0,0.0,0.0,0.0,0.0,0.0,0.0,0.0,0.0,0.0,0.0,0.0,0.0,0.0,0.0,0.0,0.0,0.0,0.0,0.0,0.0,0.0,0.0,0.0,0.0,0.0,0.0,0.0,0.0,0.0,0.0,0.0,0.0,0.0,0.0,0.0,0.0,0.0,0.0,0.0,0.0,0.0,0.0,0.0,0.0,0.0,0.0,0.0,0.0,0.0,0.0,0.0,0.0,0.0,0.0,0.0,0.0,0.0,0.0,0.0,0.0,0.0,0.0,0.0,0.0,0.0,0.0,0.0,0.0,0.0,0.0,0.0,0.0,0.0,0.0,0.0,0.0,0.0,0.0,0.0,0.0,0.0,0.0,0.0,0.0,0.0,0.0,0.0,0.0,0.0,0.0,0.0,0.0,0.0,0.0,0.0,0.0,0.0,0.0,0.0,0.0,0.0,0.0,0.0,0.0,0.0,0.0,0.0,0.0,0.0,0.0,0.0,0.0,0.0,0.0,0.0,0.0,0.0,0.0,0.0,0.0,0.0,0.0,0.0,0.0,0.0,0.0,0.0,0.0,0.0,0.0,0.0,0.0,0.0,0.0,0.0,0.0,0.0,0.0,0.0,0.0,0.0,0.0,0.0,0.0,0.0,0.0,0.0
0.0,0.0,0.0,0.0,0.0,0.0,0.0,0.0,0.0,0.0,0.0,0.0,0.0,0.0,0.0,0.0,0.0,0.0,0.0,0.0,0.0,0.0,0.0,0.0,0.0,0.0,0.0,0.0,0.0,0.0,0.0,0.0,0.0,0.0,0.0,0.0,0.0,0.0,0.0,0.0,0.0,0.0,0.0,0.0,0.0,0.0,0.0,0.0,0.0,0.0,0.0,0.0,0.0,0.0,0.0,0.0,0.0,0.0,0.0,0.0,0.0,0.0,0.0,0.0,0.0,0.0,0.0,0.0,0.0,0.0,0.0,0.0,0.0,0.0,0.0,0.0,0.0,0.0,0.0,0.0,0.0,0.0,0.0,0.0,0.0,0.0,0.0,0.0,0.0,0.0,0.0,0.0,0.0,0.0,0.0,0.0,0.0,0.0,0.0,0.0,0.0,0.0,0.0,0.0,0.0,0.0,0.0,0.0,0.0,0.0,0.0,0.0,0.0,0.0,0.0,0.0,0.0,0.0,0.0,0.0,0.0,0.0,0.0,0.0,0.0,0.0,0.0,0.0,0.0,0.0,0.0,0.0,0.0,0.0,0.0,0.0,0.0,0.0,0.0,0.0,0.0,0.0,0.0,0.0,0.0,0.0,0.0,0.0,0.0,0.0,0.0,0.0,0.0,0.0,0.0,0.0,0.0,0.0,0.0,0.0,0.0,0.0,0.0,0.0,0.0,0.0,0.0,0.0,0.0,0.0,0.0,0.0,0.0,0.0,0.0,0.0,0.0,0.0,0.0,0.0,0.0,0.0,0.0,0.0,0.0,0.0,0.0,0.0,0.0,0.0,0.0,0.0,0.0,0.0,0.0,0.0,0.0,0.0,0.0,0.0,0.0,0.0,0.0,0.0,0.0,0.0,0.0,0.0,0.0,0.0,0.0,0.0,0.0,0.0,0.0,0.0,0.0,0.0,0.0,0.0,0.0,0.0,0.0,0.0,0.0,0.0,0.0,0.0,0.0,0.0,0.0,0.0,0.0,0.0,0.0,0.0,0.0,0.0,0.0,0.0,0.0,0.0,0.0,0.0,0.0,0.0,0.0,0.0,0.0,0.0,0.0,0.0,0.0,0.0,0.0,0.0,0.0,0.0,0.0,0.0,0.0,0.0,0.0,0.0,0.0,0.0,0.0,0.0,0.0,0.0,0.0,0.0,0.0,0.0,0.0,0.0,0.0,0.0,0.0,0.0,0.0,0.0,0.0,0.0,0.0,0.0,0.0,0.0,0.0,0.0,0.0,0.0,0.0,0.0,0.0,0.0,0.0,0.0,0.0,0.0,0.0,0.0,0.0,0.0,0.0,0.0,0.0,0.0,0.0,0.0,0.0,0.0,0.0,0.0,0.0,0.0,0.0,0.0,0.0,0.0,0.0,0.0,0.0,0.0,0.0,0.0,0.0,0.0,0.0,0.0,0.0,0.0,0.0,0.0,0.0,0.0,0.0,0.0,0.0,0.0,0.0,0.0,0.0,0.0,0.0,0.0,0.0,0.0,0.0,0.0,0.0,0.0,0.0,0.0,0.0,0.0,0.0,0.0,0.0,0.0,0.0,0.0,0.0,0.0,0.0,0.0,0.0,0.0,0.0,0.0,0.0,0.0,0.0,0.0,0.0,0.0,0.0,0.0,0.0,0.0,0.0,0.0,0.0,0.0,0.0,0.0,0.0,0.0,0.0,0.0,0.0,0.0,0.0,0.0,0.0,0.0,0.0,0.0,0.0,0.0
0.0,0.0,0.0,0.0,0.0,0.0,0.0,0.0,0.0,0.0,0.0,0.0,0.0,0.0,0.0,0.0,0.0,0.0,0.0,0.0,0.0,0.0,0.0,0.0,0.0,0.0,0.0,0.0,0.0,0.0,0.0,0.0,0.0,0.0,0.0,0.0,0.0,0.0,0.0,0.0,0.0,0.0,0.0,0.0,0.0,0.0,0.0,0.0,0.0,0.0,0.0,0.0,0.0,0.0,0.0,0.0,0.0,0.0,0.0,0.0,0.0,0.0,0.0,0.0,0.0,0.0,0.0,0.0,0.0,0.0,0.0,0.0,0.0,0.0,0.0,0.0,0.0,0.0,0.0,0.0,0.0,0.0,0.0,0.0,0.0,0.0,0.0,0.0,0.0,0.0,0.0,0.0,0.0,0.0,0.0,0.0,0.0,0.0,0.0,0.0,0.0,0.0,0.0,0.0,0.0,0.0,0.0,0.0,0.0,0.0,0.0,0.0,0.0,0.0,0.0,0.0,0.0,0.0,0.0,0.0,0.0,0.0,0.0,0.0,0.0,0.0,0.0,0.0,0.0,0.0,0.0,0.0,0.0,0.0,0.0,0.0,0.0,0.0,0.0,0.0,0.0,0.0,0.0,0.0,0.0,0.0,0.0,0.0,0.0,0.0,0.0,0.0,0.0,0.0,0.0,0.0,0.0,0.0,0.0,0.0,0.0,0.0,0.0,0.0,0.0,0.0,0.0,0.0,0.0,0.0,0.0,0.0,0.0,0.0,0.0,0.0,0.0,0.0,0.0,0.0,0.0,0.0,0.0,0.0,0.0,0.0,0.0,0.0,0.0,0.0,0.0,0.0,0.0,0.0,0.0,0.0,0.0,0.0,0.0,0.0,0.0,0.0,0.0,0.0,0.0,0.0,0.0,0.0,0.0,0.0,0.0,0.0,0.0,0.0,0.0,0.0,0.0,0.0,0.0,0.0,0.0,0.0,0.0,0.0,0.0,0.0,0.0,0.0,0.0,0.0,0.0,0.0,0.0,0.0,0.0,0.0,0.0,0.0,0.0,0.0,0.0,0.0,0.0,0.0,0.0,0.0,0.0,0.0,0.0,0.0,0.0,0.0,0.0,0.0,0.0,0.0,0.0,0.0,0.0,0.0,0.0,0.0,0.0,0.0,0.0,0.0,0.0,0.0,0.0,0.0,0.0,0.0,0.0,0.0,0.0,0.0,0.0,0.0,0.0,0.0,0.0,0.0,0.0,0.0,0.0,0.0,0.0,0.0,0.0,0.0,0.0,0.0,0.0,0.0,0.0,0.0,0.0,0.0,0.0,0.0,0.0,0.0,0.0,0.0,0.0,0.0,0.0,0.0,0.0,0.0,0.0,0.0,0.0,0.0,0.0,0.0,0.0,0.0,0.0,0.0,0.0,0.0,0.0,0.0,0.0,0.0,0.0,0.0,0.0,0.0,0.0,0.0,0.0,0.0,0.0,0.0,0.0,0.0,0.0,0.0,0.0,0.0,0.0,0.0,0.0,0.0,0.0,0.0,0.0,0.0,0.0,0.0,0.0,0.0,0.0,0.0,0.0,0.0,0.0,0.0,0.0,0.0,0.0,0.0,0.0,0.0,0.0,0.0,0.0,0.0,0.0,0.0,0.0,0.0,0.0,0.0,0.0,0.0,0.0,0.0,0.0,0.0,0.0,0.0,0.0,0.0,0.0,0.0,0.0,0.0,0.0,0.0,0.0,0.0,0.0,0.0,0.0,0.0,0.0,0.0
0.0,0.0,0.0,0.0,0.0,0.0,0.0,0.0,0.0,0.0,0.0,0.0,0.0,0.0,0.0,0.0,0.0,0.0,0.0,0.0,0.0,0.0,0.0,0.0,0.0,0.0,0.0,0.0,0.0,0.0,0.0,0.0,0.0,0.0,0.0,0.0,0.0,0.0,0.0,0.0,0.0,0.0,0.0,0.0,0.0,0.0,0.0,0.0,0.0,0.0,0.0,0.0,0.0,0.0,0.0,0.0,0.0,0.0,0.0,0.0,0.0,0.0,0.0,0.0,0.0,0.0,0.0,0.0,0.0,0.0,0.0,0.0,0.0,0.0,0.0,0.0,0.0,0.0,0.0,0.0,0.0,0.0,0.0,0.0,0.0,0.0,0.0,0.0,0.0,0.0,0.0,0.0,0.0,0.0,0.0,0.0,0.0,0.0,0.0,0.0,0.0,0.0,0.0,0.0,0.0,0.0,0.0,0.0,0.0,0.0,0.0,0.0,0.0,0.0,0.0,0.0,0.0,0.0,0.0,0.0,0.0,0.0,0.0,0.0,0.0,0.0,0.0,0.0,0.0,0.0,0.0,0.0,0.0,0.0,0.0,0.0,0.0,0.0,0.0,0.0,0.0,0.0,0.0,0.0,0.0,0.0,0.0,0.0,0.0,0.0,0.0,0.0,0.0,0.0,0.0,0.0,0.0,0.0,0.0,0.0,0.0,0.0,0.0,0.0,0.0,0.0,0.0,0.0,0.0,0.0,0.0,0.0,0.0,0.0,0.0,0.0,0.0,0.0,0.0,0.0,0.0,0.0,0.0,0.0,0.0,0.0,0.0,0.0,0.0,0.0,0.0,0.0,0.0,0.0,0.0,0.0,0.0,0.0,0.0,0.0,0.0,0.0,0.0,0.0,0.0,0.0,0.0,0.0,0.0,0.0,0.0,0.0,0.0,0.0,0.0,0.0,0.0,0.0,0.0,0.0,0.0,0.0,0.0,0.0,0.0,0.0,0.0,0.0,0.0,0.0,0.0,0.0,0.0,0.0,0.0,0.0,0.0,0.0,0.0,0.0,0.0,0.0,0.0,0.0,0.0,0.0,0.0,0.0,0.0,0.0,0.0,0.0,0.0,0.0,0.0,0.0,0.0,0.0,0.0,0.0,0.0,0.0,0.0,0.0,0.0,0.0,0.0,0.0,0.0,0.0,0.0,0.0,0.0,0.0,0.0,0.0,0.0,0.0,0.0,0.0,0.0,0.0,0.0,0.0,0.0,0.0,0.0,0.0,0.0,0.0,0.0,0.0,0.0,0.0,0.0,0.0,0.0,0.0,0.0,0.0,0.0,0.0,0.0,0.0,0.0,0.0,0.0,0.0,0.0,0.0,0.0,0.0,0.0,0.0,0.0,0.0,0.0,0.0,0.0,0.0,0.0,0.0,0.0,0.0,0.0,0.0,0.0,0.0,0.0,0.0,0.0,0.0,0.0,0.0,0.0,0.0,0.0,0.0,0.0,0.0,0.0,0.0,0.0,0.0,0.0,0.0,0.0,0.0,0.0,0.0,0.0,0.0,0.0,0.0,0.0,0.0,0.0,0.0,0.0,0.0,0.0,0.0,0.0,0.0,0.0,0.0,0.0,0.0,0.0,0.0,0.0,0.0,0.0,0.0,0.0,0.0,0.0,0.0,0.0,0.0,0.0,0.0,0.0,0.0,0.0,0.0,0.0,0.0,0.0,0.0,0.0,0.0,0.0,0.0,0.0,0.0,0.0,0.0,0.0,0.0
0.0,0.0,0.0,0.0,0.0,0.0,0.0,0.0,0.0,0.0,0.0,0.0,0.0,0.0,0.0,0.0,0.0,0.0,0.0,0.0,0.0,0.0,0.0,0.0,0.0,0.0,0.0,0.0,0.0,0.0,0.0,0.0,0.0,0.0,0.0,0.0,0.0,0.0,0.0,0.0,0.0,0.0,0.0,0.0,0.0,0.0,0.0,0.0,0.0,0.0,0.0,0.0,0.0,0.0,0.0,0.0,0.0,0.0,0.0,0.0,0.0,0.0,0.0,0.0,0.0,0.0,0.0,0.0,0.0,0.0,0.0,0.0,0.0,0.0,0.0,0.0,0.0,0.0,0.0,0.0,0.0,0.0,0.0,0.0,0.0,0.0,0.0,0.0,0.0,0.0,0.0,0.0,0.0,0.0,0.0,0.0,0.0,0.0,0.0,0.0,0.0,0.0,0.0,0.0,0.0,0.0,0.0,0.0,0.0,0.0,0.0,0.0,0.0,0.0,0.0,0.0,0.0,0.0,0.0,0.0,0.0,0.0,0.0,0.0,0.0,0.0,0.0,0.0,0.0,0.0,0.0,0.0,0.0,0.0,0.0,0.0,0.0,0.0,0.0,0.0,0.0,0.0,0.0,0.0,0.0,0.0,0.0,0.0,0.0,0.0,0.0,0.0,0.0,0.0,0.0,0.0,0.0,0.0,0.0,0.0,0.0,0.0,0.0,0.0,0.0,0.0,0.0,0.0,0.0,0.0,0.0,0.0,0.0,0.0,0.0,0.0,0.0,0.0,0.0,0.0,0.0,0.0,0.0,0.0,0.0,0.0,0.0,0.0,0.0,0.0,0.0,0.0,0.0,0.0,0.0,0.0,0.0,0.0,0.0,0.0,0.0,0.0,0.0,0.0,0.0,0.0,0.0,0.0,0.0,0.0,0.0,0.0,0.0,0.0,0.0,0.0,0.0,0.0,0.0,0.0,0.0,0.0,0.0,0.0,0.0,0.0,0.0,0.0,0.0,0.0,0.0,0.0,0.0,0.0,0.0,0.0,0.0,0.0,0.0,0.0,0.0,0.0,0.0,0.0,0.0,0.0,0.0,0.0,0.0,0.0,0.0,0.0,0.0,0.0,0.0,0.0,0.0,0.0,0.0,0.0,0.0,0.0,0.0,0.0,0.0,0.0,0.0,0.0,0.0,0.0,0.0,0.0,0.0,0.0,0.0,0.0,0.0,0.0,0.0,0.0,0.0,0.0,0.0,0.0,0.0,0.0,0.0,0.0,0.0,0.0,0.0,0.0,0.0,0.0,0.0,0.0,0.0,0.0,0.0,0.0,0.0,0.0,0.0,0.0,0.0,0.0,0.0,0.0,0.0,0.0,0.0,0.0,0.0,0.0,0.0,0.0,0.0,0.0,0.0,0.0,0.0,0.0,0.0,0.0,0.0,0.0,0.0,0.0,0.0,0.0,0.0,0.0,0.0,0.0,0.0,0.0,0.0,0.0,0.0,0.0,0.0,0.0,0.0,0.0,0.0,0.0,0.0,0.0,0.0,0.0,0.0,0.0,0.0,0.0,0.0,0.0,0.0,0.0,0.0,0.0,0.0,0.0,0.0,0.0,0.0,0.0,0.0,0.0,0.0,0.0,0.0,0.0,0.0,0.0,0.0,0.0,0.0,0.0,0.0,0.0,0.0,0.0,0.0,0.0,0.0,0.0,0.0,0.0,0.0,0.0,0.0,0.0,0.0,0.0,0.0,0.0,0.0,0.0,0.0,0.0
